dates,CAR25,dd95,ddTol,dpsCommission,dpsNetEquity,dpsNetPNL,dpsRunName,dpsSafef,gainAhead,is_period,netEquity,netPNL,nodpsComm,nodpsSafef,signalType,signals,v4.4_system,safef,mrThreshold,timestamp
2016-06-29,-0.0214474586952,0.0,0.00161514570617,0.0,97155.58,-257.35,both_zigZag_GNBayes DPS wl3.0 maxL2 dd95_0.002 thres_0.0,1.0,0.00165902215283,wf_is_short,97153.64,-257.35,0.0,1.0,zigZag_GNBayes,-1.0,zigZag_GNBayes_f86_is4,1.0,,
2016-06-30,-0.0213687259873,0.0,0.00186500961648,0.0,96994.4,-161.18,both_zigZag_GNBayes DPS wl4.0 maxL2 dd95_0.002 thres_0.0,1.0,0.0,wf_is_short,96992.46,-161.18,0.0,1.0,zigZag_GNBayes,-1.0,zigZag_GNBayes_f86_is5,1.0,0.5,20160701 00:22:01 EDT
2016-07-01 00:00:00,-0.00730229827469,0.0,0.00208514414057,0.0,96550.25,-444.15,both_zigZag_GNBayes DPS wl5.0 maxL2 dd95_0.002 thres_0.0,1.0,0.0,wf_is_short,96548.32,-444.14,0.0,1.0,zigZag_GNBayes,-1.0,zigZag_GNBayes_f86_is6,1.0,0.5,20160701 20:55:32 EDT
2016-07-01 00:00:00,-0.00752610324122,0.0,0.00208514414057,0.0,96550.25,-444.15,both_zigZag_GNBayes DPS wl5.0 maxL2 dd95_0.002 thres_0.0,1.0,0.0,wf_is_short,96548.32,-444.14,0.0,1.0,zigZag_GNBayes,-1.0,zigZag_GNBayes_f86_is6,1.0,0.5,20160704 20:33:33 EDT
2016-07-05 00:00:00,-0.000709589207692,0.0,0.00161514570617,0.0,96906.07,355.82,both_zigZag_GNBayes DPS wl3.0 maxL2 dd95_0.002 thres_0.0,1.0,0.0,wf_is_short,96904.14,355.82,0.0,1.0,zigZag_GNBayes,-1.0,zigZag_GNBayes_f86_is7,1.0,0.5,20160705 20:29:56 EDT
2016-07-05 00:00:00,-0.000688803393167,0.0,0.00161514570617,0.0,96906.07,355.82,both_zigZag_GNBayes DPS wl3.0 maxL2 dd95_0.002 thres_0.0,1.0,0.0,wf_is_short,96904.14,355.82,0.0,1.0,zigZag_GNBayes,-1.0,zigZag_GNBayes_f86_is7,1.0,0.5,20160705 23:15:12 EDT
2016-07-06 00:00:00,-0.00483535729141,0.0,0.00186500961648,0.0,96585.35,-320.72,both_zigZag_GNBayes DPS wl4.0 maxL2 dd95_0.002 thres_0.0,1.0,0.0,wf_is_short,96583.42,-320.72,0.0,1.0,zigZag_GNBayes,-1.0,zigZag_GNBayes_f86_is8,1.0,0.5,20160706 21:16:50 EDT
2016-07-07 00:00:00,-0.00149834013498,0.0,0.00208514414057,0.0,97082.01,496.66,both_zigZag_GNBayes DPS wl5.0 maxL2 dd95_0.002 thres_0.0,1.0,0.0,wf_is_short,97080.07,496.65,0.0,1.0,zigZag_GNBayes,-1.0,zigZag_GNBayes_f86_is9,1.0,0.5,20160707 21:41:44 EDT
2016-07-08 00:00:00,-0.00864764470613,0.0,0.00228416096288,0.0,96911.09,-398.58,both_buyHold DPS wl6.0 maxL2 dd95_0.002 thres_0.0,1.0,0.0,wf_is_short,97338.63,-400.34,0.0,1.0,buyHold,1.0,buyHold,1.0,0.5,20160708 21:00:44 EDT
2016-07-11 00:00:00,-0.00225147546725,0.0,0.00186500961648,0.0,97428.13,9.54,both_buyHold DPS wl4.0 maxL2 dd95_0.002 thres_0.0,1.0,0.0,wf_is_short,97348.16,9.53,0.0,1.0,buyHold,1.0,buyHold,1.0,0.5,20160711 21:06:25 EDT
2016-07-12 00:00:00,-0.00748490918681,0.0,0.00208514414057,0.0,96893.91,-534.22,both_buyHold DPS wl5.0 maxL2 dd95_0.002 thres_0.0,1.0,0.0,wf_is_short,96814.38,-533.78,0.0,1.0,buyHold,1.0,buyHold,1.0,0.5,20160712 21:03:18 EDT
2016-07-13 00:00:00,-0.00643097261978,0.0,0.00228416096288,0.0,97380.43,486.52,both_buyHold DPS wl6.0 maxL2 dd95_0.002 thres_0.0,1.0,0.0,wf_is_short,97300.5,486.12,0.0,1.0,buyHold,1.0,buyHold,1.0,0.5,20160713 21:25:45 EDT
2016-07-14 00:00:00,-0.0051923082132,0.0,0.00246717581898,0.0,97287.46,-248.43,both_zigZag_GNBayes DPS wl7.0 maxL2 dd95_0.002 thres_0.0,1.0,0.0,wf_is_short,97262.15,-248.36,0.0,1.0,zigZag_GNBayes,-1.0,zigZag_GNBayes_f86_is14,1.0,0.5,20160714 20:50:09 EDT
2016-07-15 00:00:00,-0.00659000889968,0.0,0.00263752189358,0.0,97351.81,-276.65,both_buyHold DPS wl8.0 maxL2 dd95_0.003 thres_0.0,1.0,0.0,wf_is_short,97271.91,-276.42,0.0,1.0,buyHold,1.0,buyHold,1.0,0.5,20160715 21:14:37 EDT
2016-07-18 00:00:00,-0.00228263328848,0.0,0.00161514570617,0.0,97399.51,47.7,both_buyHold DPS wl3.0 maxL2 dd95_0.002 thres_0.0,1.0,0.0,wf_is_short,97319.57,47.66,0.0,1.0,buyHold,1.0,buyHold,1.0,0.5,20160718 21:14:43 EDT
2016-07-19 00:00:00,-0.0217349941702,0.0,0.00186500961648,0.0,97103.78,-295.73,both_buyHold DPS wl4.0 maxL2 dd95_0.002 thres_0.0,1.0,0.0,wf_is_short,97024.08,-295.49,0.0,1.0,buyHold,1.0,buyHold,1.0,0.5,20160719 21:00:23 EDT
2016-07-20 00:00:00,-0.0232151117287,0.0,0.00208514414057,0.0,96922.53,-181.25,both_buyHold DPS wl5.0 maxL2 dd95_0.002 thres_0.0,1.0,0.0,wf_is_short,96842.98,-181.1,0.0,1.0,buyHold,1.0,buyHold,1.0,0.5,20160720 20:58:15 EDT
2016-07-21 00:00:00,-0.0101109581808,0.0,0.00186500961648,0.0,96455.57,37.96,both_buyHold DPS wl4.0 maxL2 dd95_0.002 thres_0.0,1.0,0.0,wf_is_short,96881.11,38.13,0.0,1.0,buyHold,1.0,buyHold,1.0,0.5,20160721 21:36:54 EDT
2016-07-22 00:00:00,-0.0168340364721,0.0,0.00208514414057,0.0,96788.98,-171.71,both_buyHold DPS wl5.0 maxL2 dd95_0.002 thres_0.0,1.0,0.0,wf_is_short,96709.54,-171.57,0.0,1.0,buyHold,1.0,buyHold,1.0,0.5,20160722 22:01:38 EDT
2016-07-25 00:00:00,-0.00432852209603,0.0,0.00228416096288,0.0,96998.85,209.87,both_buyHold DPS wl6.0 maxL2 dd95_0.002 thres_0.0,1.0,0.0,wf_is_short,96919.24,209.7,0.0,1.0,buyHold,1.0,buyHold,1.0,0.5,20160725 21:20:57 EDT
2016-07-26 00:00:00,-0.00767327685055,0.0,0.00246717581898,0.0,96397.85,-601.0,both_buyHold DPS wl7.0 maxL2 dd95_0.002 thres_0.0,1.0,0.0,wf_is_short,96318.74,-600.5,0.0,1.0,buyHold,1.0,buyHold,1.0,0.5,20160726 21:10:56 EDT
2016-07-27 00:00:00,-0.00622068088714,0.0,0.00263752189358,0.0,96588.64,190.79,both_buyHold DPS wl8.0 maxL2 dd95_0.003 thres_0.0,1.0,0.0,wf_is_short,96509.38,190.64,0.0,1.0,buyHold,1.0,buyHold,1.0,0.5,20160727 22:26:31 EDT
2016-07-28 00:00:00,-0.00613077732671,0.0,0.00279751442472,2.0,96365.95,-1864.75,both_zigZag_GNBayes DPS wl9.0 maxL2 dd95_0.003 thres_0.0,1.0,0.0,wf_is_short,97370.16,-932.05,0.0,1.0,zigZag_GNBayes,-1.0,zigZag_GNBayes_f86_is18,1.0,0.5,20160728 21:25:52 EDT
2016-07-29 00:00:00,-0.00584330393845,0.0,0.00131876094679,3.81637504209,95405.56,-1252.11,both_zigZag_GNBayes DPS wl2.0 maxL2 dd95_0.001 thres_0.0,1.0,0.0,wf_is_short,96108.82,-1261.34,3.84450658151,1.0,zigZag_GNBayes,1.0,zigZag_GNBayes_f86_is3,1.0,0.5,20160730 00:11:44 EDT
