dates,CAR25,dd95,ddTol,dpsCommission,dpsNetEquity,dpsNetPNL,dpsRunName,dpsSafef,gainAhead,is_period,netEquity,netPNL,nodpsComm,nodpsSafef,signalType,signals,v4.4_system,safef,mrThreshold,timestamp
2016-06-29,-0.00579959207531,0.0,0.00228416096288,3.69962361509,92486.89,-4056.71,both_gainAhead_PCA10_GNBayes DPS wl6.0 maxL2 dd95_0.002 thres_0.0,1.0,-0.0372502101791,wf_is_short,92485.06,-4056.63,3.69955042245,1.0,gainAhead_PCA10_GNBayes,1.0,gainAhead_PCA10_f10_is15,1.0,,
2016-06-30,-0.00594315408519,0.0,0.00131876094679,3.56166935635,89038.17,-3448.72,both_gainAhead_PCA10_GNBayes DPS wl2.0 maxL2 dd95_0.001 thres_0.0,1.0,0.0,wf_is_short,89036.41,-3448.65,3.56159888306,1.0,gainAhead_PCA10_GNBayes,-1.0,gainAhead_PCA10_f10_is10,1.0,0.5,20160701 00:07:54 EDT
2016-07-01 00:00:00,-0.00539578584529,0.0,0.00161514570617,3.57497866606,89370.89,-1393.67,both_gainAhead_PCA10_GNBayes DPS wl3.0 maxL2 dd95_0.002 thres_0.0,1.0,0.0,wf_is_short,93468.54,-1457.57,3.73889123797,1.0,gainAhead_PCA10_GNBayes,1.0,gainAhead_PCA10_f10_is11,1.0,0.5,20160701 20:36:00 EDT
2016-07-01 00:00:00,-0.00533008951104,0.0,0.00161514570617,3.738966074,93470.41,-1457.6,both_gainAhead_PCA10_GNBayes DPS wl3.0 maxL2 dd95_0.002 thres_0.0,1.0,0.0,wf_is_short,93468.54,-1457.57,3.73889123797,1.0,gainAhead_PCA10_GNBayes,1.0,gainAhead_PCA10_f10_is11,1.0,0.5,20160704 20:31:30 EDT
2016-07-05 00:00:00,-0.0018061602053,0.0,0.00186500961648,0.0,85474.4,-3896.49,both_gainAhead_PCA10_GNBayes DPS wl4.0 maxL2 dd95_0.002 thres_0.0,1.0,0.0,wf_is_short,89393.4,-4075.14,0.0,1.0,gainAhead_PCA10_GNBayes,1.0,gainAhead_PCA10_f10_is12,1.0,0.5,20160705 20:35:00 EDT
2016-07-05 00:00:00,-0.00228767518882,0.0,0.00186500961648,0.0,85474.4,-3896.49,both_gainAhead_PCA10_GNBayes DPS wl4.0 maxL2 dd95_0.002 thres_0.0,1.0,0.0,wf_is_short,89393.4,-4075.14,0.0,1.0,gainAhead_PCA10_GNBayes,1.0,gainAhead_PCA10_f10_is12,1.0,0.5,20160705 22:56:21 EDT
2016-07-06 00:00:00,-0.0025486431422,0.0,0.00161514570617,0.0,92259.25,1599.22,both_gainAhead_PCA10_GNBayes DPS wl3.0 maxL2 dd95_0.002 thres_0.0,1.0,0.0,wf_is_short,92257.4,1599.19,0.0,1.0,gainAhead_PCA10_GNBayes,1.0,gainAhead_PCA10_f10_is19,1.0,0.5,20160706 20:55:06 EDT
2016-07-07 00:00:00,-0.0062818029258,0.0,0.00186500961648,3.53860099381,88461.49,-3797.76,both_gainAhead_PCA10_GNBayes DPS wl4.0 maxL2 dd95_0.002 thres_0.0,1.0,0.0,wf_is_short,88459.71,-3797.69,3.53853003712,1.0,gainAhead_PCA10_GNBayes,-1.0,gainAhead_PCA10_f10_is20,1.0,0.5,20160707 21:31:59 EDT
2016-07-08 00:00:00,-0.0059037725631,0.0,0.00208514414057,0.0,88354.88,-106.61,both_gainAhead_PCA10_GNBayes DPS wl5.0 maxL2 dd95_0.002 thres_0.0,1.0,0.0,wf_is_short,88353.1,-106.61,0.0,1.0,gainAhead_PCA10_GNBayes,-1.0,gainAhead_PCA10_f10_is21,1.0,0.5,20160708 20:47:39 EDT
2016-07-11 00:00:00,-0.00237460089532,0.0,0.00228416096288,3.5241854423,88101.11,-253.77,both_gainAhead_PCA10_GNBayes DPS wl6.0 maxL2 dd95_0.002 thres_0.0,1.0,0.0,wf_is_short,88099.34,-253.76,3.52411444396,1.0,gainAhead_PCA10_GNBayes,1.0,gainAhead_PCA10_f10_is7,1.0,0.5,20160711 20:49:13 EDT
2016-07-12 00:00:00,-0.00882030332247,0.0,0.00246717581898,3.50803054969,87697.26,-3007.13,both_gainAhead_GNBayes DPS wl7.0 maxL2 dd95_0.002 thres_0.0,1.0,0.0,wf_is_short,89084.58,-3054.71,3.56352591255,1.0,gainAhead_GNBayes,1.0,gainAhead_GNBayes_f86_is8,1.0,0.5,20160712 20:53:11 EDT
2016-07-13 00:00:00,-0.00626846145205,0.0,0.00161514570617,3.32147391683,83033.53,-4663.73,both_gainAhead_GNBayes DPS wl3.0 maxL2 dd95_0.002 thres_0.0,1.0,0.0,wf_is_short,84347.07,-4737.51,3.37401771574,1.0,gainAhead_GNBayes,-1.0,gainAhead_GNBayes_f86_is9,1.0,0.5,20160713 21:31:35 EDT
2016-07-14 00:00:00,-0.00492370879644,0.0,0.00114208048144,3.26440257223,81606.8,-1426.73,both_gainAhead_GNBayes DPS wl1.5 maxL2 dd95_0.001 thres_0.0,1.0,0.0,wf_is_short,82897.77,-1449.3,3.31604343773,1.0,gainAhead_GNBayes,1.0,gainAhead_GNBayes_f86_is10,1.0,0.5,20160714 20:37:03 EDT
2016-07-15 00:00:00,-0.0119448085937,0.0,0.0029488391231,0.0,81201.59,-405.21,both_gainAhead_GNBayes DPS wl10.0 maxL2 dd95_0.003 thres_0.0,1.0,0.0,wf_is_short,82486.15,-411.62,0.0,1.0,gainAhead_GNBayes,1.0,gainAhead_GNBayes_f86_is26,1.0,0.5,20160715 21:19:23 EDT
2016-07-18 00:00:00,-0.00213871488607,0.0,0.00161514570617,3.20491740796,80119.73,-1081.86,both_gainAhead_GNBayes DPS wl3.0 maxL2 dd95_0.002 thres_0.0,1.0,0.0,wf_is_short,81387.18,-1098.97,3.25561726132,1.0,gainAhead_GNBayes,-1.0,gainAhead_GNBayes_f86_is12,1.0,0.5,20160718 21:18:39 EDT
2016-07-19 00:00:00,-0.00671033893767,0.0,0.00186500961648,3.19132082171,79779.83,-339.9,both_gainAhead_GNBayes DPS wl4.0 maxL2 dd95_0.002 thres_0.0,1.0,0.0,wf_is_short,81041.9,-345.28,3.24180575938,1.0,gainAhead_GNBayes,1.0,gainAhead_GNBayes_f86_is13,1.0,0.5,20160719 20:39:31 EDT
2016-07-20 00:00:00,-0.00224602359982,0.0,0.00208514414057,0.0,81002.16,1222.33,both_gainAhead_GNBayes DPS wl5.0 maxL2 dd95_0.002 thres_0.0,1.0,0.0,wf_is_short,82283.57,1241.67,0.0,1.0,gainAhead_GNBayes,1.0,gainAhead_GNBayes_f86_is14,1.0,0.5,20160720 20:54:27 EDT
2016-07-21 00:00:00,-0.00733242313553,0.0,0.00228416096288,3.16357744351,79086.27,-1915.89,both_gainAhead_GNBayes DPS wl6.0 maxL2 dd95_0.002 thres_0.0,1.0,0.0,wf_is_short,80337.37,-1946.2,3.21362351354,1.0,gainAhead_GNBayes,-1.0,gainAhead_GNBayes_f86_is15,1.0,0.5,20160721 21:34:53 EDT
2016-07-22 00:00:00,-0.00922937790723,0.0,0.00246717581898,0.0,81197.85,-886.86,both_gainAhead_PCA10_GNBayes DPS wl7.0 maxL2 dd95_0.002 thres_0.0,1.0,0.0,wf_is_short,81196.22,-886.84,0.0,1.0,gainAhead_PCA10_GNBayes,1.0,gainAhead_PCA10_f10_is16,1.0,0.5,20160722 22:09:23 EDT
2016-07-25 00:00:00,-0.00317821045568,0.0,0.00263752189358,0.0,79300.79,-1897.06,both_gainAhead_PCA10_GNBayes DPS wl8.0 maxL2 dd95_0.003 thres_0.0,1.0,0.0,wf_is_short,79299.19,-1897.03,0.0,1.0,gainAhead_PCA10_GNBayes,1.0,gainAhead_PCA10_f10_is17,1.0,0.5,20160725 21:18:43 EDT
2016-07-26 00:00:00,-0.00793426676753,0.0,0.00279751442472,3.1164275811,77907.57,-159.23,both_gainAhead_GNBayes DPS wl9.0 maxL2 dd95_0.003 thres_0.0,1.0,0.0,wf_is_short,79140.02,-161.75,3.16572759813,1.0,gainAhead_GNBayes,1.0,gainAhead_GNBayes_f86_is18,1.0,0.5,20160726 21:06:48 EDT
2016-07-27 00:00:00,-0.0103839990934,0.0,0.0029488391231,3.04720006957,76176.95,-1730.62,both_gainAhead_GNBayes DPS wl10.0 maxL2 dd95_0.003 thres_0.0,1.0,0.0,wf_is_short,77382.03,-1757.99,3.09540490673,1.0,gainAhead_GNBayes,-1.0,gainAhead_GNBayes_f86_is19,1.0,0.5,20160727 22:02:55 EDT
2016-07-28 00:00:00,-0.0118642285775,0.0,0.00309276856414,3.05221707122,76302.37,-1395.02,both_gainAhead_PCA10_GNBayes DPS wl11.0 maxL2 dd95_0.003 thres_0.0,1.0,0.0,wf_is_short,76300.83,-1394.99,3.0521553963,1.0,gainAhead_PCA10_GNBayes,-1.0,gainAhead_PCA10_f10_is20,1.0,0.5,20160728 21:05:22 EDT
2016-07-29 00:00:00,-0.0129025800336,0.0,0.00323029141235,3.03259634954,75811.88,-490.49,both_gainAhead_PCA10_GNBayes DPS wl12.0 maxL2 dd95_0.003 thres_0.0,1.0,0.0,wf_is_short,75810.35,-490.48,3.03253514307,1.0,gainAhead_PCA10_GNBayes,1.0,gainAhead_PCA10_f10_is21,1.0,0.5,20160729 23:49:09 EDT
2016-08-01 00:00:00,-0.00366856002129,0.0,0.00336219390073,3.59537624774,89880.81,-3547.81,both_gainAhead_PCA10_GNBayes DPS wl13.0 maxL2 dd95_0.003 thres_0.0,1.0,0.0,wf_is_short,91968.29,-3630.21,3.67887887266,1.0,gainAhead_PCA10_GNBayes,-1.0,gainAhead_PCA10_f10_is22,1.0,0.5,20160801 21:00:37 EDT
2016-08-02 00:00:00,-0.0126086731833,0.0,0.00348911350395,0.0,89802.21,-78.6,both_gainAhead_PCA10_GNBayes DPS wl14.0 maxL2 dd95_0.003 thres_0.0,1.0,0.0,wf_is_short,91887.87,-80.42,0.0,1.0,gainAhead_PCA10_GNBayes,-1.0,gainAhead_PCA10_f10_is23,1.0,0.5,20160802 21:33:49 EDT
2016-08-03 00:00:00,-0.0133887919435,0.0,0.00361157559257,3.59238405576,89806.01,-2083.7,both_gainAhead_PCA10_GNBayes DPS wl15.0 maxL2 dd95_0.004 thres_0.0,1.0,0.0,wf_is_short,89804.21,-2083.66,3.59231212184,1.0,gainAhead_PCA10_GNBayes,1.0,gainAhead_PCA10_f10_is24,1.0,0.5,20160803 23:11:30 EDT
2016-08-04 00:00:00,-0.0132820403078,0.0,0.00373001923296,3.45617927251,86401.03,-2659.71,both_zigZag_PCA10_VotingSoft DPS wl16.0 maxL2 dd95_0.004 thres_0.0,1.0,0.0,wf_is_pv3s_v2v,88407.69,-2721.49,3.53644920351,1.0,zigZag_PCA10_VotingSoft,1.0,zigZag_PCA10_f10_is25,1.0,0.5,20160804 21:04:06 EDT
2016-08-05 00:00:00,-0.00458915840431,0.0,0.00161514570617,3.76394726178,94094.92,-639.66,both_zigZag_PCA10_VotingSoft DPS wl3.0 maxL2 dd95_0.002 thres_0.0,1.0,0.0,wf_is_pv2e_p2p,94093.03,-639.65,3.76387177193,1.0,zigZag_PCA10_VotingSoft,-1.0,zigZag_PCA10_f10_is8,1.0,0.5,20160805 23:32:57 EDT
2016-08-08 00:00:00,-0.00235964982318,0.0,0.00186500961648,0.0,92194.45,-1900.47,both_zigZag_PCA10_VotingSoft DPS wl4.0 maxL2 dd95_0.002 thres_0.0,1.0,0.0,wf_is_pv2e_p2p,92192.59,-1900.44,0.0,1.0,zigZag_PCA10_VotingSoft,-1.0,zigZag_PCA10_f10_is16,1.0,0.5,20160808 21:18:04 EDT
2016-08-09 00:00:00,-0.00753140797194,0.0,0.00208514414057,0.0,91461.79,-886.64,both_zigZag_VotingSoft DPS wl5.0 maxL2 dd95_0.002 thres_0.0,1.0,0.0,wf_is_pv2e_p2p,91459.97,-886.63,0.0,1.0,zigZag_VotingSoft,1.0,zigZag_VotingSoft_f87_is16,1.0,0.5,20160809 21:34:27 EDT
2016-08-10 00:00:00,-0.0100930473449,0.0,0.00228416096288,0.0,88513.98,-825.79,both_zigZag_VotingSoft DPS wl6.0 maxL2 dd95_0.002 thres_0.0,1.0,0.0,wf_is_pv2e_p2p,90614.58,-845.39,0.0,1.0,zigZag_VotingSoft,1.0,zigZag_VotingSoft_f87_is16,1.0,0.5,20160810 23:57:22 EDT
2016-08-11 00:00:00,-0.00597170588165,0.0,0.00131876094679,0.0,89201.65,-4738.33,both_zigZag_PCA10_VotingSoft DPS wl2.0 maxL2 dd95_0.001 thres_0.0,1.0,0.0,wf_is_pv2e_p2p,89199.85,-4738.23,0.0,1.0,zigZag_PCA10_VotingSoft,-1.0,zigZag_PCA10_f10_is16,1.0,0.5,20160811 21:19:00 EDT
2016-08-12 00:00:00,-0.00492365564235,0.0,0.00114208048144,0.0,87675.13,-1526.52,both_zigZag_PCA10_VotingSoft DPS wl1.5 maxL2 dd95_0.001 thres_0.0,1.0,0.0,wf_is_pv2e_p2p,87673.36,-1526.49,0.0,1.0,zigZag_PCA10_VotingSoft,-1.0,zigZag_PCA10_f10_is16,1.0,0.5,20160813 00:33:50 EDT
2016-08-15 00:00:00,-0.00199684053006,0.0,0.00131876094679,0.0,85104.5,-2570.63,both_zigZag_PCA10_VotingSoft DPS wl2.0 maxL2 dd95_0.001 thres_0.0,1.0,0.0,wf_is_pv2e_p2p,85102.79,-2570.57,0.0,1.0,zigZag_PCA10_VotingSoft,-1.0,zigZag_PCA10_f10_is16,1.0,0.5,20160815 21:26:52 EDT
2016-08-16 00:00:00,-0.00537861911322,0.0,0.00161514570617,0.0,84368.59,-735.91,both_zigZag_PCA10_VotingSoft DPS wl3.0 maxL2 dd95_0.002 thres_0.0,1.0,0.0,wf_is_pv2e_p2p,84366.9,-735.89,0.0,1.0,zigZag_PCA10_VotingSoft,-1.0,zigZag_PCA10_f10_is16,1.0,0.5,20160816 21:25:25 EDT
2016-08-17 00:00:00,-0.0068862747858,0.0,0.00186500961648,0.0,82899.23,-1469.36,both_zigZag_PCA10_VotingSoft DPS wl4.0 maxL2 dd95_0.002 thres_0.0,1.0,0.0,wf_is_pv2e_p2p,82897.57,-1469.33,0.0,1.0,zigZag_PCA10_VotingSoft,-1.0,zigZag_PCA10_f10_is16,1.0,0.5,20160817 23:04:10 EDT
2016-08-18 00:00:00,-0.00819720919222,0.0,0.00208514414057,3.23852618259,80959.92,-1939.31,both_zigZag_PCA10_VotingSoft DPS wl5.0 maxL2 dd95_0.002 thres_0.0,1.0,0.0,wf_is_pv2e_p2p,80958.29,-1939.28,3.23846133333,1.0,zigZag_PCA10_VotingSoft,1.0,zigZag_PCA10_f10_is16,1.0,0.5,20160818 20:56:33 EDT
2016-08-19 00:00:00,-0.00880110510073,0.0,0.00228416096288,3.23041838465,80757.23,-202.69,both_zigZag_PCA10_VotingSoft DPS wl6.0 maxL2 dd95_0.002 thres_0.0,1.0,0.0,wf_is_pv2e_p2p,80755.6,-202.69,3.23035334528,1.0,zigZag_PCA10_VotingSoft,-1.0,zigZag_PCA10_f10_is16,1.0,0.5,20160820 01:11:54 EDT
2016-08-22 00:00:00,-0.00141671342773,0.0,0.00246717581898,0.0,82531.31,1774.08,both_zigZag_PCA10_VotingSoft DPS wl7.0 maxL2 dd95_0.002 thres_0.0,1.0,0.0,wf_is_pv2e_p2p,82529.64,1774.04,0.0,1.0,zigZag_PCA10_VotingSoft,-1.0,zigZag_PCA10_f10_is16,1.0,0.5,20160823 00:21:14 EDT
2016-08-23 00:00:00,-0.00581929793306,0.0,0.00131876094679,0.0,81790.9,-740.41,both_zigZag_PCA10_VotingSoft DPS wl2.0 maxL2 dd95_0.001 thres_0.0,1.0,0.0,wf_is_pv2e_p2p,81789.24,-740.4,0.0,1.0,zigZag_PCA10_VotingSoft,-1.0,zigZag_PCA10_f10_is16,1.0,0.5,20160823 21:38:05 EDT
2016-08-24 00:00:00,-0.00216106952994,0.0,0.00161514570617,0.0,82221.86,430.96,both_zigZag_PCA10_VotingSoft DPS wl3.0 maxL2 dd95_0.002 thres_0.0,1.0,0.0,wf_is_pv2e_p2p,82220.19,430.95,0.0,1.0,zigZag_PCA10_VotingSoft,-1.0,zigZag_PCA10_f10_is16,1.0,0.5,20160824 23:17:08 EDT
2016-08-25 00:00:00,-0.00587416672663,0.0,0.00186500961648,3.26078297461,81516.31,-705.55,both_zigZag_PCA10_VotingSoft DPS wl4.0 maxL2 dd95_0.002 thres_0.0,1.0,0.0,wf_is_pv2e_p2p,81514.66,-705.53,3.26071674518,1.0,zigZag_PCA10_VotingSoft,1.0,zigZag_PCA10_f10_is16,1.0,0.5,20160825 21:20:59 EDT
2016-08-26 00:00:00,-0.00715634485252,0.0,0.00208514414057,3.23475042124,80865.53,-650.78,both_zigZag_PCA10_VotingSoft DPS wl5.0 maxL2 dd95_0.002 thres_0.0,1.0,0.0,wf_is_pv2e_p2p,80863.89,-650.77,3.23468494554,1.0,zigZag_PCA10_VotingSoft,-1.0,zigZag_PCA10_f10_is16,1.0,0.5,20160827 00:30:31 EDT
2016-08-29 00:00:00,-0.00202087422794,0.0,0.00228416096288,0.0,81422.08,556.55,both_zigZag_PCA10_VotingSoft DPS wl6.0 maxL2 dd95_0.002 thres_0.0,1.0,0.0,wf_is_pv2e_p2p,81420.43,556.54,0.0,1.0,zigZag_PCA10_VotingSoft,-1.0,zigZag_PCA10_f10_is16,1.0,0.5,20160829 23:53:19 EDT
2016-08-30 00:00:00,-0.00110313050568,0.0,0.00246717581898,0.0,82290.18,868.1,both_zigZag_PCA10_VotingSoft DPS wl7.0 maxL2 dd95_0.002 thres_0.0,1.0,0.0,wf_is_pv2e_p2p,82288.51,868.08,0.0,1.0,zigZag_PCA10_VotingSoft,-1.0,zigZag_PCA10_f10_is16,1.0,0.5,20160830 21:14:43 EDT
