dates,CAR25,dd95,ddTol,dpsCommission,dpsNetEquity,dpsNetPNL,dpsRunName,dpsSafef,gainAhead,is_period,netEquity,netPNL,nodpsComm,nodpsSafef,signalType,signals,v4.4_system,safef,mrThreshold,timestamp
2016-06-29,-0.00603451640139,0.0,0.00131876094679,0.0,72860.44,-4131.46,both_sellHold DPS wl2.0 maxL2 dd95_0.001 thres_0.0,1.0,-0.0323655402189,wf_is_pv2e_p2p,78429.08,-4447.22,0.0,1.0,sellHold,-1.0,sellHold,1.0,,
2016-06-30,-0.00237389275443,0.0,0.00161514570617,0.0,75218.61,2358.17,both_sellHold DPS wl3.0 maxL2 dd95_0.002 thres_0.0,1.0,0.0,wf_is_pv2e_p2p,80967.48,2538.4,0.0,1.0,sellHold,-1.0,sellHold,1.0,0.5,20160701 00:18:24 EDT
2016-07-01 00:00:00,-0.00493143041502,0.0,0.00114208048144,0.0,73553.66,-1664.95,both_sellHold DPS wl1.5 maxL2 dd95_0.001 thres_0.0,1.0,0.0,wf_is_pv2e_p2p,79175.28,-1792.2,0.0,1.0,sellHold,-1.0,sellHold,1.0,0.5,20160701 20:51:29 EDT
2016-07-01 00:00:00,-0.00493143041502,0.0,0.00114208048144,0.0,73553.66,-1664.95,both_sellHold DPS wl1.5 maxL2 dd95_0.001 thres_0.0,1.0,0.0,wf_is_pv2e_p2p,79175.28,-1792.2,0.0,1.0,sellHold,-1.0,sellHold,1.0,0.5,20160704 20:44:20 EDT
2016-07-05 00:00:00,-0.00462075552179,0.0,0.00131876094679,0.0,73235.09,-318.57,both_sellHold DPS wl2.0 maxL2 dd95_0.001 thres_0.0,1.0,0.0,wf_is_pv2e_p2p,78832.36,-342.92,0.0,1.0,sellHold,-1.0,sellHold,1.0,0.5,20160705 20:43:53 EDT
2016-07-05 00:00:00,-0.0046207216099,0.0,0.00131876094679,0.0,73235.09,-318.57,both_sellHold DPS wl2.0 maxL2 dd95_0.001 thres_0.0,1.0,0.0,wf_is_pv2e_p2p,78832.36,-342.92,0.0,1.0,sellHold,-1.0,sellHold,1.0,0.5,20160705 23:10:35 EDT
2016-07-06 00:00:00,0.0272246103586,0.00584211685415,0.00161514570617,2.0,74285.82,1050.73,both_sellHold DPS wl3.0 maxL2 dd95_0.002 thres_0.0,2.0,0.0,wf_is_pv2e_p2p,79965.55,1133.19,0.0,1.0,sellHold,-1.0,sellHold,1.0,0.5,20160706 21:23:32 EDT
2016-07-07 00:00:00,-0.00708630829475,0.0,0.00161514570617,0.0,88519.31,-3768.69,both_gainAhead_PCA10_VotingSoft DPS wl3.0 maxL2 dd95_0.002 thres_0.0,1.0,0.0,wf_is_pv3s_v2v,89831.46,-3824.55,0.0,1.0,gainAhead_PCA10_VotingSoft,1.0,gainAhead_PCA10_f10_is35,1.0,0.5,20160707 21:52:26 EDT
2016-07-08 00:00:00,-0.00581812953158,0.0,0.00131876094679,0.0,87801.46,-717.85,both_gainAhead_PCA10_VotingSoft DPS wl2.0 maxL2 dd95_0.001 thres_0.0,1.0,0.0,wf_is_pv3s_v2v,89102.97,-728.49,0.0,1.0,gainAhead_PCA10_VotingSoft,1.0,gainAhead_PCA10_f10_is35,1.0,0.5,20160708 21:05:39 EDT
2016-07-11 00:00:00,-0.00232395658741,0.0,0.00161514570617,2.0,82036.09,-6420.41,both_gainAhead_VotingSoft DPS wl3.0 maxL2 dd95_0.002 thres_0.0,1.0,0.0,wf_is_pv3s_v2v,89041.86,-3352.05,0.0,1.0,gainAhead_VotingSoft,-1.0,gainAhead_VotingSoft_f101_is35,1.0,0.5,20160711 20:55:50 EDT
2016-07-12 00:00:00,0.0762169468323,0.0,0.00114208048144,5.05808318225,84296.33,2260.24,both_gainAhead_VotingSoft DPS wl1.5 maxL2 dd95_0.001 thres_0.0,2.0,0.0,wf_is_pv3s_v2v,91496.95,2455.09,3.66002438343,1.0,gainAhead_VotingSoft,1.0,gainAhead_VotingSoft_f90_is14,1.0,0.5,20160712 21:11:18 EDT
2016-07-13 00:00:00,-0.00594606603649,0.0,0.00131876094679,4.93466954118,82239.56,-2056.77,both_gainAhead_VotingSoft DPS wl2.0 maxL2 dd95_0.001 thres_0.0,1.0,0.0,wf_is_pv3s_v2v,90379.78,-1117.17,3.61533587424,1.0,gainAhead_VotingSoft,-1.0,gainAhead_VotingSoft_f88_is10,1.0,0.5,20160713 21:26:30 EDT
2016-07-14 00:00:00,-0.00582072630207,0.0,0.00131876094679,0.0,80424.21,-1815.35,both_gainAhead_VotingSoft DPS wl2.0 maxL2 dd95_0.001 thres_0.0,1.0,0.0,wf_is_pv3s_v2v,88384.74,-1995.04,0.0,1.0,gainAhead_VotingSoft,-1.0,gainAhead_VotingSoft_f89_is11,1.0,0.5,20160714 20:58:06 EDT
2016-07-15 00:00:00,-0.0070648658919,0.0,0.00161514570617,3.31970536976,82989.31,-2582.07,both_gainAhead_VotingSoft DPS wl3.0 maxL2 dd95_0.002 thres_0.0,1.0,0.0,wf_is_pv2e_p2p,88153.34,-2742.74,3.52627484641,1.0,gainAhead_VotingSoft,-1.0,gainAhead_VotingSoft_f103_is40,1.0,0.5,20160715 21:23:52 EDT
2016-07-18 00:00:00,-0.00213971921704,0.0,0.00186500961648,0.0,82731.45,-257.86,both_gainAhead_VotingSoft DPS wl4.0 maxL2 dd95_0.002 thres_0.0,1.0,0.0,wf_is_pv2e_p2p,87879.43,-273.91,0.0,1.0,gainAhead_VotingSoft,-1.0,gainAhead_VotingSoft_f99_is32,1.0,0.5,20160718 21:22:09 EDT
2016-07-19 00:00:00,-0.00691505104278,0.0,0.00208514414057,3.31096644502,82770.85,39.4,both_gainAhead_VotingSoft DPS wl5.0 maxL2 dd95_0.002 thres_0.0,1.0,0.0,wf_is_pv2e_p2p,87921.28,41.85,3.51699195333,1.0,gainAhead_VotingSoft,1.0,gainAhead_VotingSoft_f103_is40,1.0,0.5,20160719 20:52:00 EDT
2016-07-20 00:00:00,-0.00743241187126,0.0,0.00228416096288,3.29715286777,82425.52,-345.33,both_gainAhead_VotingSoft DPS wl6.0 maxL2 dd95_0.002 thres_0.0,1.0,0.0,wf_is_pv2e_p2p,87554.47,-366.81,3.50231875702,1.0,gainAhead_VotingSoft,-1.0,gainAhead_VotingSoft_f103_is40,1.0,0.5,20160720 20:48:51 EDT
2016-07-21 00:00:00,-0.00886729796855,0.0,0.00246717581898,0.0,81228.47,-1197.05,both_gainAhead_VotingSoft DPS wl7.0 maxL2 dd95_0.002 thres_0.0,1.0,0.0,wf_is_pv2e_p2p,86282.93,-1271.54,0.0,1.0,gainAhead_VotingSoft,-1.0,gainAhead_VotingSoft_f103_is40,1.0,0.5,20160721 21:28:32 EDT
2016-07-22 00:00:00,-0.00631278970079,0.0,0.00208514414057,0.0,81103.89,-124.58,both_gainAhead_VotingSoft DPS wl5.0 maxL2 dd95_0.002 thres_0.0,1.0,0.0,wf_is_pv2e_p2p,86150.59,-132.34,0.0,1.0,gainAhead_VotingSoft,-1.0,gainAhead_VotingSoft_f99_is32,1.0,0.5,20160722 22:02:16 EDT
2016-07-25 00:00:00,-0.00224003790649,0.0,0.00228416096288,0.0,79861.87,-1242.02,both_gainAhead_VotingSoft DPS wl6.0 maxL2 dd95_0.002 thres_0.0,1.0,0.0,wf_is_pv2e_p2p,84831.29,-1319.3,0.0,1.0,gainAhead_VotingSoft,-1.0,gainAhead_VotingSoft_f99_is32,1.0,0.5,20160725 21:06:16 EDT
2016-07-26 00:00:00,0.000702054946866,0.00233761830471,0.00161514570617,2.0,81345.49,1483.62,both_gainAhead_VotingSoft DPS wl3.0 maxL2 dd95_0.002 thres_0.0,2.0,0.0,wf_is_pv2e_p2p,86409.35,1578.06,0.0,1.0,gainAhead_VotingSoft,-1.0,gainAhead_VotingSoft_f99_is32,1.0,0.5,20160726 21:20:06 EDT
2016-07-27 00:00:00,0.015814547389,0.0012978691268,0.00186500961648,0.0,84846.01,3500.52,both_gainAhead_VotingSoft DPS wl4.0 maxL2 dd95_0.002 thres_0.0,2.0,0.0,wf_is_pv2e_p2p,88268.57,1859.22,0.0,1.0,gainAhead_VotingSoft,-1.0,gainAhead_VotingSoft_f99_is32,1.0,0.5,20160727 22:18:46 EDT
2016-07-28 00:00:00,-0.0058798165283,0.0,0.00131876094679,3.32027803979,83003.63,-1327.9,both_zigZag_VotingSoft DPS wl2.0 maxL2 dd95_0.001 thres_0.0,1.0,0.0,wf_is_pv2e_p2p,89475.82,-1431.44,3.5791758911,1.0,zigZag_VotingSoft,-1.0,zigZag_VotingSoft_f88_is9,1.0,0.5,20160728 21:12:37 EDT
2016-07-29 00:00:00,-0.0066614085745,0.0,0.00161514570617,3.27599433298,81896.58,-1107.05,both_zigZag_PCA10_VotingSoft DPS wl3.0 maxL2 dd95_0.002 thres_0.0,1.0,0.0,wf_is_pv2e_p2p,88282.45,-1193.37,3.53143927872,1.0,zigZag_PCA10_VotingSoft,1.0,zigZag_PCA10_f10_is9,1.0,0.5,20160730 00:04:53 EDT
2016-08-01 00:00:00,-0.0026625729126,0.0,0.00186500961648,3.72964206047,93237.32,-1193.41,both_zigZag_PCA10_VotingSoft DPS wl4.0 maxL2 dd95_0.002 thres_0.0,1.0,0.0,wf_is_pv2e_p2p,93628.49,-1198.42,3.74528961071,1.0,zigZag_PCA10_VotingSoft,-1.0,zigZag_PCA10_f10_is9,1.0,0.5,20160801 20:52:15 EDT
2016-08-02 00:00:00,-0.00863582854405,0.0,0.00208514414057,0.0,79829.85,-1031.73,both_zigZag_PCA10_VotingSoft DPS wl5.0 maxL2 dd95_0.002 thres_0.0,1.0,0.0,wf_is_pv2e_p2p,86054.56,-1112.18,0.0,1.0,zigZag_PCA10_VotingSoft,-1.0,zigZag_PCA10_f10_is9,1.0,0.5,20160802 21:31:37 EDT
2016-08-03 00:00:00,-0.00946333768892,0.0,0.00228416096288,3.6838403599,92092.33,44.64,both_zigZag_PCA10_VotingSoft DPS wl6.0 maxL2 dd95_0.002 thres_0.0,1.0,0.0,wf_is_pv2e_p2p,92478.69,44.82,3.69929566866,1.0,zigZag_PCA10_VotingSoft,1.0,zigZag_PCA10_f10_is9,1.0,0.5,20160803 23:17:42 EDT
2016-08-04 00:00:00,-0.00593774023266,0.0,0.00131876094679,0.0,92786.33,-3331.83,both_gainAhead_GNBayes DPS wl2.0 maxL2 dd95_0.001 thres_0.0,1.0,0.0,wf_is_short,92784.48,-3331.76,0.0,1.0,gainAhead_GNBayes,-1.0,gainAhead_GNBayes_f86_is5,1.0,0.5,20160804 20:56:37 EDT
2016-08-05 00:00:00,-0.00688499465257,0.0,0.00161514570617,0.0,89724.85,-3061.48,both_gainAhead_GNBayes DPS wl3.0 maxL2 dd95_0.002 thres_0.0,1.0,0.0,wf_is_short,89723.06,-3061.42,0.0,1.0,gainAhead_GNBayes,-1.0,gainAhead_GNBayes_f86_is6,1.0,0.5,20160805 23:37:47 EDT
2016-08-08 00:00:00,-0.00285382475292,0.0,0.00228416096288,0.0,88843.03,-881.82,both_gainAhead_GNBayes DPS wl6.0 maxL2 dd95_0.002 thres_0.0,1.0,0.0,wf_is_short,88841.26,-881.8,0.0,1.0,gainAhead_GNBayes,-1.0,gainAhead_GNBayes_f86_is7,1.0,0.5,20160808 21:20:22 EDT
2016-08-09 00:00:00,-0.00576215531534,0.0,0.00208514414057,0.0,89534.75,691.72,both_gainAhead_GNBayes DPS wl5.0 maxL2 dd95_0.002 thres_0.0,1.0,0.0,wf_is_short,89532.97,691.71,0.0,1.0,gainAhead_GNBayes,-1.0,gainAhead_GNBayes_f86_is8,1.0,0.5,20160809 21:54:16 EDT
2016-08-10 00:00:00,0.000286072151923,0.0020588335149,0.00228416096288,2.0,92826.08,3291.33,both_gainAhead_GNBayes DPS wl6.0 maxL2 dd95_0.002 thres_0.0,2.0,0.0,wf_is_short,92826.24,3293.27,0.0,1.0,gainAhead_GNBayes,-1.0,gainAhead_GNBayes_f86_is9,1.0,0.5,20160810 23:54:54 EDT
2016-08-11 00:00:00,0.00806558099573,0.000110994900124,0.00131876094679,5.58102835356,93011.56,183.48,both_gainAhead_GNBayes DPS wl2.0 maxL2 dd95_0.001 thres_0.0,2.0,0.0,wf_is_short,93011.57,185.33,3.72061181914,1.0,gainAhead_GNBayes,1.0,gainAhead_GNBayes_f86_is3,1.0,0.5,20160811 21:19:44 EDT
2016-08-12 00:00:00,-0.00690744932657,0.0,0.00161514570617,0.0,94838.06,-535.26,both_zigZag_GNBayes DPS wl3.0 maxL2 dd95_0.002 thres_0.0,1.0,0.0,wf_is_short,94836.16,-535.25,0.0,1.0,zigZag_GNBayes,-1.0,zigZag_GNBayes_f86_is4,1.0,0.5,20160813 00:24:24 EDT
2016-08-15 00:00:00,-0.0024704061808,0.0,0.00186500961648,0.0,93538.91,-1299.15,both_zigZag_GNBayes DPS wl4.0 maxL2 dd95_0.002 thres_0.0,1.0,0.0,wf_is_short,93537.03,-1299.13,0.0,1.0,zigZag_GNBayes,-1.0,zigZag_GNBayes_f86_is5,1.0,0.5,20160815 21:34:54 EDT
2016-08-16 00:00:00,-0.0058741681275,0.0,0.00131876094679,0.0,92228.05,-1310.86,both_zigZag_GNBayes DPS wl2.0 maxL2 dd95_0.001 thres_0.0,1.0,0.0,wf_is_short,92226.2,-1310.83,0.0,1.0,zigZag_GNBayes,-1.0,zigZag_GNBayes_f86_is6,1.0,0.5,20160816 21:25:09 EDT
2016-08-17 00:00:00,-0.00628314687604,0.0,0.00161514570617,2.0,94043.29,-5297.56,both_gainAhead_GNBayes DPS wl3.0 maxL2 dd95_0.002 thres_0.0,1.0,0.0,wf_is_short,93581.03,-2562.56,0.0,1.0,gainAhead_GNBayes,1.0,gainAhead_GNBayes_f86_is7,1.0,0.5,20160817 23:04:51 EDT
2016-08-18 00:00:00,-0.00793050616535,0.0,0.00186500961648,2.0,91610.17,-2483.16,both_zigZag_GNBayes DPS wl4.0 maxL2 dd95_0.002 thres_0.0,1.0,0.0,wf_is_short,92852.84,-1240.58,0.0,1.0,zigZag_GNBayes,-1.0,zigZag_GNBayes_f86_is8,1.0,0.5,20160818 21:05:34 EDT
2016-08-19 00:00:00,0.000293688468878,0.00242853133154,0.00208514414057,2.0,92571.04,960.87,both_zigZag_GNBayes DPS wl5.0 maxL2 dd95_0.002 thres_0.0,2.0,0.0,wf_is_short,93828.77,975.93,0.0,1.0,zigZag_GNBayes,-1.0,zigZag_GNBayes_f86_is9,1.0,0.5,20160820 01:19:45 EDT
2016-08-22 00:00:00,-0.0023205735447,0.0,0.00161514570617,0.0,88823.23,-3019.62,both_zigZag_GNBayes DPS wl3.0 maxL2 dd95_0.002 thres_0.0,1.0,0.0,wf_is_short,90743.86,-3084.91,0.0,1.0,zigZag_GNBayes,-1.0,zigZag_GNBayes_f86_is10,1.0,0.5,20160823 00:17:54 EDT
2016-08-23 00:00:00,-0.00622444452173,0.0,0.00161514570617,3.40676084466,85165.61,-1316.31,both_zigZag_GNBayes DPS wl3.0 maxL2 dd95_0.002 thres_0.0,1.0,0.0,wf_is_short,89362.69,-1381.17,3.57465039099,1.0,zigZag_GNBayes,1.0,zigZag_GNBayes_f86_is8,1.0,0.5,20160823 21:41:54 EDT
2016-08-24 00:00:00,-0.00720899165145,0.0,0.00186500961648,0.0,85997.64,-2169.08,both_zigZag_GNBayes DPS wl4.0 maxL2 dd95_0.002 thres_0.0,1.0,0.0,wf_is_short,87164.19,-2198.5,0.0,1.0,zigZag_GNBayes,1.0,zigZag_GNBayes_f86_is9,1.0,0.5,20160824 23:11:17 EDT
2016-08-25 00:00:00,0.0450561644465,0.0,0.00114208048144,2.0,87399.16,1401.52,both_zigZag_GNBayes DPS wl1.5 maxL2 dd95_0.001 thres_0.0,2.0,0.0,wf_is_short,88586.75,1422.56,0.0,1.0,zigZag_GNBayes,1.0,zigZag_GNBayes_f86_is10,1.0,0.5,20160825 21:39:05 EDT
2016-08-26 00:00:00,0.0117408314274,0.000110996700088,0.00131876094679,0.0,87909.52,510.36,both_zigZag_GNBayes DPS wl2.0 maxL2 dd95_0.001 thres_0.0,2.0,0.0,wf_is_short,88845.4,258.65,0.0,1.0,zigZag_GNBayes,1.0,zigZag_GNBayes_f86_is11,1.0,0.5,20160827 00:29:46 EDT
2016-08-29 00:00:00,-0.0019508345794,0.0,0.00246717581898,2.0,88419.37,509.85,both_zigZag_GNBayes DPS wl7.0 maxL2 dd95_0.002 thres_0.0,1.0,0.0,wf_is_short,89104.05,258.65,0.0,1.0,zigZag_GNBayes,1.0,zigZag_GNBayes_f86_is12,1.0,0.5,20160829 23:53:45 EDT
2016-08-30 00:00:00,-0.00491118794599,0.0,0.00186500961648,0.0,87777.72,-641.65,both_zigZag_GNBayes DPS wl4.0 maxL2 dd95_0.002 thres_0.0,1.0,0.0,wf_is_short,88457.43,-646.62,0.0,1.0,zigZag_GNBayes,1.0,zigZag_GNBayes_f86_is13,1.0,0.5,20160830 21:20:01 EDT
