dates,CAR25,dd95,ddTol,dpsCommission,dpsNetEquity,dpsNetPNL,dpsRunName,dpsSafef,gainAhead,is_period,netEquity,netPNL,nodpsComm,nodpsSafef,signalType,signals,v4.4_system,safef,mrThreshold,timestamp
2016-07-04,0.000637641382006,0.00128244686355,0.00186500961648,0.0,103758.43,-1195.37,both_sellHold DPS wl4.0 maxL2 dd95_0.002 thres_0.0,2.0,-0.039637599094,wf_is_pv2e_p2p,102714.05,-588.28,0.0,1.0,sellHold,-1.0,sellHold,1.0,,
2016-07-05,0.115036897837,0.00686196973864,0.00208514414057,0.0,111983.9,8225.47,both_sellHold DPS wl5.0 maxL2 dd95_0.002 thres_0.0,2.0,0.0,wf_is_pv2e_p2p,106785.39,4071.34,0.0,1.0,sellHold,-1.0,sellHold,1.0,0.75,20160705 23:08:56 EDT
2016-07-06 00:00:00,-0.00781491508731,0.0,0.00186500961648,0.0,92160.01,-217.87,both_zigZag_VotingSoft DPS wl4.0 maxL2 dd95_0.002 thres_0.0,1.0,0.0,wf_is_pv3s_v2v,92158.17,-217.87,0.0,1.0,zigZag_VotingSoft,1.0,zigZag_VotingSoft_f92_is17,1.0,0.75,20160706 20:59:08 EDT
2016-07-07 00:00:00,-0.00536420070129,0.0,0.00208514414057,0.0,92377.88,217.87,both_zigZag_VotingSoft DPS wl5.0 maxL2 dd95_0.002 thres_0.0,1.0,0.0,wf_is_pv3s_v2v,92376.04,217.87,0.0,1.0,zigZag_VotingSoft,1.0,zigZag_VotingSoft_f92_is36,1.0,0.75,20160707 21:37:04 EDT
2016-07-08 00:00:00,-0.00769763906997,0.0,0.00228416096288,0.0,90253.62,-2124.26,both_zigZag_VotingSoft DPS wl6.0 maxL2 dd95_0.002 thres_0.0,1.0,0.0,wf_is_pv3s_v2v,90251.83,-2124.21,0.0,1.0,zigZag_VotingSoft,1.0,zigZag_VotingSoft_f92_is36,1.0,0.75,20160708 21:03:43 EDT
2016-07-11 00:00:00,-0.00251170799919,0.0,0.00246717581898,0.0,90471.49,217.87,both_zigZag_VotingSoft DPS wl7.0 maxL2 dd95_0.002 thres_0.0,1.0,0.0,wf_is_pv3s_v2v,90469.7,217.87,0.0,1.0,zigZag_VotingSoft,1.0,zigZag_VotingSoft_f92_is36,1.0,0.75,20160711 20:54:53 EDT
2016-07-12 00:00:00,-0.00556252259435,0.0,0.00263752189358,2.23865960927,111930.74,-4633.95,both_sellHold DPS wl8.0 maxL2 dd95_0.003 thres_0.0,1.0,0.0,wf_is_pv2e_p2p,106810.94,-2165.09,0.0,1.0,sellHold,-1.0,sellHold,1.0,0.75,20160712 20:58:04 EDT
2016-07-13 00:00:00,0.191874218814,9.1e-05,0.00131876094679,2.34301301086,117148.31,5217.57,both_sellHold DPS wl2.0 maxL2 dd95_0.001 thres_0.0,2.0,0.0,wf_is_pv2e_p2p,111792.09,4981.15,0.0,1.0,sellHold,-1.0,sellHold,1.0,0.75,20160713 21:35:06 EDT
2016-07-14 00:00:00,-0.00492900214429,0.0,0.00114208048144,2.16459849659,108227.76,-4613.64,both_sellHold DPS wl1.5 maxL2 dd95_0.001 thres_0.0,1.0,0.0,wf_is_pv2e_p2p,109507.79,-2284.3,0.0,1.0,sellHold,-1.0,sellHold,1.0,0.75,20160714 20:47:34 EDT
2016-07-15 00:00:00,-0.0105359478873,0.0,0.00131876094679,0.0,112085.86,-272.72,both_sellHold DPS wl2.0 maxL2 dd95_0.001 thres_0.0,1.0,0.0,wf_is_pv2e_p2p,109241.99,-265.8,0.0,1.0,sellHold,-1.0,sellHold,1.0,0.75,20160715 21:11:28 EDT
2016-07-18 00:00:00,0.037446468754,9.99982000361e-05,0.00131876094679,2.21812014274,110903.79,2938.72,both_sellHold DPS wl2.0 maxL2 dd95_0.001 thres_0.0,2.0,0.0,wf_is_pv2e_p2p,112217.71,2975.72,0.0,1.0,sellHold,-1.0,sellHold,1.0,0.75,20160718 21:09:31 EDT
2016-07-19 00:00:00,-0.00492627847979,0.0,0.00114208048144,2.13526027542,106760.88,-4142.91,both_sellHold DPS wl1.5 maxL2 dd95_0.001 thres_0.0,1.0,0.0,wf_is_pv2e_p2p,110122.79,-2094.92,0.0,1.0,sellHold,-1.0,sellHold,1.0,0.75,20160719 20:59:09 EDT
2016-07-20 00:00:00,-0.00577169588861,0.0,0.00131876094679,0.0,109820.1,-1015.6,both_sellHold DPS wl2.0 maxL2 dd95_0.001 thres_0.0,1.0,0.0,wf_is_pv2e_p2p,109113.72,-1009.07,0.0,1.0,sellHold,-1.0,sellHold,1.0,0.75,20160720 20:48:49 EDT
2016-07-21 00:00:00,0.0516734658085,9.9998200036e-05,0.00131876094679,2.2239389803,111194.73,1374.63,both_sellHold DPS wl2.0 maxL2 dd95_0.001 thres_0.0,2.0,0.0,wf_is_pv2e_p2p,110481.71,1367.99,0.0,1.0,sellHold,-1.0,sellHold,1.0,0.75,20160721 21:28:39 EDT
2016-07-22 00:00:00,0.117628003287,5.9998800008e-05,0.00161514570617,0.0,117917.51,6722.78,both_sellHold DPS wl3.0 maxL2 dd95_0.002 thres_0.0,2.0,0.0,wf_is_pv2e_p2p,113821.54,3339.83,0.0,1.0,sellHold,-1.0,sellHold,1.0,0.75,20160722 22:02:41 EDT
2016-07-25 00:00:00,0.0214271918181,8e-05,0.00131876094679,0.0,118915.35,3594.78,both_sellHold DPS wl2.0 maxL2 dd95_0.001 thres_0.0,2.0,0.0,wf_is_pv2e_p2p,115595.57,1774.03,0.0,1.0,sellHold,-1.0,sellHold,1.0,0.75,20160725 21:06:02 EDT
2016-07-26 00:00:00,0.027937575293,5.09993400044e-05,0.00161514570617,0.0,115704.14,1160.67,both_sellHold DPS wl3.0 maxL2 dd95_0.002 thres_0.0,2.0,0.0,wf_is_pv2e_p2p,116181.23,585.66,0.0,1.0,sellHold,-1.0,sellHold,1.0,0.75,20160726 21:09:28 EDT
2016-07-27 00:00:00,0.0644292512057,5.09993400044e-05,0.00186500961648,0.0,121020.85,2711.11,both_sellHold DPS wl4.0 maxL2 dd95_0.002 thres_0.0,2.0,0.0,wf_is_pv2e_p2p,117512.4,1331.17,0.0,1.0,sellHold,-1.0,sellHold,1.0,0.75,20160727 22:05:04 EDT
2016-07-28 00:00:00,0.123030239955,3.999982e-05,0.00208514414057,0.0,131141.22,5501.3,both_sellHold DPS wl5.0 maxL2 dd95_0.002 thres_0.0,2.0,0.0,wf_is_pv2e_p2p,120085.11,2572.71,0.0,1.0,sellHold,-1.0,sellHold,1.0,0.75,20160728 21:25:07 EDT
2016-07-29 00:00:00,0.10825445258,3.999982e-05,0.00228416096288,0.0,125164.45,1626.57,both_sellHold DPS wl6.0 maxL2 dd95_0.002 thres_0.0,2.0,0.0,wf_is_pv2e_p2p,120875.66,790.55,0.0,1.0,sellHold,-1.0,sellHold,1.0,0.75,20160730 00:10:38 EDT
2016-08-01 00:00:00,0.068404978572,3.99996e-05,0.00246717581898,0.0,142201.23,9333.33,both_sellHold DPS wl7.0 maxL2 dd95_0.002 thres_0.0,2.0,0.0,wf_is_pv2e_p2p,125121.13,4245.47,0.0,1.0,sellHold,-1.0,sellHold,1.0,0.75,20160801 20:59:50 EDT
2016-08-02 00:00:00,0.136809427449,4e-05,0.00263752189358,0.0,142201.23,0.0,both_sellHold DPS wl8.0 maxL2 dd95_0.003 thres_0.0,2.0,0.0,wf_is_pv2e_p2p,125121.13,0.0,0.0,1.0,sellHold,-1.0,sellHold,1.0,0.75,20160802 21:40:00 EDT
2016-08-03 00:00:00,0.00446232381937,0.00372862340377,0.00279751442472,0.0,137708.61,-4492.62,both_sellHold DPS wl9.0 maxL2 dd95_0.003 thres_0.0,2.0,0.0,wf_is_pv2e_p2p,123144.63,-1976.5,0.0,1.0,sellHold,-1.0,sellHold,1.0,0.75,20160803 23:09:47 EDT
2016-08-04 00:00:00,-0.00139059682805,0.0,0.0029488391231,2.70203100892,135098.85,-2609.76,both_sellHold DPS wl10.0 maxL2 dd95_0.003 thres_0.0,1.0,0.0,wf_is_pv2e_p2p,121978.96,-1165.67,0.0,1.0,sellHold,-1.0,sellHold,1.0,0.75,20160804 21:01:51 EDT
2016-08-05 00:00:00,0.103495613684,4e-05,0.00309276856414,0.0,105286.36,2747.2,both_buyHold DPS wl11.0 maxL2 dd95_0.003 thres_0.0,2.0,0.0,wf_is_short,103912.76,1373.6,0.0,1.0,buyHold,1.0,buyHold,1.0,0.75,20160805 23:37:56 EDT
2016-08-08 00:00:00,0.0477258805016,4e-05,0.00186500961648,0.0,111827.61,6541.25,both_buyHold DPS wl4.0 maxL2 dd95_0.002 thres_0.0,2.0,0.0,wf_is_short,107140.72,3227.96,0.0,1.0,buyHold,1.0,buyHold,1.0,0.75,20160808 21:33:38 EDT
2016-08-09 00:00:00,0.119269693081,3.99996000001e-05,0.00208514414057,0.0,113261.3,1433.69,both_buyHold DPS wl5.0 maxL2 dd95_0.002 thres_0.0,2.0,0.0,wf_is_short,107827.52,686.8,0.0,1.0,buyHold,1.0,buyHold,1.0,0.75,20160809 21:55:55 EDT
2016-08-10 00:00:00,0.0270970484491,0.00231416739631,0.00228416096288,0.0,113900.55,3515.45,both_gainAhead_PCA10_GNBayes DPS wl6.0 maxL2 dd95_0.002 thres_0.0,2.0,0.0,wf_is_short,108144.72,1695.06,0.0,1.0,gainAhead_PCA10_GNBayes,-1.0,gainAhead_PCA10_f10_is7,1.0,0.75,20160810 23:42:53 EDT
2016-08-11 00:00:00,-0.00495475635407,0.0,0.00114208048144,0.0,89988.9,-4079.33,both_zigZag_VotingSoft DPS wl1.5 maxL2 dd95_0.001 thres_0.0,1.0,0.0,wf_is_pv3s_v2v,89987.09,-4079.25,0.0,1.0,zigZag_VotingSoft,-1.0,zigZag_VotingSoft_f96_is26,1.0,0.75,20160811 21:20:12 EDT
2016-08-12 00:00:00,-0.00492185913589,0.0,0.00114208048144,0.0,88537.47,-1451.43,both_zigZag_VotingSoft DPS wl1.5 maxL2 dd95_0.001 thres_0.0,1.0,0.0,wf_is_pv3s_v2v,88535.69,-1451.4,0.0,1.0,zigZag_VotingSoft,-1.0,zigZag_VotingSoft_f96_is26,1.0,0.75,20160813 00:27:42 EDT
2016-08-15 00:00:00,-0.00197022997457,0.0,0.00131876094679,0.0,85726.76,-2810.71,both_zigZag_VotingSoft DPS wl2.0 maxL2 dd95_0.001 thres_0.0,1.0,0.0,wf_is_pv3s_v2v,85725.03,-2810.66,0.0,1.0,zigZag_VotingSoft,-1.0,zigZag_VotingSoft_f96_is26,1.0,0.75,20160815 21:30:44 EDT
2016-08-16 00:00:00,-0.00549415628253,0.0,0.00161514570617,0.0,84458.61,-1268.15,both_zigZag_VotingSoft DPS wl3.0 maxL2 dd95_0.002 thres_0.0,1.0,0.0,wf_is_pv3s_v2v,84456.91,-1268.12,0.0,1.0,zigZag_VotingSoft,-1.0,zigZag_VotingSoft_f96_is26,1.0,0.75,20160816 21:19:32 EDT
2016-08-17 00:00:00,-0.00563693522959,0.0,0.00186500961648,0.0,84212.37,-246.24,both_zigZag_VotingSoft DPS wl4.0 maxL2 dd95_0.002 thres_0.0,1.0,0.0,wf_is_pv3s_v2v,84210.68,-246.23,0.0,1.0,zigZag_VotingSoft,-1.0,zigZag_VotingSoft_f96_is26,1.0,0.75,20160817 22:45:55 EDT
2016-08-18 00:00:00,-0.0076165655421,0.0,0.00208514414057,0.0,81813.3,-2399.07,both_zigZag_VotingSoft DPS wl5.0 maxL2 dd95_0.002 thres_0.0,1.0,0.0,wf_is_pv3s_v2v,81811.65,-2399.03,0.0,1.0,zigZag_VotingSoft,-1.0,zigZag_VotingSoft_f96_is26,1.0,0.75,20160818 20:58:50 EDT
2016-08-19 00:00:00,0.0982647670108,0.00281129750093,0.00228416096288,0.0,138304.51,-458.47,both_buyHold DPS wl6.0 maxL2 dd95_0.002 thres_0.0,2.0,0.0,wf_is_short,121294.13,-200.71,0.0,1.0,buyHold,1.0,buyHold,1.0,0.75,20160820 00:51:21 EDT
2016-08-22 00:00:00,-0.000329776492014,0.0,0.00246717581898,2.68675391186,134335.01,-3969.5,both_buyHold DPS wl7.0 maxL2 dd95_0.002 thres_0.0,1.0,0.0,wf_is_short,119554.67,-1739.46,0.0,1.0,buyHold,1.0,buyHold,1.0,0.75,20160823 00:23:54 EDT
2016-08-23 00:00:00,0.034574959264,6e-05,0.00131876094679,0.0,136592.95,2255.25,both_buyHold DPS wl2.0 maxL2 dd95_0.001 thres_0.0,2.0,0.0,wf_is_short,120558.21,1003.54,0.0,1.0,buyHold,1.0,buyHold,1.0,0.75,20160823 21:11:45 EDT
2016-08-24 00:00:00,-0.00646225628236,0.0,0.00161514570617,2.68399457936,134197.04,-5587.88,both_buyHold DPS wl3.0 maxL2 dd95_0.002 thres_0.0,1.0,0.0,wf_is_short,118149.72,-2408.49,0.0,1.0,buyHold,1.0,buyHold,1.0,0.75,20160824 23:22:24 EDT
2016-08-25 00:00:00,-0.00355280758246,0.0,0.00186500961648,0.0,131517.68,1472.76,both_buyHold DPS wl4.0 maxL2 dd95_0.002 thres_0.0,1.0,0.0,wf_is_short,119487.77,1338.05,0.0,1.0,buyHold,1.0,buyHold,1.0,0.75,20160825 21:35:19 EDT
2016-08-26 00:00:00,-0.00414398647988,0.0,0.00208514414057,0.0,133211.78,594.03,both_buyHold DPS wl5.0 maxL2 dd95_0.002 thres_0.0,1.0,0.0,wf_is_short,120022.99,535.22,0.0,1.0,buyHold,1.0,buyHold,1.0,0.75,20160827 00:32:37 EDT
2016-08-29 00:00:00,-0.0021087246853,0.0,0.00228416096288,0.0,128909.74,-1969.76,both_buyHold DPS wl6.0 maxL2 dd95_0.002 thres_0.0,1.0,0.0,wf_is_short,118216.62,-1806.37,0.0,1.0,buyHold,1.0,buyHold,1.0,0.75,20160829 23:53:32 EDT
2016-08-30 00:00:00,-0.00929154749661,0.0,0.00246717581898,0.0,130241.62,-965.3,both_buyHold DPS wl7.0 maxL2 dd95_0.002 thres_0.0,1.0,0.0,wf_is_short,117346.89,-869.73,0.0,1.0,buyHold,1.0,buyHold,1.0,0.75,20160830 21:19:43 EDT
2016-08-31 00:00:00,0.119853582679,0.000110996700088,0.00131876094679,7.44246429475,124033.63,3497.32,both_gainAhead_PCA10_VotingSoft DPS wl2.0 maxL2 dd95_0.001 thres_0.0,2.0,0.0,wf_is_pv2e_p2p,118723.15,3349.89,4.74911594755,1.0,gainAhead_PCA10_VotingSoft,1.0,gainAhead_PCA10_f10_is37,1.0,0.75,20160831 23:02:16 EDT
2016-09-01 00:00:00,-0.00695376229355,0.0,0.00161514570617,7.07242920141,117866.75,-7204.35,both_gainAhead_PCA10_VotingSoft DPS wl3.0 maxL2 dd95_0.002 thres_0.0,1.0,0.0,wf_is_pv2e_p2p,115302.55,-3420.6,4.61228632061,1.0,gainAhead_PCA10_VotingSoft,-1.0,gainAhead_PCA10_f10_is37,1.0,0.75,20160901 21:52:31 EDT
2016-09-02 00:00:00,0.160804386205,4e-05,0.00186500961648,0.0,140604.42,4445.34,both_gainAhead_PCA10_VotingSoft DPS wl4.0 maxL2 dd95_0.002 thres_0.0,2.0,0.0,wf_is_pv3s_v2v,120007.26,1927.54,0.0,1.0,gainAhead_PCA10_VotingSoft,1.0,gainAhead_PCA10_f10_is26,1.0,0.75,20160902 23:13:55 EDT
2016-09-05 00:00:00,0.0103910784435,0.0,0.00114208048144,0.0,143782.87,3178.45,both_gainAhead_PCA10_VotingSoft DPS wl1.5 maxL2 dd95_0.001 thres_0.0,2.0,0.0,wf_is_pv3s_v2v,121363.68,1356.42,0.0,1.0,gainAhead_PCA10_VotingSoft,1.0,gainAhead_PCA10_f10_is26,1.0,0.75,20160905 21:53:08 EDT
2016-09-06 00:00:00,-0.00578446570351,0.0,0.00131876094679,7.68169613435,128020.59,-3568.32,both_gainAhead_PCA10_VotingSoft DPS wl2.0 maxL2 dd95_0.001 thres_0.0,1.0,0.0,wf_is_pv3s_v2v,114356.91,-1573.04,4.57445943882,1.0,gainAhead_PCA10_VotingSoft,-1.0,gainAhead_PCA10_f10_is26,1.0,0.75,20160906 21:47:49 EDT
2016-09-07 00:00:00,-0.00627144669398,0.0,0.00161514570617,5.02631851449,125652.94,-1139.12,both_gainAhead_PCA10_VotingSoft DPS wl3.0 maxL2 dd95_0.002 thres_0.0,1.0,0.0,wf_is_pv3s_v2v,113329.51,-1027.4,4.53336158426,1.0,gainAhead_PCA10_VotingSoft,1.0,gainAhead_PCA10_f10_is26,1.0,0.75,20160907 23:11:54 EDT
2016-09-08 00:00:00,0.175185139639,0.0001,0.00131876094679,2.29302505957,114648.96,4677.35,both_gainAhead_PCA10_VotingSoft DPS wl2.0 maxL2 dd95_0.001 thres_0.0,2.0,0.0,wf_is_pv3s_v2v,110071.69,4492.72,0.0,1.0,gainAhead_PCA10_VotingSoft,1.0,gainAhead_PCA10_f10_is26,1.0,0.75,20160908 21:30:40 EDT
2016-09-09 00:00:00,0.00819789816906,0.00213131630559,0.00208514414057,0.0,117633.96,2989.59,both_gainAhead_GNBayes DPS wl5.0 maxL2 dd95_0.002 thres_0.0,2.0,0.0,wf_is_short,111502.41,1435.12,0.0,1.0,gainAhead_GNBayes,-1.0,gainAhead_GNBayes_f86_is16,1.0,0.75,20160910 00:18:06 EDT
2016-09-12 00:00:00,0.00678808207315,0.00182434228053,0.00228416096288,0.0,118985.3,1351.34,both_gainAhead_GNBayes DPS wl6.0 maxL2 dd95_0.002 thres_0.0,2.0,0.0,wf_is_short,112142.86,640.45,0.0,1.0,gainAhead_GNBayes,-1.0,gainAhead_GNBayes_f86_is17,1.0,0.75,20160912 21:38:25 EDT
2016-09-13 00:00:00,0.00328324743171,0.00285773902499,0.00246717581898,2.32060251993,116027.81,2554.28,both_gainAhead_PCA10_VotingSoft DPS wl7.0 maxL2 dd95_0.002 thres_0.0,2.0,0.0,wf_is_pv2e_p2p,115992.22,2555.76,0.0,1.0,gainAhead_PCA10_VotingSoft,-1.0,gainAhead_PCA10_f10_is37,1.0,0.75,20160913 21:28:27 EDT
2016-09-14 00:00:00,0.0981744078551,6e-05,0.00161514570617,0.0,121008.89,4010.58,both_gainAhead_PCA10_VotingSoft DPS wl3.0 maxL2 dd95_0.002 thres_0.0,2.0,0.0,wf_is_pv2e_p2p,117980.27,1988.05,0.0,1.0,gainAhead_PCA10_VotingSoft,-1.0,gainAhead_PCA10_f10_is37,1.0,0.75,20160914 23:09:47 EDT
2016-09-15 00:00:00,-0.00392649912141,0.0,0.00186500961648,7.04443765147,117400.25,-2604.87,both_gainAhead_PCA10_VotingSoft DPS wl4.0 maxL2 dd95_0.002 thres_0.0,1.0,0.0,wf_is_pv2e_p2p,116698.61,-1281.66,4.66813094768,1.0,gainAhead_PCA10_VotingSoft,1.0,gainAhead_PCA10_f10_is37,1.0,0.75,20160915 21:43:31 EDT
2016-09-16 00:00:00,-7.62435900192e-05,0.0,0.00208514414057,2.58076364557,129035.6,-2347.31,both_gainAhead_GNBayes DPS wl5.0 maxL2 dd95_0.002 thres_0.0,1.0,0.0,wf_is_short,116840.58,-1051.99,0.0,1.0,gainAhead_GNBayes,1.0,gainAhead_GNBayes_f86_is11,1.0,0.75,20160916 22:13:30 EDT
2016-09-19 00:00:00,0.0029181103973,0.0023562654615,0.00228416096288,0.0,128366.38,3594.86,both_gainAhead_GNBayes DPS wl6.0 maxL2 dd95_0.002 thres_0.0,2.0,0.0,wf_is_short,117340.31,1666.37,0.0,1.0,gainAhead_GNBayes,1.0,gainAhead_GNBayes_f86_is12,1.0,0.75,20160919 21:33:15 EDT
