dates,CAR25,dd95,ddTol,dpsCommission,dpsNetEquity,dpsNetPNL,dpsRunName,dpsSafef,gainAhead,is_period,netEquity,netPNL,nodpsComm,nodpsSafef,signalType,signals,v4.4_system,safef,mrThreshold,timestamp
2016-07-01,-0.00560782260752,0.0,0.00208514414057,6.39084919095,106507.76,-1120.71,both_gainAhead_GNBayes DPS wl5.0 maxL2 dd95_0.002 thres_0.0,1.0,-0.00577698163905,wf_is_short,103460.79,-542.53,4.13859711366,1.0,gainAhead_GNBayes,1.0,gainAhead_GNBayes_f86_is17,1.0,,
2016-07-05,-0.00171697613438,0.0,0.00186500961648,4.23569866504,105888.23,-619.53,both_gainAhead_GNBayes DPS wl4.0 maxL2 dd95_0.002 thres_0.0,1.0,0.0,wf_is_short,102858.98,-601.81,4.11452395663,1.0,gainAhead_GNBayes,-1.0,gainAhead_GNBayes_f86_is18,1.0,0.75,20160705 22:53:41 EDT
2016-07-06 00:00:00,-0.00747558344777,0.0,0.00208514414057,0.0,105568.67,-319.56,both_gainAhead_GNBayes DPS wl5.0 maxL2 dd95_0.002 thres_0.0,1.0,0.0,wf_is_short,102548.56,-310.42,0.0,1.0,gainAhead_GNBayes,-1.0,gainAhead_GNBayes_f86_is19,1.0,0.75,20160706 20:51:27 EDT
2016-07-07 00:00:00,-0.0052575862636,0.0,0.00228416096288,0.0,106042.75,474.08,both_gainAhead_GNBayes DPS wl6.0 maxL2 dd95_0.002 thres_0.0,1.0,0.0,wf_is_short,103009.08,460.52,0.0,1.0,gainAhead_GNBayes,-1.0,gainAhead_GNBayes_f86_is20,1.0,0.75,20160707 21:45:12 EDT
2016-07-08 00:00:00,-0.00533787921548,0.0,0.00246717581898,4.24419746978,106100.69,57.94,both_gainAhead_GNBayes DPS wl7.0 maxL2 dd95_0.002 thres_0.0,1.0,0.0,wf_is_short,103065.36,56.28,4.12277950826,1.0,gainAhead_GNBayes,1.0,gainAhead_GNBayes_f86_is21,1.0,0.75,20160708 20:47:44 EDT
2016-07-11 00:00:00,-0.00204821901943,0.0,0.00263752189358,0.0,106172.53,71.84,both_gainAhead_GNBayes DPS wl8.0 maxL2 dd95_0.003 thres_0.0,1.0,0.0,wf_is_short,103135.14,69.78,0.0,1.0,gainAhead_GNBayes,1.0,gainAhead_GNBayes_f86_is22,1.0,0.75,20160711 20:54:26 EDT
2016-07-12 00:00:00,-0.00520402303125,0.0,0.00309276856414,0.0,102160.56,-101.48,both_sellHold DPS wl11.0 maxL2 dd95_0.003 thres_0.0,1.0,0.0,wf_is_pv2e_p2p,102582.01,-101.9,0.0,1.0,sellHold,-1.0,sellHold,1.0,0.75,20160712 20:53:07 EDT
2016-07-13 00:00:00,-0.00357775932204,0.0,0.00323029141235,0.0,101948.54,361.63,both_gainAhead_PCA10_VotingSoft DPS wl12.0 maxL2 dd95_0.003 thres_0.0,1.0,0.0,wf_is_pv3s_v2v,102355.64,363.08,0.0,1.0,gainAhead_PCA10_VotingSoft,1.0,gainAhead_PCA10_f10_is27,1.0,0.75,20160713 21:32:00 EDT
2016-07-14 00:00:00,-0.00858407875377,0.0,0.00336219390073,0.0,103149.35,120.28,both_gainAhead_PCA10_VotingSoft DPS wl13.0 maxL2 dd95_0.003 thres_0.0,1.0,0.0,wf_is_pv3s_v2v,102475.13,119.49,0.0,1.0,gainAhead_PCA10_VotingSoft,1.0,gainAhead_PCA10_f10_is27,1.0,0.75,20160714 20:31:43 EDT
2016-07-15 00:00:00,-0.0037816024835,0.0,0.00348911350395,0.0,103481.28,553.94,both_zigZag_VotingSoft DPS wl14.0 maxL2 dd95_0.003 thres_0.0,1.0,0.0,wf_is_pv3s_v2v,102878.7,550.72,0.0,1.0,zigZag_VotingSoft,-1.0,zigZag_VotingSoft_f97_is27,1.0,0.75,20160715 21:24:57 EDT
2016-07-18 00:00:00,-0.00237614136832,0.0,0.00336219390073,4.09140159939,102280.95,-73.32,both_zigZag_VotingSoft DPS wl13.0 maxL2 dd95_0.003 thres_0.0,1.0,0.0,wf_is_pv3s_v2v,102805.0,-73.7,4.1123646109,1.0,zigZag_VotingSoft,1.0,zigZag_VotingSoft_f89_is11,1.0,0.75,20160718 21:21:44 EDT
2016-07-19 00:00:00,-0.000335239819282,0.0,0.00348911350395,0.0,102671.41,501.82,both_sellHold DPS wl14.0 maxL2 dd95_0.003 thres_0.0,1.0,0.0,wf_is_pv2e_p2p,103081.38,503.83,0.0,1.0,sellHold,-1.0,sellHold,1.0,0.75,20160719 20:50:40 EDT
2016-07-20 00:00:00,0.00225143949364,0.00616482463373,0.00309276856414,0.0,103899.08,215.98,both_sellHold DPS wl11.0 maxL2 dd95_0.003 thres_0.0,2.0,0.0,wf_is_pv2e_p2p,103188.74,107.36,0.0,1.0,sellHold,-1.0,sellHold,1.0,0.75,20160720 20:57:31 EDT
2016-07-21 00:00:00,-0.000362465553017,0.0,0.00323029141235,2.0747789085,103736.87,-162.21,both_sellHold DPS wl12.0 maxL2 dd95_0.003 thres_0.0,1.0,0.0,wf_is_pv2e_p2p,103109.22,-79.52,0.0,1.0,sellHold,-1.0,sellHold,1.0,0.75,20160721 21:06:49 EDT
2016-07-22 00:00:00,0.0196102400301,0.00479574828135,0.00336219390073,0.0,104564.82,975.97,both_sellHold DPS wl13.0 maxL2 dd95_0.003 thres_0.0,2.0,0.0,wf_is_pv2e_p2p,103594.95,485.73,0.0,1.0,sellHold,-1.0,sellHold,1.0,0.75,20160722 22:11:01 EDT
2016-07-25 00:00:00,0.00133687609944,0.00691372564797,0.00348911350395,0.0,102743.86,-516.94,both_sellHold DPS wl14.0 maxL2 dd95_0.003 thres_0.0,2.0,0.0,wf_is_pv2e_p2p,103335.64,-259.31,0.0,1.0,sellHold,-1.0,sellHold,1.0,0.75,20160725 21:19:03 EDT
2016-07-26 00:00:00,-0.00240899154306,0.0,0.00361157559257,2.07637991538,103816.92,54.45,both_sellHold DPS wl15.0 maxL2 dd95_0.004 thres_0.0,1.0,0.0,wf_is_pv2e_p2p,103363.79,28.15,0.0,1.0,sellHold,-1.0,sellHold,1.0,0.75,20160726 21:10:34 EDT
2016-07-27 00:00:00,0.0303862306238,0.00255672152368,0.00373001923296,0.0,105076.75,607.22,both_gainAhead_PCA10_GNBayes DPS wl16.0 maxL2 dd95_0.004 thres_0.0,2.0,0.0,wf_is_short,103303.09,299.35,0.0,1.0,gainAhead_PCA10_GNBayes,1.0,gainAhead_PCA10_f10_is23,1.0,0.75,20160727 21:52:24 EDT
2016-07-28 00:00:00,0.0520733146607,0.0022775117581,0.00384481582077,0.0,106075.85,999.1,both_gainAhead_PCA10_GNBayes DPS wl17.0 maxL2 dd95_0.004 thres_0.0,2.0,0.0,wf_is_short,103794.21,491.12,0.0,1.0,gainAhead_PCA10_GNBayes,1.0,gainAhead_PCA10_f10_is24,1.0,0.75,20160728 21:04:32 EDT
2016-07-29 00:00:00,0.0453709277126,4e-05,0.00186500961648,8.30229251228,103770.35,1937.4,both_gainAhead_PCA10_GNBayes DPS wl4.0 maxL2 dd95_0.002 thres_0.0,2.0,0.0,wf_is_short,101998.22,961.17,4.08009198531,1.0,gainAhead_PCA10_GNBayes,-1.0,gainAhead_PCA10_f10_is5,1.0,0.75,20160729 23:55:48 EDT
2016-08-01 00:00:00,0.0108775978789,5.9998800008e-05,0.00208514414057,8.31525905209,103932.42,186.18,both_gainAhead_PCA10_GNBayes DPS wl5.0 maxL2 dd95_0.002 thres_0.0,2.0,0.0,wf_is_short,102089.75,91.53,4.08375322105,1.0,gainAhead_PCA10_GNBayes,1.0,gainAhead_PCA10_f10_is6,1.0,0.75,20160801 20:57:57 EDT
2016-08-02 00:00:00,0.040230524337,4e-05,0.00228416096288,8.39929234635,104982.76,1050.34,both_gainAhead_PCA10_GNBayes DPS wl6.0 maxL2 dd95_0.002 thres_0.0,2.0,0.0,wf_is_short,102605.63,515.88,4.10438926995,1.0,gainAhead_PCA10_GNBayes,-1.0,gainAhead_PCA10_f10_is7,1.0,0.75,20160802 21:34:04 EDT
2016-08-03 00:00:00,0.0681833174443,3.99995999999e-05,0.00246717581898,0.0,106494.78,1512.02,both_gainAhead_PCA10_GNBayes DPS wl7.0 maxL2 dd95_0.002 thres_0.0,2.0,0.0,wf_is_short,103344.52,738.89,0.0,1.0,gainAhead_PCA10_GNBayes,-1.0,gainAhead_PCA10_f10_is8,1.0,0.75,20160803 23:13:17 EDT
2016-08-04 00:00:00,0.00418547358594,0.0,0.00114208048144,0.0,106853.39,333.86,both_gainAhead_PCA10_GNBayes DPS wl1.5 maxL2 dd95_0.001 thres_0.0,2.0,0.0,wf_is_short,103506.47,161.95,0.0,1.0,gainAhead_PCA10_GNBayes,-1.0,gainAhead_PCA10_f10_is9,1.0,0.75,20160804 20:50:51 EDT
