dates,CAR25,dd95,ddTol,dpsCommission,dpsNetEquity,dpsNetPNL,dpsRunName,dpsSafef,gainAhead,is_period,netEquity,netPNL,nodpsComm,nodpsSafef,signalType,signals,v4.4_system,safef,mrThreshold,timestamp
2016-07-04,-0.00046896085808,0.0,0.00186500961648,0.0,109177.81,925.34,both_gainAhead_GNBayes DPS wl4.0 maxL2 dd95_0.002 thres_0.0,1.0,-0.016770993268,wf_is_short,106332.55,901.23,0.0,1.0,gainAhead_GNBayes,-1.0,gainAhead_GNBayes_f86_is5,1.0,,
2016-07-05,0.0126774309986,0.00229880814271,0.00208514414057,2.22017660633,111006.61,1828.8,both_gainAhead_GNBayes DPS wl5.0 maxL2 dd95_0.002 thres_0.0,2.0,0.0,wf_is_short,108115.85,1783.3,0.0,1.0,gainAhead_GNBayes,-1.0,gainAhead_GNBayes_f86_is6,1.0,0.75,20160705 23:13:22 EDT
2016-07-06 00:00:00,0.0768330642272,0.0001,0.00131876094679,9.21121515772,115130.98,4124.37,both_gainAhead_GNBayes DPS wl2.0 maxL2 dd95_0.001 thres_0.0,2.0,0.0,wf_is_short,110124.41,2008.56,4.40515271111,1.0,gainAhead_GNBayes,1.0,gainAhead_GNBayes_f86_is7,1.0,0.75,20160706 21:06:42 EDT
2016-07-07 00:00:00,0.0687315004709,5.99994600036e-05,0.00161514570617,8.7841697649,109793.34,1684.96,both_gainAhead_GNBayes DPS wl3.0 maxL2 dd95_0.002 thres_0.0,2.0,0.0,wf_is_short,105263.23,814.0,4.2106974777,1.0,gainAhead_GNBayes,-1.0,gainAhead_GNBayes_f86_is8,1.0,0.75,20160707 21:31:57 EDT
2016-07-08 00:00:00,-0.00541693802355,0.0,0.00186500961648,2.11746203449,105870.98,-3922.36,both_gainAhead_GNBayes DPS wl4.0 maxL2 dd95_0.002 thres_0.0,1.0,0.0,wf_is_short,103383.99,-1879.24,0.0,1.0,gainAhead_GNBayes,-1.0,gainAhead_GNBayes_f86_is9,1.0,0.75,20160708 20:37:39 EDT
2016-07-11 00:00:00,0.00901449390784,0.00281902715892,0.00208514414057,0.0,106568.96,3635.41,both_gainAhead_PCA10_VotingSoft DPS wl5.0 maxL2 dd95_0.002 thres_0.0,2.0,0.0,wf_is_pv2e_p2p,105052.78,1822.93,0.0,1.0,gainAhead_PCA10_VotingSoft,1.0,gainAhead_PCA10_f10_is19,1.0,0.75,20160711 20:47:30 EDT
2016-07-12 00:00:00,0.0860573744372,5.99988000079e-05,0.00161514570617,0.0,111436.62,3370.34,both_zigZag_PCA10_VotingSoft DPS wl3.0 maxL2 dd95_0.002 thres_0.0,2.0,0.0,wf_is_pv3s_v2v,106019.91,1627.87,0.0,1.0,zigZag_PCA10_VotingSoft,1.0,zigZag_PCA10_f10_is10,1.0,0.75,20160712 21:06:47 EDT
2016-07-13 00:00:00,0.0566615322096,4e-05,0.00186500961648,0.0,111668.19,231.57,both_zigZag_PCA10_VotingSoft DPS wl4.0 maxL2 dd95_0.002 thres_0.0,2.0,0.0,wf_is_pv3s_v2v,106130.07,110.16,0.0,1.0,zigZag_PCA10_VotingSoft,1.0,zigZag_PCA10_f10_is10,1.0,0.75,20160713 21:18:22 EDT
2016-07-14 00:00:00,0.0788490116323,4e-05,0.00208514414057,0.0,114243.86,2575.67,both_zigZag_PCA10_VotingSoft DPS wl5.0 maxL2 dd95_0.002 thres_0.0,2.0,0.0,wf_is_pv3s_v2v,107354.04,1223.97,0.0,1.0,zigZag_PCA10_VotingSoft,1.0,zigZag_PCA10_f10_is10,1.0,0.75,20160714 20:33:50 EDT
2016-07-15 00:00:00,0.00692116929157,0.00179840373953,0.00228416096288,0.0,113306.05,-937.81,both_zigZag_PCA10_VotingSoft DPS wl6.0 maxL2 dd95_0.002 thres_0.0,2.0,0.0,wf_is_pv3s_v2v,106913.41,-440.63,0.0,1.0,zigZag_PCA10_VotingSoft,1.0,zigZag_PCA10_f10_is10,1.0,0.75,20160715 21:04:20 EDT
2016-07-18 00:00:00,0.000525477227686,0.00316965300455,0.00246717581898,0.0,112787.19,-805.34,both_zigZag_PCA10_VotingSoft DPS wl7.0 maxL2 dd95_0.002 thres_0.0,2.0,0.0,wf_is_pv3s_v2v,106668.54,-379.47,0.0,1.0,zigZag_PCA10_VotingSoft,1.0,zigZag_PCA10_f10_is10,1.0,0.75,20160718 20:57:08 EDT
2016-07-19 00:00:00,-0.00206724386326,0.0,0.00263752189358,2.22726872334,111361.21,-1425.98,both_zigZag_PCA10_VotingSoft DPS wl8.0 maxL2 dd95_0.003 thres_0.0,1.0,0.0,wf_is_pv3s_v2v,105995.28,-673.26,0.0,1.0,zigZag_PCA10_VotingSoft,1.0,zigZag_PCA10_f10_is10,1.0,0.75,20160719 20:49:54 EDT
2016-07-20 00:00:00,0.00114210972231,0.00281762859602,0.00279751442472,2.26682959693,113339.21,1266.14,both_zigZag_PCA10_VotingSoft DPS wl9.0 maxL2 dd95_0.003 thres_0.0,2.0,0.0,wf_is_pv3s_v2v,107194.9,1199.62,0.0,1.0,zigZag_PCA10_VotingSoft,1.0,zigZag_PCA10_f10_is10,1.0,0.75,20160720 20:33:54 EDT
2016-07-21 00:00:00,0.00407148080692,0.00217635169891,0.0029488391231,0.0,112645.03,25.72,both_zigZag_PCA10_VotingSoft DPS wl10.0 maxL2 dd95_0.003 thres_0.0,2.0,0.0,wf_is_pv3s_v2v,107207.14,12.24,0.0,1.0,zigZag_PCA10_VotingSoft,1.0,zigZag_PCA10_f10_is10,1.0,0.75,20160721 21:07:29 EDT
2016-07-22 00:00:00,0.00276865682241,0.00305698901431,0.00309276856414,0.0,112696.48,51.45,both_zigZag_PCA10_VotingSoft DPS wl11.0 maxL2 dd95_0.003 thres_0.0,2.0,0.0,wf_is_pv3s_v2v,107231.62,24.48,0.0,1.0,zigZag_PCA10_VotingSoft,1.0,zigZag_PCA10_f10_is10,1.0,0.75,20160722 21:44:30 EDT
2016-07-25 00:00:00,0.0026252636764,0.003564733176,0.00323029141235,0.0,113030.97,334.49,both_zigZag_PCA10_VotingSoft DPS wl12.0 maxL2 dd95_0.003 thres_0.0,2.0,0.0,wf_is_pv3s_v2v,107390.75,159.13,0.0,1.0,zigZag_PCA10_VotingSoft,1.0,zigZag_PCA10_f10_is10,1.0,0.75,20160725 21:16:40 EDT
2016-07-26 00:00:00,0.026505766463,0.00698236882871,0.00336219390073,0.0,113270.86,411.66,both_zigZag_PCA10_VotingSoft DPS wl13.0 maxL2 dd95_0.003 thres_0.0,2.0,0.0,wf_is_pv3s_v2v,107586.61,195.86,0.0,1.0,zigZag_PCA10_VotingSoft,1.0,zigZag_PCA10_f10_is10,1.0,0.75,20160726 21:07:06 EDT
2016-07-27 00:00:00,0.0495163078602,0.00783734606537,0.00348911350395,0.0,116114.74,2684.44,both_zigZag_PCA10_VotingSoft DPS wl14.0 maxL2 dd95_0.003 thres_0.0,2.0,0.0,wf_is_pv3s_v2v,108859.68,1273.07,0.0,1.0,zigZag_PCA10_VotingSoft,1.0,zigZag_PCA10_f10_is10,1.0,0.75,20160727 21:53:03 EDT
2016-07-28 00:00:00,0.00271712636661,0.00250064369862,0.00361157559257,0.0,114796.05,-1331.95,both_zigZag_PCA10_VotingSoft DPS wl15.0 maxL2 dd95_0.004 thres_0.0,2.0,0.0,wf_is_pv3s_v2v,108235.39,-624.29,0.0,1.0,zigZag_PCA10_VotingSoft,1.0,zigZag_PCA10_f10_is10,1.0,0.75,20160728 21:11:13 EDT
2016-07-29 00:00:00,0.0108212890681,0.00289540950564,0.00373001923296,0.0,115756.8,960.75,both_zigZag_PCA10_VotingSoft DPS wl16.0 maxL2 dd95_0.004 thres_0.0,2.0,0.0,wf_is_pv3s_v2v,108688.31,452.92,0.0,1.0,zigZag_PCA10_VotingSoft,1.0,zigZag_PCA10_f10_is10,1.0,0.75,20160730 00:07:40 EDT
2016-08-01 00:00:00,0.035523653682,0.00508633941282,0.00384481582077,9.29918744498,116230.54,1591.69,both_gainAhead_PCA10_VotingSoft DPS wl17.0 maxL2 dd95_0.004 thres_0.0,2.0,0.0,wf_is_pv2e_p2p,109004.91,751.55,4.36037072535,1.0,gainAhead_PCA10_VotingSoft,1.0,gainAhead_PCA10_f10_is19,1.0,0.75,20160801 20:44:17 EDT
2016-08-02 00:00:00,0.00143328716053,0.00375609691607,0.00395628284037,8.95675151385,111950.44,-4280.1,both_gainAhead_PCA10_VotingSoft DPS wl18.0 maxL2 dd95_0.004 thres_0.0,2.0,0.0,wf_is_pv2e_p2p,106997.82,-2007.09,4.28008391085,1.0,gainAhead_PCA10_VotingSoft,-1.0,gainAhead_PCA10_f10_is19,1.0,0.75,20160802 21:38:47 EDT
2016-08-03 00:00:00,-0.00474543084367,0.0,0.00186500961648,4.47801919556,111946.0,163.42,both_gainAhead_PCA10_VotingSoft DPS wl4.0 maxL2 dd95_0.002 thres_0.0,1.0,0.0,wf_is_pv2e_p2p,107154.25,156.43,4.28634132298,1.0,gainAhead_PCA10_VotingSoft,1.0,gainAhead_PCA10_f10_is19,1.0,0.75,20160803 22:59:05 EDT
2016-08-04 00:00:00,0.000250931406764,0.00211673844564,0.00208514414057,0.0,105293.36,-1182.79,both_gainAhead_VotingSoft DPS wl5.0 maxL2 dd95_0.002 thres_0.0,2.0,0.0,wf_is_pv2e_p2p,103137.29,-576.05,0.0,1.0,gainAhead_VotingSoft,-1.0,gainAhead_VotingSoft_f93_is19,1.0,0.75,20160804 20:55:42 EDT
2016-08-05 00:00:00,0.00668185672874,0.00203128895933,0.00228416096288,2.03908875194,101952.4,1512.08,both_zigZag_PCA10_VotingSoft DPS wl6.0 maxL2 dd95_0.002 thres_0.0,2.0,0.0,wf_is_pv2e_p2p,102375.59,1520.37,0.0,1.0,zigZag_PCA10_VotingSoft,1.0,zigZag_PCA10_f10_is19,1.0,0.75,20160805 23:34:35 EDT
2016-08-08 00:00:00,0.00290609627993,0.00167520055733,0.00246717581898,0.0,102030.54,230.81,both_zigZag_PCA10_VotingSoft DPS wl7.0 maxL2 dd95_0.002 thres_0.0,2.0,0.0,wf_is_pv2e_p2p,102491.65,116.06,0.0,1.0,zigZag_PCA10_VotingSoft,1.0,zigZag_PCA10_f10_is19,1.0,0.75,20160808 21:33:37 EDT
2016-08-09 00:00:00,0.0698777043295,0.0,0.00263752189358,0.0,106312.27,2492.34,both_zigZag_PCA10_VotingSoft DPS wl8.0 maxL2 dd95_0.003 thres_0.0,2.0,0.0,wf_is_pv3s_v2v,103411.49,1226.54,0.0,1.0,zigZag_PCA10_VotingSoft,1.0,zigZag_PCA10_f10_is10,1.0,0.75,20160809 21:42:43 EDT
2016-08-10 00:00:00,0.0332502741945,0.000657711494626,0.00186500961648,8.5250856965,106555.05,749.18,both_gainAhead_GNBayes DPS wl4.0 maxL2 dd95_0.002 thres_0.0,2.0,0.0,wf_is_short,103530.17,365.25,4.1413725746,1.0,gainAhead_GNBayes,1.0,gainAhead_GNBayes_f86_is32,1.0,0.75,20160810 23:39:39 EDT
2016-08-11 00:00:00,0.0645763515574,0.000513392581591,0.00208514414057,8.72159964559,109011.27,2456.22,both_gainAhead_GNBayes DPS wl5.0 maxL2 dd95_0.002 thres_0.0,2.0,0.0,wf_is_short,104723.47,1193.3,4.1891062161,1.0,gainAhead_GNBayes,-1.0,gainAhead_GNBayes_f86_is33,1.0,0.75,20160811 21:12:30 EDT
2016-08-12 00:00:00,0.0445311404705,0.000428839732149,0.00228416096288,8.73445539911,109171.96,160.69,both_gainAhead_GNBayes DPS wl6.0 maxL2 dd95_0.002 thres_0.0,2.0,0.0,wf_is_short,104800.66,77.19,4.19219397003,1.0,gainAhead_GNBayes,1.0,gainAhead_GNBayes_f86_is34,1.0,0.75,20160813 00:20:14 EDT
2016-08-15 00:00:00,-0.0025804868054,0.0,0.00246717581898,0.0,96011.98,53.3,both_sellHold DPS wl7.0 maxL2 dd95_0.002 thres_0.0,1.0,0.0,wf_is_pv2e_p2p,96010.08,53.3,0.0,1.0,sellHold,-1.0,sellHold,1.0,0.75,20160815 21:33:32 EDT
2016-08-16 00:00:00,-0.00419613712951,0.0,0.00263752189358,0.0,96801.76,789.78,both_sellHold DPS wl8.0 maxL2 dd95_0.003 thres_0.0,1.0,0.0,wf_is_pv2e_p2p,96799.85,789.77,0.0,1.0,sellHold,-1.0,sellHold,1.0,0.75,20160816 21:06:21 EDT
2016-08-17 00:00:00,-0.00797595706951,0.0,0.00279751442472,0.0,118557.05,-1154.04,both_buyHold DPS wl9.0 maxL2 dd95_0.003 thres_0.0,1.0,0.0,wf_is_short,111012.13,-1080.59,0.0,1.0,buyHold,1.0,buyHold,1.0,0.75,20160817 22:42:26 EDT
2016-08-18 00:00:00,-0.0083088517065,0.0,0.0029488391231,0.0,119408.65,511.39,both_buyHold DPS wl10.0 maxL2 dd95_0.003 thres_0.0,1.0,0.0,wf_is_short,111489.6,477.47,0.0,1.0,buyHold,1.0,buyHold,1.0,0.75,20160818 21:21:22 EDT
2016-08-19 00:00:00,-0.00641106302612,0.0,0.00208514414057,0.0,118961.12,-1000.47,both_buyHold DPS wl5.0 maxL2 dd95_0.002 thres_0.0,1.0,0.0,wf_is_short,110559.79,-929.81,0.0,1.0,buyHold,1.0,buyHold,1.0,0.75,20160820 00:52:43 EDT
2016-08-22 00:00:00,-0.0026180013846,0.0,0.00228416096288,0.0,117613.99,-294.81,both_buyHold DPS wl6.0 maxL2 dd95_0.002 thres_0.0,1.0,0.0,wf_is_short,110283.36,-276.43,0.0,1.0,buyHold,1.0,buyHold,1.0,0.75,20160823 00:30:56 EDT
2016-08-23 00:00:00,-0.00648539431031,0.0,0.00246717581898,0.0,118516.8,871.25,both_buyHold DPS wl7.0 maxL2 dd95_0.002 thres_0.0,1.0,0.0,wf_is_short,111100.09,816.73,0.0,1.0,buyHold,1.0,buyHold,1.0,0.75,20160823 21:46:50 EDT
2016-08-24 00:00:00,-0.0040972081376,0.0,0.00263752189358,0.0,122072.49,385.35,both_buyHold DPS wl8.0 maxL2 dd95_0.003 thres_0.0,1.0,0.0,wf_is_short,111451.91,351.82,0.0,1.0,buyHold,1.0,buyHold,1.0,0.75,20160824 23:28:34 EDT
2016-08-25 00:00:00,-0.00758013363981,0.0,0.00279751442472,0.0,116730.16,-768.31,both_buyHold DPS wl9.0 maxL2 dd95_0.003 thres_0.0,1.0,0.0,wf_is_short,110723.14,-728.77,0.0,1.0,buyHold,1.0,buyHold,1.0,0.75,20160825 21:17:26 EDT
2016-08-26 00:00:00,-0.00489985063297,0.0,0.0029488391231,0.0,119201.16,952.75,both_buyHold DPS wl10.0 maxL2 dd95_0.003 thres_0.0,1.0,0.0,wf_is_short,111615.26,892.12,0.0,1.0,buyHold,1.0,buyHold,1.0,0.75,20160826 23:57:25 EDT
2016-08-29 00:00:00,-0.00146613156283,0.0,0.00309276856414,0.0,118085.14,-467.11,both_buyHold DPS wl11.0 maxL2 dd95_0.003 thres_0.0,1.0,0.0,wf_is_short,111175.48,-439.78,0.0,1.0,buyHold,1.0,buyHold,1.0,0.75,20160829 23:13:04 EDT
2016-08-30 00:00:00,-0.00217337359576,0.0,0.00323029141235,0.0,119449.84,884.42,both_buyHold DPS wl12.0 maxL2 dd95_0.003 thres_0.0,1.0,0.0,wf_is_short,112004.77,829.29,0.0,1.0,buyHold,1.0,buyHold,1.0,0.75,20160830 21:19:19 EDT
2016-08-31 00:00:00,-0.00589650423833,0.0,0.00336219390073,0.0,117706.39,-503.93,both_buyHold DPS wl13.0 maxL2 dd95_0.003 thres_0.0,1.0,0.0,wf_is_short,111527.3,-477.47,0.0,1.0,buyHold,1.0,buyHold,1.0,0.75,20160831 22:38:30 EDT
2016-09-01 00:00:00,-0.00589473266729,0.0,0.00348911350395,0.0,117746.17,39.78,both_buyHold DPS wl14.0 maxL2 dd95_0.003 thres_0.0,1.0,0.0,wf_is_short,111565.0,37.7,0.0,1.0,buyHold,1.0,buyHold,1.0,0.75,20160901 21:14:54 EDT
2016-09-02 00:00:00,0.00956265792751,0.00314614168355,0.00361157559257,2.40928511003,120461.85,2729.09,both_buyHold DPS wl15.0 maxL2 dd95_0.004 thres_0.0,2.0,0.0,wf_is_short,114153.4,2588.4,0.0,1.0,buyHold,1.0,buyHold,1.0,0.75,20160902 23:32:57 EDT
2016-09-05 00:00:00,0.0314857444493,0.000626953399417,0.00279751442472,8.68936949345,108608.43,-80.47,both_gainAhead_GNBayes DPS wl9.0 maxL2 dd95_0.003 thres_0.0,2.0,0.0,wf_is_short,104650.51,-38.76,4.18618800282,1.0,gainAhead_GNBayes,-1.0,gainAhead_GNBayes_f86_is43,1.0,0.75,20160905 21:43:53 EDT
2016-09-06 00:00:00,0.0682132833902,0.000740581556788,0.0029488391231,8.73268222013,109149.8,541.37,both_gainAhead_GNBayes DPS wl10.0 maxL2 dd95_0.003 thres_0.0,2.0,0.0,wf_is_short,104911.34,260.83,4.19662142061,1.0,gainAhead_GNBayes,1.0,gainAhead_GNBayes_f86_is44,1.0,0.75,20160906 21:43:12 EDT
2016-09-07 00:00:00,0.0936748179247,0.000610910838541,0.00309276856414,0.0,110499.26,1349.46,both_gainAhead_GNBayes DPS wl11.0 maxL2 dd95_0.003 thres_0.0,2.0,0.0,wf_is_short,105559.87,648.53,0.0,1.0,gainAhead_GNBayes,1.0,gainAhead_GNBayes_f86_is45,1.0,0.75,20160907 23:00:53 EDT
2016-09-08 00:00:00,0.0612932863806,0.00641642243727,0.00323029141235,8.77981174574,109738.87,-760.39,both_gainAhead_GNBayes DPS wl12.0 maxL2 dd95_0.003 thres_0.0,2.0,0.0,wf_is_short,105196.65,-363.22,4.20803448856,1.0,gainAhead_GNBayes,-1.0,gainAhead_GNBayes_f86_is46,1.0,0.75,20160908 21:24:25 EDT
2016-09-09 00:00:00,0.0980608525977,0.00361313238065,0.00336219390073,8.97432978265,112170.15,2431.28,both_gainAhead_GNBayes DPS wl13.0 maxL2 dd95_0.003 thres_0.0,2.0,0.0,wf_is_short,106362.02,1165.37,4.25465094782,1.0,gainAhead_GNBayes,1.0,gainAhead_GNBayes_f86_is47,1.0,0.75,20160910 00:14:03 EDT
2016-09-12 00:00:00,0.0344255175998,0.00798418624039,0.00348911350395,0.0,107793.04,2439.45,both_gainAhead_PCA10_VotingSoft DPS wl14.0 maxL2 dd95_0.003 thres_0.0,2.0,0.0,wf_is_pv2e_p2p,105179.4,1203.77,0.0,1.0,gainAhead_PCA10_VotingSoft,-1.0,gainAhead_PCA10_f10_is7,1.0,0.75,20160912 21:19:01 EDT
2016-09-13 00:00:00,0.0648171989777,5.1e-05,0.00161514570617,0.0,106281.31,2478.46,both_sellHold DPS wl3.0 maxL2 dd95_0.002 thres_0.0,2.0,0.0,wf_is_pv2e_p2p,103853.47,1225.21,0.0,1.0,sellHold,-1.0,sellHold,1.0,0.75,20160913 21:01:33 EDT
2016-09-14 00:00:00,0.0515222452533,5.99994600037e-05,0.00186500961648,0.0,107107.27,825.96,both_sellHold DPS wl4.0 maxL2 dd95_0.002 thres_0.0,2.0,0.0,wf_is_pv2e_p2p,104257.01,403.54,0.0,1.0,sellHold,-1.0,sellHold,1.0,0.75,20160914 22:25:36 EDT
2016-09-15 00:00:00,0.0271001506732,0.000785126871381,0.00208514414057,0.0,108185.64,-99.39,both_sellHold DPS wl5.0 maxL2 dd95_0.002 thres_0.0,2.0,0.0,wf_is_pv2e_p2p,104209.16,-47.85,0.0,1.0,sellHold,-1.0,sellHold,1.0,0.75,20160915 21:47:11 EDT
2016-09-16 00:00:00,0.0617703235215,0.000682774814466,0.00228416096288,0.0,110195.51,2009.87,both_sellHold DPS wl6.0 maxL2 dd95_0.002 thres_0.0,2.0,0.0,wf_is_pv2e_p2p,105177.16,968.0,0.0,1.0,sellHold,-1.0,sellHold,1.0,0.75,20160916 22:17:06 EDT
2016-09-19 00:00:00,-0.0025824630695,0.0,0.00246717581898,0.0,95316.83,-1399.41,both_zigZag_GNBayes DPS wl7.0 maxL2 dd95_0.002 thres_0.0,1.0,0.0,wf_is_short,95314.92,-1399.39,0.0,1.0,zigZag_GNBayes,-1.0,zigZag_GNBayes_f86_is8,1.0,0.75,20160919 20:58:15 EDT
