dates,CAR25,dd95,ddTol,dpsCommission,dpsNetEquity,dpsNetPNL,dpsRunName,dpsSafef,gainAhead,is_period,netEquity,netPNL,nodpsComm,nodpsSafef,signalType,signals,v4.4_system,safef,mrThreshold,timestamp
2016-07-04,-0.000172697591427,0.0,0.00228416096288,4.01074405216,100264.59,46.84,both_gainAhead_PCA10_VotingSoft DPS wl6.0 maxL2 dd95_0.002 thres_0.0,1.0,0.000304599451721,wf_is_pv3s_v2v,100256.47,46.84,4.01041908736,1.0,gainAhead_PCA10_VotingSoft,1.0,gainAhead_PCA10_f10_is18,1.0,,
2016-07-05,-0.000293622674663,0.0,0.00246717581898,0.0,100295.13,30.54,both_gainAhead_PCA10_VotingSoft DPS wl7.0 maxL2 dd95_0.002 thres_0.0,1.0,0.0,wf_is_pv3s_v2v,100287.01,30.54,0.0,1.0,gainAhead_PCA10_VotingSoft,1.0,gainAhead_PCA10_f10_is18,1.0,0.75,20160705 23:10:32 EDT
2016-07-06 00:00:00,0.00221704469676,0.000332006862274,0.00246717581898,0.0,100374.56,81.44,both_gainAhead_PCA10_VotingSoft DPS wl7.0 maxL2 dd95_0.002 thres_0.0,2.0,0.0,wf_is_pv3s_v2v,100327.73,40.72,0.0,1.0,gainAhead_PCA10_VotingSoft,1.0,gainAhead_PCA10_f10_is44,1.0,0.75,20160706 21:19:13 EDT
2016-07-07 00:00:00,-0.000395851353119,0.0,0.00131876094679,2.0074912,100372.55,-2.01,both_gainAhead_PCA10_VotingSoft DPS wl2.0 maxL2 dd95_0.001 thres_0.0,1.0,0.0,wf_is_pv3s_v2v,100327.73,0.0,0.0,1.0,gainAhead_PCA10_VotingSoft,1.0,gainAhead_PCA10_f10_is44,1.0,0.75,20160707 21:44:01 EDT
2016-07-08 00:00:00,-0.00137746425591,0.0,0.00161514570617,4.01408728774,100348.17,-24.38,both_gainAhead_PCA10_VotingSoft DPS wl3.0 maxL2 dd95_0.002 thres_0.0,1.0,0.0,wf_is_pv3s_v2v,100303.36,-24.37,4.01229485154,1.0,gainAhead_PCA10_VotingSoft,-1.0,gainAhead_PCA10_f10_is18,1.0,0.75,20160708 20:58:44 EDT
2016-07-11 00:00:00,-0.000237129558411,0.0,0.00186500961648,4.01474147968,100364.52,16.35,both_gainAhead_PCA10_VotingSoft DPS wl4.0 maxL2 dd95_0.002 thres_0.0,1.0,0.0,wf_is_pv3s_v2v,100319.7,16.34,4.01294871589,1.0,gainAhead_PCA10_VotingSoft,1.0,gainAhead_PCA10_f10_is18,1.0,0.75,20160711 21:06:17 EDT
2016-07-12 00:00:00,-0.00193803538058,0.0,0.00208514414057,0.0,100333.96,-30.56,both_gainAhead_PCA10_VotingSoft DPS wl5.0 maxL2 dd95_0.002 thres_0.0,1.0,0.0,wf_is_pv3s_v2v,100289.15,-30.55,0.0,1.0,gainAhead_PCA10_VotingSoft,1.0,gainAhead_PCA10_f10_is18,1.0,0.75,20160712 21:04:33 EDT
2016-07-13 00:00:00,-0.0021310270271,0.0,0.00186500961648,0.0,99697.42,-10.12,both_zigZag_GNBayes DPS wl4.0 maxL2 dd95_0.002 thres_0.0,1.0,0.0,wf_is_short,99729.82,-10.13,0.0,1.0,zigZag_GNBayes,1.0,zigZag_GNBayes_f86_is14,1.0,0.75,20160713 21:28:36 EDT
2016-07-14 00:00:00,-0.000268942883064,0.0,0.00208514414057,5.98113786239,99679.65,-26.23,both_zigZag_VotingSoft DPS wl5.0 maxL2 dd95_0.002 thres_0.0,1.0,0.0,wf_is_pv3s_v2v,99716.01,-14.12,3.9888001223,1.0,zigZag_VotingSoft,1.0,zigZag_VotingSoft_f92_is18,1.0,0.75,20160714 20:50:55 EDT
2016-07-15 00:00:00,-0.00100674548307,0.0,0.00228416096288,0.0,99669.53,-10.12,both_zigZag_VotingSoft DPS wl6.0 maxL2 dd95_0.002 thres_0.0,1.0,0.0,wf_is_pv3s_v2v,99705.89,-10.12,0.0,1.0,zigZag_VotingSoft,1.0,zigZag_VotingSoft_f92_is18,1.0,0.75,20160715 21:25:11 EDT
2016-07-18 00:00:00,-0.000212721877157,0.0,0.00246717581898,3.98718603156,99675.66,6.13,both_zigZag_VotingSoft DPS wl7.0 maxL2 dd95_0.002 thres_0.0,1.0,0.0,wf_is_pv3s_v2v,99712.03,6.14,3.98864057924,1.0,zigZag_VotingSoft,-1.0,zigZag_VotingSoft_f92_is18,1.0,0.75,20160718 21:22:50 EDT
2016-07-19 00:00:00,-0.00458848906431,0.0,0.00263752189358,3.98459750789,99610.95,-64.71,both_zigZag_VotingSoft DPS wl8.0 maxL2 dd95_0.003 thres_0.0,1.0,0.0,wf_is_pv3s_v2v,99647.3,-64.73,3.98605142163,1.0,zigZag_VotingSoft,1.0,zigZag_VotingSoft_f92_is18,1.0,0.75,20160719 20:52:32 EDT
2016-07-20 00:00:00,-0.00253262208129,0.0,0.00186500961648,0.0,99606.96,10.11,both_zigZag_VotingSoft DPS wl4.0 maxL2 dd95_0.002 thres_0.0,1.0,0.0,wf_is_pv3s_v2v,99657.41,10.11,0.0,1.0,zigZag_VotingSoft,1.0,zigZag_VotingSoft_f92_is18,1.0,0.75,20160720 20:49:48 EDT
2016-07-21 00:00:00,-0.00143429915509,0.0,0.00208514414057,0.0,99631.16,20.21,both_zigZag_VotingSoft DPS wl5.0 maxL2 dd95_0.002 thres_0.0,1.0,0.0,wf_is_pv3s_v2v,99677.63,20.22,0.0,1.0,zigZag_VotingSoft,1.0,zigZag_VotingSoft_f92_is18,1.0,0.75,20160721 21:28:41 EDT
2016-07-22 00:00:00,-0.0017732606969,0.0,0.00228416096288,4.01312406557,100324.09,-14.19,both_gainAhead_PCA10_VotingSoft DPS wl6.0 maxL2 dd95_0.002 thres_0.0,1.0,0.0,wf_is_pv3s_v2v,100313.85,-14.19,4.01271450712,1.0,gainAhead_PCA10_VotingSoft,1.0,gainAhead_PCA10_f10_is18,1.0,0.75,20160722 22:12:23 EDT
2016-07-25 00:00:00,-0.000630326140971,0.0,0.00246717581898,4.01255656444,100309.9,-14.19,both_gainAhead_PCA10_VotingSoft DPS wl7.0 maxL2 dd95_0.002 thres_0.0,1.0,0.0,wf_is_pv3s_v2v,100299.66,-14.19,4.01214700598,1.0,gainAhead_PCA10_VotingSoft,-1.0,gainAhead_PCA10_f10_is18,1.0,0.75,20160725 21:06:55 EDT
2016-07-26 00:00:00,-0.00138175190749,0.0,0.00263752189358,0.0,100350.64,20.36,both_gainAhead_PCA10_VotingSoft DPS wl8.0 maxL2 dd95_0.003 thres_0.0,1.0,0.0,wf_is_pv3s_v2v,100320.01,20.35,0.0,1.0,gainAhead_PCA10_VotingSoft,-1.0,gainAhead_PCA10_f10_is18,1.0,0.75,20160726 21:10:19 EDT
2016-07-27 00:00:00,-0.00156777887951,0.0,0.00279751442472,3.98355190487,99584.81,-34.31,both_zigZag_VotingSoft DPS wl9.0 maxL2 dd95_0.003 thres_0.0,1.0,0.0,wf_is_pv3s_v2v,99675.76,-34.34,3.98718999716,1.0,zigZag_VotingSoft,-1.0,zigZag_VotingSoft_f92_is18,1.0,0.75,20160727 22:18:07 EDT
2016-07-28 00:00:00,-0.00425086940172,0.0,0.0029488391231,3.98355428056,99584.87,-54.55,both_zigZag_VotingSoft DPS wl10.0 maxL2 dd95_0.003 thres_0.0,1.0,0.0,wf_is_pv3s_v2v,99621.19,-54.57,3.98500714292,1.0,zigZag_VotingSoft,1.0,zigZag_VotingSoft_f92_is18,1.0,0.75,20160728 21:11:56 EDT
2016-07-29 00:00:00,-0.00350865367639,0.0,0.00309276856414,3.98379887738,99590.99,6.12,both_zigZag_VotingSoft DPS wl11.0 maxL2 dd95_0.003 thres_0.0,1.0,0.0,wf_is_pv3s_v2v,99627.31,6.12,3.98525182475,1.0,zigZag_VotingSoft,-1.0,zigZag_VotingSoft_f92_is18,1.0,0.75,20160730 00:06:27 EDT
2016-08-01 00:00:00,-0.000314253399214,0.0,0.00323029141235,0.0,99584.54,40.39,both_zigZag_PCA10_VotingSoft DPS wl12.0 maxL2 dd95_0.003 thres_0.0,1.0,0.0,wf_is_pv2e_p2p,99586.53,40.39,0.0,1.0,zigZag_PCA10_VotingSoft,1.0,zigZag_PCA10_f10_is24,1.0,0.75,20160801 20:57:56 EDT
2016-08-02 00:00:00,0.000307276425104,0.000814136045849,0.00336219390073,2.0,99622.93,38.39,both_zigZag_PCA10_VotingSoft DPS wl13.0 maxL2 dd95_0.003 thres_0.0,2.0,0.0,wf_is_pv2e_p2p,99626.92,40.39,0.0,1.0,zigZag_PCA10_VotingSoft,1.0,zigZag_PCA10_f10_is24,1.0,0.75,20160802 21:32:04 EDT
2016-08-03 00:00:00,-0.0010245486906,0.0,0.00348911350395,2.0,99499.77,-123.16,both_zigZag_PCA10_VotingSoft DPS wl14.0 maxL2 dd95_0.003 thres_0.0,1.0,0.0,wf_is_pv2e_p2p,99566.34,-60.58,0.0,1.0,zigZag_PCA10_VotingSoft,1.0,zigZag_PCA10_f10_is24,1.0,0.75,20160803 23:24:30 EDT
2016-08-04 00:00:00,-0.00672983510036,0.0,0.00361157559257,0.0,99751.13,10.11,both_zigZag_VotingSoft DPS wl15.0 maxL2 dd95_0.004 thres_0.0,1.0,0.0,wf_is_pv2e_p2p,99803.81,10.12,0.0,1.0,zigZag_VotingSoft,-1.0,zigZag_VotingSoft_f89_is24,1.0,0.75,20160804 21:11:05 EDT
2016-08-05 00:00:00,-0.000839290200105,0.0,0.00131876094679,3.99085480694,99767.38,-14.11,both_zigZag_VotingSoft DPS wl2.0 maxL2 dd95_0.001 thres_0.0,1.0,0.0,wf_is_pv2e_p2p,99789.7,-14.11,3.99174751639,1.0,zigZag_VotingSoft,1.0,zigZag_VotingSoft_f91_is15,1.0,0.75,20160805 23:46:53 EDT
2016-08-08 00:00:00,0.00023668663709,6e-05,0.00161514570617,8.01105062026,100130.12,52.88,both_gainAhead_PCA10_GNBayes DPS wl3.0 maxL2 dd95_0.002 thres_0.0,2.0,0.0,wf_is_short,100097.54,26.44,4.00406178035,1.0,gainAhead_PCA10_GNBayes,1.0,gainAhead_PCA10_f10_is4,1.0,0.75,20160808 21:35:58 EDT
2016-08-09 00:00:00,0.0010110718234,5.464581643e-05,0.00186500961648,0.0,100170.75,40.63,both_gainAhead_PCA10_GNBayes DPS wl4.0 maxL2 dd95_0.002 thres_0.0,2.0,0.0,wf_is_short,100117.85,20.31,0.0,1.0,gainAhead_PCA10_GNBayes,1.0,gainAhead_PCA10_f10_is5,1.0,0.75,20160809 21:52:56 EDT
2016-08-10 00:00:00,0.00195151652238,4e-05,0.00208514414057,8.02016195538,100244.0,73.25,both_gainAhead_PCA10_GNBayes DPS wl5.0 maxL2 dd95_0.002 thres_0.0,2.0,0.0,wf_is_short,100154.46,36.61,4.00633863043,1.0,gainAhead_PCA10_GNBayes,-1.0,gainAhead_PCA10_f10_is6,1.0,0.75,20160810 23:59:18 EDT
2016-08-11 00:00:00,-0.000395851353119,0.0,0.00131876094679,6.0150096,100244.14,-6.02,both_gainAhead_PCA10_GNBayes DPS wl2.0 maxL2 dd95_0.001 thres_0.0,1.0,0.0,wf_is_short,100150.45,-4.01,4.0061784,1.0,gainAhead_PCA10_GNBayes,1.0,gainAhead_PCA10_f10_is7,1.0,0.75,20160811 21:36:15 EDT
2016-08-12 00:00:00,-0.00193987345911,0.0,0.00161514570617,0.0,100207.5,-30.49,both_gainAhead_PCA10_GNBayes DPS wl3.0 maxL2 dd95_0.002 thres_0.0,1.0,0.0,wf_is_short,100119.99,-30.46,0.0,1.0,gainAhead_PCA10_GNBayes,1.0,gainAhead_PCA10_f10_is8,1.0,0.75,20160813 00:35:27 EDT
2016-08-15 00:00:00,-0.000447366764633,0.0,0.00186500961648,0.0,100227.82,20.32,both_gainAhead_PCA10_GNBayes DPS wl4.0 maxL2 dd95_0.002 thres_0.0,1.0,0.0,wf_is_short,100140.3,20.31,0.0,1.0,gainAhead_PCA10_GNBayes,1.0,gainAhead_PCA10_f10_is9,1.0,0.75,20160815 21:36:55 EDT
2016-08-16 00:00:00,-0.00058499707879,0.0,0.00208514414057,4.00951928006,100233.97,6.15,both_gainAhead_PCA10_GNBayes DPS wl5.0 maxL2 dd95_0.002 thres_0.0,1.0,0.0,wf_is_short,100146.45,6.15,4.00601812511,1.0,gainAhead_PCA10_GNBayes,-1.0,gainAhead_PCA10_f10_is10,1.0,0.75,20160816 21:27:33 EDT
2016-08-17 00:00:00,0.000275741580635,0.000253741191465,0.00228416096288,2.00520908877,100258.45,18.32,both_gainAhead_PCA10_GNBayes DPS wl6.0 maxL2 dd95_0.002 thres_0.0,2.0,0.0,wf_is_short,100166.76,20.31,0.0,1.0,gainAhead_PCA10_GNBayes,-1.0,gainAhead_PCA10_f10_is11,1.0,0.75,20160817 23:08:22 EDT
2016-08-18 00:00:00,-0.000990648978405,0.0,0.00246717581898,0.0,100534.29,10.19,both_gainAhead_PCA10_VotingSoft DPS wl7.0 maxL2 dd95_0.002 thres_0.0,1.0,0.0,wf_is_pv2e_p2p,100489.14,10.19,0.0,1.0,gainAhead_PCA10_VotingSoft,1.0,gainAhead_PCA10_f10_is34,1.0,0.75,20160818 21:11:59 EDT
2016-08-19 00:00:00,-0.000656977224234,0.0,0.00263752189358,0.0,100554.66,10.19,both_gainAhead_PCA10_VotingSoft DPS wl8.0 maxL2 dd95_0.003 thres_0.0,1.0,0.0,wf_is_pv2e_p2p,100499.33,10.19,0.0,1.0,gainAhead_PCA10_VotingSoft,1.0,gainAhead_PCA10_f10_is34,1.0,0.75,20160820 01:23:11 EDT
2016-08-22 00:00:00,-0.000689026866407,0.0,0.00279751442472,4.0209631073,100520.06,-34.6,both_gainAhead_PCA10_VotingSoft DPS wl9.0 maxL2 dd95_0.003 thres_0.0,1.0,0.0,wf_is_pv2e_p2p,100464.75,-34.58,4.01875058041,1.0,gainAhead_PCA10_VotingSoft,-1.0,gainAhead_PCA10_f10_is15,1.0,0.75,20160823 00:19:25 EDT
2016-08-23 00:00:00,-0.00372641740307,0.0,0.0029488391231,4.02120946005,100526.22,-34.61,both_gainAhead_PCA10_VotingSoft DPS wl10.0 maxL2 dd95_0.003 thres_0.0,1.0,0.0,wf_is_pv2e_p2p,100430.17,-34.58,4.01736742927,1.0,gainAhead_PCA10_VotingSoft,1.0,gainAhead_PCA10_f10_is15,1.0,0.75,20160823 21:49:38 EDT
2016-08-24 00:00:00,-0.00357620168622,0.0,0.00309276856414,0.0,100516.03,0.0,both_gainAhead_PCA10_VotingSoft DPS wl11.0 maxL2 dd95_0.003 thres_0.0,1.0,0.0,wf_is_pv2e_p2p,100430.17,0.0,0.0,1.0,gainAhead_PCA10_VotingSoft,1.0,gainAhead_PCA10_f10_is15,1.0,0.75,20160824 23:14:37 EDT
2016-08-25 00:00:00,-0.0037331979504,0.0,0.00323029141235,0.0,100475.27,-10.19,both_gainAhead_PCA10_VotingSoft DPS wl12.0 maxL2 dd95_0.003 thres_0.0,1.0,0.0,wf_is_pv2e_p2p,100419.99,-10.18,0.0,1.0,gainAhead_PCA10_VotingSoft,1.0,gainAhead_PCA10_f10_is34,1.0,0.75,20160825 21:56:38 EDT
2016-08-26 00:00:00,-0.00389463486565,0.0,0.00336219390073,0.0,100479.29,-10.19,both_gainAhead_PCA10_VotingSoft DPS wl13.0 maxL2 dd95_0.003 thres_0.0,1.0,0.0,wf_is_pv2e_p2p,100409.81,-10.18,0.0,1.0,gainAhead_PCA10_VotingSoft,1.0,gainAhead_PCA10_f10_is34,1.0,0.75,20160827 00:37:29 EDT
2016-08-29 00:00:00,-0.00166073013516,0.0,0.00348911350395,4.01697367309,100420.32,-34.58,both_gainAhead_PCA10_VotingSoft DPS wl14.0 maxL2 dd95_0.003 thres_0.0,1.0,0.0,wf_is_pv2e_p2p,100375.25,-34.56,4.01517062174,1.0,gainAhead_PCA10_VotingSoft,-1.0,gainAhead_PCA10_f10_is15,1.0,0.75,20160829 23:45:49 EDT
2016-08-30 00:00:00,-0.00255484427596,0.0,0.00361157559257,0.0,100175.39,20.32,both_gainAhead_PCA10_GNBayes DPS wl15.0 maxL2 dd95_0.004 thres_0.0,1.0,0.0,wf_is_short,100136.56,20.31,0.0,1.0,gainAhead_PCA10_GNBayes,1.0,gainAhead_PCA10_f10_is20,1.0,0.75,20160830 21:40:28 EDT
2016-08-31 00:00:00,-0.00578443816325,0.0,0.00348911350395,4.01803529135,100446.86,-14.21,both_gainAhead_PCA10_VotingSoft DPS wl14.0 maxL2 dd95_0.003 thres_0.0,1.0,0.0,wf_is_pv2e_p2p,100340.7,-14.19,4.01378852206,1.0,gainAhead_PCA10_VotingSoft,1.0,gainAhead_PCA10_f10_is15,1.0,0.75,20160831 23:05:13 EDT
2016-09-01 00:00:00,-0.00573485416531,0.0,0.00361157559257,4.01624454593,100402.1,-24.38,both_gainAhead_PCA10_VotingSoft DPS wl15.0 maxL2 dd95_0.004 thres_0.0,1.0,0.0,wf_is_pv2e_p2p,100316.34,-24.36,4.01281404178,1.0,gainAhead_PCA10_VotingSoft,-1.0,gainAhead_PCA10_f10_is15,1.0,0.75,20160901 21:58:05 EDT
2016-09-02 00:00:00,-0.00526378907711,0.0,0.00373001923296,0.0,100428.65,20.37,both_gainAhead_PCA10_VotingSoft DPS wl16.0 maxL2 dd95_0.004 thres_0.0,1.0,0.0,wf_is_pv2e_p2p,100336.69,20.35,0.0,1.0,gainAhead_PCA10_VotingSoft,-1.0,gainAhead_PCA10_f10_is15,1.0,0.75,20160902 23:36:07 EDT
