dates,CAR25,dd95,ddTol,dpsCommission,dpsNetEquity,dpsNetPNL,dpsRunName,dpsSafef,gainAhead,is_period,netEquity,netPNL,nodpsComm,nodpsSafef,signalType,signals,v4.4_system,safef,mrThreshold,timestamp
2016-06-29,0.0020807553075,5.1e-05,0.00161514570617,0.0,102377.98,73.57,both_zigZag_PCA10_VotingSoft DPS wl3.0 maxL2 dd95_0.002 thres_0.0,2.0,0.00119817876827,wf_is_pv3s_v2v,101809.5,36.6,0.0,1.0,zigZag_PCA10_VotingSoft,1.0,zigZag_PCA10_f10_is24,1.0,,
2016-06-30,0.00573570840376,5.99994600036e-05,0.00186500961648,0.0,102623.31,245.33,both_zigZag_PCA10_VotingSoft DPS wl4.0 maxL2 dd95_0.002 thres_0.0,2.0,0.0,wf_is_pv3s_v2v,101931.49,121.99,0.0,1.0,zigZag_PCA10_VotingSoft,1.0,zigZag_PCA10_f10_is24,1.0,1.0,20160701 00:10:02 EDT
2016-07-01 00:00:00,0.00437099157793,0.000435717062903,0.00208514414057,8.2013239574,102508.35,175.5,both_gainAhead_VotingSoft DPS wl5.0 maxL2 dd95_0.002 thres_0.0,2.0,0.0,wf_is_pv2e_p2p,101933.32,87.34,4.07749570957,1.0,gainAhead_VotingSoft,1.0,gainAhead_VotingSoft_f97_is28,1.0,1.0,20160701 20:33:07 EDT
2016-07-04 00:00:00,0.00223160432451,0.000290701263169,0.00228416096288,8.21147321627,102635.2,126.85,both_gainAhead_VotingSoft DPS wl6.0 maxL2 dd95_0.002 thres_0.0,2.0,0.0,wf_is_pv2e_p2p,101996.39,63.07,4.08001895085,1.0,gainAhead_VotingSoft,-1.0,gainAhead_VotingSoft_f95_is45,1.0,1.0,20160704 20:08:19 EDT
2016-07-05 00:00:00,0.0141844542552,0.001085484135,0.00246717581898,2.05855697847,102925.79,421.26,both_zigZag_PCA10_VotingSoft DPS wl7.0 maxL2 dd95_0.002 thres_0.0,2.0,0.0,wf_is_pv3s_v2v,102327.94,420.85,0.0,1.0,zigZag_PCA10_VotingSoft,1.0,zigZag_PCA10_f10_is43,1.0,1.0,20160705 20:18:53 EDT
2016-07-05 00:00:00,0.0127631382914,0.00113983839308,0.00246717581898,2.05855697847,102925.79,421.26,both_zigZag_PCA10_VotingSoft DPS wl7.0 maxL2 dd95_0.002 thres_0.0,2.0,0.0,wf_is_pv3s_v2v,102327.94,420.85,0.0,1.0,zigZag_PCA10_VotingSoft,1.0,zigZag_PCA10_f10_is43,1.0,1.0,20160705 22:52:04 EDT
2016-07-06 00:00:00,0.0102120356065,0.00101791051381,0.00263752189358,0.0,102864.44,-61.35,both_zigZag_PCA10_VotingSoft DPS wl8.0 maxL2 dd95_0.003 thres_0.0,2.0,0.0,wf_is_pv3s_v2v,102297.44,-30.5,0.0,1.0,zigZag_PCA10_VotingSoft,1.0,zigZag_PCA10_f10_is43,1.0,1.0,20160706 21:04:07 EDT
2016-07-07 00:00:00,-0.000718309536818,0.0,0.00279751442472,2.04502132504,102249.02,-185.27,both_zigZag_PCA10_VotingSoft DPS wl9.0 maxL2 dd95_0.003 thres_0.0,1.0,0.0,wf_is_pv3s_v2v,102205.95,-91.49,0.0,1.0,zigZag_PCA10_VotingSoft,1.0,zigZag_PCA10_f10_is24,1.0,1.0,20160707 21:25:20 EDT
2016-07-08 00:00:00,0.0023516486753,0.00212744251456,0.0029488391231,0.0,103373.47,270.72,both_zigZag_PCA10_VotingSoft DPS wl10.0 maxL2 dd95_0.003 thres_0.0,2.0,0.0,wf_is_pv3s_v2v,102340.13,134.18,0.0,1.0,zigZag_PCA10_VotingSoft,1.0,zigZag_PCA10_f10_is43,1.0,1.0,20160708 20:36:07 EDT
2016-07-11 00:00:00,-0.000710334700371,0.0,0.00309276856414,2.06229425757,103112.65,-260.82,both_zigZag_PCA10_VotingSoft DPS wl11.0 maxL2 dd95_0.003 thres_0.0,1.0,0.0,wf_is_pv3s_v2v,102212.04,-128.09,0.0,1.0,zigZag_PCA10_VotingSoft,1.0,zigZag_PCA10_f10_is43,1.0,1.0,20160711 20:44:02 EDT
2016-07-12 00:00:00,0.0193417411165,0.00409184328719,0.00323029141235,6.15946162417,102651.53,560.4,both_gainAhead_VotingSoft DPS wl12.0 maxL2 dd95_0.003 thres_0.0,2.0,0.0,wf_is_pv2e_p2p,102441.52,561.3,4.0978245309,1.0,gainAhead_VotingSoft,1.0,gainAhead_VotingSoft_f97_is28,1.0,1.0,20160712 20:46:44 EDT
2016-07-13 00:00:00,0.0155086010649,0.0001,0.00131876094679,0.0,103439.97,788.44,both_gainAhead_VotingSoft DPS wl2.0 maxL2 dd95_0.001 thres_0.0,2.0,0.0,wf_is_pv2e_p2p,102834.93,393.41,0.0,1.0,gainAhead_VotingSoft,1.0,gainAhead_VotingSoft_f92_is17,1.0,1.0,20160713 21:08:00 EDT
2016-07-14 00:00:00,-0.0104676263937,0.0,0.00114208048144,2.05346488356,102671.19,-768.78,both_gainAhead_VotingSoft DPS wl1.5 maxL2 dd95_0.001 thres_0.0,1.0,0.0,wf_is_pv2e_p2p,102453.81,-381.12,0.0,1.0,gainAhead_VotingSoft,1.0,gainAhead_VotingSoft_f92_is17,1.0,1.0,20160714 20:31:52 EDT
2016-07-15 00:00:00,0.00999430110711,0.0,0.00114208048144,0.0,101005.73,733.97,both_sellHold DPS wl1.5 maxL2 dd95_0.001 thres_0.0,2.0,0.0,wf_is_pv2e_p2p,101032.26,368.42,0.0,1.0,sellHold,-1.0,sellHold,1.0,1.0,20160715 20:56:58 EDT
2016-07-18 00:00:00,-0.00264927234555,0.0,0.00131876094679,2.01281561915,100638.77,-366.96,both_sellHold DPS wl2.0 maxL2 dd95_0.001 thres_0.0,1.0,0.0,wf_is_pv2e_p2p,100849.74,-182.52,0.0,1.0,sellHold,-1.0,sellHold,1.0,1.0,20160718 20:54:27 EDT
2016-07-19 00:00:00,-0.00760772799113,0.0,0.00161514570617,0.0,100560.13,-78.64,both_sellHold DPS wl3.0 maxL2 dd95_0.002 thres_0.0,1.0,0.0,wf_is_pv2e_p2p,100770.93,-78.81,0.0,1.0,sellHold,-1.0,sellHold,1.0,1.0,20160719 20:55:53 EDT
2016-07-20 00:00:00,-0.00411248825695,0.0,0.00186500961648,0.0,100662.81,102.68,both_sellHold DPS wl4.0 maxL2 dd95_0.002 thres_0.0,1.0,0.0,wf_is_pv2e_p2p,100873.83,102.9,0.0,1.0,sellHold,-1.0,sellHold,1.0,1.0,20160720 20:51:11 EDT
2016-07-21 00:00:00,0.00082628287652,0.00142317843136,0.00208514414057,2.02619272781,101307.61,89.26,both_sellHold DPS wl5.0 maxL2 dd95_0.002 thres_0.0,2.0,0.0,wf_is_pv2e_p2p,100964.81,90.98,0.0,1.0,sellHold,-1.0,sellHold,1.0,1.0,20160721 21:10:46 EDT
2016-07-22 00:00:00,0.00435907420684,0.00117563854476,0.00228416096288,0.0,101547.42,243.86,both_gainAhead_PCA10_VotingSoft DPS wl6.0 maxL2 dd95_0.002 thres_0.0,2.0,0.0,wf_is_pv3s_v2v,101082.29,121.52,0.0,1.0,gainAhead_PCA10_VotingSoft,1.0,gainAhead_PCA10_f10_is24,1.0,1.0,20160722 21:40:08 EDT
2016-07-25 00:00:00,0.00366188232741,0.000912628632683,0.00246717581898,8.10345715535,101285.11,416.3,both_gainAhead_PCA10_VotingSoft DPS wl7.0 maxL2 dd95_0.002 thres_0.0,2.0,0.0,wf_is_pv3s_v2v,101290.89,208.6,4.05179765313,1.0,gainAhead_PCA10_VotingSoft,-1.0,gainAhead_PCA10_f10_is37,1.0,1.0,20160725 21:14:51 EDT
2016-07-26 00:00:00,0.0149926689142,3.999982e-05,0.00228416096288,0.0,102247.86,281.34,both_gainAhead_PCA10_VotingSoft DPS wl6.0 maxL2 dd95_0.002 thres_0.0,2.0,0.0,wf_is_pv3s_v2v,101430.63,139.74,0.0,1.0,gainAhead_PCA10_VotingSoft,-1.0,gainAhead_PCA10_f10_is24,1.0,1.0,20160726 21:01:29 EDT
2016-07-27 00:00:00,0.0188123189379,0.00204977174013,0.00246717581898,2.02235556211,101115.76,523.63,both_gainAhead_GNBayes DPS wl7.0 maxL2 dd95_0.002 thres_0.0,2.0,0.0,wf_is_short,100954.69,524.8,0.0,1.0,gainAhead_GNBayes,1.0,gainAhead_GNBayes_f86_is13,1.0,1.0,20160727 21:52:56 EDT
2016-07-28 00:00:00,0.0111254400981,0.00186898983134,0.00263752189358,0.0,101054.7,60.35,both_gainAhead_GNBayes DPS wl8.0 maxL2 dd95_0.003 thres_0.0,2.0,0.0,wf_is_short,100984.85,30.16,0.0,1.0,gainAhead_GNBayes,1.0,gainAhead_GNBayes_f86_is14,1.0,1.0,20160728 20:51:24 EDT
2016-07-29 00:00:00,0.0149705465007,0.000622724677925,0.00208514414057,8.13277354414,101651.54,475.36,both_gainAhead_GNBayes DPS wl5.0 maxL2 dd95_0.002 thres_0.0,2.0,0.0,wf_is_short,101222.09,237.24,4.04904549991,1.0,gainAhead_GNBayes,-1.0,gainAhead_GNBayes_f86_is10,1.0,1.0,20160729 23:54:33 EDT
2016-08-01 00:00:00,0.00401230754419,5.9998800008e-05,0.00161514570617,0.0,102087.68,436.14,both_gainAhead_GNBayes DPS wl3.0 maxL2 dd95_0.002 thres_0.0,2.0,0.0,wf_is_short,101439.24,217.15,0.0,1.0,gainAhead_GNBayes,-1.0,gainAhead_GNBayes_f86_is11,1.0,1.0,20160801 21:03:45 EDT
2016-08-02 00:00:00,0.0140886929938,0.0,0.00114208048144,0.0,103136.3,1048.62,both_gainAhead_GNBayes DPS wl1.5 maxL2 dd95_0.001 thres_0.0,2.0,0.0,wf_is_short,101960.22,520.98,0.0,1.0,gainAhead_GNBayes,-1.0,gainAhead_GNBayes_f86_is12,1.0,1.0,20160802 21:35:09 EDT
2016-08-03 00:00:00,-0.00158406264916,0.0,0.00131876094679,2.06148779483,103072.33,-63.97,both_gainAhead_GNBayes DPS wl2.0 maxL2 dd95_0.001 thres_0.0,1.0,0.0,wf_is_short,101929.62,-30.6,0.0,1.0,gainAhead_GNBayes,-1.0,gainAhead_GNBayes_f86_is13,1.0,1.0,20160803 22:52:55 EDT
2016-08-04 00:00:00,0.0162245026758,7.09994600035e-05,0.00161514570617,0.0,101492.28,1144.15,both_zigZag_VotingSoft DPS wl3.0 maxL2 dd95_0.002 thres_0.0,2.0,0.0,wf_is_pv2e_p2p,100889.92,571.9,0.0,1.0,zigZag_VotingSoft,1.0,zigZag_VotingSoft_f92_is17,1.0,1.0,20160804 20:46:06 EDT
2016-08-05 00:00:00,-0.0113631446079,0.0,0.00131876094679,2.01918706352,100957.33,-534.95,both_zigZag_VotingSoft DPS wl2.0 maxL2 dd95_0.001 thres_0.0,1.0,0.0,wf_is_pv2e_p2p,100625.04,-264.88,0.0,1.0,zigZag_VotingSoft,1.0,zigZag_VotingSoft_f92_is17,1.0,1.0,20160805 23:27:08 EDT
2016-08-08 00:00:00,0.000501232955386,0.00046978902836,0.00161514570617,0.0,100989.2,-60.45,both_gainAhead_VotingSoft DPS wl3.0 maxL2 dd95_0.002 thres_0.0,2.0,0.0,wf_is_pv2e_p2p,100759.6,-30.15,0.0,1.0,gainAhead_VotingSoft,1.0,gainAhead_VotingSoft_f92_is17,1.0,1.0,20160808 21:34:57 EDT
2016-08-09 00:00:00,0.00725814541012,0.000528611892635,0.00186500961648,2.023853192,101190.64,203.46,both_gainAhead_VotingSoft DPS wl4.0 maxL2 dd95_0.002 thres_0.0,2.0,0.0,wf_is_pv2e_p2p,100964.62,205.02,0.0,1.0,gainAhead_VotingSoft,1.0,gainAhead_VotingSoft_f92_is17,1.0,1.0,20160809 21:35:11 EDT
2016-08-10 00:00:00,0.0150197568082,0.000299280923871,0.00208514414057,0.0,101884.64,484.47,both_gainAhead_VotingSoft DPS wl5.0 maxL2 dd95_0.002 thres_0.0,2.0,0.0,wf_is_pv2e_p2p,101205.82,241.2,0.0,1.0,gainAhead_VotingSoft,1.0,gainAhead_VotingSoft_f92_is17,1.0,1.0,20160810 23:33:31 EDT
2016-08-11 00:00:00,0.00272157960128,0.00240790497423,0.00228416096288,0.0,101456.03,-218.08,both_gainAhead_VotingSoft DPS wl6.0 maxL2 dd95_0.002 thres_0.0,2.0,0.0,wf_is_pv2e_p2p,101097.28,-108.54,0.0,1.0,gainAhead_VotingSoft,1.0,gainAhead_VotingSoft_f92_is17,1.0,1.0,20160811 21:12:52 EDT
2016-08-12 00:00:00,0.00458623473107,0.00162938693117,0.00246717581898,0.0,101601.26,145.23,both_gainAhead_VotingSoft DPS wl7.0 maxL2 dd95_0.002 thres_0.0,2.0,0.0,wf_is_pv2e_p2p,101169.64,72.36,0.0,1.0,gainAhead_VotingSoft,1.0,gainAhead_VotingSoft_f92_is17,1.0,1.0,20160813 00:13:33 EDT
2016-08-15 00:00:00,0.0018485546081,0.00233627528581,0.00263752189358,2.02156011844,101075.98,322.25,both_zigZag_PCA10_VotingSoft DPS wl8.0 maxL2 dd95_0.003 thres_0.0,2.0,0.0,wf_is_pv2e_p2p,100887.9,323.67,0.0,1.0,zigZag_PCA10_VotingSoft,-1.0,zigZag_PCA10_f10_is17,1.0,1.0,20160815 21:40:32 EDT
2016-08-16 00:00:00,0.0191330382441,0.0,0.00279751442472,0.0,101533.2,651.47,both_gainAhead_GNBayes DPS wl9.0 maxL2 dd95_0.003 thres_0.0,2.0,0.0,wf_is_short,100815.75,324.48,0.0,1.0,gainAhead_GNBayes,-1.0,gainAhead_GNBayes_f86_is22,1.0,1.0,20160816 21:20:30 EDT
2016-08-17 00:00:00,-0.0129820027354,0.0,0.00186500961648,4.19035548494,104754.7,-161.53,both_gainAhead_VotingSoft DPS wl4.0 maxL2 dd95_0.002 thres_0.0,1.0,0.0,wf_is_pv2e_p2p,103211.16,-159.15,4.1286114216,1.0,gainAhead_VotingSoft,1.0,gainAhead_VotingSoft_f92_is17,1.0,1.0,20160817 22:47:20 EDT
2016-08-18 00:00:00,0.00356887815502,0.00305930112525,0.00208514414057,2.10265945653,105130.87,318.08,both_gainAhead_VotingSoft DPS wl5.0 maxL2 dd95_0.002 thres_0.0,2.0,0.0,wf_is_pv2e_p2p,103526.45,315.29,0.0,1.0,gainAhead_VotingSoft,1.0,gainAhead_VotingSoft_f92_is17,1.0,1.0,20160818 21:15:59 EDT
2016-08-19 00:00:00,-0.0168365944339,0.0,0.00228416096288,2.09787546103,104891.68,-619.56,both_gainAhead_VotingSoft DPS wl6.0 maxL2 dd95_0.002 thres_0.0,1.0,0.0,wf_is_pv2e_p2p,103223.52,-302.93,0.0,1.0,gainAhead_VotingSoft,1.0,gainAhead_VotingSoft_f92_is17,1.0,1.0,20160820 00:51:44 EDT
2016-08-22 00:00:00,-0.000679868746878,0.0,0.00246717581898,0.0,105007.2,332.26,both_gainAhead_VotingSoft DPS wl7.0 maxL2 dd95_0.002 thres_0.0,1.0,0.0,wf_is_pv2e_p2p,103551.17,327.65,0.0,1.0,gainAhead_VotingSoft,1.0,gainAhead_VotingSoft_f92_is17,1.0,1.0,20160823 00:29:41 EDT
2016-08-23 00:00:00,0.000101482850701,0.00473094240353,0.00263752189358,2.10662850294,105329.32,104.69,both_gainAhead_VotingSoft DPS wl8.0 maxL2 dd95_0.003 thres_0.0,2.0,0.0,wf_is_pv2e_p2p,103656.27,105.1,0.0,1.0,gainAhead_VotingSoft,1.0,gainAhead_VotingSoft_f92_is17,1.0,1.0,20160823 21:09:11 EDT
2016-08-24 00:00:00,4.51273310942e-05,0.00227105651843,0.00208514414057,0.0,105523.66,-138.64,both_gainAhead_VotingSoft DPS wl5.0 maxL2 dd95_0.002 thres_0.0,2.0,0.0,wf_is_pv2e_p2p,103588.27,-68.0,0.0,1.0,gainAhead_VotingSoft,1.0,gainAhead_VotingSoft_f92_is17,1.0,1.0,20160824 22:50:27 EDT
2016-08-25 00:00:00,-0.00305676723154,0.0,0.00228416096288,2.10996894509,105496.34,-115.56,both_gainAhead_VotingSoft DPS wl6.0 maxL2 dd95_0.002 thres_0.0,1.0,0.0,wf_is_pv2e_p2p,103532.63,-55.64,0.0,1.0,gainAhead_VotingSoft,1.0,gainAhead_VotingSoft_f92_is17,1.0,1.0,20160825 21:57:18 EDT
2016-08-26 00:00:00,0.00188995787187,0.00187098493129,0.00246717581898,2.07271131677,103633.49,140.06,both_gainAhead_VotingSoft DPS wl7.0 maxL2 dd95_0.002 thres_0.0,2.0,0.0,wf_is_pv2e_p2p,103674.82,142.19,0.0,1.0,gainAhead_VotingSoft,1.0,gainAhead_VotingSoft_f92_is17,1.0,1.0,20160827 00:23:15 EDT
2016-08-29 00:00:00,-0.000975794258029,0.0,0.00263752189358,2.07560980341,103778.41,-163.23,both_gainAhead_VotingSoft DPS wl8.0 maxL2 dd95_0.003 thres_0.0,1.0,0.0,wf_is_pv2e_p2p,103594.45,-80.37,0.0,1.0,gainAhead_VotingSoft,1.0,gainAhead_VotingSoft_f92_is17,1.0,1.0,20160829 23:20:29 EDT
2016-08-30 00:00:00,0.00026860065605,0.00214416071245,0.00279751442472,2.1060527933,105300.53,98.34,both_gainAhead_VotingSoft DPS wl9.0 maxL2 dd95_0.003 thres_0.0,2.0,0.0,wf_is_pv2e_p2p,103693.36,98.91,0.0,1.0,gainAhead_VotingSoft,1.0,gainAhead_VotingSoft_f92_is17,1.0,1.0,20160830 21:44:01 EDT
2016-08-31 00:00:00,-0.00867104936545,0.0,0.0029488391231,0.0,103640.29,-216.72,both_gainAhead_VotingSoft DPS wl10.0 maxL2 dd95_0.003 thres_0.0,1.0,0.0,wf_is_pv2e_p2p,103476.98,-216.38,0.0,1.0,gainAhead_VotingSoft,1.0,gainAhead_VotingSoft_f92_is17,1.0,1.0,20160831 23:15:26 EDT
2016-09-01 00:00:00,-0.00898172965316,0.0,0.00309276856414,0.0,104805.63,0.0,both_gainAhead_VotingSoft DPS wl11.0 maxL2 dd95_0.003 thres_0.0,1.0,0.0,wf_is_pv2e_p2p,103476.98,0.0,0.0,1.0,gainAhead_VotingSoft,1.0,gainAhead_VotingSoft_f92_is17,1.0,1.0,20160901 21:14:34 EDT
2016-09-02 00:00:00,-0.0162418838533,0.0,0.00323029141235,0.0,103339.16,-259.96,both_gainAhead_VotingSoft DPS wl12.0 maxL2 dd95_0.003 thres_0.0,1.0,0.0,wf_is_pv2e_p2p,103217.33,-259.65,0.0,1.0,gainAhead_VotingSoft,1.0,gainAhead_VotingSoft_f92_is17,1.0,1.0,20160902 23:27:03 EDT
2016-09-05 00:00:00,-0.0043770195342,0.0,0.00336219390073,0.0,104446.67,187.34,both_gainAhead_VotingSoft DPS wl13.0 maxL2 dd95_0.003 thres_0.0,1.0,0.0,wf_is_pv2e_p2p,103402.79,185.46,0.0,1.0,gainAhead_VotingSoft,1.0,gainAhead_VotingSoft_f92_is17,1.0,1.0,20160905 21:36:11 EDT
2016-09-06 00:00:00,-0.00624130658575,0.0,0.00348911350395,4.22727539767,105677.66,481.61,both_gainAhead_VotingSoft DPS wl14.0 maxL2 dd95_0.003 thres_0.0,1.0,0.0,wf_is_pv2e_p2p,103876.19,473.4,4.15521371969,1.0,gainAhead_VotingSoft,-1.0,gainAhead_VotingSoft_f92_is17,1.0,1.0,20160906 21:53:10 EDT
2016-09-07 00:00:00,-0.0128753522626,0.0,0.00361157559257,4.20454925575,105109.53,-157.02,both_gainAhead_VotingSoft DPS wl15.0 maxL2 dd95_0.004 thres_0.0,1.0,0.0,wf_is_pv2e_p2p,103721.24,-154.95,4.14901559284,1.0,gainAhead_VotingSoft,1.0,gainAhead_VotingSoft_f91_is16,1.0,1.0,20160907 22:46:52 EDT
2016-09-08 00:00:00,-0.00661437596221,0.0,0.00373001923296,4.180003644,104495.91,-517.96,both_gainAhead_VotingSoft DPS wl16.0 maxL2 dd95_0.004 thres_0.0,1.0,0.0,wf_is_pv2e_p2p,103209.66,-511.58,4.12855141097,1.0,gainAhead_VotingSoft,-1.0,gainAhead_VotingSoft_f91_is16,1.0,1.0,20160908 21:32:10 EDT
2016-09-09 00:00:00,0.0183613986838,0.0,0.00114208048144,2.071200838,103557.97,684.79,both_gainAhead_VotingSoft DPS wl1.5 maxL2 dd95_0.001 thres_0.0,2.0,0.0,wf_is_pv2e_p2p,103898.77,689.11,0.0,1.0,gainAhead_VotingSoft,-1.0,gainAhead_VotingSoft_f91_is16,1.0,1.0,20160909 23:43:12 EDT
