dates,CAR25,dd95,ddTol,dpsCommission,dpsNetEquity,dpsNetPNL,dpsRunName,dpsSafef,gainAhead,is_period,netEquity,netPNL,nodpsComm,nodpsSafef,signalType,signals,v4.4_system,safef,mrThreshold,timestamp
2016-06-29,0.000987764151694,7.09986800176e-05,0.00161514570617,8.00451714306,100048.46,36.61,both_gainAhead_PCA10_GNBayes DPS wl3.0 maxL2 dd95_0.002 thres_0.0,2.0,4.46189541317e-05,wf_is_short,100030.16,18.31,4.00136628577,1.0,gainAhead_PCA10_GNBayes,1.0,gainAhead_PCA10_f10_is4,1.0,,
2016-06-30,0.000501982664325,4.65364536855e-05,0.00186500961648,8.00459104922,100049.38,0.92,both_gainAhead_PCA10_GNBayes DPS wl4.0 maxL2 dd95_0.002 thres_0.0,2.0,0.0,wf_is_short,100030.62,0.46,4.00138492964,1.0,gainAhead_PCA10_GNBayes,-1.0,gainAhead_PCA10_f10_is5,1.0,1.0,20160701 00:02:32 EDT
2016-07-01 00:00:00,0.000670520967505,5.09993400043e-05,0.00208514414057,0.0,100076.16,26.78,both_gainAhead_PCA10_GNBayes DPS wl5.0 maxL2 dd95_0.002 thres_0.0,2.0,0.0,wf_is_short,100044.01,13.39,0.0,1.0,gainAhead_PCA10_GNBayes,-1.0,gainAhead_PCA10_f10_is6,1.0,1.0,20160701 20:35:44 EDT
2016-07-04 00:00:00,-1.03301980858e-05,0.0,0.00228416096288,0.0,100059.38,31.24,both_gainAhead_GNBayes DPS wl6.0 maxL2 dd95_0.002 thres_0.0,1.0,0.0,wf_is_short,100043.55,31.24,0.0,1.0,gainAhead_GNBayes,1.0,gainAhead_GNBayes_f86_is7,1.0,1.0,20160704 20:09:29 EDT
2016-07-05 00:00:00,0.00102973985829,0.000215267307037,0.00246717581898,0.0,100093.54,53.55,both_gainAhead_GNBayes DPS wl7.0 maxL2 dd95_0.002 thres_0.0,2.0,0.0,wf_is_short,100070.33,26.78,0.0,1.0,gainAhead_GNBayes,1.0,gainAhead_GNBayes_f86_is8,1.0,1.0,20160705 20:20:07 EDT
2016-07-05 00:00:00,0.000674581341564,0.000274561778014,0.00246717581898,2.00172322589,100084.16,24.78,both_gainAhead_GNBayes DPS wl7.0 maxL2 dd95_0.002 thres_0.0,2.0,0.0,wf_is_short,100070.33,26.78,0.0,1.0,gainAhead_GNBayes,1.0,gainAhead_GNBayes_f86_is8,1.0,1.0,20160705 22:52:14 EDT
2016-07-06 00:00:00,0.000496369659575,0.00025011938826,0.00263752189358,0.0,100084.16,0.0,both_gainAhead_GNBayes DPS wl8.0 maxL2 dd95_0.003 thres_0.0,2.0,0.0,wf_is_short,100070.33,0.0,0.0,1.0,gainAhead_GNBayes,1.0,gainAhead_GNBayes_f86_is9,1.0,1.0,20160706 21:11:09 EDT
2016-07-07 00:00:00,0.000371214297212,0.000239676963161,0.00279751442472,8.00744695357,100085.08,0.92,both_gainAhead_GNBayes DPS wl9.0 maxL2 dd95_0.003 thres_0.0,2.0,0.0,wf_is_short,100070.79,0.46,4.00299171372,1.0,gainAhead_GNBayes,-1.0,gainAhead_GNBayes_f86_is10,1.0,1.0,20160707 21:27:28 EDT
2016-07-08 00:00:00,0.000312067376895,0.000292624886569,0.0029488391231,2.00073182751,100034.59,15.84,both_buyHold DPS wl10.0 maxL2 dd95_0.003 thres_0.0,2.0,0.0,wf_is_short,100064.93,17.85,0.0,1.0,buyHold,1.0,buyHold,1.0,1.0,20160708 20:36:17 EDT
2016-07-11 00:00:00,0.00014656454701,0.000246964836237,0.00309276856414,0.0,100061.35,8.92,both_buyHold DPS wl11.0 maxL2 dd95_0.003 thres_0.0,2.0,0.0,wf_is_short,100069.39,4.46,0.0,1.0,buyHold,1.0,buyHold,1.0,1.0,20160711 20:43:11 EDT
2016-07-12 00:00:00,0.000765712605788,0.000381556975201,0.00323029141235,2.0015444585,100075.22,33.68,both_gainAhead_GNBayes DPS wl12.0 maxL2 dd95_0.003 thres_0.0,2.0,0.0,wf_is_short,100069.84,35.68,0.0,1.0,gainAhead_GNBayes,-1.0,gainAhead_GNBayes_f86_is13,1.0,1.0,20160712 20:49:20 EDT
2016-07-13 00:00:00,-0.00016666986119,0.0,0.00114208048144,4.0020176,100046.44,-4.0,both_gainAhead_GNBayes DPS wl1.5 maxL2 dd95_0.001 thres_0.0,1.0,0.0,wf_is_short,100065.84,-4.0,4.0027936,1.0,gainAhead_GNBayes,1.0,gainAhead_GNBayes_f86_is14,1.0,1.0,20160713 21:33:35 EDT
2016-07-14 00:00:00,-0.00171770312949,0.0,0.00131876094679,0.0,100011.21,-31.23,both_gainAhead_GNBayes DPS wl2.0 maxL2 dd95_0.001 thres_0.0,1.0,0.0,wf_is_short,100034.6,-31.24,0.0,1.0,gainAhead_GNBayes,1.0,gainAhead_GNBayes_f86_is3,1.0,1.0,20160714 20:40:27 EDT
2016-07-15 00:00:00,0.00060928224026,7.09986800176e-05,0.00161514570617,0.0,100091.69,26.79,both_sellHold DPS wl3.0 maxL2 dd95_0.002 thres_0.0,2.0,0.0,wf_is_pv2e_p2p,100078.29,13.39,0.0,1.0,sellHold,-1.0,sellHold,1.0,1.0,20160715 20:57:19 EDT
2016-07-18 00:00:00,-0.000188641436472,0.0,0.00186500961648,2.00147650514,100071.82,-19.87,both_sellHold DPS wl4.0 maxL2 dd95_0.002 thres_0.0,1.0,0.0,wf_is_pv2e_p2p,100069.36,-8.93,0.0,1.0,sellHold,-1.0,sellHold,1.0,1.0,20160718 20:53:16 EDT
2016-07-19 00:00:00,7.89369272614e-05,0.000224172780943,0.00208514414057,2.00170429404,100083.21,11.39,both_sellHold DPS wl5.0 maxL2 dd95_0.002 thres_0.0,2.0,0.0,wf_is_pv2e_p2p,100082.75,13.39,0.0,1.0,sellHold,-1.0,sellHold,1.0,1.0,20160719 20:37:59 EDT
2016-07-20 00:00:00,0.000415764698469,0.000153615957386,0.00228416096288,2.00224013151,100110.0,24.79,both_sellHold DPS wl6.0 maxL2 dd95_0.002 thres_0.0,2.0,0.0,wf_is_pv2e_p2p,100109.55,26.8,0.0,1.0,sellHold,-1.0,sellHold,1.0,1.0,20160720 20:30:38 EDT
2016-07-21 00:00:00,0.000693429260479,0.00014924507589,0.00246717581898,0.0,100127.87,17.87,both_sellHold DPS wl7.0 maxL2 dd95_0.002 thres_0.0,2.0,0.0,wf_is_pv2e_p2p,100118.49,8.94,0.0,1.0,sellHold,-1.0,sellHold,1.0,1.0,20160721 21:05:12 EDT
2016-07-22 00:00:00,0.00112254911289,0.000146747610864,0.00263752189358,0.0,100159.63,35.76,both_sellHold DPS wl8.0 maxL2 dd95_0.003 thres_0.0,2.0,0.0,wf_is_pv2e_p2p,100136.37,17.88,0.0,1.0,sellHold,-1.0,sellHold,1.0,1.0,20160722 22:05:44 EDT
2016-07-25 00:00:00,0.000229957662423,0.000133163550555,0.00279751442472,0.0,100163.63,0.0,both_sellHold DPS wl9.0 maxL2 dd95_0.003 thres_0.0,2.0,0.0,wf_is_pv2e_p2p,100136.37,0.0,0.0,1.0,sellHold,-1.0,sellHold,1.0,1.0,20160725 20:51:58 EDT
2016-07-26 00:00:00,0.000592541934874,0.000106772370879,0.0029488391231,0.0,100172.57,8.94,both_sellHold DPS wl10.0 maxL2 dd95_0.003 thres_0.0,2.0,0.0,wf_is_pv2e_p2p,100140.84,4.47,0.0,1.0,sellHold,-1.0,sellHold,1.0,1.0,20160726 20:51:39 EDT
2016-07-27 00:00:00,0.00116349917159,0.000108673655195,0.00309276856414,8.01745814186,100210.21,45.65,both_gainAhead_PCA10_VotingSoft DPS wl11.0 maxL2 dd95_0.003 thres_0.0,2.0,0.0,wf_is_pv3s_v2v,100159.66,22.82,4.00654663842,1.0,gainAhead_PCA10_VotingSoft,-1.0,gainAhead_PCA10_f10_is26,1.0,1.0,20160727 22:17:26 EDT
2016-07-28 00:00:00,0.000329292691514,0.0,0.00114208048144,0.0,100245.99,35.78,both_gainAhead_PCA10_VotingSoft DPS wl1.5 maxL2 dd95_0.001 thres_0.0,2.0,0.0,wf_is_pv3s_v2v,100177.54,17.88,0.0,1.0,gainAhead_PCA10_VotingSoft,-1.0,gainAhead_PCA10_f10_is26,1.0,1.0,20160728 21:01:42 EDT
2016-07-29 00:00:00,-0.00126353582932,0.0,0.00131876094679,2.00448110271,100222.05,-46.77,both_gainAhead_PCA10_VotingSoft DPS wl2.0 maxL2 dd95_0.001 thres_0.0,1.0,0.0,wf_is_pv3s_v2v,100155.18,-22.36,0.0,1.0,gainAhead_PCA10_VotingSoft,-1.0,gainAhead_PCA10_f10_is26,1.0,1.0,20160729 23:44:06 EDT
2016-08-01 00:00:00,-6.98698112589e-05,0.0,0.00161514570617,0.0,100112.86,26.8,both_sellHold DPS wl3.0 maxL2 dd95_0.002 thres_0.0,1.0,0.0,wf_is_pv2e_p2p,100136.35,26.81,0.0,1.0,sellHold,-1.0,sellHold,1.0,1.0,20160801 20:38:35 EDT
2016-08-02 00:00:00,0.00057742905244,0.0,0.00114208048144,2.00333011047,100164.5,24.82,both_sellHold DPS wl1.5 maxL2 dd95_0.001 thres_0.0,2.0,0.0,wf_is_pv2e_p2p,100163.17,26.82,0.0,1.0,sellHold,-1.0,sellHold,1.0,1.0,20160802 21:10:17 EDT
2016-08-03 00:00:00,-0.000416686633242,0.0,0.00131876094679,2.00329,100162.5,-2.0,both_sellHold DPS wl2.0 maxL2 dd95_0.001 thres_0.0,1.0,0.0,wf_is_pv2e_p2p,100163.17,0.0,0.0,1.0,sellHold,-1.0,sellHold,1.0,1.0,20160803 22:52:31 EDT
2016-08-04 00:00:00,-0.00223513420866,0.0,0.00161514570617,0.0,100095.91,-35.77,both_sellHold DPS wl3.0 maxL2 dd95_0.002 thres_0.0,1.0,0.0,wf_is_pv2e_p2p,100127.38,-35.79,0.0,1.0,sellHold,-1.0,sellHold,1.0,1.0,20160804 21:10:35 EDT
2016-08-05 00:00:00,-0.000230667688605,0.0,0.00131876094679,0.0,100131.18,4.47,both_sellHold DPS wl2.0 maxL2 dd95_0.001 thres_0.0,1.0,0.0,wf_is_pv2e_p2p,100131.85,4.47,0.0,1.0,sellHold,-1.0,sellHold,1.0,1.0,20160805 23:33:33 EDT
2016-08-08 00:00:00,-5.62236478596e-05,0.0,0.00161514570617,0.0,100104.84,13.41,both_gainAhead_PCA10_VotingSoft DPS wl3.0 maxL2 dd95_0.002 thres_0.0,1.0,0.0,wf_is_pv3s_v2v,100132.32,13.41,0.0,1.0,gainAhead_PCA10_VotingSoft,1.0,gainAhead_PCA10_f10_is26,1.0,1.0,20160808 21:38:52 EDT
2016-08-09 00:00:00,-0.000144936071678,0.0,0.00186500961648,0.0,100040.67,4.47,both_buyHold DPS wl4.0 maxL2 dd95_0.002 thres_0.0,1.0,0.0,wf_is_short,100047.13,4.47,0.0,1.0,buyHold,1.0,buyHold,1.0,1.0,20160809 21:35:31 EDT
2016-08-10 00:00:00,0.000357765658077,7.78560452725e-05,0.00208514414057,2.00117064026,100056.53,15.86,both_buyHold DPS wl5.0 maxL2 dd95_0.002 thres_0.0,2.0,0.0,wf_is_short,100064.99,17.86,0.0,1.0,buyHold,1.0,buyHold,1.0,1.0,20160810 23:40:41 EDT
2016-08-11 00:00:00,0.000100545802861,8.33105902988e-05,0.00228416096288,0.0,100061.46,8.93,both_gainAhead_PCA10_GNBayes DPS wl6.0 maxL2 dd95_0.002 thres_0.0,2.0,0.0,wf_is_short,100065.46,4.47,0.0,1.0,gainAhead_PCA10_GNBayes,-1.0,gainAhead_PCA10_f10_is7,1.0,1.0,20160811 21:11:29 EDT
2016-08-12 00:00:00,0.000366780651384,9.52143198319e-05,0.00246717581898,8.00634586664,100071.32,9.86,both_gainAhead_PCA10_GNBayes DPS wl7.0 maxL2 dd95_0.002 thres_0.0,2.0,0.0,wf_is_short,100070.39,4.93,4.00297568094,1.0,gainAhead_PCA10_GNBayes,1.0,gainAhead_PCA10_f10_is8,1.0,1.0,20160813 00:28:12 EDT
2016-08-15 00:00:00,0.000171061876109,9.99964052785e-05,0.00131876094679,6.00329968407,100048.99,16.32,both_zigZag_PCA10_VotingSoft DPS wl2.0 maxL2 dd95_0.001 thres_0.0,2.0,0.0,wf_is_pv2e_p2p,100065.92,18.33,4.00279672257,1.0,zigZag_PCA10_VotingSoft,1.0,zigZag_PCA10_f10_is17,1.0,1.0,20160815 21:41:33 EDT
2016-08-16 00:00:00,0.000255686191286,5.99994642759e-05,0.00161514570617,8.00563018538,100062.37,9.86,both_gainAhead_GNBayes DPS wl3.0 maxL2 dd95_0.002 thres_0.0,2.0,0.0,wf_is_short,100065.91,4.93,4.0027965766,1.0,gainAhead_GNBayes,1.0,gainAhead_GNBayes_f86_is10,1.0,1.0,20160816 21:04:10 EDT
2016-08-17 00:00:00,-0.000659029007299,0.0,0.00186500961648,2.00204697985,100100.35,-19.88,both_sellHold DPS wl4.0 maxL2 dd95_0.002 thres_0.0,1.0,0.0,wf_is_pv2e_p2p,100131.84,-8.94,0.0,1.0,sellHold,-1.0,sellHold,1.0,1.0,20160817 22:41:56 EDT
2016-08-18 00:00:00,-0.000554032371758,0.0,0.00208514414057,0.0,100100.35,0.0,both_sellHold DPS wl5.0 maxL2 dd95_0.002 thres_0.0,1.0,0.0,wf_is_pv2e_p2p,100131.84,0.0,0.0,1.0,sellHold,-1.0,sellHold,1.0,1.0,20160818 20:43:24 EDT
2016-08-19 00:00:00,-0.000332533956071,0.0,0.00228416096288,0.0,100136.11,8.94,both_sellHold DPS wl6.0 maxL2 dd95_0.002 thres_0.0,1.0,0.0,wf_is_pv2e_p2p,100140.78,8.94,0.0,1.0,sellHold,-1.0,sellHold,1.0,1.0,20160820 01:19:00 EDT
2016-08-22 00:00:00,-0.000403596594734,0.0,0.00246717581898,0.0,100122.7,-13.41,both_sellHold DPS wl7.0 maxL2 dd95_0.002 thres_0.0,1.0,0.0,wf_is_pv2e_p2p,100127.37,-13.41,0.0,1.0,sellHold,-1.0,sellHold,1.0,1.0,20160822 23:46:02 EDT
2016-08-23 00:00:00,-0.0014303481074,0.0,0.00263752189358,0.0,100091.41,-4.47,both_sellHold DPS wl8.0 maxL2 dd95_0.003 thres_0.0,1.0,0.0,wf_is_pv2e_p2p,100122.9,-4.47,0.0,1.0,sellHold,-1.0,sellHold,1.0,1.0,20160823 21:45:25 EDT
2016-08-24 00:00:00,-0.00119987826716,0.0,0.00279751442472,0.0,100091.41,0.0,both_sellHold DPS wl9.0 maxL2 dd95_0.003 thres_0.0,1.0,0.0,wf_is_pv2e_p2p,100122.9,0.0,0.0,1.0,sellHold,-1.0,sellHold,1.0,1.0,20160824 23:09:04 EDT
2016-08-25 00:00:00,-0.00116175302355,0.0,0.0029488391231,0.0,100127.63,13.41,both_sellHold DPS wl10.0 maxL2 dd95_0.003 thres_0.0,1.0,0.0,wf_is_pv2e_p2p,100136.31,13.41,0.0,1.0,sellHold,-1.0,sellHold,1.0,1.0,20160825 21:17:58 EDT
2016-08-26 00:00:00,-0.00161956891775,0.0,0.00309276856414,0.0,100091.4,-13.41,both_sellHold DPS wl11.0 maxL2 dd95_0.003 thres_0.0,1.0,0.0,wf_is_pv2e_p2p,100122.9,-13.41,0.0,1.0,sellHold,-1.0,sellHold,1.0,1.0,20160826 23:53:53 EDT
2016-08-29 00:00:00,-0.0008019687188,0.0,0.00323029141235,0.0,100078.0,-13.4,both_sellHold DPS wl12.0 maxL2 dd95_0.003 thres_0.0,1.0,0.0,wf_is_pv2e_p2p,100109.49,-13.41,0.0,1.0,sellHold,-1.0,sellHold,1.0,1.0,20160829 23:21:54 EDT
2016-08-30 00:00:00,-0.00164914752426,0.0,0.00279751442472,0.0,100082.47,4.47,both_sellHold DPS wl9.0 maxL2 dd95_0.003 thres_0.0,1.0,0.0,wf_is_pv2e_p2p,100113.96,4.47,0.0,1.0,sellHold,-1.0,sellHold,1.0,1.0,20160830 21:41:10 EDT
2016-08-31 00:00:00,-0.0020821544222,0.0,0.00348911350395,0.0,100082.95,4.47,both_sellHold DPS wl14.0 maxL2 dd95_0.003 thres_0.0,1.0,0.0,wf_is_pv2e_p2p,100118.43,4.47,0.0,1.0,sellHold,-1.0,sellHold,1.0,1.0,20160831 22:38:06 EDT
2016-09-01 00:00:00,-0.00176472594086,0.0,0.00309276856414,0.0,100078.48,-4.47,both_sellHold DPS wl11.0 maxL2 dd95_0.003 thres_0.0,1.0,0.0,wf_is_pv2e_p2p,100113.96,-4.47,0.0,1.0,sellHold,-1.0,sellHold,1.0,1.0,20160901 21:10:05 EDT
2016-09-02 00:00:00,-0.00217252429758,0.0,0.00323029141235,0.0,100100.35,-8.94,both_sellHold DPS wl12.0 maxL2 dd95_0.003 thres_0.0,1.0,0.0,wf_is_pv2e_p2p,100105.02,-8.94,0.0,1.0,sellHold,-1.0,sellHold,1.0,1.0,20160902 23:13:58 EDT
2016-09-05 00:00:00,-0.00103995715779,0.0,0.00336219390073,0.0,100078.01,-22.34,both_sellHold DPS wl13.0 maxL2 dd95_0.003 thres_0.0,1.0,0.0,wf_is_pv2e_p2p,100082.68,-22.34,0.0,1.0,sellHold,-1.0,sellHold,1.0,1.0,20160905 21:57:13 EDT
2016-09-06 00:00:00,0.00112535418277,0.000168566489546,0.00348911350395,0.0,100154.96,80.38,both_gainAhead_PCA10_VotingSoft DPS wl14.0 maxL2 dd95_0.003 thres_0.0,2.0,0.0,wf_is_pv2e_p2p,100140.16,40.2,0.0,1.0,gainAhead_PCA10_VotingSoft,1.0,gainAhead_PCA10_f10_is17,1.0,1.0,20160906 21:05:34 EDT
2016-09-07 00:00:00,0.00119394705123,0.000189497950754,0.00361157559257,0.0,100163.9,8.94,both_gainAhead_PCA10_VotingSoft DPS wl15.0 maxL2 dd95_0.004 thres_0.0,2.0,0.0,wf_is_pv2e_p2p,100144.63,4.47,0.0,1.0,gainAhead_PCA10_VotingSoft,1.0,gainAhead_PCA10_f10_is17,1.0,1.0,20160907 22:28:04 EDT
2016-09-08 00:00:00,-0.00189216544542,0.0,0.00279751442472,2.00041983878,100018.99,-100.25,both_gainAhead_PCA10_VotingSoft DPS wl9.0 maxL2 dd95_0.003 thres_0.0,1.0,0.0,wf_is_pv2e_p2p,100095.49,-49.14,0.0,1.0,gainAhead_PCA10_VotingSoft,1.0,gainAhead_PCA10_f10_is23,1.0,1.0,20160908 20:59:28 EDT
2016-09-09 00:00:00,0.000453140358525,0.0,0.00114208048144,2.00019121229,100007.56,20.31,both_zigZag_PCA10_VotingSoft DPS wl1.5 maxL2 dd95_0.001 thres_0.0,2.0,0.0,wf_is_pv2e_p2p,100086.1,22.33,0.0,1.0,zigZag_PCA10_VotingSoft,-1.0,zigZag_PCA10_f10_is23,1.0,1.0,20160910 00:17:59 EDT
