dates,CAR25,dd95,ddTol,dpsCommission,dpsNetEquity,dpsNetPNL,dpsRunName,dpsSafef,gainAhead,is_period,netEquity,netPNL,nodpsComm,nodpsSafef,signalType,signals,v4.4_system,safef,mrThreshold,timestamp
2016-06-29,1.74510894624e-05,0.000663236890837,0.00161514570617,2.09513814127,104754.81,63.33,both_zigZag_PCA10_VotingSoft DPS wl3.0 maxL2 dd95_0.002 thres_0.0,2.0,0.00312280427824,wf_is_pv3s_v2v,103546.84,64.67,0.0,1.0,zigZag_PCA10_VotingSoft,1.0,zigZag_PCA10_f10_is41,1.0,,
2016-06-30,0.0110810036301,0.000462318768531,0.00186500961648,0.0,105409.07,654.26,both_zigZag_PCA10_VotingSoft DPS wl4.0 maxL2 dd95_0.002 thres_0.0,2.0,0.0,wf_is_pv3s_v2v,103870.2,323.36,0.0,1.0,zigZag_PCA10_VotingSoft,1.0,zigZag_PCA10_f10_is41,1.0,1.0,20160701 00:04:03 EDT
2016-07-01 00:00:00,0.0161974594159,0.000258379671248,0.00208514414057,0.0,105621.7,539.76,both_zigZag_PCA10_VotingSoft DPS wl5.0 maxL2 dd95_0.002 thres_0.0,2.0,0.0,wf_is_pv3s_v2v,104136.97,266.77,0.0,1.0,zigZag_PCA10_VotingSoft,1.0,zigZag_PCA10_f10_is22,1.0,1.0,20160701 20:32:01 EDT
2016-07-04 00:00:00,0.00800088756776,0.000207153702384,0.00228416096288,0.0,106212.04,590.34,both_zigZag_PCA10_VotingSoft DPS wl6.0 maxL2 dd95_0.002 thres_0.0,2.0,0.0,wf_is_pv3s_v2v,104427.99,291.02,0.0,1.0,zigZag_PCA10_VotingSoft,1.0,zigZag_PCA10_f10_is22,1.0,1.0,20160704 20:14:31 EDT
2016-07-05 00:00:00,0.0362444652633,0.000193844335895,0.00246717581898,0.0,107631.38,1088.69,both_zigZag_PCA10_VotingSoft DPS wl7.0 maxL2 dd95_0.002 thres_0.0,2.0,0.0,wf_is_pv3s_v2v,104961.53,533.54,0.0,1.0,zigZag_PCA10_VotingSoft,1.0,zigZag_PCA10_f10_is22,1.0,1.0,20160705 20:23:41 EDT
2016-07-05 00:00:00,0.0393229296297,0.000173847812851,0.00246717581898,0.0,107631.38,1088.69,both_zigZag_PCA10_VotingSoft DPS wl7.0 maxL2 dd95_0.002 thres_0.0,2.0,0.0,wf_is_pv3s_v2v,104961.53,533.54,0.0,1.0,zigZag_PCA10_VotingSoft,1.0,zigZag_PCA10_f10_is22,1.0,1.0,20160705 23:10:20 EDT
2016-07-06 00:00:00,0.0332587259027,0.000177114133824,0.00263752189358,0.0,107545.26,247.91,both_zigZag_PCA10_VotingSoft DPS wl8.0 maxL2 dd95_0.003 thres_0.0,2.0,0.0,wf_is_pv3s_v2v,105082.79,121.26,0.0,1.0,zigZag_PCA10_VotingSoft,1.0,zigZag_PCA10_f10_is41,1.0,1.0,20160706 21:14:37 EDT
2016-07-07 00:00:00,0.0235060502804,0.00239268996303,0.00279751442472,0.0,107280.51,-264.75,both_zigZag_PCA10_VotingSoft DPS wl9.0 maxL2 dd95_0.003 thres_0.0,2.0,0.0,wf_is_pv3s_v2v,104953.45,-129.34,0.0,1.0,zigZag_PCA10_VotingSoft,1.0,zigZag_PCA10_f10_is41,1.0,1.0,20160707 21:50:00 EDT
2016-07-08 00:00:00,0.0324248728752,0.00205404809697,0.0029488391231,0.0,108024.19,743.68,both_zigZag_PCA10_VotingSoft DPS wl10.0 maxL2 dd95_0.003 thres_0.0,2.0,0.0,wf_is_pv3s_v2v,105317.23,363.78,0.0,1.0,zigZag_PCA10_VotingSoft,1.0,zigZag_PCA10_f10_is41,1.0,1.0,20160708 20:36:06 EDT
2016-07-11 00:00:00,0.00610341167679,0.00178113634041,0.00309276856414,0.0,107841.77,-182.42,both_buyHold DPS wl11.0 maxL2 dd95_0.003 thres_0.0,2.0,0.0,wf_is_short,105228.31,-88.92,0.0,1.0,buyHold,1.0,buyHold,1.0,1.0,20160711 21:06:15 EDT
2016-07-12 00:00:00,0.0372686051304,0.00213152594367,0.00323029141235,8.73062388188,109124.07,955.21,both_zigZag_PCA10_VotingSoft DPS wl12.0 maxL2 dd95_0.003 thres_0.0,2.0,0.0,wf_is_pv3s_v2v,105688.72,464.62,4.2277179304,1.0,zigZag_PCA10_VotingSoft,1.0,zigZag_PCA10_f10_is41,1.0,1.0,20160712 20:47:33 EDT
2016-07-13 00:00:00,0.0220627491171,7.9997600032e-05,0.00131876094679,0.0,108975.51,1164.71,both_zigZag_PCA10_VotingSoft DPS wl2.0 maxL2 dd95_0.001 thres_0.0,2.0,0.0,wf_is_pv3s_v2v,106259.61,570.89,0.0,1.0,zigZag_PCA10_VotingSoft,1.0,zigZag_PCA10_f10_is41,1.0,1.0,20160713 21:15:15 EDT
2016-07-14 00:00:00,-0.0119005507444,0.0,0.00114208048144,2.18064529737,109030.08,-930.55,both_zigZag_VotingSoft DPS wl1.5 maxL2 dd95_0.001 thres_0.0,1.0,0.0,wf_is_pv3s_v2v,105811.05,-448.56,0.0,1.0,zigZag_VotingSoft,1.0,zigZag_VotingSoft_f94_is22,1.0,1.0,20160714 20:57:55 EDT
2016-07-15 00:00:00,0.0133827411462,9.99960000801e-05,0.00131876094679,6.58365727247,109721.04,355.89,both_zigZag_PCA10_VotingSoft DPS wl2.0 maxL2 dd95_0.001 thres_0.0,2.0,0.0,wf_is_pv3s_v2v,106153.25,346.43,4.24629991041,1.0,zigZag_PCA10_VotingSoft,1.0,zigZag_PCA10_f10_is22,1.0,1.0,20160715 21:00:33 EDT
2016-07-18 00:00:00,0.0024655573114,7.9997600032e-05,0.00131876094679,8.0303167747,100370.93,363.2,both_zigZag_PCA10_VotingSoft DPS wl2.0 maxL2 dd95_0.001 thres_0.0,2.0,0.0,wf_is_pv3s_v2v,100619.91,182.39,4.02495730137,1.0,zigZag_PCA10_VotingSoft,-1.0,zigZag_PCA10_f10_is22,1.0,1.0,20160718 21:15:06 EDT
2016-07-19 00:00:00,-0.00368727403874,0.0,0.00161514570617,6.59391095676,109891.92,-227.6,both_zigZag_PCA10_VotingSoft DPS wl3.0 maxL2 dd95_0.002 thres_0.0,1.0,0.0,wf_is_pv3s_v2v,106235.06,-110.96,4.24957218322,1.0,zigZag_PCA10_VotingSoft,1.0,zigZag_PCA10_f10_is22,1.0,1.0,20160719 20:43:30 EDT
2016-07-20 00:00:00,-0.0149621876765,0.0,0.00186500961648,0.0,109637.7,-254.22,both_zigZag_PCA10_VotingSoft DPS wl4.0 maxL2 dd95_0.002 thres_0.0,1.0,0.0,wf_is_pv3s_v2v,105989.3,-245.76,0.0,1.0,zigZag_PCA10_VotingSoft,1.0,zigZag_PCA10_f10_is22,1.0,1.0,20160720 20:43:34 EDT
2016-07-21 00:00:00,0.00455557332903,5.09993400043e-05,0.00161514570617,0.0,99936.43,169.65,both_zigZag_PCA10_VotingSoft DPS wl3.0 maxL2 dd95_0.002 thres_0.0,2.0,0.0,wf_is_pv2e_p2p,100471.57,85.35,0.0,1.0,zigZag_PCA10_VotingSoft,-1.0,zigZag_PCA10_f10_is22,1.0,1.0,20160721 21:24:50 EDT
2016-07-22 00:00:00,0.0121454305722,9.1e-05,0.00131876094679,2.183071789,109151.41,326.14,both_zigZag_VotingSoft DPS wl2.0 maxL2 dd95_0.001 thres_0.0,2.0,0.0,wf_is_pv3s_v2v,105745.8,318.07,0.0,1.0,zigZag_VotingSoft,1.0,zigZag_VotingSoft_f94_is22,1.0,1.0,20160722 21:48:23 EDT
2016-07-25 00:00:00,-5.55566512683e-05,0.0,0.00114208048144,2.1500632,107501.01,-2.15,both_zigZag_VotingSoft DPS wl1.5 maxL2 dd95_0.001 thres_0.0,1.0,0.0,wf_is_pv3s_v2v,105745.8,0.0,0.0,1.0,zigZag_VotingSoft,1.0,zigZag_VotingSoft_f94_is22,1.0,1.0,20160725 21:03:55 EDT
2016-07-26 00:00:00,-0.00943522965967,0.0,0.00263752189358,0.0,108938.78,-210.45,both_zigZag_VotingSoft DPS wl8.0 maxL2 dd95_0.003 thres_0.0,1.0,0.0,wf_is_pv3s_v2v,105541.91,-203.89,0.0,1.0,zigZag_VotingSoft,1.0,zigZag_VotingSoft_f94_is22,1.0,1.0,20160726 21:03:07 EDT
2016-07-27 00:00:00,0.0330076413908,9.09967200583e-05,0.00131876094679,2.19628527177,109812.07,873.29,both_zigZag_VotingSoft DPS wl2.0 maxL2 dd95_0.001 thres_0.0,2.0,0.0,wf_is_pv3s_v2v,106390.09,848.18,0.0,1.0,zigZag_VotingSoft,1.0,zigZag_VotingSoft_f94_is21,1.0,1.0,20160727 21:59:19 EDT
2016-07-28 00:00:00,0.0254446126287,0.00130862638842,0.00186500961648,0.0,110272.71,404.27,both_zigZag_PCA10_VotingSoft DPS wl4.0 maxL2 dd95_0.002 thres_0.0,2.0,0.0,wf_is_pv3s_v2v,106409.89,195.41,0.0,1.0,zigZag_PCA10_VotingSoft,1.0,zigZag_PCA10_f10_is21,1.0,1.0,20160728 21:25:54 EDT
2016-07-29 00:00:00,0.0198192158569,0.000831076268538,0.00208514414057,0.0,110711.47,438.76,both_zigZag_PCA10_VotingSoft DPS wl5.0 maxL2 dd95_0.002 thres_0.0,2.0,0.0,wf_is_pv3s_v2v,106621.59,211.7,0.0,1.0,zigZag_PCA10_VotingSoft,1.0,zigZag_PCA10_f10_is21,1.0,1.0,20160729 23:48:10 EDT
2016-08-01 00:00:00,-0.0008356900977,0.0,0.00228416096288,2.19664407296,109830.01,-881.46,both_zigZag_PCA10_VotingSoft DPS wl6.0 maxL2 dd95_0.002 thres_0.0,1.0,0.0,wf_is_pv3s_v2v,106198.2,-423.39,0.0,1.0,zigZag_PCA10_VotingSoft,1.0,zigZag_PCA10_f10_is21,1.0,1.0,20160801 20:55:23 EDT
2016-08-02 00:00:00,0.00311275619953,0.00682204928427,0.00246717581898,2.18125650399,109060.64,662.68,both_zigZag_VotingSoft DPS wl7.0 maxL2 dd95_0.002 thres_0.0,2.0,0.0,wf_is_pv3s_v2v,106620.36,649.98,0.0,1.0,zigZag_VotingSoft,-1.0,zigZag_VotingSoft_f94_is22,1.0,1.0,20160802 21:13:22 EDT
2016-08-03 00:00:00,-0.00419142832371,0.0,0.00131876094679,6.55185923536,109191.1,-209.1,both_zigZag_VotingSoft DPS wl2.0 maxL2 dd95_0.001 thres_0.0,1.0,0.0,wf_is_pv3s_v2v,106517.4,-102.96,4.26086641166,1.0,zigZag_VotingSoft,1.0,zigZag_VotingSoft_f94_is22,1.0,1.0,20160803 23:00:54 EDT
2016-08-04 00:00:00,0.0389072254711,5.9998800008e-05,0.00161514570617,8.36046492202,104497.45,2690.79,both_gainAhead_GNBayes DPS wl3.0 maxL2 dd95_0.002 thres_0.0,2.0,0.0,wf_is_short,102436.44,1336.11,4.09762169868,1.0,gainAhead_GNBayes,-1.0,gainAhead_GNBayes_f86_is4,1.0,1.0,20160804 21:02:13 EDT
2016-08-05 00:00:00,0.00655320779273,8e-05,0.00131876094679,0.0,104847.18,349.73,both_gainAhead_GNBayes DPS wl2.0 maxL2 dd95_0.001 thres_0.0,2.0,0.0,wf_is_short,102607.86,171.42,0.0,1.0,gainAhead_GNBayes,-1.0,gainAhead_GNBayes_f86_is3,1.0,1.0,20160805 23:47:12 EDT
2016-08-08 00:00:00,0.00510171535644,5.99994600036e-05,0.00161514570617,0.0,103888.31,816.72,both_gainAhead_VotingSoft DPS wl3.0 maxL2 dd95_0.002 thres_0.0,2.0,0.0,wf_is_pv3s_v2v,101981.43,402.45,0.0,1.0,gainAhead_VotingSoft,1.0,gainAhead_VotingSoft_f98_is29,1.0,1.0,20160808 21:35:39 EDT
2016-08-09 00:00:00,0.0259785673152,4e-05,0.00186500961648,0.0,104708.25,819.94,both_gainAhead_VotingSoft DPS wl4.0 maxL2 dd95_0.002 thres_0.0,2.0,0.0,wf_is_pv3s_v2v,102383.88,402.45,0.0,1.0,gainAhead_VotingSoft,1.0,gainAhead_VotingSoft_f98_is29,1.0,1.0,20160809 21:40:59 EDT
2016-08-10 00:00:00,0.0244102663156,3.999982e-05,0.00208514414057,0.0,105072.34,364.09,both_gainAhead_VotingSoft DPS wl5.0 maxL2 dd95_0.002 thres_0.0,2.0,0.0,wf_is_pv3s_v2v,102561.89,178.01,0.0,1.0,gainAhead_VotingSoft,1.0,gainAhead_VotingSoft_f98_is29,1.0,1.0,20160810 23:43:54 EDT
2016-08-11 00:00:00,0.0206956519601,3.999982e-05,0.00228416096288,0.0,105262.63,190.29,both_gainAhead_VotingSoft DPS wl6.0 maxL2 dd95_0.002 thres_0.0,2.0,0.0,wf_is_pv3s_v2v,102654.76,92.87,0.0,1.0,gainAhead_VotingSoft,1.0,gainAhead_VotingSoft_f98_is29,1.0,1.0,20160811 21:18:26 EDT
2016-08-12 00:00:00,0.0215139901121,3.99996000001e-05,0.00246717581898,0.0,105516.58,253.95,both_gainAhead_VotingSoft DPS wl7.0 maxL2 dd95_0.002 thres_0.0,2.0,0.0,wf_is_pv3s_v2v,102778.59,123.83,0.0,1.0,gainAhead_VotingSoft,1.0,gainAhead_VotingSoft_f98_is29,1.0,1.0,20160813 00:14:11 EDT
2016-08-15 00:00:00,0.00201258179962,0.00306852309463,0.00263752189358,0.0,105151.09,-365.49,both_gainAhead_VotingSoft DPS wl8.0 maxL2 dd95_0.003 thres_0.0,2.0,0.0,wf_is_pv3s_v2v,102600.58,-178.01,0.0,1.0,gainAhead_VotingSoft,1.0,gainAhead_VotingSoft_f98_is29,1.0,1.0,20160815 21:25:03 EDT
2016-08-16 00:00:00,-0.0131266004983,0.0,0.00279751442472,6.26718580769,104446.83,-704.26,both_gainAhead_VotingSoft DPS wl9.0 maxL2 dd95_0.003 thres_0.0,1.0,0.0,wf_is_pv3s_v2v,102255.96,-344.62,4.09040194174,1.0,gainAhead_VotingSoft,-1.0,gainAhead_VotingSoft_f98_is29,1.0,1.0,20160816 21:12:55 EDT
2016-08-17 00:00:00,0.00525787649854,0.000111,0.00131876094679,2.24452895008,112224.2,150.43,both_zigZag_VotingSoft DPS wl2.0 maxL2 dd95_0.001 thres_0.0,2.0,0.0,wf_is_pv3s_v2v,108619.0,147.77,0.0,1.0,zigZag_VotingSoft,1.0,zigZag_VotingSoft_f98_is29,1.0,1.0,20160817 22:51:41 EDT
2016-08-18 00:00:00,0.00342846054728,5.9998800008e-05,0.00161514570617,0.0,111635.06,84.31,both_zigZag_VotingSoft DPS wl3.0 maxL2 dd95_0.002 thres_0.0,2.0,0.0,wf_is_pv3s_v2v,108660.05,41.05,0.0,1.0,zigZag_VotingSoft,1.0,zigZag_VotingSoft_f98_is29,1.0,1.0,20160818 21:23:11 EDT
2016-08-19 00:00:00,-0.0236716394241,0.0,0.00186500961648,2.2164885304,110822.21,-930.96,both_zigZag_VotingSoft DPS wl4.0 maxL2 dd95_0.002 thres_0.0,1.0,0.0,wf_is_pv3s_v2v,108208.53,-451.52,0.0,1.0,zigZag_VotingSoft,1.0,zigZag_VotingSoft_f98_is29,1.0,1.0,20160820 00:56:44 EDT
2016-08-22 00:00:00,-0.000898100541746,0.0,0.00208514414057,0.0,111104.38,394.76,both_zigZag_VotingSoft DPS wl5.0 maxL2 dd95_0.002 thres_0.0,1.0,0.0,wf_is_pv3s_v2v,108594.37,385.84,0.0,1.0,zigZag_VotingSoft,1.0,zigZag_VotingSoft_f98_is29,1.0,1.0,20160823 00:06:08 EDT
2016-08-23 00:00:00,0.00397860542232,0.00419097356526,0.00228416096288,0.0,111635.53,420.38,both_zigZag_VotingSoft DPS wl6.0 maxL2 dd95_0.002 thres_0.0,2.0,0.0,wf_is_pv3s_v2v,108799.61,205.24,0.0,1.0,zigZag_VotingSoft,1.0,zigZag_VotingSoft_f98_is29,1.0,1.0,20160823 21:48:45 EDT
2016-08-24 00:00:00,-0.00964648559089,0.0,0.00246717581898,2.22110795136,111053.18,-372.15,both_zigZag_VotingSoft DPS wl7.0 maxL2 dd95_0.002 thres_0.0,1.0,0.0,wf_is_pv3s_v2v,108619.0,-180.61,0.0,1.0,zigZag_VotingSoft,1.0,zigZag_VotingSoft_f98_is29,1.0,1.0,20160824 23:08:44 EDT
2016-08-25 00:00:00,-0.00509743204626,0.0,0.00263752189358,0.0,111259.41,16.82,both_zigZag_VotingSoft DPS wl8.0 maxL2 dd95_0.003 thres_0.0,1.0,0.0,wf_is_pv3s_v2v,108635.42,16.42,0.0,1.0,zigZag_VotingSoft,1.0,zigZag_VotingSoft_f98_is29,1.0,1.0,20160825 21:33:06 EDT
2016-08-26 00:00:00,0.0042459081278,0.00130445963078,0.00186500961648,2.22252607182,111124.08,274.21,both_zigZag_VotingSoft DPS wl4.0 maxL2 dd95_0.002 thres_0.0,2.0,0.0,wf_is_pv3s_v2v,108906.33,270.91,0.0,1.0,zigZag_VotingSoft,1.0,zigZag_VotingSoft_f98_is29,1.0,1.0,20160826 23:56:38 EDT
2016-08-26 00:00:00,0.00424588423855,0.000909776337105,0.00186500961648,2.22693904938,111344.73,274.76,both_zigZag_VotingSoft DPS wl4.0 maxL2 dd95_0.002 thres_0.0,2.0,0.0,wf_is_pv3s_v2v,108906.33,270.91,0.0,1.0,zigZag_VotingSoft,1.0,zigZag_VotingSoft_f98_is29,1.0,1.0,20160829 23:43:02 EDT
2016-08-30 00:00:00,0.000635991480458,0.00111102245863,0.00208514414057,0.0,111484.18,-50.45,both_zigZag_VotingSoft DPS wl5.0 maxL2 dd95_0.002 thres_0.0,2.0,0.0,wf_is_pv3s_v2v,108881.7,-24.63,0.0,1.0,zigZag_VotingSoft,1.0,zigZag_VotingSoft_f98_is29,1.0,1.0,20160830 21:17:58 EDT
2016-08-31 00:00:00,0.000285189857308,0.00435475911028,0.00309276856414,2.2343868766,111717.11,6.26,both_zigZag_VotingSoft DPS wl11.0 maxL2 dd95_0.003 thres_0.0,2.0,0.0,wf_is_pv3s_v2v,108889.98,8.28,0.0,1.0,zigZag_VotingSoft,1.0,zigZag_VotingSoft_f98_is29,1.0,1.0,20160831 23:14:50 EDT
2016-09-01 00:00:00,-0.00847953818861,0.0,0.00323029141235,2.20319934873,110157.76,-795.15,both_zigZag_VotingSoft DPS wl12.0 maxL2 dd95_0.003 thres_0.0,1.0,0.0,wf_is_pv3s_v2v,108500.88,-389.1,0.0,1.0,zigZag_VotingSoft,1.0,zigZag_VotingSoft_f98_is29,1.0,1.0,20160901 21:25:16 EDT
2016-09-02 00:00:00,-0.00757517657234,0.0,0.00263752189358,0.0,110532.52,-567.96,both_zigZag_VotingSoft DPS wl8.0 maxL2 dd95_0.003 thres_0.0,1.0,0.0,wf_is_pv3s_v2v,107946.21,-554.67,0.0,1.0,zigZag_VotingSoft,1.0,zigZag_VotingSoft_f98_is29,1.0,1.0,20160902 23:56:32 EDT
2016-09-05 00:00:00,-0.00129850393419,0.0,0.00186500961648,0.0,109091.89,308.69,both_zigZag_VotingSoft DPS wl4.0 maxL2 dd95_0.002 thres_0.0,1.0,0.0,wf_is_pv3s_v2v,108252.52,306.31,0.0,1.0,zigZag_VotingSoft,1.0,zigZag_VotingSoft_f98_is29,1.0,1.0,20160905 21:35:58 EDT
2016-09-06 00:00:00,0.000645699224178,0.00615657869567,0.00208514414057,2.22274412481,111134.98,370.49,both_zigZag_VotingSoft DPS wl5.0 maxL2 dd95_0.002 thres_0.0,2.0,0.0,wf_is_pv3s_v2v,108616.78,364.26,0.0,1.0,zigZag_VotingSoft,1.0,zigZag_VotingSoft_f98_is29,1.0,1.0,20160906 21:24:41 EDT
2016-09-07 00:00:00,-0.00136952414167,0.0,0.00131876094679,0.0,110326.08,-25.23,both_zigZag_VotingSoft DPS wl2.0 maxL2 dd95_0.001 thres_0.0,1.0,0.0,wf_is_pv3s_v2v,108591.94,-24.84,0.0,1.0,zigZag_VotingSoft,1.0,zigZag_VotingSoft_f98_is29,1.0,1.0,20160907 22:47:27 EDT
2016-09-08 00:00:00,-0.00692297539284,0.0,0.00161514570617,0.0,110132.09,-854.59,both_zigZag_VotingSoft DPS wl3.0 maxL2 dd95_0.002 thres_0.0,1.0,0.0,wf_is_pv3s_v2v,107755.79,-836.15,0.0,1.0,zigZag_VotingSoft,1.0,zigZag_VotingSoft_f98_is29,1.0,1.0,20160908 21:53:25 EDT
2016-09-09 00:00:00,0.0662103275119,5.09993400044e-05,0.00263752189358,0.0,106584.66,1866.52,both_gainAhead_GNBayes DPS wl8.0 maxL2 dd95_0.003 thres_0.0,2.0,0.0,wf_is_short,103830.0,917.17,0.0,1.0,gainAhead_GNBayes,-1.0,gainAhead_GNBayes_f86_is19,1.0,1.0,20160909 23:34:07 EDT
2016-09-12 00:00:00,0.00376117090226,0.000183347901059,0.00161514570617,0.0,106568.14,-16.52,both_gainAhead_GNBayes DPS wl3.0 maxL2 dd95_0.002 thres_0.0,2.0,0.0,wf_is_short,103821.95,-8.05,0.0,1.0,gainAhead_GNBayes,-1.0,gainAhead_GNBayes_f86_is20,1.0,1.0,20160912 21:46:51 EDT
