dates,CAR25,dd95,ddTol,dpsCommission,dpsNetEquity,dpsNetPNL,dpsRunName,dpsSafef,gainAhead,is_period,netEquity,netPNL,nodpsComm,nodpsSafef,signalType,signals,v4.4_system,safef,mrThreshold,timestamp
2016-06-29,0.0318466767089,4e-05,0.00161514570617,0.0,105299.91,2009.13,both_gainAhead_VotingSoft DPS wl3.0 maxL2 dd95_0.002 thres_0.0,2.0,0.0227527952737,wf_is_pv3s_v2v,104512.54,1006.66,0.0,1.0,gainAhead_VotingSoft,1.0,gainAhead_VotingSoft_f95_is24,1.0,,
2016-06-30,0.094363003373,5.09993400043e-05,0.00186500961648,8.80733156713,110082.84,4782.93,both_gainAhead_VotingSoft DPS wl4.0 maxL2 dd95_0.002 thres_0.0,2.0,0.0,wf_is_pv3s_v2v,106886.22,2373.68,4.27561969705,1.0,gainAhead_VotingSoft,-1.0,gainAhead_VotingSoft_f95_is24,1.0,1.0,20160701 00:18:21 EDT
2016-06-30 00:00:00,0.094363003373,3.99996000001e-05,0.00186500961648,8.80733156713,110082.84,4782.93,both_gainAhead_VotingSoft DPS wl4.0 maxL2 dd95_0.002 thres_0.0,2.0,0.0,wf_is_pv3s_v2v,106886.22,2373.68,4.27561969705,1.0,gainAhead_VotingSoft,-1.0,gainAhead_VotingSoft_f95_is24,1.0,1.0,20160701 20:39:47 EDT
2016-07-04 00:00:00,0.00793084218467,7.09986800176e-05,0.00161514570617,0.0,107711.21,927.8,both_zigZag_VotingSoft DPS wl3.0 maxL2 dd95_0.002 thres_0.0,2.0,0.0,wf_is_pv2e_p2p,103912.46,449.47,0.0,1.0,zigZag_VotingSoft,1.0,zigZag_VotingSoft_f100_is34,1.0,1.0,20160704 20:34:06 EDT
2016-07-05 00:00:00,0.0513667606458,0.00443026780619,0.00186500961648,8.71973631562,108987.98,3140.83,both_gainAhead_VotingSoft DPS wl4.0 maxL2 dd95_0.002 thres_0.0,2.0,0.0,wf_is_pv3s_v2v,104537.77,1528.38,4.18167788932,1.0,gainAhead_VotingSoft,1.0,gainAhead_VotingSoft_f95_is24,1.0,1.0,20160705 20:37:26 EDT
2016-07-05 00:00:00,0.0514292924988,0.0043904922166,0.00186500961648,6.4451865259,107413.33,1568.3,both_gainAhead_VotingSoft DPS wl4.0 maxL2 dd95_0.002 thres_0.0,2.0,0.0,wf_is_pv3s_v2v,104537.77,1528.38,4.18167788932,1.0,gainAhead_VotingSoft,1.0,gainAhead_VotingSoft_f95_is24,1.0,1.0,20160705 23:10:48 EDT
2016-07-06 00:00:00,-0.00380171447513,0.0,0.00208514414057,2.10369460299,105182.63,-2230.7,both_gainAhead_VotingSoft DPS wl5.0 maxL2 dd95_0.002 thres_0.0,1.0,0.0,wf_is_pv3s_v2v,103453.3,-1084.47,0.0,1.0,gainAhead_VotingSoft,1.0,gainAhead_VotingSoft_f95_is24,1.0,1.0,20160706 20:55:58 EDT
2016-07-07 00:00:00,0.00074772738905,0.00220465023829,0.00228416096288,6.37126729433,106181.42,998.79,both_gainAhead_VotingSoft DPS wl6.0 maxL2 dd95_0.002 thres_0.0,2.0,0.0,wf_is_pv3s_v2v,104437.75,984.45,4.17767728874,1.0,gainAhead_VotingSoft,-1.0,gainAhead_VotingSoft_f95_is24,1.0,1.0,20160707 21:33:22 EDT
2016-07-08 00:00:00,0.00814842009496,0.00287340504504,0.00246717581898,8.61512535497,107680.45,1499.03,both_gainAhead_VotingSoft DPS wl7.0 maxL2 dd95_0.002 thres_0.0,2.0,0.0,wf_is_pv3s_v2v,105174.99,737.24,4.2071677789,1.0,gainAhead_VotingSoft,1.0,gainAhead_VotingSoft_f95_is24,1.0,1.0,20160708 21:02:48 EDT
2016-07-11 00:00:00,0.00320261928821,0.00247945734583,0.00263752189358,8.81744821581,110209.29,3278.33,both_gainAhead_VotingSoft DPS wl8.0 maxL2 dd95_0.003 thres_0.0,2.0,0.0,wf_is_pv3s_v2v,106787.3,1612.31,4.27166285568,1.0,gainAhead_VotingSoft,-1.0,gainAhead_VotingSoft_f95_is24,1.0,1.0,20160711 20:44:51 EDT
2016-07-12 00:00:00,0.00586137903369,0.00363164333347,0.00279751442472,2.1457500308,107285.36,2024.91,both_buyHold DPS wl9.0 maxL2 dd95_0.003 thres_0.0,2.0,0.0,wf_is_short,105092.96,1985.59,0.0,1.0,buyHold,1.0,buyHold,1.0,1.0,20160712 21:02:12 EDT
2016-07-13 00:00:00,0.00670130227907,0.00390967364564,0.0029488391231,0.0,107678.66,393.3,both_buyHold DPS wl10.0 maxL2 dd95_0.003 thres_0.0,2.0,0.0,wf_is_short,105285.59,192.63,0.0,1.0,buyHold,1.0,buyHold,1.0,1.0,20160713 21:15:12 EDT
2016-07-14 00:00:00,0.013143217739,0.00319552765165,0.00309276856414,0.0,110406.49,2727.83,both_buyHold DPS wl11.0 maxL2 dd95_0.003 thres_0.0,2.0,0.0,wf_is_short,106619.19,1333.6,0.0,1.0,buyHold,1.0,buyHold,1.0,1.0,20160714 20:57:05 EDT
2016-07-15 00:00:00,0.017709362203,0.00247604609167,0.00323029141235,0.0,111889.76,1483.27,both_buyHold DPS wl12.0 maxL2 dd95_0.003 thres_0.0,2.0,0.0,wf_is_short,107335.38,716.19,0.0,1.0,buyHold,1.0,buyHold,1.0,1.0,20160715 21:04:59 EDT
2016-07-18 00:00:00,0.0269464073476,2.00000000001e-05,0.00246717581898,0.0,112188.39,298.63,both_buyHold DPS wl7.0 maxL2 dd95_0.002 thres_0.0,2.0,0.0,wf_is_short,107478.62,143.24,0.0,1.0,buyHold,1.0,buyHold,1.0,1.0,20160718 21:00:41 EDT
2016-07-19 00:00:00,0.0144251569697,0.00236177554761,0.00263752189358,0.0,111260.36,-928.03,both_buyHold DPS wl8.0 maxL2 dd95_0.003 thres_0.0,2.0,0.0,wf_is_short,107034.09,-444.53,0.0,1.0,buyHold,1.0,buyHold,1.0,1.0,20160719 21:00:01 EDT
2016-07-20 00:00:00,0.0322019706557,0.00401688699066,0.00361157559257,0.0,113519.45,2259.09,both_buyHold DPS wl15.0 maxL2 dd95_0.004 thres_0.0,2.0,0.0,wf_is_short,108120.73,1086.64,0.0,1.0,buyHold,1.0,buyHold,1.0,1.0,20160720 20:34:07 EDT
2016-07-21 00:00:00,0.0411329568565,0.004314586906,0.00373001923296,0.0,114691.46,1172.01,both_buyHold DPS wl16.0 maxL2 dd95_0.004 thres_0.0,2.0,0.0,wf_is_short,108678.87,558.14,0.0,1.0,buyHold,1.0,buyHold,1.0,1.0,20160721 21:18:22 EDT
2016-07-22 00:00:00,0.0619155314801,0.00509114994987,0.00309276856414,0.0,116741.59,-116.84,both_buyHold DPS wl11.0 maxL2 dd95_0.003 thres_0.0,2.0,0.0,wf_is_short,108624.54,-54.33,0.0,1.0,buyHold,1.0,buyHold,1.0,1.0,20160722 21:57:20 EDT
2016-07-25 00:00:00,0.0232353071148,0.00485947682385,0.00323029141235,0.0,115181.13,604.35,both_buyHold DPS wl12.0 maxL2 dd95_0.003 thres_0.0,2.0,0.0,wf_is_short,108911.02,286.48,0.0,1.0,buyHold,1.0,buyHold,1.0,1.0,20160725 21:06:00 EDT
2016-07-26 00:00:00,0.0854892933076,0.00265074661393,0.00336219390073,0.0,115787.07,605.94,both_buyHold DPS wl13.0 maxL2 dd95_0.003 thres_0.0,2.0,0.0,wf_is_short,109197.5,286.48,0.0,1.0,buyHold,1.0,buyHold,1.0,1.0,20160726 21:10:26 EDT
2016-07-27 00:00:00,0.0877892919764,0.00246432149021,0.00348911350395,0.0,116415.55,628.48,both_buyHold DPS wl14.0 maxL2 dd95_0.003 thres_0.0,2.0,0.0,wf_is_short,109493.86,296.36,0.0,1.0,buyHold,1.0,buyHold,1.0,1.0,20160727 22:00:17 EDT
2016-07-28 00:00:00,0.0549993419774,0.00474581996957,0.00361157559257,0.0,116152.97,-262.58,both_buyHold DPS wl15.0 maxL2 dd95_0.004 thres_0.0,2.0,0.0,wf_is_short,109370.38,-123.48,0.0,1.0,buyHold,1.0,buyHold,1.0,1.0,20160728 21:25:03 EDT
2016-07-29 00:00:00,-0.00686167757065,0.0,0.00373001923296,2.24357224137,112176.37,-3976.6,both_buyHold DPS wl16.0 maxL2 dd95_0.004 thres_0.0,1.0,0.0,wf_is_short,107499.24,-1871.14,0.0,1.0,buyHold,1.0,buyHold,1.0,1.0,20160729 23:47:40 EDT
2016-08-01 00:00:00,0.000648884322163,0.00380576684509,0.00384481582077,2.31719790062,115857.58,1809.96,both_buyHold DPS wl17.0 maxL2 dd95_0.004 thres_0.0,2.0,0.0,wf_is_short,110142.69,1722.85,0.0,1.0,buyHold,1.0,buyHold,1.0,1.0,20160801 20:44:21 EDT
2016-08-01 00:00:00,0.000727129215128,0.00285305092453,0.00384481582077,2.31719790062,115857.58,1809.96,both_buyHold DPS wl17.0 maxL2 dd95_0.004 thres_0.0,2.0,0.0,wf_is_short,110142.69,1722.85,0.0,1.0,buyHold,1.0,buyHold,1.0,1.0,20160802 21:25:49 EDT
2016-08-03 00:00:00,-0.00356529776513,0.0,0.00395628284037,0.0,113717.72,2222.84,both_gainAhead_PCA10_VotingSoft DPS wl18.0 maxL2 dd95_0.004 thres_0.0,1.0,0.0,wf_is_pv3s_v2v,108607.01,2122.94,0.0,1.0,gainAhead_PCA10_VotingSoft,-1.0,gainAhead_PCA10_f10_is8,1.0,1.0,20160803 23:09:22 EDT
2016-08-04 00:00:00,-0.00562991448293,0.0,0.00406469422349,0.0,108063.68,658.92,both_buyHold DPS wl19.0 maxL2 dd95_0.004 thres_0.0,1.0,0.0,wf_is_short,106490.88,649.33,0.0,1.0,buyHold,1.0,buyHold,1.0,1.0,20160804 21:11:26 EDT
2016-08-05 00:00:00,-0.00184433863445,0.0,0.00417028828114,0.0,109604.47,1540.79,both_buyHold DPS wl20.0 maxL2 dd95_0.004 thres_0.0,1.0,0.0,wf_is_short,108009.25,1518.37,0.0,1.0,buyHold,1.0,buyHold,1.0,1.0,20160805 23:37:23 EDT
2016-08-08 00:00:00,0.00137471441926,0.00483085741611,0.00427327386967,2.22429249429,111212.4,1607.93,both_buyHold DPS wl21.0 maxL2 dd95_0.004 thres_0.0,2.0,0.0,wf_is_short,109595.97,1586.72,0.0,1.0,buyHold,1.0,buyHold,1.0,1.0,20160808 21:42:13 EDT
2016-08-09 00:00:00,0.00480285971212,0.00518953591205,0.00437383524868,2.22240975764,111118.27,-96.35,both_buyHold DPS wl22.0 maxL2 dd95_0.004 thres_0.0,2.0,0.0,wf_is_short,109503.21,-92.76,0.0,1.0,buyHold,1.0,buyHold,1.0,1.0,20160809 22:00:32 EDT
2016-08-10 00:00:00,0.0012682439305,0.00505474952119,0.004472135955,0.0,112541.15,-90.39,both_buyHold DPS wl23.0 maxL2 dd95_0.004 thres_0.0,2.0,0.0,wf_is_short,109459.27,-43.94,0.0,1.0,buyHold,1.0,buyHold,1.0,1.0,20160810 23:51:15 EDT
2016-08-11 00:00:00,0.0101762292336,0.00592741559056,0.00208514414057,6.03149247458,100518.84,617.79,both_gainAhead_VotingSoft DPS wl5.0 maxL2 dd95_0.002 thres_0.0,2.0,0.0,wf_is_pv2e_p2p,102044.3,629.2,4.08193515789,1.0,gainAhead_VotingSoft,-1.0,gainAhead_VotingSoft_f89_is11,1.0,1.0,20160811 21:18:45 EDT
2016-08-12 00:00:00,0.0483140657592,0.00122410751725,0.00228416096288,0.0,104412.23,1792.21,both_zigZag_PCA10_VotingSoft DPS wl6.0 maxL2 dd95_0.002 thres_0.0,2.0,0.0,wf_is_pv3s_v2v,102877.69,890.58,0.0,1.0,zigZag_PCA10_VotingSoft,1.0,zigZag_PCA10_f10_is8,1.0,1.0,20160813 00:17:17 EDT
2016-08-15 00:00:00,0.0230073694396,0.000863377709765,0.00246717581898,0.0,105225.2,1548.97,both_zigZag_PCA10_VotingSoft DPS wl7.0 maxL2 dd95_0.002 thres_0.0,2.0,0.0,wf_is_pv3s_v2v,103646.21,768.52,0.0,1.0,zigZag_PCA10_VotingSoft,1.0,zigZag_PCA10_f10_is8,1.0,1.0,20160815 21:40:22 EDT
2016-08-16 00:00:00,0.0394358929095,0.00121007516263,0.00263752189358,0.0,105198.66,-73.47,both_zigZag_PCA10_VotingSoft DPS wl8.0 maxL2 dd95_0.003 thres_0.0,2.0,0.0,wf_is_pv3s_v2v,103610.04,-36.17,0.0,1.0,zigZag_PCA10_VotingSoft,1.0,zigZag_PCA10_f10_is8,1.0,1.0,20160816 21:06:45 EDT
2016-08-17 00:00:00,0.000597692691029,0.00284922686105,0.00279751442472,0.0,104104.74,-1661.32,both_zigZag_PCA10_VotingSoft DPS wl9.0 maxL2 dd95_0.003 thres_0.0,2.0,0.0,wf_is_pv3s_v2v,102796.31,-813.73,0.0,1.0,zigZag_PCA10_VotingSoft,1.0,zigZag_PCA10_f10_is8,1.0,1.0,20160817 22:29:02 EDT
2016-08-18 00:00:00,0.00885502342811,0.00313862884703,0.0029488391231,2.09788373794,104892.09,1435.62,both_zigZag_PCA10_VotingSoft DPS wl10.0 maxL2 dd95_0.003 thres_0.0,2.0,0.0,wf_is_pv3s_v2v,104224.85,1428.54,0.0,1.0,zigZag_PCA10_VotingSoft,1.0,zigZag_PCA10_f10_is8,1.0,1.0,20160818 20:46:00 EDT
2016-08-19 00:00:00,-0.000828248682327,0.0,0.00309276856414,2.08736395059,104366.11,-1313.05,both_zigZag_PCA10_VotingSoft DPS wl11.0 maxL2 dd95_0.003 thres_0.0,1.0,0.0,wf_is_pv3s_v2v,103578.39,-646.46,0.0,1.0,zigZag_PCA10_VotingSoft,1.0,zigZag_PCA10_f10_is8,1.0,1.0,20160820 00:45:00 EDT
2016-08-22 00:00:00,0.00178391500216,0.00246769542166,0.00323029141235,2.07722223614,103859.03,228.59,both_zigZag_PCA10_VotingSoft DPS wl12.0 maxL2 dd95_0.003 thres_0.0,2.0,0.0,wf_is_pv3s_v2v,103808.95,230.56,0.0,1.0,zigZag_PCA10_VotingSoft,1.0,zigZag_PCA10_f10_is8,1.0,1.0,20160822 23:54:00 EDT
2016-08-23 00:00:00,0.00563358886467,0.00332085686365,0.00336219390073,0.0,105213.48,709.95,both_zigZag_PCA10_VotingSoft DPS wl13.0 maxL2 dd95_0.003 thres_0.0,2.0,0.0,wf_is_pv3s_v2v,104161.56,352.61,0.0,1.0,zigZag_PCA10_VotingSoft,1.0,zigZag_PCA10_f10_is8,1.0,1.0,20160823 21:04:52 EDT
2016-08-24 00:00:00,0.0145944341968,0.00356658116438,0.00348911350395,2.05972899148,102984.39,985.13,both_gainAhead_VotingSoft DPS wl14.0 maxL2 dd95_0.003 thres_0.0,2.0,0.0,wf_is_pv2e_p2p,104043.53,997.32,0.0,1.0,gainAhead_VotingSoft,-1.0,gainAhead_VotingSoft_f89_is11,1.0,1.0,20160824 22:54:36 EDT
2016-08-25 00:00:00,0.0135802279527,0.00389243521912,0.00361157559257,8.28771714317,103588.18,245.34,both_gainAhead_VotingSoft DPS wl15.0 maxL2 dd95_0.004 thres_0.0,2.0,0.0,wf_is_pv2e_p2p,104167.04,123.51,4.1668480785,1.0,gainAhead_VotingSoft,1.0,gainAhead_VotingSoft_f89_is11,1.0,1.0,20160825 21:45:22 EDT
2016-08-26 00:00:00,0.029395382048,0.00359071591857,0.00373001923296,8.35429490878,104420.33,1115.8,both_gainAhead_VotingSoft DPS wl16.0 maxL2 dd95_0.004 thres_0.0,2.0,0.0,wf_is_pv2e_p2p,104729.62,562.58,4.18935244328,1.0,gainAhead_VotingSoft,-1.0,gainAhead_VotingSoft_f89_is11,1.0,1.0,20160827 00:12:02 EDT
2016-08-29 00:00:00,0.025507118001,0.0086752105364,0.00384481582077,0.0,105567.68,822.82,both_gainAhead_VotingSoft DPS wl17.0 maxL2 dd95_0.004 thres_0.0,2.0,0.0,wf_is_pv2e_p2p,105140.97,411.35,0.0,1.0,gainAhead_VotingSoft,-1.0,gainAhead_VotingSoft_f89_is11,1.0,1.0,20160829 23:14:03 EDT
2016-08-30 00:00:00,0.00749870105321,0.00391177559543,0.00395628284037,0.0,104510.45,-1665.39,both_gainAhead_VotingSoft DPS wl18.0 maxL2 dd95_0.004 thres_0.0,2.0,0.0,wf_is_pv2e_p2p,104316.39,-824.58,0.0,1.0,gainAhead_VotingSoft,-1.0,gainAhead_VotingSoft_f89_is11,1.0,1.0,20160830 21:04:39 EDT
2016-08-31 00:00:00,0.00349022188368,0.0046221910369,0.00406469422349,0.0,104235.88,181.37,both_gainAhead_VotingSoft DPS wl19.0 maxL2 dd95_0.004 thres_0.0,2.0,0.0,wf_is_pv2e_p2p,104498.27,90.99,0.0,1.0,gainAhead_VotingSoft,-1.0,gainAhead_VotingSoft_f89_is11,1.0,1.0,20160831 22:34:30 EDT
2016-09-01 00:00:00,0.0104638106352,0.00503560380614,0.00417028828114,2.09112781802,104554.3,1116.69,both_zigZag_PCA10_VotingSoft DPS wl20.0 maxL2 dd95_0.004 thres_0.0,2.0,0.0,wf_is_pv3s_v2v,104988.28,1123.4,0.0,1.0,zigZag_PCA10_VotingSoft,1.0,zigZag_PCA10_f10_is8,1.0,1.0,20160901 21:13:42 EDT
2016-09-02 00:00:00,0.0134759672153,0.00401374941907,0.00427327386967,0.0,104657.5,297.18,both_zigZag_PCA10_VotingSoft DPS wl21.0 maxL2 dd95_0.004 thres_0.0,2.0,0.0,wf_is_pv3s_v2v,105137.76,149.48,0.0,1.0,zigZag_PCA10_VotingSoft,1.0,zigZag_PCA10_f10_is7,1.0,1.0,20160902 23:09:45 EDT
2016-09-05 00:00:00,0.01197018612,0.00443496687668,0.00437383524868,0.0,109840.06,3553.57,both_zigZag_PCA10_VotingSoft DPS wl22.0 maxL2 dd95_0.004 thres_0.0,2.0,0.0,wf_is_pv3s_v2v,106895.34,1757.58,0.0,1.0,zigZag_PCA10_VotingSoft,1.0,zigZag_PCA10_f10_is7,1.0,1.0,20160905 21:50:51 EDT
2016-09-06 00:00:00,0.0956726844403,0.00140359044512,0.004472135955,0.0,105544.16,1027.54,both_zigZag_PCA10_VotingSoft DPS wl23.0 maxL2 dd95_0.004 thres_0.0,2.0,0.0,wf_is_pv3s_v2v,103331.41,505.46,0.0,1.0,zigZag_PCA10_VotingSoft,1.0,zigZag_PCA10_f10_is7,1.0,1.0,20160906 21:38:34 EDT
2016-09-07 00:00:00,0.0492300708061,0.00744868826129,0.00456832192576,0.0,105054.58,-489.58,both_zigZag_PCA10_VotingSoft DPS wl24.0 maxL2 dd95_0.005 thres_0.0,2.0,0.0,wf_is_pv3s_v2v,103091.75,-239.66,0.0,1.0,zigZag_PCA10_VotingSoft,1.0,zigZag_PCA10_f10_is7,1.0,1.0,20160907 22:33:11 EDT
2016-09-08 00:00:00,0.094636315053,0.00362651544093,0.0046625240412,0.0,107052.74,1998.16,both_zigZag_PCA10_VotingSoft DPS wl25.0 maxL2 dd95_0.005 thres_0.0,2.0,0.0,wf_is_pv3s_v2v,104072.17,980.42,0.0,1.0,zigZag_PCA10_VotingSoft,1.0,zigZag_PCA10_f10_is7,1.0,1.0,20160908 21:31:40 EDT
2016-09-09 00:00:00,0.113465012663,0.0041390939494,0.00475486021374,0.0,108845.62,1792.88,both_zigZag_PCA10_VotingSoft DPS wl26.0 maxL2 dd95_0.005 thres_0.0,2.0,0.0,wf_is_pv3s_v2v,104943.65,871.48,0.0,1.0,zigZag_PCA10_VotingSoft,1.0,zigZag_PCA10_f10_is7,1.0,1.0,20160909 23:46:20 EDT
