dates,CAR25,dd95,ddTol,dpsCommission,dpsNetEquity,dpsNetPNL,dpsRunName,dpsSafef,gainAhead,is_period,netEquity,netPNL,nodpsComm,nodpsSafef,signalType,signals,v4.4_system,safef,mrThreshold,timestamp
2016-06-29,0.149033958757,9.09967200585e-05,0.00131876094679,0.0,117290.11,7906.98,both_buyHold DPS wl2.0 maxL2 dd95_0.001 thres_0.0,2.0,0.011514689696,wf_is_short,111495.92,3889.28,0.0,1.0,buyHold,1.0,buyHold,1.0,,
2016-06-30,0.0760158124188,5.99994600036e-05,0.00161514570617,0.0,119991.23,2701.12,both_buyHold DPS wl3.0 maxL2 dd95_0.002 thres_0.0,2.0,0.0,wf_is_short,112779.76,1283.84,0.0,1.0,buyHold,1.0,buyHold,1.0,1.0,20160701 00:21:51 EDT
2016-07-01 00:00:00,0.12370184486,4e-05,0.00186500961648,0.0,115282.77,3117.02,both_buyHold DPS wl4.0 maxL2 dd95_0.002 thres_0.0,2.0,0.0,wf_is_short,108654.1,1489.03,0.0,1.0,buyHold,1.0,buyHold,1.0,1.0,20160701 20:42:57 EDT
2016-07-01 00:00:00,0.110042019132,5.09991600043e-05,0.00186500961648,0.0,115282.77,3117.02,both_buyHold DPS wl4.0 maxL2 dd95_0.002 thres_0.0,2.0,0.0,wf_is_short,108654.1,1489.03,0.0,1.0,buyHold,1.0,buyHold,1.0,1.0,20160704 20:35:33 EDT
2016-07-05 00:00:00,0.0260660824741,5.09991600044e-05,0.00208514414057,9.31324254702,116406.22,1132.67,both_zigZag_PCA10_VotingSoft DPS wl5.0 maxL2 dd95_0.002 thres_0.0,2.0,0.0,wf_is_pv3s_v2v,109183.56,533.81,4.3675172352,1.0,zigZag_PCA10_VotingSoft,1.0,zigZag_PCA10_f10_is31,1.0,1.0,20160705 20:36:39 EDT
2016-07-05 00:00:00,0.0268032580431,3.999982e-05,0.00208514414057,9.31324254702,116406.22,1132.67,both_zigZag_PCA10_VotingSoft DPS wl5.0 maxL2 dd95_0.002 thres_0.0,2.0,0.0,wf_is_pv3s_v2v,109183.56,533.81,4.3675172352,1.0,zigZag_PCA10_VotingSoft,1.0,zigZag_PCA10_f10_is31,1.0,1.0,20160705 23:07:43 EDT
2016-07-06 00:00:00,0.111956472641,4e-05,0.00228416096288,0.0,118299.16,1892.94,both_zigZag_PCA10_VotingSoft DPS wl6.0 maxL2 dd95_0.002 thres_0.0,2.0,0.0,wf_is_pv3s_v2v,110071.3,887.74,0.0,1.0,zigZag_PCA10_VotingSoft,1.0,zigZag_PCA10_f10_is31,1.0,1.0,20160706 21:05:02 EDT
2016-07-07 00:00:00,0.124728494042,3.99996e-05,0.00246717581898,9.61347399806,120158.81,1859.65,both_zigZag_PCA10_VotingSoft DPS wl7.0 maxL2 dd95_0.002 thres_0.0,2.0,0.0,wf_is_pv3s_v2v,110936.49,865.19,4.43763710345,1.0,zigZag_PCA10_VotingSoft,-1.0,zigZag_PCA10_f10_is17,1.0,1.0,20160707 21:50:52 EDT
2016-07-08 00:00:00,0.101924212911,0.003875422451,0.00263752189358,0.0,119657.69,1828.01,both_buyHold DPS wl8.0 maxL2 dd95_0.003 thres_0.0,2.0,0.0,wf_is_short,110708.23,852.15,0.0,1.0,buyHold,1.0,buyHold,1.0,1.0,20160708 20:59:19 EDT
2016-07-11 00:00:00,0.0435570999209,0.00443804799647,0.00279751442472,0.0,123012.22,3354.53,both_buyHold DPS wl9.0 maxL2 dd95_0.003 thres_0.0,2.0,0.0,wf_is_short,112260.05,1551.82,0.0,1.0,buyHold,1.0,buyHold,1.0,1.0,20160711 20:55:40 EDT
2016-07-12 00:00:00,0.134487733579,0.00498731162096,0.0029488391231,0.0,124270.36,1258.14,both_buyHold DPS wl10.0 maxL2 dd95_0.003 thres_0.0,2.0,0.0,wf_is_short,112834.13,574.08,0.0,1.0,buyHold,1.0,buyHold,1.0,1.0,20160712 21:10:47 EDT
2016-07-13 00:00:00,0.191268629442,0.00363912381006,0.00309276856414,0.0,130296.67,6026.31,both_buyHold DPS wl11.0 maxL2 dd95_0.003 thres_0.0,2.0,0.0,wf_is_short,115569.99,2735.86,0.0,1.0,buyHold,1.0,buyHold,1.0,1.0,20160713 21:34:11 EDT
2016-07-14 00:00:00,0.215251890382,0.00333944462826,0.00323029141235,0.0,133087.87,2791.2,both_buyHold DPS wl12.0 maxL2 dd95_0.003 thres_0.0,2.0,0.0,wf_is_short,116807.86,1237.87,0.0,1.0,buyHold,1.0,buyHold,1.0,1.0,20160714 20:46:56 EDT
2016-07-15 00:00:00,0.183513356324,0.00683232860558,0.00336219390073,0.0,131575.28,-1512.59,both_buyHold DPS wl13.0 maxL2 dd95_0.003 thres_0.0,2.0,0.0,wf_is_short,116144.08,-663.78,0.0,1.0,buyHold,1.0,buyHold,1.0,1.0,20160715 21:08:07 EDT
2016-07-18 00:00:00,0.0127742987816,0.00273178547216,0.00348911350395,0.0,131026.54,-548.74,both_buyHold DPS wl14.0 maxL2 dd95_0.003 thres_0.0,2.0,0.0,wf_is_short,115901.89,-242.19,0.0,1.0,buyHold,1.0,buyHold,1.0,1.0,20160718 21:21:49 EDT
2016-07-19 00:00:00,0.180767973272,0.00739253980296,0.00361157559257,0.0,135224.74,4198.2,both_buyHold DPS wl15.0 maxL2 dd95_0.004 thres_0.0,2.0,0.0,wf_is_short,117758.69,1856.8,0.0,1.0,buyHold,1.0,buyHold,1.0,1.0,20160719 20:50:36 EDT
2016-07-20 00:00:00,0.267235855569,0.00750598754534,0.00373001923296,0.0,143300.32,8075.58,both_buyHold DPS wl16.0 maxL2 dd95_0.004 thres_0.0,2.0,0.0,wf_is_short,121274.95,3516.26,0.0,1.0,buyHold,1.0,buyHold,1.0,1.0,20160720 20:57:13 EDT
2016-07-21 00:00:00,0.272765679091,0.00749370564639,0.00384481582077,0.0,147306.79,4006.47,both_buyHold DPS wl17.0 maxL2 dd95_0.004 thres_0.0,2.0,0.0,wf_is_short,122970.29,1695.34,0.0,1.0,buyHold,1.0,buyHold,1.0,1.0,20160721 21:20:09 EDT
2016-07-22 00:00:00,0.282650360614,0.00761336738564,0.00395628284037,0.0,147564.68,257.89,both_buyHold DPS wl18.0 maxL2 dd95_0.004 thres_0.0,2.0,0.0,wf_is_short,123077.93,107.64,0.0,1.0,buyHold,1.0,buyHold,1.0,1.0,20160722 22:01:36 EDT
2016-07-25 00:00:00,0.0743349373897,0.00505060610959,0.00406469422349,0.0,148726.18,1161.5,both_buyHold DPS wl19.0 maxL2 dd95_0.004 thres_0.0,2.0,0.0,wf_is_short,123562.31,484.38,0.0,1.0,buyHold,1.0,buyHold,1.0,1.0,20160725 21:19:04 EDT
2016-07-26 00:00:00,0.278017501369,0.00549302095537,0.00417028828114,0.0,150475.26,1749.08,both_buyHold DPS wl20.0 maxL2 dd95_0.004 thres_0.0,2.0,0.0,wf_is_short,124288.88,726.57,0.0,1.0,buyHold,1.0,buyHold,1.0,1.0,20160726 21:20:19 EDT
2016-07-27 00:00:00,0.320236210864,0.00486316895992,0.00427327386967,0.0,155297.07,4821.81,both_buyHold DPS wl21.0 maxL2 dd95_0.004 thres_0.0,2.0,0.0,wf_is_short,126280.23,1991.35,0.0,1.0,buyHold,1.0,buyHold,1.0,1.0,20160727 22:06:06 EDT
2016-07-28 00:00:00,0.0760679271409,0.00529725098561,0.00437383524868,0.0,152980.52,-2316.55,both_buyHold DPS wl22.0 maxL2 dd95_0.004 thres_0.0,2.0,0.0,wf_is_short,125338.38,-941.85,0.0,1.0,buyHold,1.0,buyHold,1.0,1.0,20160728 21:12:39 EDT
2016-07-29 00:00:00,0.0949776707162,0.00430191317503,0.004472135955,0.0,157841.56,4861.04,both_buyHold DPS wl23.0 maxL2 dd95_0.004 thres_0.0,2.0,0.0,wf_is_short,127329.73,1991.35,0.0,1.0,buyHold,1.0,buyHold,1.0,1.0,20160730 00:05:05 EDT
2016-08-01 00:00:00,0.0492230701069,0.00415694628791,0.00456832192576,0.0,160732.63,2891.07,both_buyHold DPS wl24.0 maxL2 dd95_0.005 thres_0.0,2.0,0.0,wf_is_short,128495.84,1166.11,0.0,1.0,buyHold,1.0,buyHold,1.0,1.0,20160801 20:57:25 EDT
2016-08-02 00:00:00,0.342900198923,0.00901558681573,0.0046625240412,0.0,161383.41,650.78,both_buyHold DPS wl25.0 maxL2 dd95_0.005 thres_0.0,2.0,0.0,wf_is_short,128755.97,260.13,0.0,1.0,buyHold,1.0,buyHold,1.0,1.0,20160802 21:29:00 EDT
