dates,CAR25,dd95,ddTol,dpsCommission,dpsNetEquity,dpsNetPNL,dpsRunName,dpsSafef,gainAhead,is_period,netEquity,netPNL,nodpsComm,nodpsSafef,signalType,signals,v4.4_system,safef,mrThreshold,timestamp
2016-06-29,0.20357235037,0.0,0.00114208048144,19.0623631375,238260.48,30762.15,both_gainAhead_PCA10_VotingSoft DPS wl1.5 maxL2 dd95_0.001 thres_0.0,2.0,-0.0286123032904,wf_is_pv2e_p2p,183090.2,12635.66,7.32390102993,1.0,gainAhead_PCA10_VotingSoft,1.0,gainAhead_PCA10_f10_is47,1.0,,
2016-06-30,-0.00598882711783,0.0,0.00131876094679,4.49252235536,224621.63,-13638.85,both_gainAhead_PCA10_VotingSoft DPS wl2.0 maxL2 dd95_0.001 thres_0.0,1.0,0.0,wf_is_pv2e_p2p,177851.57,-5238.63,0.0,1.0,gainAhead_PCA10_VotingSoft,1.0,gainAhead_PCA10_f10_is11,1.0,1.0,20160701 00:16:50 EDT
2016-07-01 00:00:00,0.0650557893111,7.09986800176e-05,0.00161514570617,0.0,149353.38,3438.35,both_sellHold DPS wl3.0 maxL2 dd95_0.002 thres_0.0,2.0,0.0,wf_is_pv2e_p2p,134361.0,1564.61,0.0,1.0,sellHold,-1.0,sellHold,1.0,1.0,20160701 20:54:07 EDT
2016-07-01 00:00:00,0.104495149011,5.09993400044e-05,0.00161514570617,0.0,149353.38,3438.35,both_sellHold DPS wl3.0 maxL2 dd95_0.002 thres_0.0,2.0,0.0,wf_is_pv2e_p2p,134361.0,1564.61,0.0,1.0,sellHold,-1.0,sellHold,1.0,1.0,20160704 20:37:39 EDT
2016-07-05 00:00:00,0.00904382762499,0.00452775240699,0.00186500961648,0.0,148463.05,-890.33,both_sellHold DPS wl4.0 maxL2 dd95_0.002 thres_0.0,2.0,0.0,wf_is_pv2e_p2p,133960.52,-400.48,0.0,1.0,sellHold,-1.0,sellHold,1.0,1.0,20160705 20:33:03 EDT
2016-07-05 00:00:00,0.00269974693281,0.00453685215473,0.00186500961648,0.0,148463.05,-890.33,both_sellHold DPS wl4.0 maxL2 dd95_0.002 thres_0.0,2.0,0.0,wf_is_pv2e_p2p,133960.52,-400.48,0.0,1.0,sellHold,-1.0,sellHold,1.0,1.0,20160705 23:07:41 EDT
2016-07-06 00:00:00,0.132303809654,0.00362445742266,0.00208514414057,0.0,159934.19,11471.14,both_sellHold DPS wl5.0 maxL2 dd95_0.002 thres_0.0,2.0,0.0,wf_is_pv2e_p2p,139135.81,5175.29,0.0,1.0,sellHold,-1.0,sellHold,1.0,1.0,20160706 21:04:23 EDT
2016-07-07 00:00:00,0.161667376165,0.00303831794109,0.00228416096288,0.0,164878.06,4943.87,both_sellHold DPS wl6.0 maxL2 dd95_0.002 thres_0.0,2.0,0.0,wf_is_pv2e_p2p,141286.29,2150.48,0.0,1.0,sellHold,-1.0,sellHold,1.0,1.0,20160707 21:43:22 EDT
2016-07-08 00:00:00,0.300742162663,0.00260411044893,0.00246717581898,0.0,188690.9,23812.84,both_sellHold DPS wl7.0 maxL2 dd95_0.002 thres_0.0,2.0,0.0,wf_is_pv2e_p2p,151489.07,10202.78,0.0,1.0,sellHold,-1.0,sellHold,1.0,1.0,20160708 21:07:00 EDT
2016-07-11 00:00:00,0.0985876765234,0.00227417502763,0.00263752189358,0.0,189815.73,1124.83,both_sellHold DPS wl8.0 maxL2 dd95_0.003 thres_0.0,2.0,0.0,wf_is_pv2e_p2p,151940.6,451.53,0.0,1.0,sellHold,-1.0,sellHold,1.0,1.0,20160711 20:55:11 EDT
2016-07-12 00:00:00,0.190026843544,0.0,0.00279751442472,0.0,116074.04,6548.61,both_sellHold DPS wl9.0 maxL2 dd95_0.003 thres_0.0,2.0,0.0,wf_is_pv2e_p2p,112465.5,3264.6,0.0,1.0,sellHold,-1.0,sellHold,1.0,1.0,20160712 21:02:41 EDT
2016-07-13 00:00:00,0.296804819827,0.00186746633419,0.0029488391231,0.0,201164.95,0.0,both_sellHold DPS wl10.0 maxL2 dd95_0.003 thres_0.0,2.0,0.0,wf_is_pv2e_p2p,156482.92,0.0,0.0,1.0,sellHold,-1.0,sellHold,1.0,1.0,20160713 21:25:51 EDT
2016-07-14 00:00:00,0.26500594926,0.000872864272759,0.00309276856414,0.0,203644.64,2479.69,both_sellHold DPS wl11.0 maxL2 dd95_0.003 thres_0.0,2.0,0.0,wf_is_pv2e_p2p,157447.38,964.46,0.0,1.0,sellHold,-1.0,sellHold,1.0,1.0,20160714 20:57:59 EDT
2016-07-15 00:00:00,0.0291755567171,0.00404303804898,0.00323029141235,0.0,198592.99,-5051.65,both_sellHold DPS wl12.0 maxL2 dd95_0.003 thres_0.0,2.0,0.0,wf_is_pv2e_p2p,155494.54,-1952.84,0.0,1.0,sellHold,-1.0,sellHold,1.0,1.0,20160715 21:22:34 EDT
2016-07-18 00:00:00,0.0155267398566,0.00371440653261,0.00336219390073,0.0,213190.94,14597.95,both_sellHold DPS wl13.0 maxL2 dd95_0.003 thres_0.0,2.0,0.0,wf_is_pv2e_p2p,161209.5,5714.96,0.0,1.0,sellHold,-1.0,sellHold,1.0,1.0,20160718 21:14:01 EDT
2016-07-19 00:00:00,0.0120707294061,0.00354462277991,0.00348911350395,2.06696158378,103346.01,325.5,both_sellHold DPS wl14.0 maxL2 dd95_0.003 thres_0.0,2.0,0.0,wf_is_pv2e_p2p,103346.01,327.56,0.0,1.0,sellHold,-1.0,sellHold,1.0,1.0,20160719 20:56:54 EDT
2016-07-20 00:00:00,0.011160970231,0.0046678147548,0.00361157559257,0.0,105983.23,2637.22,both_sellHold DPS wl15.0 maxL2 dd95_0.004 thres_0.0,2.0,0.0,wf_is_pv2e_p2p,104664.62,1318.61,0.0,1.0,sellHold,-1.0,sellHold,1.0,1.0,20160720 20:52:51 EDT
2016-07-21 00:00:00,0.0174006091505,0.00385785377069,0.00373001923296,0.0,210069.06,-9952.51,both_sellHold DPS wl16.0 maxL2 dd95_0.004 thres_0.0,2.0,0.0,wf_is_pv2e_p2p,160081.17,-3704.36,0.0,1.0,sellHold,-1.0,sellHold,1.0,1.0,20160721 21:34:58 EDT
2016-07-22 00:00:00,0.0293477488877,0.0040177881494,0.00384481582077,0.0,222016.12,11947.06,both_sellHold DPS wl17.0 maxL2 dd95_0.004 thres_0.0,2.0,0.0,wf_is_pv2e_p2p,164633.24,4552.07,0.0,1.0,sellHold,-1.0,sellHold,1.0,1.0,20160722 21:58:44 EDT
2016-07-25 00:00:00,0.0104791032843,0.00423069079316,0.00395628284037,0.0,223460.13,1444.01,both_sellHold DPS wl18.0 maxL2 dd95_0.004 thres_0.0,2.0,0.0,wf_is_pv2e_p2p,165168.63,535.39,0.0,1.0,sellHold,-1.0,sellHold,1.0,1.0,20160725 21:18:52 EDT
2016-07-26 00:00:00,0.0318793378387,0.0053212914064,0.00406469422349,0.0,227834.55,4374.42,both_sellHold DPS wl19.0 maxL2 dd95_0.004 thres_0.0,2.0,0.0,wf_is_pv2e_p2p,166785.29,1616.66,0.0,1.0,sellHold,-1.0,sellHold,1.0,1.0,20160726 21:08:36 EDT
2016-07-27 00:00:00,0.0556420083081,0.00419726359279,0.00417028828114,0.0,239845.6,12011.05,both_sellHold DPS wl20.0 maxL2 dd95_0.004 thres_0.0,2.0,0.0,wf_is_pv2e_p2p,171181.61,4396.32,0.0,1.0,sellHold,-1.0,sellHold,1.0,1.0,20160727 22:16:43 EDT
2016-07-28 00:00:00,0.191236253117,0.0,0.00427327386967,0.0,112420.17,5774.39,both_zigZag_PCA10_VotingSoft DPS wl21.0 maxL2 dd95_0.004 thres_0.0,2.0,0.0,wf_is_pv3s_v2v,106790.38,2814.9,0.0,1.0,zigZag_PCA10_VotingSoft,-1.0,zigZag_PCA10_f10_is14,1.0,1.0,20160728 21:14:45 EDT
2016-07-29 00:00:00,0.222696510719,0.0,0.00437383524868,0.0,121022.76,8602.59,both_zigZag_PCA10_VotingSoft DPS wl22.0 maxL2 dd95_0.004 thres_0.0,2.0,0.0,wf_is_pv3s_v2v,110876.27,4085.89,0.0,1.0,zigZag_PCA10_VotingSoft,-1.0,zigZag_PCA10_f10_is14,1.0,1.0,20160730 00:07:18 EDT
2016-08-01 00:00:00,0.107534832151,0.0,0.004472135955,0.0,125731.34,3535.5,both_zigZag_PCA10_VotingSoft DPS wl23.0 maxL2 dd95_0.004 thres_0.0,2.0,0.0,wf_is_pv3s_v2v,112480.27,1604.0,0.0,1.0,zigZag_PCA10_VotingSoft,-1.0,zigZag_PCA10_f10_is14,1.0,1.0,20160801 21:01:05 EDT
2016-08-02 00:00:00,0.356335903349,0.0,0.00456832192576,0.0,135480.76,10966.4,both_gainAhead_VotingSoft DPS wl24.0 maxL2 dd95_0.005 thres_0.0,2.0,0.0,wf_is_pv2e_p2p,117428.83,4953.06,0.0,1.0,gainAhead_VotingSoft,1.0,gainAhead_VotingSoft_f89_is11,1.0,1.0,20160802 21:33:41 EDT
2016-08-03 00:00:00,-0.00493895316939,0.0,0.00114208048144,2.55722910791,127858.9,-7621.86,both_gainAhead_VotingSoft DPS wl1.5 maxL2 dd95_0.001 thres_0.0,1.0,0.0,wf_is_pv2e_p2p,114126.79,-3302.04,0.0,1.0,gainAhead_VotingSoft,1.0,gainAhead_VotingSoft_f94_is21,1.0,1.0,20160803 23:10:51 EDT
2016-08-04 00:00:00,0.119347726691,8e-05,0.00131876094679,0.0,126884.05,6940.67,both_sellHold DPS wl2.0 maxL2 dd95_0.001 thres_0.0,2.0,0.0,wf_is_pv2e_p2p,113749.19,3198.57,0.0,1.0,sellHold,-1.0,sellHold,1.0,1.0,20160804 21:00:31 EDT
2016-08-05 00:00:00,0.168621941506,0.000110996700088,0.00131876094679,0.0,137280.51,10396.46,both_sellHold DPS wl2.0 maxL2 dd95_0.001 thres_0.0,2.0,0.0,wf_is_pv2e_p2p,118409.31,4660.12,0.0,1.0,sellHold,-1.0,sellHold,1.0,1.0,20160805 23:52:46 EDT
2016-08-08 00:00:00,0.0569073062701,5.9998800008e-05,0.00161514570617,0.0,145810.56,8530.05,both_sellHold DPS wl3.0 maxL2 dd95_0.002 thres_0.0,2.0,0.0,wf_is_pv2e_p2p,122088.05,3678.74,0.0,1.0,sellHold,-1.0,sellHold,1.0,1.0,20160808 21:20:48 EDT
2016-08-09 00:00:00,0.153133300869,3.99996e-05,0.00186500961648,0.0,148148.2,2337.64,both_sellHold DPS wl4.0 maxL2 dd95_0.002 thres_0.0,2.0,0.0,wf_is_pv2e_p2p,123066.71,978.66,0.0,1.0,sellHold,-1.0,sellHold,1.0,1.0,20160809 21:58:37 EDT
2016-08-10 00:00:00,-0.00503896020508,0.0,0.00208514414057,2.72353256566,136173.9,-11974.3,both_sellHold DPS wl5.0 maxL2 dd95_0.002 thres_0.0,1.0,0.0,wf_is_pv2e_p2p,118094.32,-4972.39,0.0,1.0,sellHold,-1.0,sellHold,1.0,1.0,20160810 23:55:10 EDT
2016-08-11 00:00:00,-0.00358602132201,0.0,0.00228416096288,0.0,138818.05,2644.15,both_sellHold DPS wl6.0 maxL2 dd95_0.002 thres_0.0,1.0,0.0,wf_is_pv2e_p2p,120387.41,2293.09,0.0,1.0,sellHold,-1.0,sellHold,1.0,1.0,20160811 21:28:01 EDT
2016-08-12 00:00:00,-0.00220478067749,0.0,0.00246717581898,0.0,139738.9,920.85,both_sellHold DPS wl7.0 maxL2 dd95_0.002 thres_0.0,1.0,0.0,wf_is_pv2e_p2p,121186.0,798.59,0.0,1.0,sellHold,-1.0,sellHold,1.0,1.0,20160813 00:28:09 EDT
2016-08-15 00:00:00,0.0152695950711,5.99988000079e-05,0.00161514570617,2.8227724374,141135.8,1396.9,both_sellHold DPS wl3.0 maxL2 dd95_0.002 thres_0.0,2.0,0.0,wf_is_pv2e_p2p,122399.88,1213.88,0.0,1.0,sellHold,-1.0,sellHold,1.0,1.0,20160815 21:45:48 EDT
2016-08-16 00:00:00,-0.00748112725807,0.0,0.00186500961648,2.63231357167,131613.05,-9522.75,both_sellHold DPS wl4.0 maxL2 dd95_0.002 thres_0.0,1.0,0.0,wf_is_pv2e_p2p,118271.72,-4128.16,0.0,1.0,sellHold,-1.0,sellHold,1.0,1.0,20160816 21:19:26 EDT
2016-08-17 00:00:00,-0.00208175368277,0.0,0.00208514414057,0.0,135907.11,4294.06,both_sellHold DPS wl5.0 maxL2 dd95_0.002 thres_0.0,1.0,0.0,wf_is_pv2e_p2p,122130.5,3858.78,0.0,1.0,sellHold,-1.0,sellHold,1.0,1.0,20160817 22:55:07 EDT
2016-08-18 00:00:00,-0.000748869932543,0.0,0.00228416096288,0.0,135818.27,2252.38,both_sellHold DPS wl6.0 maxL2 dd95_0.002 thres_0.0,1.0,0.0,wf_is_pv2e_p2p,124190.04,2059.54,0.0,1.0,sellHold,-1.0,sellHold,1.0,1.0,20160818 21:04:05 EDT
2016-08-19 00:00:00,-0.00065436522666,0.0,0.00228416096288,0.0,133591.51,-922.91,both_sellHold DPS wl6.0 maxL2 dd95_0.002 thres_0.0,1.0,0.0,wf_is_pv2e_p2p,123337.96,-852.08,0.0,1.0,sellHold,-1.0,sellHold,1.0,1.0,20160820 01:14:27 EDT
2016-08-22 00:00:00,-0.000653334641809,0.0,0.00246717581898,0.0,135832.74,-464.39,both_sellHold DPS wl7.0 maxL2 dd95_0.002 thres_0.0,1.0,0.0,wf_is_pv2e_p2p,122917.73,-420.23,0.0,1.0,sellHold,-1.0,sellHold,1.0,1.0,20160823 00:28:28 EDT
2016-08-23 00:00:00,-0.00170219635213,0.0,0.00263752189358,0.0,137247.61,464.46,both_sellHold DPS wl8.0 maxL2 dd95_0.003 thres_0.0,1.0,0.0,wf_is_pv2e_p2p,123335.11,417.38,0.0,1.0,sellHold,-1.0,sellHold,1.0,1.0,20160823 21:31:00 EDT
2016-08-24 00:00:00,-0.00797216333605,0.0,0.00279751442472,0.0,132114.6,-4179.37,both_sellHold DPS wl9.0 maxL2 dd95_0.003 thres_0.0,1.0,0.0,wf_is_pv2e_p2p,119553.11,-3782.0,0.0,1.0,sellHold,-1.0,sellHold,1.0,1.0,20160824 23:15:39 EDT
2016-08-25 00:00:00,-0.00506322507695,0.0,0.0029488391231,0.0,130480.14,1281.31,both_sellHold DPS wl10.0 maxL2 dd95_0.003 thres_0.0,1.0,0.0,wf_is_pv2e_p2p,120738.76,1185.65,0.0,1.0,sellHold,-1.0,sellHold,1.0,1.0,20160825 21:38:17 EDT
2016-08-26 00:00:00,-0.00590358891968,0.0,0.00309276856414,0.0,128799.63,-1303.2,both_sellHold DPS wl11.0 maxL2 dd95_0.003 thres_0.0,1.0,0.0,wf_is_pv2e_p2p,119529.36,-1209.4,0.0,1.0,sellHold,-1.0,sellHold,1.0,1.0,20160827 00:17:17 EDT
2016-08-29 00:00:00,-0.000427412181836,0.0,0.00228416096288,0.0,136969.97,3957.4,both_sellHold DPS wl6.0 maxL2 dd95_0.002 thres_0.0,1.0,0.0,wf_is_pv2e_p2p,123085.61,3556.25,0.0,1.0,sellHold,-1.0,sellHold,1.0,1.0,20160829 23:39:55 EDT
2016-08-30 00:00:00,0.0973655462588,5.9998800008e-05,0.00161514570617,2.66112780784,133053.73,1343.61,both_sellHold DPS wl3.0 maxL2 dd95_0.002 thres_0.0,2.0,0.0,wf_is_pv2e_p2p,124343.73,1258.12,0.0,1.0,sellHold,-1.0,sellHold,1.0,1.0,20160830 21:10:03 EDT
2016-08-31 00:00:00,0.0143432921303,0.00524766249433,0.00186500961648,0.0,137840.52,-955.57,both_sellHold DPS wl4.0 maxL2 dd95_0.002 thres_0.0,2.0,0.0,wf_is_pv2e_p2p,123915.7,-428.03,0.0,1.0,sellHold,-1.0,sellHold,1.0,1.0,20160831 22:58:24 EDT
2016-09-01 00:00:00,0.00698987451568,0.00421745630745,0.00208514414057,0.0,138324.89,0.0,both_sellHold DPS wl5.0 maxL2 dd95_0.002 thres_0.0,2.0,0.0,wf_is_pv2e_p2p,123915.7,0.0,0.0,1.0,sellHold,-1.0,sellHold,1.0,1.0,20160901 21:41:45 EDT
2016-09-02 00:00:00,0.157862011217,0.00352117835862,0.00228416096288,0.0,140086.4,11471.64,both_sellHold DPS wl6.0 maxL2 dd95_0.002 thres_0.0,2.0,0.0,wf_is_pv2e_p2p,129441.96,5526.26,0.0,1.0,sellHold,-1.0,sellHold,1.0,1.0,20160902 23:29:46 EDT
2016-09-02 00:00:00,0.153131011948,0.00349931554839,0.00228416096288,0.0,151590.32,12413.7,both_sellHold DPS wl6.0 maxL2 dd95_0.002 thres_0.0,2.0,0.0,wf_is_pv2e_p2p,129441.96,5526.26,0.0,1.0,sellHold,-1.0,sellHold,1.0,1.0,20160905 21:56:25 EDT
2016-09-06 00:00:00,0.0663368501108,0.00300829905325,0.00246717581898,0.0,159823.96,11700.92,both_sellHold DPS wl7.0 maxL2 dd95_0.002 thres_0.0,2.0,0.0,wf_is_pv2e_p2p,134554.57,5112.61,0.0,1.0,sellHold,-1.0,sellHold,1.0,1.0,20160906 21:34:26 EDT
2016-09-07 00:00:00,0.242384974393,0.00263998479246,0.00263752189358,0.0,157249.38,3449.71,both_sellHold DPS wl8.0 maxL2 dd95_0.003 thres_0.0,2.0,0.0,wf_is_pv2e_p2p,136063.59,1509.02,0.0,1.0,sellHold,-1.0,sellHold,1.0,1.0,20160907 22:46:51 EDT
2016-09-08 00:00:00,0.0149833922618,0.00258271659481,0.00279751442472,0.0,162428.03,-3770.09,both_sellHold DPS wl9.0 maxL2 dd95_0.003 thres_0.0,2.0,0.0,wf_is_pv2e_p2p,134520.34,-1543.25,0.0,1.0,sellHold,-1.0,sellHold,1.0,1.0,20160908 21:31:15 EDT
2016-09-09 00:00:00,0.9582970574,5.09993400044e-05,0.0029488391231,0.0,242186.61,76707.89,both_gainAhead_PCA10_VotingSoft DPS wl10.0 maxL2 dd95_0.003 thres_0.0,2.0,0.0,wf_is_pv3s_v2v,164977.99,31042.9,0.0,1.0,gainAhead_PCA10_VotingSoft,1.0,gainAhead_PCA10_f10_is30,1.0,1.0,20160910 00:23:59 EDT
2016-09-12 00:00:00,0.0952308626365,8e-05,0.00131876094679,14.5921447017,182387.22,22330.24,both_gainAhead_VotingSoft DPS wl2.0 maxL2 dd95_0.001 thres_0.0,2.0,0.0,wf_is_pv3s_v2v,161597.09,10537.88,6.46414221851,1.0,gainAhead_VotingSoft,1.0,gainAhead_VotingSoft_f93_is30,1.0,1.0,20160912 21:39:09 EDT
2016-09-13 00:00:00,0.615212773912,6e-05,0.00161514570617,0.0,222571.97,53923.49,both_gainAhead_VotingSoft DPS wl3.0 maxL2 dd95_0.002 thres_0.0,2.0,0.0,wf_is_pv3s_v2v,154560.72,21303.73,0.0,1.0,gainAhead_VotingSoft,1.0,gainAhead_VotingSoft_f97_is27,1.0,1.0,20160913 21:25:08 EDT
2016-09-14 00:00:00,0.0828262090809,0.0,0.00114208048144,0.0,198576.82,11245.02,both_gainAhead_VotingSoft DPS wl1.5 maxL2 dd95_0.001 thres_0.0,2.0,0.0,wf_is_pv3s_v2v,159199.65,4638.93,0.0,1.0,gainAhead_VotingSoft,1.0,gainAhead_VotingSoft_f110_is53,1.0,1.0,20160914 22:58:47 EDT
2016-09-15 00:00:00,-0.00585872639375,0.0,0.00131876094679,4.39365428026,219678.32,-16254.04,both_gainAhead_VotingSoft DPS wl2.0 maxL2 dd95_0.001 thres_0.0,1.0,0.0,wf_is_pv3s_v2v,153717.28,-5482.37,0.0,1.0,gainAhead_VotingSoft,1.0,gainAhead_VotingSoft_f110_is53,1.0,1.0,20160915 21:52:21 EDT
2016-09-16 00:00:00,-0.00698402157968,0.0,0.00161514570617,0.0,177794.67,-7101.64,both_gainAhead_VotingSoft DPS wl3.0 maxL2 dd95_0.002 thres_0.0,1.0,0.0,wf_is_pv3s_v2v,147813.19,-5904.09,0.0,1.0,gainAhead_VotingSoft,1.0,gainAhead_VotingSoft_f97_is27,1.0,1.0,20160916 22:24:42 EDT
2016-09-19 00:00:00,-0.00196965420338,0.0,0.00131876094679,6.94946356348,173729.64,-4065.03,both_gainAhead_VotingSoft DPS wl2.0 maxL2 dd95_0.001 thres_0.0,1.0,0.0,wf_is_pv3s_v2v,144433.64,-3379.55,5.77757689872,1.0,gainAhead_VotingSoft,-1.0,gainAhead_VotingSoft_f97_is27,1.0,1.0,20160919 21:21:30 EDT
