dates,signals,gainAhead,prior_index,safef,CAR25,dd95,ddTol,system,cycleTime,timestamp
2016-03-23 13:52:00,1.0,-0.000124981536818,10116.0,1.82352957742,1.43621968894,0.00073810415351,0.00134595475515,bothUSDCAD_ALL_DF1_VotingHard_i500_fcst5_gainAhead DPS wl30.0 maxL5 dd95_0.001 thres_0.0,,
2016-03-23 13:53:00,1.0,0.0,10117.0,1.59026635884,2.61742958992,0.000846370639524,0.00134595475515,bothUSDCAD_ALL_DF1_VotingHard_i500_fcst5_gainAhead DPS wl30.0 maxL5 dd95_0.001 thres_0.0,16.6179333333,20160323 14:09:37 EDT
2016-03-23 14:09:00,-1.0,0.0,10459.0,1.0,,,,bothUSDCAD_ALL_DF1_VotingHard_i500_fcst5_gainAhead,17.4572333333,20160323 14:26:27 EDT
2016-03-23 14:25:00,-1.0,0.0,10134.0,1.0,,,,bothUSDCAD_ALL_DF1_VotingHard_i500_fcst5_gainAhead,16.93725,20160323 14:41:56 EDT
2016-03-23 14:41:00,-1.0,0.0,10150.0,1.0,,,,bothUSDCAD_ALL_DF1_VotingHard_i500_fcst10_gainAhead,16.6061,20160323 14:57:36 EDT
2016-03-23 14:57:00,1.0,0.0,10166.0,1.30914348294,17.1021247254,0.00102811859257,0.00134595475515,bothUSDCAD_ALL_DF1_VotingHard_i1000_fcst5_gainAhead DPS wl30.0 maxL5 dd95_0.001 thres_0.0,17.8363166667,20160323 15:14:50 EDT
2016-03-23 15:14:00,-1.0,0.0,10183.0,1.0,,,,bothUSDCAD_ALL_DF1_VotingHard_i1000_fcst10_gainAhead,17.5854833333,20160323 15:31:35 EDT
2016-03-23 15:30:00,1.0,0.0,10199.0,2.36036229273,0.718064285689,0.000570232272939,0.00134595475515,bothUSDCAD_ALL_DF1_VotingHard_i500_fcst10_gainAhead DPS wl30.0 maxL5 dd95_0.001 thres_0.0,19.24205,20160323 15:49:14 EDT
2016-03-23 15:48:00,-1.0,0.0,10217.0,0.0,-3.49355596123,0.0,0.00134595475515,bothUSDCAD_ALL_DF1_VotingHard_i500_fcst5_gainAhead DPS wl30.0 maxL5 dd95_0.001 thres_0.0,16.3876666667,20160323 16:04:23 EDT
2016-03-23 16:03:00,-1.0,0.0,10232.0,1.00621530007,36.1600508463,0.00133764091548,0.00134595475515,bothUSDCAD_ALL_DF1_VotingHard_i1000_fcst10_gainAhead DPS wl30.0 maxL5 dd95_0.001 thres_0.0,10.3130833333,20160323 16:13:18 EDT
2016-03-23 16:12:00,-1.0,0.0,10241.0,1.0,,,,bothUSDCAD_ALL_DF1_VotingHard_i1000_fcst10_gainAhead,10.2366833333,20160323 16:22:14 EDT
2016-03-23 16:21:00,-1.0,0.0,10250.0,1.0,,,,bothUSDCAD_ALL_DF1_VotingHard_i1000_fcst10_gainAhead,11.2229,20160323 16:32:13 EDT
2016-03-23 16:31:00,-1.0,0.0,10260.0,1.0,,,,bothUSDCAD_ALL_DF1_VotingHard_i500_fcst10_gainAhead,17.8817,20160323 16:48:52 EDT
2016-03-23 16:48:00,-1.0,0.0,10277.0,1.51992668632,2.20679369325,0.000885539261374,0.00134595475515,bothUSDCAD_ALL_DF1_VotingHard_i500_fcst10_gainAhead DPS wl30.0 maxL5 dd95_0.001 thres_0.0,16.7932833333,20160323 17:04:47 EDT
2016-03-23 16:58:00,-1.0,0.0,10287.0,0.0,-3.24539237379,0.0,0.00134595475515,bothUSDCAD_ALL_DF1_VotingHard_i1000_fcst5_gainAhead DPS wl30.0 maxL5 dd95_0.001 thres_0.0,24.8733333333,20160323 17:22:52 EDT
2016-03-23 17:22:00,-1.0,0.0,10296.0,0.0,-4.23873488364,0.0,0.00134595475515,bothUSDCAD_ALL_DF1_VotingHard_i500_fcst5_gainAhead DPS wl30.0 maxL5 dd95_0.001 thres_0.0,10.6793166667,20160323 17:32:40 EDT
2016-03-23 17:31:00,-1.0,0.0,10305.0,2.67625354917,8.46915946765,0.000502924977181,0.00134595475515,bothUSDCAD_ALL_DF1_VotingHard_i500_fcst10_gainAhead DPS wl30.0 maxL5 dd95_0.001 thres_0.0,16.9835333333,20160323 17:47:59 EDT
2016-03-23 17:47:00,-1.0,0.0,10318.0,3.47029332258,7.7775536476,0.000387850429354,0.00134595475515,bothUSDCAD_ALL_DF1_VotingHard_i500_fcst10_gainAhead DPS wl30.0 maxL5 dd95_0.001 thres_0.0,17.0120666667,20160323 18:04:00 EDT
2016-03-23 18:03:00,-1.0,0.0,10333.0,5.0,0.457260233592,0.000234049956516,0.00134595475515,bothUSDCAD_ALL_DF1_VotingHard_i500_fcst10_gainAhead DPS wl30.0 maxL5 dd95_0.001 thres_0.0,9.97916666667,20160323 18:12:58 EDT
2016-03-23 18:12:00,-1.0,0.0,10341.0,3.80299537761,2.97534573419,0.000353919640047,0.00134595475515,bothUSDCAD_ALL_DF1_VotingHard_i500_fcst5_gainAhead DPS wl30.0 maxL5 dd95_0.001 thres_0.0,17.6817166667,20160323 18:29:40 EDT
2016-03-23 18:29:00,-1.0,0.0,10358.0,3.77386907883,1.07186644929,0.000356651152181,0.00134595475515,bothUSDCAD_ALL_DF1_VotingHard_i1000_fcst5_gainAhead DPS wl30.0 maxL5 dd95_0.001 thres_0.0,16.0695333333,20160323 18:45:04 EDT
2016-03-23 18:44:00,-1.0,0.0,10439.0,5.0,5.17605696595,0.00023552294921,0.00134595475515,bothUSDCAD_ALL_DF1_VotingHard_i500_fcst5_gainAhead DPS wl30.0 maxL5 dd95_0.001 thres_0.0,17.3105833333,20160323 19:01:18 EDT
2016-03-23 19:00:00,-1.0,0.0,10383.0,1.0,,,,bothUSDCAD_ALL_DF1_VotingHard_i500_fcst5_gainAhead,16.61715,20160323 19:16:37 EDT
2016-03-23 19:15:00,-1.0,0.0,10398.0,1.0,,,,bothUSDCAD_ALL_DF1_VotingHard_i500_fcst5_gainAhead,16.43695,20160323 19:31:26 EDT
2016-03-23 19:30:00,1.0,0.0,10411.0,1.0,,,,bothUSDCAD_ALL_DF1_VotingHard_i500_fcst10_gainAhead,23.5012666667,20160323 19:53:30 EDT
2016-03-23 19:52:00,-1.0,0.0,10433.0,1.0,,,,bothUSDCAD_ALL_DF1_VotingHard_i500_fcst5_gainAhead,18.2916,20160323 20:10:17 EDT
2016-03-23 20:09:00,-1.0,0.0,10449.0,5.0,0.0841799564934,0.000245653749189,0.00134595475515,bothUSDCAD_ALL_DF1_VotingHard_i1000_fcst10_gainAhead DPS wl30.0 maxL5 dd95_0.001 thres_0.0,16.1356166667,20160323 20:25:08 EDT
2016-03-23 20:24:00,1.0,0.0,10464.0,1.98618338381,2.56463983651,0.000677658853716,0.00134595475515,bothUSDCAD_ALL_DF1_VotingHard_i1000_fcst5_gainAhead DPS wl30.0 maxL5 dd95_0.001 thres_0.0,10.9541,20160323 20:34:57 EDT
2016-03-23 20:34:00,-1.0,0.0,10474.0,0.0,-1.33522031678,0.0,0.00134595475515,bothUSDCAD_ALL_DF1_VotingHard_i1000_fcst10_gainAhead DPS wl30.0 maxL5 dd95_0.001 thres_0.0,16.4700666667,20160323 20:50:28 EDT
2016-03-23 20:49:00,1.0,0.0,10488.0,1.9026384587,0.552416284363,0.000707414879053,0.00134595475515,bothUSDCAD_ALL_DF1_VotingHard_i500_fcst5_gainAhead DPS wl30.0 maxL5 dd95_0.001 thres_0.0,17.1256333333,20160323 21:06:07 EDT
2016-03-23 21:05:00,1.0,0.0,10503.0,0.0,-18.3221972428,0.0,0.00134595475515,bothUSDCAD_ALL_DF1_VotingHard_i500_fcst5_gainAhead DPS wl30.0 maxL5 dd95_0.001 thres_0.0,16.9309666667,20160323 21:21:55 EDT
2016-03-23 21:21:00,-1.0,0.0,10519.0,1.0,,,,bothUSDCAD_ALL_DF1_VotingHard_i500_fcst5_gainAhead,15.3085333333,20160323 21:36:18 EDT
2016-03-23 21:35:00,1.0,0.0,10533.0,0.0,-0.157514129429,0.0,0.00134595475515,bothUSDCAD_ALL_DF1_VotingHard_i500_fcst5_gainAhead DPS wl30.0 maxL5 dd95_0.001 thres_0.0,18.94815,20160323 21:53:56 EDT
2016-03-23 21:53:00,1.0,0.0,10551.0,1.0,,,,bothUSDCAD_ALL_DF1_VotingHard_i1000_fcst10_gainAhead,17.1537833333,20160323 22:10:09 EDT
2016-03-23 22:09:00,1.0,0.0,10567.0,2.20488781718,3.40200567796,0.000610441376952,0.00134595475515,bothUSDCAD_ALL_DF1_VotingHard_i1000_fcst5_gainAhead DPS wl30.0 maxL5 dd95_0.001 thres_0.0,20.2698666667,20160323 22:29:16 EDT
2016-03-23 22:28:00,-1.0,0.0,10586.0,1.0,,,,bothUSDCAD_ALL_DF1_VotingHard_i1000_fcst5_gainAhead,18.6571333333,20160323 22:46:39 EDT
2016-03-23 22:45:00,-1.0,0.0,10603.0,1.0,,,,bothUSDCAD_ALL_DF1_VotingHard_i1000_fcst10_gainAhead,18.0862166667,20160323 23:03:05 EDT
2016-03-23 23:02:00,1.0,0.0,10620.0,1.0,,,,bothUSDCAD_ALL_DF1_VotingHard_i1000_fcst5_gainAhead,16.7397,20160323 23:18:44 EDT
2016-03-23 23:18:00,1.0,0.0,10636.0,1.0,,,,bothUSDCAD_ALL_DF1_VotingHard_i500_fcst10_gainAhead,18.8978666667,20160323 23:36:53 EDT
2016-03-23 23:36:00,-1.0,0.0,10654.0,1.0,,,,bothUSDCAD_ALL_DF1_VotingHard_i500_fcst10_gainAhead,17.0982833333,20160323 23:53:05 EDT
2016-03-23 23:52:00,-1.0,0.0,10669.0,1.0,,,,bothUSDCAD_ALL_DF1_VotingHard_i500_fcst5_gainAhead,20.8529833333,20160324 00:12:51 EDT
2016-03-24 00:12:00,1.0,0.0,10689.0,1.0,,,,bothUSDCAD_ALL_DF1_VotingHard_i500_fcst5_gainAhead,17.96835,20160324 00:29:58 EDT
2016-03-24 00:29:00,1.0,0.0,10706.0,1.0,,,,bothUSDCAD_ALL_DF1_VotingHard_i500_fcst10_gainAhead,18.0389,20160324 00:47:02 EDT
2016-03-24 00:46:00,1.0,0.0,10723.0,0.0,-1.31455640651,0.0,0.00134595475515,bothUSDCAD_ALL_DF1_VotingHard_i500_fcst5_gainAhead DPS wl30.0 maxL5 dd95_0.001 thres_0.0,20.80245,20160324 01:06:48 EDT
2016-03-24 01:06:00,1.0,0.0,10743.0,3.51734192498,10.434670892,0.00038266247179,0.00134595475515,bothUSDCAD_ALL_DF1_VotingHard_i1000_fcst5_gainAhead DPS wl30.0 maxL5 dd95_0.001 thres_0.0,20.1722166667,20160324 01:26:10 EDT
2016-03-24 01:25:00,1.0,0.0,10762.0,1.0,,,,bothUSDCAD_ALL_DF1_VotingHard_i500_fcst5_gainAhead,19.1934,20160324 01:44:11 EDT
2016-03-24 01:43:00,1.0,0.0,10780.0,2.67796831117,10.8925554713,0.000502602943258,0.00134595475515,bothUSDCAD_ALL_DF1_VotingHard_i1000_fcst5_gainAhead DPS wl30.0 maxL5 dd95_0.001 thres_0.0,18.10795,20160324 02:01:06 EDT
2016-03-24 02:00:00,1.0,0.0,10796.0,0.0,-15.0164479838,0.0,0.00134595475515,bothUSDCAD_ALL_DF1_VotingHard_i1000_fcst5_gainAhead DPS wl30.0 maxL5 dd95_0.001 thres_0.0,20.0847,20160324 02:20:05 EDT
2016-03-24 02:19:00,1.0,0.0,10815.0,2.92209732246,1.51772343306,0.000460612569198,0.00134595475515,bothUSDCAD_ALL_DF1_VotingHard_i1000_fcst10_gainAhead DPS wl30.0 maxL5 dd95_0.001 thres_0.0,15.1367166667,20160324 02:34:08 EDT
2016-03-24 02:33:00,1.0,0.0,10829.0,1.0,,,,bothUSDCAD_ALL_DF1_VotingHard_i1000_fcst5_gainAhead,15.2400333333,20160324 02:48:14 EDT
2016-03-24 02:47:00,1.0,0.0,10843.0,1.0,,,,bothUSDCAD_ALL_DF1_VotingHard_i500_fcst5_gainAhead,17.3610166667,20160324 03:04:21 EDT
2016-03-24 03:03:00,-1.0,0.0,10859.0,0.0,-20.3357564899,0.0,0.00134595475515,bothUSDCAD_ALL_DF1_VotingHard_i500_fcst5_gainAhead DPS wl30.0 maxL5 dd95_0.001 thres_0.0,19.01965,20160324 03:22:01 EDT
2016-03-24 03:21:00,-1.0,0.0,10877.0,0.0,-8.37966502866,0.0,0.00134595475515,bothUSDCAD_ALL_DF1_VotingHard_i500_fcst5_gainAhead DPS wl30.0 maxL5 dd95_0.001 thres_0.0,18.1324166667,20160324 03:39:07 EDT
2016-03-24 03:38:00,-1.0,0.0,10894.0,0.0,-3.83209815087,0.0,0.00134595475515,bothUSDCAD_ALL_DF1_VotingHard_i1000_fcst10_gainAhead DPS wl30.0 maxL5 dd95_0.001 thres_0.0,19.9099166667,20160324 03:57:54 EDT
2016-03-24 03:57:00,1.0,0.0,10913.0,1.2775490986,22.3495663295,0.0010535444443,0.00134595475515,bothUSDCAD_ALL_DF1_VotingHard_i500_fcst5_gainAhead DPS wl30.0 maxL5 dd95_0.001 thres_0.0,19.0417833333,20160324 04:16:02 EDT
2016-03-24 04:15:00,-1.0,0.0,10931.0,1.0,,,,bothUSDCAD_ALL_DF1_VotingHard_i500_fcst5_gainAhead,17.1677166667,20160324 04:32:10 EDT
2016-03-24 04:31:00,1.0,0.0,10947.0,0.720476288641,65.4211297293,0.0018681458035,0.00134595475515,bothUSDCAD_ALL_DF1_VotingHard_i500_fcst5_gainAhead DPS wl30.0 maxL5 dd95_0.001 thres_0.0,17.8353666667,20160324 04:48:50 EDT
2016-03-24 04:48:00,-1.0,0.0,10964.0,1.69404702377,2.75700766748,0.000794520303308,0.00134595475515,bothUSDCAD_ALL_DF1_VotingHard_i1000_fcst5_gainAhead DPS wl30.0 maxL5 dd95_0.001 thres_0.0,17.2110666667,20160324 05:05:12 EDT
2016-03-24 05:04:00,-1.0,0.0,10980.0,1.0,,,,bothUSDCAD_ALL_DF1_VotingHard_i500_fcst10_gainAhead,15.6123333333,20160324 05:19:36 EDT
2016-03-24 05:19:00,1.0,0.0,10995.0,1.0,,,,bothUSDCAD_ALL_DF1_VotingHard_i1000_fcst10_gainAhead,18.9148,20160324 05:37:54 EDT
2016-03-24 05:37:00,1.0,0.0,11013.0,1.0,,,,bothUSDCAD_ALL_DF1_VotingHard_i1000_fcst10_gainAhead,18.2486666667,20160324 05:55:14 EDT
2016-03-24 05:54:00,-1.0,0.0,11030.0,1.0,,,,bothUSDCAD_ALL_DF1_VotingHard_i1000_fcst5_gainAhead,19.0036666667,20160324 06:13:00 EDT
2016-03-24 06:12:00,1.0,0.0,11048.0,1.0,,,,bothUSDCAD_ALL_DF1_VotingHard_i500_fcst5_gainAhead,18.9087,20160324 06:30:54 EDT
2016-03-24 06:29:00,-1.0,0.0,11065.0,0.0,-11.3182407647,0.0,0.00134595475515,bothUSDCAD_ALL_DF1_VotingHard_i500_fcst10_gainAhead DPS wl30.0 maxL5 dd95_0.001 thres_0.0,17.1855666667,20160324 06:46:11 EDT
2016-03-24 06:45:00,1.0,0.0,11081.0,1.0,,,,bothUSDCAD_ALL_DF1_VotingHard_i1000_fcst10_gainAhead,19.2400833333,20160324 07:04:14 EDT
2016-03-24 07:03:00,1.0,0.0,11099.0,1.0,,,,bothUSDCAD_ALL_DF1_VotingHard_i500_fcst10_gainAhead,21.79045,20160324 07:24:47 EDT
2016-03-24 07:24:00,1.0,0.0,11120.0,1.36056081165,1.6656923171,0.000989264679407,0.00134595475515,bothUSDCAD_ALL_DF1_VotingHard_i500_fcst5_gainAhead DPS wl30.0 maxL5 dd95_0.001 thres_0.0,20.1102,20160324 07:44:06 EDT
2016-03-24 07:43:00,1.0,0.0,11139.0,1.0,,,,bothUSDCAD_ALL_DF1_VotingHard_i1000_fcst5_gainAhead,16.8829666667,20160324 07:59:52 EDT
2016-03-24 07:59:00,-1.0,0.0,11155.0,1.0,,,,bothUSDCAD_ALL_DF1_VotingHard_i500_fcst5_gainAhead,18.6676666667,20160324 08:17:40 EDT
2016-03-24 08:17:00,1.0,0.0,11173.0,1.0,,,,bothUSDCAD_ALL_DF1_VotingHard_i500_fcst5_gainAhead,11.8170333333,20160324 08:28:49 EDT
2016-03-24 08:28:00,1.0,0.0,11184.0,1.0,,,,bothUSDCAD_ALL_DF1_VotingHard_i1000_fcst5_gainAhead,19.92035,20160324 08:47:55 EDT
2016-03-24 08:47:00,-1.0,0.0,11203.0,1.0,,,,bothUSDCAD_ALL_DF1_VotingHard_i1000_fcst10_gainAhead,17.9206,20160324 09:04:55 EDT
2016-03-24 09:04:00,1.0,0.0,11220.0,1.0,,,,bothUSDCAD_ALL_DF1_VotingHard_i1000_fcst5_gainAhead,10.5140666667,20160324 09:14:30 EDT
2016-03-24 09:14:00,1.0,0.0,11230.0,1.0,,,,bothUSDCAD_ALL_DF1_VotingHard_i1000_fcst10_gainAhead,17.6171666667,20160324 09:31:37 EDT
2016-03-24 09:31:00,-1.0,0.0,11247.0,1.38686496815,13.1388493337,0.000970501660982,0.00134595475515,bothUSDCAD_ALL_DF1_VotingHard_i1000_fcst10_gainAhead DPS wl30.0 maxL5 dd95_0.001 thres_0.0,18.9415166667,20160324 09:49:56 EDT
2016-03-24 09:49:00,-1.0,0.0,11265.0,1.0,,,,bothUSDCAD_ALL_DF1_VotingHard_i1000_fcst10_gainAhead,17.49535,20160324 10:06:29 EDT
2016-03-24 10:05:00,-1.0,0.0,11281.0,1.0,,,,bothUSDCAD_ALL_DF1_VotingHard_i1000_fcst5_gainAhead,19.2045166667,20160324 10:24:12 EDT
2016-03-24 10:23:00,-1.0,0.0,11299.0,1.0,,,,bothUSDCAD_ALL_DF1_VotingHard_i1000_fcst5_gainAhead,17.4429666667,20160324 10:40:26 EDT
2016-03-24 10:39:00,1.0,0.0,11315.0,1.0,,,,bothUSDCAD_ALL_DF1_VotingHard_i1000_fcst5_gainAhead,16.5771166667,20160324 10:55:34 EDT
2016-03-24 10:55:00,1.0,0.0,11331.0,1.0,,,,bothUSDCAD_ALL_DF1_VotingHard_i1000_fcst5_gainAhead,17.6114833333,20160324 11:12:36 EDT
2016-03-24 11:12:00,1.0,0.0,11358.0,1.31348133144,8.62826757088,0.00102472317111,0.00134595475515,bothUSDCAD_ALL_DF1_VotingHard_i1000_fcst10_gainAhead DPS wl30.0 maxL5 dd95_0.001 thres_0.0,16.73115,20160324 11:28:43 EDT
2016-03-24 11:27:00,1.0,0.0,11363.0,0.0,-18.0192841711,0.0,0.00134595475515,bothUSDCAD_ALL_DF1_VotingHard_i500_fcst5_gainAhead DPS wl30.0 maxL5 dd95_0.001 thres_0.0,17.5763166667,20160324 11:44:34 EDT
2016-03-24 11:43:00,-1.0,0.0,11379.0,1.0,,,,bothUSDCAD_ALL_DF1_VotingHard_i1000_fcst10_gainAhead,19.8334666667,20160324 12:02:50 EDT
2016-03-24 12:02:00,1.0,0.0,11398.0,0.65986176069,8.16748146615,0.00203975261991,0.00134595475515,bothUSDCAD_ALL_DF1_VotingHard_i1000_fcst10_gainAhead DPS wl30.0 maxL5 dd95_0.001 thres_0.0,19.4940333333,20160324 12:21:29 EDT
2016-03-24 12:20:00,1.0,0.0,11416.0,1.0,,,,bothUSDCAD_ALL_DF1_VotingHard_i1000_fcst10_gainAhead,17.8278,20160324 12:37:49 EDT
2016-03-24 12:37:00,1.0,0.0,11433.0,1.27270625314,5.4651189648,0.00105755334495,0.00134595475515,bothUSDCAD_ALL_DF1_VotingHard_i1000_fcst10_gainAhead DPS wl30.0 maxL5 dd95_0.001 thres_0.0,18.6393166667,20160324 12:55:38 EDT
2016-03-24 12:55:00,-1.0,0.0,11451.0,1.0,,,,bothUSDCAD_ALL_DF1_VotingHard_i1000_fcst5_gainAhead,16.28005,20160324 13:11:16 EDT
2016-03-24 13:10:00,-1.0,0.0,11466.0,1.0,,,,bothUSDCAD_ALL_DF1_VotingHard_i1000_fcst10_gainAhead,18.1576166667,20160324 13:28:09 EDT
2016-03-24 13:27:00,1.0,0.0,11483.0,0.0,-4.73683559076,0.0,0.00134595475515,bothUSDCAD_ALL_DF1_VotingHard_i1000_fcst10_gainAhead DPS wl30.0 maxL5 dd95_0.001 thres_0.0,11.0498166667,20160324 13:38:02 EDT
2016-03-24 13:37:00,-1.0,0.0,11493.0,1.0,,,,bothUSDCAD_ALL_DF1_VotingHard_i1000_fcst10_gainAhead,20.4711333333,20160324 13:57:28 EDT
2016-03-24 13:56:00,1.0,0.0,11512.0,1.0,,,,bothUSDCAD_ALL_DF1_VotingHard_i1000_fcst10_gainAhead,22.6322333333,20160324 14:18:37 EDT
2016-03-24 14:17:00,1.0,0.0,11518.0,1.0,,,,bothUSDCAD_ALL_DF1_VotingHard_i1000_fcst10_gainAhead,18.2696833333,20160324 14:35:16 EDT
2016-03-24 14:34:00,1.0,0.0,11534.0,1.0,,,,bothUSDCAD_ALL_DF1_VotingHard_i500_fcst10_gainAhead,17.62845,20160324 14:51:37 EDT
2016-03-24 14:50:00,1.0,0.0,11550.0,1.0,,,,bothUSDCAD_ALL_DF1_VotingHard_i500_fcst10_gainAhead,16.0346666667,20160324 15:06:02 EDT
2016-03-24 15:05:00,1.0,0.0,11564.0,1.30626863853,15.1719904199,0.00103038128256,0.00134595475515,bothUSDCAD_ALL_DF1_VotingHard_i1000_fcst10_gainAhead DPS wl30.0 maxL5 dd95_0.001 thres_0.0,19.02355,20160324 15:24:01 EDT
2016-03-24 15:23:00,1.0,0.0,11581.0,1.0,,,,bothUSDCAD_ALL_DF1_VotingHard_i1000_fcst10_gainAhead,17.4299666667,20160324 15:40:25 EDT
2016-03-24 15:39:00,1.0,0.0,11597.0,1.94986021033,3.62689523678,0.00069028269207,0.00134595475515,bothUSDCAD_ALL_DF1_VotingHard_i500_fcst10_gainAhead DPS wl30.0 maxL5 dd95_0.001 thres_0.0,18.7052333333,20160324 15:57:42 EDT
2016-03-24 15:57:00,-1.0,0.0,11615.0,3.85946159891,1.77418007674,0.000348741584973,0.00134595475515,bothUSDCAD_ALL_DF1_VotingHard_i500_fcst5_gainAhead DPS wl30.0 maxL5 dd95_0.001 thres_0.0,10.1067666667,20160324 16:07:06 EDT
2016-03-24 16:06:00,1.0,0.0,11623.0,0.0,-2.04297179198,0.0,0.00134595475515,bothUSDCAD_ALL_DF1_VotingHard_i1000_fcst5_gainAhead DPS wl30.0 maxL5 dd95_0.001 thres_0.0,15.09705,20160324 16:21:05 EDT
2016-03-24 16:20:00,-1.0,0.0,11637.0,5.0,1.93993411114,0.000227557800591,0.00134595475515,bothUSDCAD_ALL_DF1_VotingHard_i1000_fcst5_gainAhead DPS wl30.0 maxL5 dd95_0.001 thres_0.0,19.7466833333,20160324 16:39:44 EDT
2016-03-24 16:39:00,-1.0,0.0,11655.0,1.55340715659,2.99448793123,0.000866453298759,0.00134595475515,bothUSDCAD_ALL_DF1_VotingHard_i500_fcst10_gainAhead DPS wl30.0 maxL5 dd95_0.001 thres_0.0,21.3444333333,20160324 17:00:20 EDT
2016-03-24 16:58:00,-1.0,0.0,11674.0,1.0,,,,bothUSDCAD_ALL_DF1_VotingHard_i500_fcst10_gainAhead,18.6091833333,20160324 17:16:36 EDT
2016-03-24 17:16:00,1.0,0.0,11677.0,2.35391610878,2.38392264151,0.000571793850309,0.00134595475515,bothUSDCAD_ALL_DF1_VotingHard_i500_fcst10_gainAhead DPS wl30.0 maxL5 dd95_0.001 thres_0.0,16.1441666667,20160324 17:32:08 EDT
2016-03-24 17:31:00,1.0,0.0,11691.0,1.0,,,,bothUSDCAD_ALL_DF1_VotingHard_i500_fcst5_gainAhead,16.6103833333,20160324 17:47:36 EDT
2016-03-24 17:46:00,-1.0,0.0,11701.0,1.0,,,,bothUSDCAD_ALL_DF1_VotingHard_i500_fcst5_gainAhead,16.9919666667,20160324 18:02:59 EDT
2016-03-24 18:02:00,-1.0,0.0,11713.0,2.20416951578,0.453367297628,0.000610640309426,0.00134595475515,bothUSDCAD_ALL_DF1_VotingHard_i500_fcst10_gainAhead DPS wl30.0 maxL5 dd95_0.001 thres_0.0,20.4773666667,20160324 18:22:28 EDT
2016-03-24 18:21:00,-1.0,0.0,11730.0,0.0,-7.70226425422,0.0,0.00134595475515,bothUSDCAD_ALL_DF1_VotingHard_i500_fcst10_gainAhead DPS wl30.0 maxL5 dd95_0.001 thres_0.0,17.0995833333,20160324 18:38:05 EDT
2016-03-24 18:37:00,-1.0,0.0,11742.0,1.0,,,,bothUSDCAD_ALL_DF1_VotingHard_i500_fcst5_gainAhead,16.8476166667,20160324 18:53:50 EDT
2016-03-24 18:53:00,-1.0,0.0,11758.0,3.47632288965,8.40626111898,0.000387177715612,0.00134595475515,bothUSDCAD_ALL_DF1_VotingHard_i500_fcst10_gainAhead DPS wl30.0 maxL5 dd95_0.001 thres_0.0,15.5351,20160324 19:08:32 EDT
2016-03-24 19:07:00,1.0,0.0,11772.0,1.0,,,,bothUSDCAD_ALL_DF1_VotingHard_i500_fcst5_gainAhead,23.8900833333,20160324 19:30:53 EDT
2016-03-24 19:30:00,-1.0,0.0,11785.0,1.20247979208,2.76186817781,0.0011193159037,0.00134595475515,bothUSDCAD_ALL_DF1_VotingHard_i500_fcst5_gainAhead DPS wl30.0 maxL5 dd95_0.001 thres_0.0,11.7178,20160324 19:41:43 EDT
2016-03-24 19:40:00,-1.0,0.0,11792.0,3.31844285974,1.52344450668,0.000405598291739,0.00134595475515,bothUSDCAD_ALL_DF1_VotingHard_i1000_fcst10_gainAhead DPS wl30.0 maxL5 dd95_0.001 thres_0.0,17.3494,20160324 19:57:20 EDT
2016-03-24 19:56:00,-1.0,0.0,11804.0,1.0,,,,bothUSDCAD_ALL_DF1_VotingHard_i500_fcst5_gainAhead,19.0184666667,20160324 20:15:01 EDT
2016-03-24 20:14:00,1.0,0.0,11822.0,0.0,-9.7828145489,0.0,0.00134595475515,bothUSDCAD_ALL_DF1_VotingHard_i1000_fcst5_gainAhead DPS wl30.0 maxL5 dd95_0.001 thres_0.0,17.3358166667,20160324 20:31:20 EDT
2016-03-24 20:30:00,1.0,0.0,11838.0,0.0,-1.84289840156,0.0,0.00134595475515,bothUSDCAD_ALL_DF1_VotingHard_i1000_fcst5_gainAhead DPS wl30.0 maxL5 dd95_0.001 thres_0.0,16.42075,20160324 20:46:25 EDT
2016-03-24 20:45:00,-1.0,0.0,11853.0,3.62047226791,0.49243659351,0.000371762205466,0.00134595475515,bothUSDCAD_ALL_DF1_VotingHard_i1000_fcst5_gainAhead DPS wl30.0 maxL5 dd95_0.001 thres_0.0,16.5426666667,20160324 21:01:32 EDT
2016-03-24 21:00:00,-1.0,0.0,11868.0,1.0,,,,bothUSDCAD_ALL_DF1_VotingHard_i1000_fcst5_gainAhead,17.78735,20160324 21:17:47 EDT
2016-03-24 21:17:00,-1.0,0.0,11885.0,1.13380789528,5.00140640149,0.00118711005696,0.00134595475515,bothUSDCAD_ALL_DF1_VotingHard_i1000_fcst5_gainAhead DPS wl30.0 maxL5 dd95_0.001 thres_0.0,18.2936333333,20160324 21:35:17 EDT
2016-03-24 21:34:00,-1.0,0.0,11901.0,1.92495216567,1.98787777238,0.000699214650188,0.00134595475515,bothUSDCAD_ALL_DF1_VotingHard_i1000_fcst5_gainAhead DPS wl30.0 maxL5 dd95_0.001 thres_0.0,18.4194166667,20160324 21:52:25 EDT
2016-03-24 21:51:00,-1.0,0.0,11915.0,4.52381938549,1.44031520241,0.000297526192019,0.00134595475515,bothUSDCAD_ALL_DF1_VotingHard_i1000_fcst10_gainAhead DPS wl30.0 maxL5 dd95_0.001 thres_0.0,17.8901666667,20160324 22:08:53 EDT
2016-03-24 22:08:00,1.0,0.0,11925.0,5.0,1.75253020025,0.000164237820869,0.00134595475515,bothUSDCAD_ALL_DF1_VotingHard_i500_fcst10_gainAhead DPS wl30.0 maxL5 dd95_0.001 thres_0.0,18.2425333333,20160324 22:26:14 EDT
2016-03-24 22:25:00,-1.0,0.0,11942.0,3.09306151199,2.00551601249,0.000435152922089,0.00134595475515,bothUSDCAD_ALL_DF1_VotingHard_i1000_fcst10_gainAhead DPS wl30.0 maxL5 dd95_0.001 thres_0.0,9.90256666667,20160324 22:34:54 EDT
2016-03-24 22:35:00,1.0,0.0,13405.0,3.40825088018,6.31616136078,0.000394910704189,0.00134595475515,bothUSDCAD_ALL_DF1_VotingHard_i500_fcst5_gainAhead DPS wl30.0 maxL5 dd95_0.001 thres_0.0,17.2885166667,20160324 22:52:17 EDT
2016-03-24 22:51:00,-1.0,0.0,11968.0,4.60538464826,6.5780844111,0.000292256751161,0.00134595475515,bothUSDCAD_ALL_DF1_VotingHard_i500_fcst10_gainAhead DPS wl30.0 maxL5 dd95_0.001 thres_0.0,16.4130333333,20160324 23:07:24 EDT
2016-03-24 23:07:00,1.0,0.0,11981.0,0.0,-9.68630799385,0.0,0.00134595475515,bothUSDCAD_ALL_DF1_VotingHard_i500_fcst5_gainAhead DPS wl30.0 maxL5 dd95_0.001 thres_0.0,15.5083833333,20160324 23:22:30 EDT
2016-03-24 23:21:00,-1.0,0.0,11991.0,4.30052249571,2.09456149198,0.000312974704001,0.00134595475515,bothUSDCAD_ALL_DF1_VotingHard_i500_fcst5_gainAhead DPS wl30.0 maxL5 dd95_0.001 thres_0.0,19.3537666667,20160324 23:40:21 EDT
2016-03-24 23:39:00,-1.0,0.0,12004.0,3.56521032614,1.97613762862,0.000377524642873,0.00134595475515,bothUSDCAD_ALL_DF1_VotingHard_i1000_fcst10_gainAhead DPS wl30.0 maxL5 dd95_0.001 thres_0.0,17.1163833333,20160324 23:56:06 EDT
2016-03-24 23:55:00,-1.0,0.0,12019.0,5.0,1.25724351165,0.00012717260729,0.00134595475515,bothUSDCAD_ALL_DF1_VotingHard_i500_fcst10_gainAhead DPS wl30.0 maxL5 dd95_0.001 thres_0.0,16.9821166667,20160325 00:11:58 EDT
2016-03-25 00:12:00,-1.0,0.0,12053.0,1.0,,,,bothUSDCAD_ALL_DF1_VotingHard_i500_fcst10_gainAhead,17.6063833333,20160325 00:29:36 EDT
2016-03-25 00:29:00,1.0,0.0,12070.0,0.0,-5.23061319692,0.0,0.00134595475515,bothUSDCAD_ALL_DF1_VotingHard_i500_fcst10_gainAhead DPS wl30.0 maxL5 dd95_0.001 thres_0.0,15.9767666667,20160325 00:44:58 EDT
2016-03-25 00:44:00,-1.0,0.0,12062.0,1.0,,,,bothUSDCAD_ALL_DF1_VotingHard_i1000_fcst5_gainAhead,16.5872833333,20160325 01:00:35 EDT
2016-03-25 01:00:00,-1.0,0.0,12076.0,1.0,,,,bothUSDCAD_ALL_DF1_VotingHard_i1000_fcst10_gainAhead,17.8669666667,20160325 01:17:52 EDT
2016-03-25 01:17:00,-1.0,0.0,12091.0,1.23242777397,5.93318675806,0.00109211653906,0.00134595475515,bothUSDCAD_ALL_DF1_VotingHard_i500_fcst10_gainAhead DPS wl30.0 maxL5 dd95_0.001 thres_0.0,18.28965,20160325 01:35:17 EDT
2016-03-25 01:34:00,1.0,0.0,12108.0,0.0,-0.639921829187,0.0,0.00134595475515,bothUSDCAD_ALL_DF1_VotingHard_i500_fcst10_gainAhead DPS wl30.0 maxL5 dd95_0.001 thres_0.0,17.7723833333,20160325 01:51:46 EDT
2016-03-25 01:49:00,-1.0,0.0,12118.0,1.0,,,,bothUSDCAD_ALL_DF1_VotingHard_i500_fcst5_gainAhead,19.6877166667,20160325 02:08:41 EDT
2016-03-25 02:08:00,-1.0,0.0,12132.0,2.64824872337,4.52210196039,0.000508243332007,0.00134595475515,bothUSDCAD_ALL_DF1_VotingHard_i1000_fcst5_gainAhead DPS wl30.0 maxL5 dd95_0.001 thres_0.0,17.0800833333,20160325 02:25:04 EDT
2016-03-25 02:20:00,1.0,0.0,12143.0,0.0,-0.167836987731,0.0,0.00134595475515,bothUSDCAD_ALL_DF1_VotingHard_i500_fcst5_gainAhead DPS wl30.0 maxL5 dd95_0.001 thres_0.0,20.5489166667,20160325 02:40:32 EDT
2016-03-25 02:37:00,-1.0,0.0,12148.0,0.0,-0.657797813938,0.0,0.00134595475515,bothUSDCAD_ALL_DF1_VotingHard_i500_fcst5_gainAhead DPS wl30.0 maxL5 dd95_0.001 thres_0.0,19.2972,20160325 02:56:17 EDT
2016-03-25 02:56:00,-1.0,0.0,12190.0,0.0,-1.52093052679,0.0,0.00134595475515,bothUSDCAD_ALL_DF1_VotingHard_i1000_fcst5_gainAhead DPS wl30.0 maxL5 dd95_0.001 thres_0.0,10.5034833333,20160325 03:06:30 EDT
2016-03-25 03:05:00,-1.0,0.0,12170.0,5.0,0.125732917332,0.000108104930446,0.00134595475515,bothUSDCAD_ALL_DF1_VotingHard_i500_fcst5_gainAhead DPS wl30.0 maxL5 dd95_0.001 thres_0.0,17.3265166667,20160325 03:22:19 EDT
2016-03-25 03:22:00,-1.0,0.0,13644.0,3.58304526732,4.56875022191,0.00037564547884,0.00134595475515,bothUSDCAD_ALL_DF1_VotingHard_i500_fcst5_gainAhead DPS wl30.0 maxL5 dd95_0.001 thres_0.0,15.8026333333,20160325 03:37:48 EDT
2016-03-25 03:34:00,1.0,0.0,12197.0,5.0,2.09075314512,0.000202294187978,0.00134595475515,bothUSDCAD_ALL_DF1_VotingHard_i500_fcst10_gainAhead DPS wl30.0 maxL5 dd95_0.001 thres_0.0,19.3779833333,20160325 03:53:22 EDT
2016-03-25 03:49:00,-1.0,0.0,12205.0,0.0,-0.579424793152,0.0,0.00134595475515,bothUSDCAD_ALL_DF1_VotingHard_i500_fcst10_gainAhead DPS wl30.0 maxL5 dd95_0.001 thres_0.0,20.9289666667,20160325 04:09:55 EDT
2016-03-25 04:08:00,0.0,0.0,12209.0,5.0,0.0220510010315,3.27204272932e-06,0.00134595475515,bothUSDCAD_ALL_DF1_VotingHard_i500_fcst1_GA30 DPS wl30.0 maxL5 dd95_0.001 thres_0.0,17.9877,20160325 04:25:59 EDT
2016-03-25 04:24:00,0.0,0.0,12220.0,0.0,0.0,0.0,0.00134595475515,bothUSDCAD_ALL_DF1_VotingHard_i500_fcst1_GA30 DPS wl30.0 maxL5 dd95_0.001 thres_0.0,17.1703,20160325 04:41:10 EDT
2016-03-25 04:40:00,0.0,0.0,12230.0,0.0,0.0,0.0,0.00134595475515,bothUSDCAD_ALL_DF1_VotingHard_i500_fcst1_GA30 DPS wl30.0 maxL5 dd95_0.001 thres_0.0,15.7598666667,20160325 04:55:45 EDT
2016-03-25 04:54:00,0.0,0.0,12241.0,0.0,0.0,0.0,0.00134595475515,bothUSDCAD_ALL_DF1_VotingHard_i500_fcst1_GA30 DPS wl30.0 maxL5 dd95_0.001 thres_0.0,10.3881166667,20160325 05:04:23 EDT
2016-03-25 05:03:00,0.0,0.0,12250.0,5.0,0.00756604554539,3.39940389571e-06,0.00134595475515,bothUSDCAD_ALL_DF1_VotingHard_i500_fcst1_GA30 DPS wl30.0 maxL5 dd95_0.001 thres_0.0,10.1572833333,20160325 05:13:09 EDT
2016-03-25 05:12:00,0.0,0.0,12259.0,0.0,0.0,0.0,0.00134595475515,bothUSDCAD_ALL_DF1_VotingHard_i500_fcst1_GA30 DPS wl30.0 maxL5 dd95_0.001 thres_0.0,15.6734,20160325 05:27:40 EDT
2016-03-25 05:26:00,0.0,0.0,12273.0,5.0,0.0118405638245,3.57527699427e-06,0.00134595475515,bothUSDCAD_ALL_DF1_VotingHard_i500_fcst1_GA30 DPS wl30.0 maxL5 dd95_0.001 thres_0.0,16.2778166667,20160325 05:42:16 EDT
2016-03-25 05:41:00,1.0,0.0,12288.0,0.0,-5.04556989477,0.0,0.00134595475515,bothUSDCAD_ALL_DF1_VotingHard_i1000_fcst30_GA30 DPS wl30.0 maxL5 dd95_0.001 thres_0.0,9.60056666667,20160325 05:50:36 EDT
2016-03-25 05:49:00,-1.0,0.0,12295.0,0.0,-1.35343939684,0.0,0.00134595475515,bothUSDCAD_ALL_DF1_VotingHard_i500_fcst30_GA30 DPS wl30.0 maxL5 dd95_0.001 thres_0.0,10.06605,20160325 05:59:03 EDT
2016-03-25 05:58:00,-1.0,0.0,12304.0,0.0,-1.69601208756,0.0,0.00134595475515,bothUSDCAD_ALL_DF1_VotingHard_i1000_fcst30_GA30 DPS wl30.0 maxL5 dd95_0.001 thres_0.0,12.36595,20160325 06:10:21 EDT
2016-03-25 06:09:00,-1.0,0.0,12311.0,5.0,0.43354042398,0.000181563060382,0.00134595475515,bothUSDCAD_ALL_DF1_VotingHard_i1000_fcst30_GA30 DPS wl30.0 maxL5 dd95_0.001 thres_0.0,14.7712833333,20160325 06:23:46 EDT
2016-03-25 06:23:00,-1.0,0.0,13749.0,1.89793178432,9.00384144453,0.000709169194735,0.00134595475515,bothUSDCAD_ALL_DF1_VotingHard_i500_fcst30_GA30 DPS wl30.0 maxL5 dd95_0.001 thres_0.0,15.4840333333,20160325 06:38:29 EDT
2016-03-25 06:37:00,-1.0,0.0,12331.0,1.94040271739,2.01560893365,0.000693647119273,0.00134595475515,bothUSDCAD_ALL_DF1_VotingHard_i500_fcst30_GA30 DPS wl30.0 maxL5 dd95_0.001 thres_0.0,14.4794166667,20160325 06:51:28 EDT
2016-03-25 06:50:00,-1.0,0.0,12340.0,2.92251828545,4.66300883516,0.000460546222018,0.00134595475515,bothUSDCAD_ALL_DF1_VotingHard_i500_fcst30_GA30 DPS wl30.0 maxL5 dd95_0.001 thres_0.0,17.4425666667,20160325 07:07:26 EDT
2016-03-25 07:06:00,1.0,0.0,12356.0,0.0,-0.360724617671,0.0,0.00134595475515,bothUSDCAD_ALL_DF1_VotingHard_i500_fcst30_GA30 DPS wl30.0 maxL5 dd95_0.001 thres_0.0,16.67805,20160325 07:22:40 EDT
2016-03-25 07:22:00,-1.0,0.0,12370.0,4.81569120998,1.70234124269,0.000279493575575,0.00134595475515,bothUSDCAD_ALL_DF1_VotingHard_i500_fcst30_GA30 DPS wl30.0 maxL5 dd95_0.001 thres_0.0,14.1604666667,20160325 07:36:09 EDT
2016-03-25 07:35:00,1.0,0.0,12378.0,1.0,,,,bothUSDCAD_ALL_DF1_VotingHard_i500_fcst30_GA30,16.0261,20160325 07:51:01 EDT
2016-03-25 07:50:00,1.0,0.0,12390.0,1.48987310467,4.54482274106,0.000903402276962,0.00134595475515,bothUSDCAD_ALL_DF1_VotingHard_i500_fcst30_GA30 DPS wl30.0 maxL5 dd95_0.001 thres_0.0,16.1949,20160325 08:06:11 EDT
2016-03-25 08:05:00,-1.0,0.0,12402.0,5.0,0.11177785469,0.000269049474163,0.00134595475515,bothUSDCAD_ALL_DF1_VotingHard_i1000_fcst30_GA30 DPS wl30.0 maxL5 dd95_0.001 thres_0.0,15.3172333333,20160325 08:20:19 EDT
2016-03-25 08:19:00,-1.0,0.0,12409.0,1.0,,,,bothUSDCAD_ALL_DF1_VotingHard_i500_fcst30_GA30,15.01035,20160325 08:34:00 EDT
2016-03-25 08:33:00,-1.0,0.0,12423.0,0.779273209205,6.75697907361,0.00172719238804,0.00134595475515,bothUSDCAD_ALL_DF1_VotingHard_i1000_fcst30_GA30 DPS wl30.0 maxL5 dd95_0.001 thres_0.0,15.7025333333,20160325 08:48:42 EDT
2016-03-25 08:48:00,1.0,0.0,12437.0,2.84153685417,1.31817564508,0.000473671405376,0.00134595475515,bothUSDCAD_ALL_DF1_VotingHard_i500_fcst30_GA30 DPS wl30.0 maxL5 dd95_0.001 thres_0.0,16.0109166667,20160325 09:04:00 EDT
2016-03-25 09:02:00,-1.0,0.0,12445.0,0.0,-0.0300049720458,0.0,0.00134595475515,bothUSDCAD_ALL_DF1_VotingHard_i500_fcst30_GA30 DPS wl30.0 maxL5 dd95_0.001 thres_0.0,11.0241166667,20160325 09:13:01 EDT
2016-03-25 09:12:00,-1.0,0.0,12454.0,1.0,,,,bothUSDCAD_ALL_DF1_VotingHard_i1000_fcst30_GA30,15.1881166667,20160325 09:27:11 EDT
2016-03-25 09:26:00,-1.0,0.0,12463.0,0.0,-0.165157958522,0.0,0.00134595475515,bothUSDCAD_ALL_DF1_VotingHard_i500_fcst30_GA30 DPS wl30.0 maxL5 dd95_0.001 thres_0.0,15.9146833333,20160325 09:41:54 EDT
2016-03-25 09:41:00,1.0,0.0,12602.0,5.0,0.0321611129454,0.000168850943555,0.00134595475515,bothUSDCAD_ALL_DF1_VotingHard_i500_fcst30_GA30 DPS wl30.0 maxL5 dd95_0.001 thres_0.0,14.1916166667,20160325 09:55:11 EDT
2016-03-25 09:54:00,-1.0,0.0,12477.0,5.0,0.881514929286,0.000268894861256,0.00134595475515,bothUSDCAD_ALL_DF1_VotingHard_i500_fcst30_GA30 DPS wl30.0 maxL5 dd95_0.001 thres_0.0,16.232,20160325 10:10:13 EDT
2016-03-25 10:09:00,1.0,0.0,12492.0,2.93390638069,2.52163487024,0.000458758590254,0.00134595475515,bothUSDCAD_ALL_DF1_VotingHard_i500_fcst30_GA30 DPS wl30.0 maxL5 dd95_0.001 thres_0.0,16.2195333333,20160325 10:25:13 EDT
2016-03-25 10:21:00,1.0,0.0,12502.0,1.0,,,,bothUSDCAD_ALL_DF1_VotingHard_i500_fcst30_GA30,16.1986666667,20160325 10:37:11 EDT
2016-03-25 10:36:00,1.0,0.0,12508.0,0.0,-0.206128264011,0.0,0.00134595475515,bothUSDCAD_ALL_DF1_VotingHard_i500_fcst30_GA30 DPS wl30.0 maxL5 dd95_0.001 thres_0.0,16.8352166667,20160325 10:52:50 EDT
2016-03-25 10:51:00,-1.0,0.0,12517.0,4.2092100044,0.919006797073,0.000319764220302,0.00134595475515,bothUSDCAD_ALL_DF1_VotingHard_i1000_fcst30_GA30 DPS wl30.0 maxL5 dd95_0.001 thres_0.0,16.1776333333,20160325 11:07:10 EDT
2016-03-25 11:06:00,1.0,0.0,12528.0,0.0,-2.4269808185,0.0,0.00134595475515,bothUSDCAD_ALL_DF1_VotingHard_i500_fcst30_GA30 DPS wl30.0 maxL5 dd95_0.001 thres_0.0,16.86965,20160325 11:22:52 EDT
2016-03-25 11:22:00,1.0,0.0,12553.0,0.984241559594,1.71350678967,0.00136750449321,0.00134595475515,bothUSDCAD_ALL_DF1_VotingHard_i500_fcst30_GA30 DPS wl30.0 maxL5 dd95_0.001 thres_0.0,17.5068333333,20160325 11:39:30 EDT
2016-03-25 11:38:00,1.0,0.0,12927.0,1.0,,,,bothUSDCAD_ALL_DF1_VotingHard_i500_fcst30_GA30,15.6656333333,20160325 11:53:39 EDT
2016-03-25 11:52:00,1.0,0.0,12573.0,1.0,,,,bothUSDCAD_ALL_DF1_VotingHard_i500_fcst30_GA30,15.73535,20160325 12:07:44 EDT
2016-03-25 12:07:00,1.0,0.0,12947.0,1.0,,,,bothUSDCAD_ALL_DF1_VotingHard_i500_fcst30_GA30,17.01155,20160325 12:24:00 EDT
2016-03-25 12:23:00,1.0,0.0,15850.0,0.0,-1.01481777616,0.0,0.00134595475515,bothUSDCAD_ALL_DF1_VotingHard_i500_fcst30_GA30 DPS wl30.0 maxL5 dd95_0.001 thres_0.0,15.2320666667,20160325 12:38:13 EDT
2016-03-25 12:36:00,1.0,0.0,12577.0,0.0,-1.90923055586,0.0,0.00134595475515,bothUSDCAD_ALL_DF1_VotingHard_i500_fcst30_GA30 DPS wl30.0 maxL5 dd95_0.001 thres_0.0,15.8546166667,20160325 12:51:51 EDT
2016-03-25 12:51:00,-1.0,0.0,12581.0,0.0,-1.68752239343,0.0,0.00134595475515,bothUSDCAD_ALL_DF1_VotingHard_i500_fcst30_GA30 DPS wl30.0 maxL5 dd95_0.001 thres_0.0,16.1656,20160325 13:07:09 EDT
2016-03-25 13:06:00,-1.0,0.0,12591.0,0.626039769203,7.13873609781,0.00214995088388,0.00134595475515,bothUSDCAD_ALL_DF1_VotingHard_i500_fcst30_GA30 DPS wl30.0 maxL5 dd95_0.001 thres_0.0,16.7031833333,20160325 13:22:42 EDT
2016-03-25 13:21:00,-1.0,0.0,12595.0,0.808886136209,13.304743831,0.00166396071696,0.00134595475515,bothUSDCAD_ALL_DF1_VotingHard_i500_fcst30_GA30 DPS wl30.0 maxL5 dd95_0.001 thres_0.0,18.1273333333,20160325 13:39:07 EDT
2016-03-25 13:38:00,1.0,0.0,13121.0,0.0,-1.28581488544,0.0,0.00134595475515,bothUSDCAD_ALL_DF1_VotingHard_i500_fcst30_GA30 DPS wl30.0 maxL5 dd95_0.001 thres_0.0,17.0493333333,20160325 13:55:02 EDT
2016-03-25 13:54:00,-1.0,0.0,13002.0,0.0,-3.98930641245,0.0,0.00134595475515,bothUSDCAD_ALL_DF1_VotingHard_i500_fcst30_GA30 DPS wl30.0 maxL5 dd95_0.001 thres_0.0,17.5253,20160325 14:11:31 EDT
2016-03-25 14:11:00,-1.0,0.0,12651.0,1.0,,,,bothUSDCAD_ALL_DF1_VotingHard_i500_fcst30_GA30,16.1514333333,20160325 14:27:09 EDT
2016-03-25 14:26:00,-1.0,0.0,12626.0,5.0,0.0914093700418,8.33112407391e-05,0.00134595475515,bothUSDCAD_ALL_DF1_VotingHard_i500_fcst30_GA30 DPS wl30.0 maxL5 dd95_0.001 thres_0.0,16.3684,20160325 14:42:22 EDT
2016-03-25 14:41:00,1.0,0.0,12670.0,1.0,,,,bothUSDCAD_ALL_DF1_VotingHard_i1000_fcst30_GA30,15.0240166667,20160325 14:56:01 EDT
2016-03-25 14:55:00,-1.0,0.0,12631.0,1.0,,,,bothUSDCAD_ALL_DF1_VotingHard_i1000_fcst30_GA30,16.30195,20160325 15:11:18 EDT
2016-03-25 15:10:00,-1.0,0.0,12636.0,1.0,,,,bothUSDCAD_ALL_DF1_VotingHard_i500_fcst30_GA30,15.8493166667,20160325 15:25:50 EDT
2016-03-25 15:25:00,-1.0,0.0,12640.0,1.0,,,,bothUSDCAD_ALL_DF1_VotingHard_i500_fcst30_GA30,15.7079333333,20160325 15:40:42 EDT
2016-03-25 15:39:00,1.0,0.0,13098.0,0.0,-0.593589101544,0.0,0.00134595475515,bothUSDCAD_ALL_DF1_VotingHard_i500_fcst30_GA30 DPS wl30.0 maxL5 dd95_0.001 thres_0.0,16.8118666667,20160325 15:55:48 EDT
2016-03-25 15:53:00,1.0,0.0,12673.0,1.0,,,,bothUSDCAD_ALL_DF1_VotingHard_i1000_fcst30_GA30,16.8498166667,20160325 16:09:50 EDT
2016-03-25 16:09:00,-1.0,0.0,12656.0,0.0,-0.152695162632,0.0,0.00134595475515,bothUSDCAD_ALL_DF1_VotingHard_i500_fcst30_GA30 DPS wl30.0 maxL5 dd95_0.001 thres_0.0,14.6835833333,20160325 16:23:41 EDT
2016-03-25 16:23:00,-1.0,0.0,12666.0,1.37016988374,2.10024906465,0.000982326915164,0.00134595475515,bothUSDCAD_ALL_DF1_VotingHard_i500_fcst30_GA30 DPS wl30.0 maxL5 dd95_0.001 thres_0.0,14.5749,20160325 16:37:34 EDT
2016-03-25 16:36:00,-1.0,0.0,12707.0,2.4980043355,0.372833757727,0.000538812017264,0.00134595475515,bothUSDCAD_ALL_DF1_VotingHard_i1000_fcst30_GA30 DPS wl30.0 maxL5 dd95_0.001 thres_0.0,16.4579833333,20160325 16:52:27 EDT
2016-03-25 16:51:00,-1.0,0.0,12681.0,0.822612860167,4.254296344,0.00163619464309,0.00134595475515,bothUSDCAD_ALL_DF1_VotingHard_i1000_fcst30_GA30 DPS wl30.0 maxL5 dd95_0.001 thres_0.0,17.4701,20160325 17:08:28 EDT
2016-03-25 16:58:00,-1.0,0.0,12683.0,1.07447392947,3.56130392118,0.00125266394859,0.00134595475515,bothUSDCAD_ALL_DF1_VotingHard_i500_fcst30_GA30 DPS wl30.0 maxL5 dd95_0.001 thres_0.0,26.03945,20160325 17:24:02 EDT
2016-03-25 16:58:00,-1.0,0.0,12683.0,0.903688122388,3.85472708106,0.00148940184318,0.00134595475515,bothUSDCAD_ALL_DF1_VotingHard_i500_fcst30_GA30 DPS wl30.0 maxL5 dd95_0.001 thres_0.0,41.17335,20160325 17:39:10 EDT
2016-03-25 16:58:00,-1.0,0.0,12683.0,1.31255687979,3.13055959719,0.00102544489757,0.00134595475515,bothUSDCAD_ALL_DF1_VotingHard_i500_fcst30_GA30 DPS wl30.0 maxL5 dd95_0.001 thres_0.0,55.5863333333,20160325 17:53:35 EDT
2016-03-25 16:58:00,-1.0,0.0,12683.0,0.745676857378,1.18393282126,0.00180501076549,0.00134595475515,bothUSDCAD_ALL_DF1_VotingHard_i1000_fcst30_GA30 DPS wl30.0 maxL5 dd95_0.001 thres_0.0,70.0772,20160325 18:08:04 EDT
2016-03-25 16:58:00,-1.0,0.0,12683.0,1.10910656065,2.5811811768,0.00121354863716,0.00134595475515,bothUSDCAD_ALL_DF1_VotingHard_i500_fcst30_GA30 DPS wl30.0 maxL5 dd95_0.001 thres_0.0,83.8948,20160325 18:21:53 EDT
2016-03-25 16:58:00,-1.0,0.0,12683.0,1.22797113439,1.56490559874,0.00109608012554,0.00134595475515,bothUSDCAD_ALL_DF1_VotingHard_i500_fcst30_GA30 DPS wl30.0 maxL5 dd95_0.001 thres_0.0,100.786183333,20160325 18:38:47 EDT
2016-03-25 16:58:00,1.0,0.0,12683.0,1.0,,,,"bothUSDCAD_ALL_DF1_VotingHard_i500_fcst30_ZZ 0.009,-0.009",1784.6022,20160326 22:42:36 EDT
2016-03-25 16:58:00,1.0,0.0,12683.0,1.0,,,,"bothUSDCAD_ALL_DF1_VotingHard_i1000_fcst30_ZZ 0.006,-0.006",1801.80975,20160326 22:59:48 EDT
2016-03-25 16:58:00,1.0,0.0,12683.0,0.94953490696,6.46585600917,0.00141748844121,0.00134595475515,"bothUSDCAD_ALL_DF1_VotingHard_i500_fcst30_ZZ 0.009,-0.009 DPS wl30.0 maxL5 dd95_0.001 thres_0.0",1820.5784,20160326 23:18:34 EDT
2016-03-25 16:58:00,1.0,0.0,12683.0,0.849317369653,3.16497893197,0.00158474888568,0.00134595475515,"bothUSDCAD_ALL_DF1_VotingHard_i1000_fcst30_ZZ 0.009,-0.009 DPS wl30.0 maxL5 dd95_0.001 thres_0.0",1836.08681667,20160326 23:34:05 EDT
2016-03-25 16:58:00,1.0,0.0,12683.0,1.14700079214,4.78165879995,0.00117345582005,0.00134595475515,"bothUSDCAD_ALL_DF1_VotingHard_i250_fcst60_ZZ60_0.006,-0.006 DPS wl30.0 maxL5 dd95_0.001 thres_0.0",31.15,20160327 00:48:54 EDT
2016-03-25 16:58:00,1.0,0.0,12683.0,0.930504172076,4.93513609911,0.00144647901163,0.00134595475515,"bothUSDCAD_ALL_DF1_VotingHard_i500_fcst60_ZZ60_0.006,-0.006 DPS wl30.0 maxL5 dd95_0.001 thres_0.0",10.97,20160327 02:59:24 EDT
