Date,Contract,ACT,LastPctChg,contractValue,group,timestamp,QTY_MINI,chgValue,abs_chgValue,Anti-19,PNL_Anti-19,50/50,PNL_50/50,29,PNL_29,LowestEquity,PNL_LowestEquity,24,PNL_24,25,PNL_25,26,PNL_26,27,PNL_27,20,PNL_20,21,PNL_21,22,PNL_22,23,PNL_23,RiskOff,PNL_RiskOff,28,PNL_28,Anti-18,PNL_Anti-18,2,PNL_2,4,PNL_4,6,PNL_6,8,PNL_8,benchmark,PNL_benchmark,Anti-33,PNL_Anti-33,30,PNL_30,11,PNL_11,10,PNL_10,13,PNL_13,12,PNL_12,15,PNL_15,14,PNL_14,17,PNL_17,16,PNL_16,19,PNL_19,18,PNL_18,Anti-Custom,PNL_Anti-Custom,RiskOn,PNL_RiskOn,AntiLowestEquity,PNL_AntiLowestEquity,Previous,PNL_Previous,Anti-1,PNL_Anti-1,Anti-3,PNL_Anti-3,Anti-2,PNL_Anti-2,Anti-5,PNL_Anti-5,Anti-4,PNL_Anti-4,Anti-7,PNL_Anti-7,Anti-6,PNL_Anti-6,Anti-9,PNL_Anti-9,Anti-8,PNL_Anti-8,Custom,PNL_Custom,AntiHighestEquity,PNL_AntiHighestEquity,Anti-Seasonality,PNL_Anti-Seasonality,1,PNL_1,3,PNL_3,5,PNL_5,7,PNL_7,9,PNL_9,Anti-32,PNL_Anti-32,Anti-31,PNL_Anti-31,Anti-30,PNL_Anti-30,Anti-36,PNL_Anti-36,Anti-35,PNL_Anti-35,Anti-34,PNL_Anti-34,Anti-15,PNL_Anti-15,Off,PNL_Off,Anti-14,PNL_Anti-14,Anti-17,PNL_Anti-17,Anti50/50,PNL_Anti50/50,HighestEquity,PNL_HighestEquity,Anti-16,PNL_Anti-16,Anti-11,PNL_Anti-11,Anti-10,PNL_Anti-10,Anti-13,PNL_Anti-13,Seasonality,PNL_Seasonality,33,PNL_33,32,PNL_32,31,PNL_31,Anti-12,PNL_Anti-12,36,PNL_36,35,PNL_35,34,PNL_34,Anti-28,PNL_Anti-28,Anti-29,PNL_Anti-29,Anti-Previous,PNL_Anti-Previous,Anti-20,PNL_Anti-20,Anti-21,PNL_Anti-21,Anti-22,PNL_Anti-22,Anti-23,PNL_Anti-23,Anti-24,PNL_Anti-24,Anti-25,PNL_Anti-25,Anti-26,PNL_Anti-26,Anti-27,PNL_Anti-27
20170510,QRBM7,1.0,0.036119503189,64818.6,energy,1494449085,1.0,0.0,0.0,-1.0,-0.0,-1.0,-0.0,1,0.0,1.0,0.0,-1.0,-0.0,1.0,0.0,1.0,0.0,1.0,0.0,1.0,0.0,1.0,0.0,0,0.0,1,0.0,-1,-0.0,0,0.0,1.0,0.0,1.0,0.0,0.0,0.0,-1.0,-0.0,1.0,0.0,0,0.0,-1.0,-0.0,-1.0,-0.0,-1,-0.0,-1,-0.0,0.0,0.0,-1.0,-0.0,-1.0,-0.0,1.0,0.0,-1.0,-0.0,-1.0,-0.0,1.0,0.0,-1.0,-0.0,-1,-0.0,1.0,0.0,-1,-0.0,-1.0,-0.0,-1.0,-0.0,-1.0,-0.0,-1.0,-0.0,-1.0,-0.0,0.0,0.0,0.0,0.0,1.0,0.0,1.0,0.0,-1.0,-0.0,1.0,0.0,1,0.0,1,0.0,1.0,0.0,1.0,0.0,1.0,0.0,0.0,0.0,-1.0,-0.0,-1.0,-0.0,-1.0,-0.0,1.0,0.0,1.0,0.0,-1,-0.0,0,0.0,1.0,0.0,0,0.0,-1.0,-0.0,1.0,0.0,1,0.0,-1.0,-0.0,1.0,0.0,1,0.0,1,0.0,0.0,0.0,-1.0,-0.0,1.0,0.0,1.0,0.0,1.0,0.0,1.0,0.0,-1.0,-0.0,1,0.0,0,0.0,0,0.0,-1,-0.0,1,0.0,-1.0,-0.0,-1.0,-0.0,0,0.0,-1,-0.0,1.0,0.0,-1.0,-0.0,-1.0,-0.0,-1.0,-0.0
20170510,@NEM7,1.0,0.00653879686138,69270.0,currency,1494449085,1.0,0.0,0.0,0.0,0.0,1.0,0.0,-1,-0.0,-1.0,-0.0,-1.0,-0.0,0.0,0.0,1.0,0.0,-1.0,-0.0,1.0,0.0,-1.0,-0.0,-1,-0.0,-1,-0.0,-1,-0.0,-1,-0.0,1.0,0.0,1.0,0.0,-1.0,-0.0,-1.0,-0.0,1.0,0.0,0,0.0,-1.0,-0.0,-1.0,-0.0,1,0.0,0,0.0,1.0,0.0,-1.0,-0.0,1.0,0.0,1.0,0.0,1.0,0.0,0.0,0.0,0.0,0.0,-1.0,-0.0,-1,-0.0,1.0,0.0,1,0.0,-1.0,-0.0,0.0,0.0,1.0,0.0,-1.0,-0.0,1.0,0.0,1.0,0.0,-1.0,-0.0,1.0,0.0,-1.0,-0.0,-1.0,-0.0,1.0,0.0,-1,-0.0,1,0.0,0.0,0.0,-1.0,-0.0,-1.0,-0.0,1.0,0.0,1.0,0.0,-1.0,-0.0,-1.0,-0.0,1.0,0.0,1.0,0.0,-1,-0.0,0,0.0,-1.0,-0.0,0,0.0,-1.0,-0.0,-1.0,-0.0,-1,-0.0,1.0,0.0,0.0,0.0,-1,-0.0,0,0.0,-1.0,-0.0,-1.0,-0.0,1.0,0.0,1.0,0.0,1.0,0.0,1.0,0.0,-1.0,-0.0,1,0.0,0,0.0,1,0.0,1,0.0,1,0.0,-1.0,-0.0,1.0,0.0,1,0.0,1,0.0,1.0,0.0,0.0,0.0,-1.0,-0.0,1.0,0.0
20170510,@NKDM7,-1.0,-0.000751691305437,87471.4862257,index,1494449085,1.0,-0.0,0.0,0.0,-0.0,1.0,-0.0,-1,0.0,-1.0,0.0,-1.0,0.0,0.0,-0.0,-1.0,0.0,1.0,-0.0,-1.0,0.0,1.0,-0.0,-1,0.0,-1,0.0,-1,0.0,-1,0.0,-1.0,0.0,-1.0,0.0,-1.0,0.0,-1.0,0.0,1.0,-0.0,0,-0.0,-1.0,0.0,-1.0,0.0,-1,0.0,0,-0.0,1.0,-0.0,1.0,-0.0,1.0,-0.0,1.0,-0.0,-1.0,0.0,0.0,-0.0,0.0,-0.0,1.0,-0.0,1,-0.0,1.0,-0.0,1,-0.0,1.0,-0.0,0.0,-0.0,-1.0,0.0,1.0,-0.0,1.0,-0.0,1.0,-0.0,-1.0,0.0,1.0,-0.0,-1.0,0.0,-1.0,0.0,-1.0,0.0,-1,0.0,1,-0.0,0.0,-0.0,1.0,-0.0,-1.0,0.0,1.0,-0.0,1.0,-0.0,-1.0,0.0,-1.0,0.0,1.0,-0.0,-1.0,0.0,1,-0.0,0,-0.0,-1.0,0.0,0,-0.0,-1.0,0.0,1.0,-0.0,-1,0.0,1.0,-0.0,0.0,-0.0,1,-0.0,0,-0.0,-1.0,0.0,-1.0,0.0,1.0,-0.0,1.0,-0.0,1.0,-0.0,-1.0,0.0,1.0,-0.0,-1,0.0,0,-0.0,1,-0.0,1,-0.0,-1,0.0,1.0,-0.0,-1.0,0.0,1,-0.0,1,-0.0,1.0,-0.0,0.0,-0.0,1.0,-0.0,-1.0,0.0
20170510,@NQM7,-1.0,-8.80863245981e-05,113515.0,index,1494449085,1.0,-0.0,0.0,0.0,-0.0,1.0,-0.0,-1,0.0,-1.0,0.0,-1.0,0.0,0.0,-0.0,-1.0,0.0,1.0,-0.0,-1.0,0.0,1.0,-0.0,-1,0.0,-1,0.0,-1,0.0,-1,0.0,-1.0,0.0,-1.0,0.0,-1.0,0.0,-1.0,0.0,1.0,-0.0,0,-0.0,-1.0,0.0,-1.0,0.0,-1,0.0,0,-0.0,1.0,-0.0,1.0,-0.0,1.0,-0.0,1.0,-0.0,-1.0,0.0,0.0,-0.0,0.0,-0.0,1.0,-0.0,-1,0.0,1.0,-0.0,1,-0.0,1.0,-0.0,0.0,-0.0,-1.0,0.0,1.0,-0.0,1.0,-0.0,1.0,-0.0,-1.0,0.0,1.0,-0.0,-1.0,0.0,-1.0,0.0,1.0,-0.0,-1,0.0,1,-0.0,0.0,-0.0,1.0,-0.0,-1.0,0.0,1.0,-0.0,1.0,-0.0,-1.0,0.0,-1.0,0.0,1.0,-0.0,-1.0,0.0,1,-0.0,0,-0.0,-1.0,0.0,0,-0.0,-1.0,0.0,1.0,-0.0,-1,0.0,1.0,-0.0,0.0,-0.0,1,-0.0,0,-0.0,-1.0,0.0,-1.0,0.0,1.0,-0.0,1.0,-0.0,1.0,-0.0,-1.0,0.0,1.0,-0.0,-1,0.0,0,-0.0,1,-0.0,1,-0.0,-1,0.0,1.0,-0.0,-1.0,0.0,1,-0.0,1,-0.0,1.0,-0.0,0.0,-0.0,1.0,-0.0,-1.0,0.0
20170510,QPAM7,1.0,0.00258316532258,79565.0,metal,1494449085,1.0,0.0,0.0,-1.0,-0.0,-1.0,-0.0,1,0.0,-1.0,-0.0,-1.0,-0.0,1.0,0.0,1.0,0.0,1.0,0.0,1.0,0.0,1.0,0.0,0,0.0,1,0.0,-1,-0.0,0,0.0,1.0,0.0,1.0,0.0,-1.0,-0.0,-1.0,-0.0,1.0,0.0,0,0.0,-1.0,-0.0,-1.0,-0.0,1,0.0,0,0.0,0.0,0.0,-1.0,-0.0,-1.0,-0.0,1.0,0.0,-1.0,-0.0,-1.0,-0.0,1.0,0.0,-1.0,-0.0,-1,-0.0,1.0,0.0,1,0.0,-1.0,-0.0,0.0,0.0,1.0,0.0,-1.0,-0.0,1.0,0.0,1.0,0.0,-1.0,-0.0,1.0,0.0,-1.0,-0.0,-1.0,-0.0,1.0,0.0,1,0.0,1,0.0,0.0,0.0,-1.0,-0.0,-1.0,-0.0,1.0,0.0,1.0,0.0,-1.0,-0.0,-1.0,-0.0,1.0,0.0,1.0,0.0,-1,-0.0,0,0.0,1.0,0.0,0,0.0,-1.0,-0.0,1.0,0.0,1,0.0,-1.0,-0.0,1.0,0.0,-1,-0.0,0,0.0,0.0,0.0,-1.0,-0.0,1.0,0.0,1.0,0.0,1.0,0.0,1.0,0.0,-1.0,-0.0,1,0.0,0,0.0,0,0.0,-1,-0.0,1,0.0,-1.0,-0.0,-1.0,-0.0,0,0.0,-1,-0.0,1.0,0.0,-1.0,-0.0,-1.0,-0.0,-1.0,-0.0
20170510,QPLN7,1.0,0.012543012543,45610.0,metal,1494449085,1.0,0.0,0.0,0.0,0.0,-1.0,-0.0,1,0.0,1.0,0.0,1.0,0.0,0.0,0.0,1.0,0.0,-1.0,-0.0,1.0,0.0,-1.0,-0.0,1,0.0,1,0.0,1,0.0,1,0.0,1.0,0.0,1.0,0.0,1.0,0.0,1.0,0.0,-1.0,-0.0,0,0.0,1.0,0.0,1.0,0.0,1,0.0,0,0.0,-1.0,-0.0,-1.0,-0.0,-1.0,-0.0,-1.0,-0.0,1.0,0.0,0.0,0.0,0.0,0.0,-1.0,-0.0,-1,-0.0,-1.0,-0.0,-1,-0.0,-1.0,-0.0,0.0,0.0,1.0,0.0,-1.0,-0.0,-1.0,-0.0,-1.0,-0.0,1.0,0.0,-1.0,-0.0,1.0,0.0,1.0,0.0,1.0,0.0,1,0.0,1,0.0,0.0,0.0,-1.0,-0.0,1.0,0.0,-1.0,-0.0,-1.0,-0.0,-1.0,-0.0,0.0,0.0,-1.0,-0.0,-1.0,-0.0,-1,-0.0,-1,-0.0,1.0,0.0,0,0.0,1.0,0.0,-1.0,-0.0,1,0.0,-1.0,-0.0,0.0,0.0,-1,-0.0,0,0.0,1.0,0.0,-1.0,-0.0,-1.0,-0.0,1.0,0.0,0.0,0.0,1.0,0.0,1.0,0.0,1,0.0,1,0.0,-1,-0.0,-1,-0.0,1,0.0,-1.0,-0.0,1.0,0.0,-1,-0.0,-1,-0.0,-1.0,-0.0,0.0,0.0,-1.0,-0.0,1.0,0.0
20170510,@SN7,-1.0,-0.00693018480493,48362.5,grain,1494440124,1.0,-0.0,0.0,-1.0,0.0,-1.0,0.0,-1,0.0,1.0,-0.0,1.0,-0.0,1.0,-0.0,1.0,-0.0,1.0,-0.0,1.0,-0.0,1.0,-0.0,0,-0.0,-1,0.0,-1,0.0,0,-0.0,1.0,-0.0,1.0,-0.0,0.0,-0.0,1.0,-0.0,-1.0,0.0,0,-0.0,-1.0,0.0,1.0,-0.0,-1,0.0,-1,0.0,0.0,-0.0,-1.0,0.0,1.0,-0.0,-1.0,0.0,-1.0,0.0,-1.0,0.0,1.0,-0.0,-1.0,0.0,1,-0.0,1.0,-0.0,-1,0.0,1.0,-0.0,-1.0,0.0,-1.0,0.0,-1.0,0.0,1.0,-0.0,0.0,-0.0,0.0,-0.0,-1.0,0.0,-1.0,0.0,1.0,-0.0,-1.0,0.0,1,-0.0,1,-0.0,1.0,-0.0,1.0,-0.0,-1.0,0.0,0.0,-0.0,1.0,-0.0,-1.0,0.0,-1.0,0.0,-1.0,0.0,-1.0,0.0,1,-0.0,0,-0.0,-1.0,0.0,0,-0.0,1.0,-0.0,1.0,-0.0,1,-0.0,-1.0,0.0,1.0,-0.0,1,-0.0,1,-0.0,0.0,-0.0,-1.0,0.0,1.0,-0.0,1.0,-0.0,1.0,-0.0,1.0,-0.0,1.0,-0.0,-1,0.0,0,-0.0,0,-0.0,1,-0.0,-1,0.0,-1.0,0.0,-1.0,0.0,0,-0.0,1,-0.0,-1.0,0.0,-1.0,0.0,-1.0,0.0,-1.0,0.0
20170510,@PXM7,1.0,0.0104327666151,26150.0,currency,1494449085,1.0,0.0,0.0,0.0,0.0,-1.0,-0.0,1,0.0,-1.0,-0.0,-1.0,-0.0,1.0,0.0,1.0,0.0,1.0,0.0,1.0,0.0,-1.0,-0.0,-1,-0.0,-1,-0.0,-1,-0.0,0,0.0,1.0,0.0,1.0,0.0,-1.0,-0.0,-1.0,-0.0,1.0,0.0,0,0.0,-1.0,-0.0,-1.0,-0.0,1,0.0,0,0.0,1.0,0.0,-1.0,-0.0,1.0,0.0,1.0,0.0,1.0,0.0,0.0,0.0,0.0,0.0,-1.0,-0.0,-1,-0.0,1.0,0.0,1,0.0,-1.0,-0.0,0.0,0.0,1.0,0.0,-1.0,-0.0,1.0,0.0,1.0,0.0,-1.0,-0.0,1.0,0.0,-1.0,-0.0,-1.0,-0.0,1.0,0.0,-1,-0.0,1,0.0,0.0,0.0,-1.0,-0.0,-1.0,-0.0,1.0,0.0,1.0,0.0,-1.0,-0.0,-1.0,-0.0,1.0,0.0,1.0,0.0,-1,-0.0,0,0.0,-1.0,-0.0,0,0.0,-1.0,-0.0,-1.0,-0.0,1,0.0,1.0,0.0,0.0,0.0,-1,-0.0,0,0.0,-1.0,-0.0,-1.0,-0.0,1.0,0.0,1.0,0.0,1.0,0.0,1.0,0.0,-1.0,-0.0,1,0.0,0,0.0,0,0.0,-1,-0.0,1,0.0,-1.0,-0.0,1.0,0.0,1,0.0,1,0.0,1.0,0.0,-1.0,-0.0,-1.0,-0.0,-1.0,-0.0
20170510,@SFM7,-1.0,-0.000201288244767,124175.0,currency,1494449085,1.0,-0.0,0.0,0.0,-0.0,1.0,-0.0,-1,0.0,-1.0,0.0,-1.0,0.0,0.0,-0.0,1.0,-0.0,-1.0,0.0,1.0,-0.0,-1.0,0.0,-1,0.0,-1,0.0,-1,0.0,-1,0.0,1.0,-0.0,1.0,-0.0,-1.0,0.0,-1.0,0.0,1.0,-0.0,0,-0.0,-1.0,0.0,-1.0,0.0,1,-0.0,0,-0.0,1.0,-0.0,-1.0,0.0,1.0,-0.0,1.0,-0.0,1.0,-0.0,0.0,-0.0,0.0,-0.0,-1.0,0.0,-1,0.0,1.0,-0.0,1,-0.0,-1.0,0.0,0.0,-0.0,1.0,-0.0,-1.0,0.0,1.0,-0.0,1.0,-0.0,-1.0,0.0,1.0,-0.0,-1.0,0.0,-1.0,0.0,1.0,-0.0,-1,0.0,1,-0.0,0.0,-0.0,-1.0,0.0,-1.0,0.0,1.0,-0.0,1.0,-0.0,-1.0,0.0,-1.0,0.0,1.0,-0.0,1.0,-0.0,-1,0.0,0,-0.0,-1.0,0.0,0,-0.0,-1.0,0.0,-1.0,0.0,-1,0.0,1.0,-0.0,0.0,-0.0,-1,0.0,0,-0.0,-1.0,0.0,-1.0,0.0,1.0,-0.0,1.0,-0.0,1.0,-0.0,1.0,-0.0,-1.0,0.0,1,-0.0,0,-0.0,1,-0.0,1,-0.0,1,-0.0,-1.0,0.0,1.0,-0.0,1,-0.0,1,-0.0,1.0,-0.0,0.0,-0.0,-1.0,0.0,1.0,-0.0
20170510,@SMN7,-1.0,-0.00659340659341,31640.0,grain,1494440124,1.0,-208.615384615,208.615384615,0.0,-0.0,1.0,-208.615384615,-1,208.615384615,-1.0,208.615384615,-1.0,208.615384615,0.0,-0.0,-1.0,208.615384615,1.0,-208.615384615,-1.0,208.615384615,1.0,-208.615384615,-1,208.615384615,-1,208.615384615,-1,208.615384615,-1,208.615384615,-1.0,208.615384615,-1.0,208.615384615,-1.0,208.615384615,-1.0,208.615384615,1.0,-208.615384615,0,-0.0,-1.0,208.615384615,-1.0,208.615384615,-1,208.615384615,0,-0.0,1.0,-208.615384615,1.0,-208.615384615,1.0,-208.615384615,1.0,-208.615384615,-1.0,208.615384615,0.0,-0.0,0.0,-0.0,1.0,-208.615384615,1,-208.615384615,1.0,-208.615384615,1,-208.615384615,1.0,-208.615384615,0.0,-0.0,-1.0,208.615384615,1.0,-208.615384615,1.0,-208.615384615,1.0,-208.615384615,-1.0,208.615384615,1.0,-208.615384615,-1.0,208.615384615,-1.0,208.615384615,-1.0,208.615384615,-1,208.615384615,-1,208.615384615,0.0,-0.0,1.0,-208.615384615,-1.0,208.615384615,1.0,-208.615384615,1.0,-208.615384615,1.0,-208.615384615,0.0,-0.0,1.0,-208.615384615,1.0,-208.615384615,1,-208.615384615,1,-208.615384615,-1.0,208.615384615,0,-0.0,-1.0,208.615384615,1.0,-208.615384615,-1,208.615384615,1.0,-208.615384615,0.0,-0.0,1,-208.615384615,0,-0.0,-1.0,208.615384615,1.0,-208.615384615,1.0,-208.615384615,-1.0,208.615384615,0.0,-0.0,-1.0,208.615384615,-1.0,208.615384615,-1,208.615384615,-1,208.615384615,1,-208.615384615,1,-208.615384615,-1,208.615384615,1.0,-208.615384615,-1.0,208.615384615,1,-208.615384615,1,-208.615384615,1.0,-208.615384615,0.0,-0.0,1.0,-208.615384615,-1.0,208.615384615
20170510,@TUM7,1.0,0.0,216296.875,rates,1494449085,2.0,0.0,0.0,0.0,0.0,-1.0,-0.0,1,0.0,1.0,0.0,1.0,0.0,0.0,0.0,1.0,0.0,-1.0,-0.0,1.0,0.0,-1.0,-0.0,1,0.0,1,0.0,1,0.0,1,0.0,1.0,0.0,1.0,0.0,1.0,0.0,1.0,0.0,-1.0,-0.0,0,0.0,1.0,0.0,1.0,0.0,1,0.0,0,0.0,-1.0,-0.0,-1.0,-0.0,-1.0,-0.0,-1.0,-0.0,1.0,0.0,0.0,0.0,0.0,0.0,-1.0,-0.0,-1,-0.0,-1.0,-0.0,-1,-0.0,-1.0,-0.0,0.0,0.0,1.0,0.0,-1.0,-0.0,-1.0,-0.0,-1.0,-0.0,1.0,0.0,-1.0,-0.0,1.0,0.0,1.0,0.0,1.0,0.0,1,0.0,-1,-0.0,0.0,0.0,-1.0,-0.0,1.0,0.0,-1.0,-0.0,-1.0,-0.0,1.0,0.0,1.0,0.0,-1.0,-0.0,1.0,0.0,-1,-0.0,0,0.0,1.0,0.0,0,0.0,1.0,0.0,-1.0,-0.0,1,0.0,-1.0,-0.0,0.0,0.0,-1,-0.0,0,0.0,1.0,0.0,1.0,0.0,-1.0,-0.0,-1.0,-0.0,-1.0,-0.0,1.0,0.0,-1.0,-0.0,1,0.0,0,0.0,-1,-0.0,-1,-0.0,1,0.0,-1.0,-0.0,1.0,0.0,-1,-0.0,-1,-0.0,-1.0,-0.0,0.0,0.0,-1.0,-0.0,1.0,0.0
20170510,@TYM7,1.0,0.000250344223307,124859.375,rates,1494449085,1.0,31.257823257,31.257823257,1.0,31.257823257,1.0,31.257823257,1,31.257823257,1.0,31.257823257,-1.0,-31.257823257,-1.0,-31.257823257,-1.0,-31.257823257,-1.0,-31.257823257,-1.0,-31.257823257,-1.0,-31.257823257,0,0.0,1,31.257823257,1,31.257823257,0,0.0,-1.0,-31.257823257,1.0,31.257823257,1.0,31.257823257,1.0,31.257823257,-1.0,-31.257823257,0,0.0,1.0,31.257823257,-1.0,-31.257823257,1,31.257823257,0,0.0,0.0,0.0,-1.0,-31.257823257,-1.0,-31.257823257,1.0,31.257823257,1.0,31.257823257,1.0,31.257823257,-1.0,-31.257823257,1.0,31.257823257,-1,-31.257823257,-1.0,-31.257823257,-1,-31.257823257,-1.0,-31.257823257,0.0,0.0,1.0,31.257823257,-1.0,-31.257823257,-1.0,-31.257823257,-1.0,-31.257823257,1.0,31.257823257,-1.0,-31.257823257,1.0,31.257823257,1.0,31.257823257,1.0,31.257823257,-1,-31.257823257,-1,-31.257823257,0.0,0.0,-1.0,-31.257823257,1.0,31.257823257,-1.0,-31.257823257,-1.0,-31.257823257,1.0,31.257823257,1.0,31.257823257,1.0,31.257823257,1.0,31.257823257,-1,-31.257823257,0,0.0,1.0,31.257823257,0,0.0,-1.0,-31.257823257,-1.0,-31.257823257,-1,-31.257823257,1.0,31.257823257,-1.0,-31.257823257,-1,-31.257823257,0,0.0,0.0,0.0,1.0,31.257823257,-1.0,-31.257823257,-1.0,-31.257823257,-1.0,-31.257823257,1.0,31.257823257,-1.0,-31.257823257,1,31.257823257,0,0.0,0,0.0,-1,-31.257823257,1,31.257823257,1.0,31.257823257,1.0,31.257823257,0,0.0,-1,-31.257823257,1.0,31.257823257,1.0,31.257823257,1.0,31.257823257,1.0,31.257823257
20170510,@USM7,-1.0,-0.000207296849088,150718.75,rates,1494449085,1.0,-0.0,0.0,0.0,-0.0,-1.0,0.0,1,-0.0,-1.0,0.0,1.0,-0.0,0.0,-0.0,1.0,-0.0,-1.0,0.0,1.0,-0.0,-1.0,0.0,1,-0.0,1,-0.0,1,-0.0,1,-0.0,1.0,-0.0,-1.0,0.0,0.0,-0.0,-1.0,0.0,1.0,-0.0,0,-0.0,1.0,-0.0,1.0,-0.0,1,-0.0,1,-0.0,-1.0,0.0,1.0,-0.0,-1.0,0.0,-1.0,0.0,1.0,-0.0,0.0,-0.0,0.0,-0.0,-1.0,0.0,-1,0.0,-1.0,0.0,1,-0.0,-1.0,0.0,1.0,-0.0,1.0,-0.0,1.0,-0.0,-1.0,0.0,0.0,-0.0,0.0,-0.0,1.0,-0.0,1.0,-0.0,-1.0,0.0,1.0,-0.0,1,-0.0,-1,0.0,-1.0,0.0,-1.0,0.0,1.0,-0.0,0.0,-0.0,-1.0,0.0,1.0,-0.0,1.0,-0.0,-1.0,0.0,1.0,-0.0,-1,0.0,0,-0.0,1.0,-0.0,0,-0.0,1.0,-0.0,-1.0,0.0,1,-0.0,-1.0,0.0,0.0,-0.0,-1,0.0,-1,0.0,1.0,-0.0,1.0,-0.0,-1.0,0.0,-1.0,0.0,-1.0,0.0,-1.0,0.0,-1.0,0.0,1,-0.0,0,-0.0,-1,0.0,-1,0.0,1,-0.0,-1.0,0.0,1.0,-0.0,-1,0.0,-1,0.0,-1.0,0.0,0.0,-0.0,-1.0,0.0,1.0,-0.0
20170510,@WN7,1.0,0.00291036088475,21537.5,grain,1494440124,1.0,62.6818975553,62.6818975553,0.0,0.0,1.0,62.6818975553,-1,-62.6818975553,1.0,62.6818975553,-1.0,-62.6818975553,0.0,0.0,1.0,62.6818975553,-1.0,-62.6818975553,1.0,62.6818975553,-1.0,-62.6818975553,-1,-62.6818975553,-1,-62.6818975553,-1,-62.6818975553,-1,-62.6818975553,1.0,62.6818975553,1.0,62.6818975553,0.0,0.0,-1.0,-62.6818975553,1.0,62.6818975553,0,0.0,1.0,62.6818975553,-1.0,-62.6818975553,-1,-62.6818975553,-1,-62.6818975553,1.0,62.6818975553,-1.0,-62.6818975553,1.0,62.6818975553,1.0,62.6818975553,1.0,62.6818975553,0.0,0.0,0.0,0.0,-1.0,-62.6818975553,-1,-62.6818975553,1.0,62.6818975553,-1,-62.6818975553,-1.0,-62.6818975553,-1.0,-62.6818975553,-1.0,-62.6818975553,-1.0,-62.6818975553,-1.0,-62.6818975553,0.0,0.0,0.0,0.0,1.0,62.6818975553,1.0,62.6818975553,-1.0,-62.6818975553,1.0,62.6818975553,-1,-62.6818975553,-1,-62.6818975553,1.0,62.6818975553,1.0,62.6818975553,1.0,62.6818975553,0.0,0.0,-1.0,-62.6818975553,-1.0,-62.6818975553,0.0,0.0,1.0,62.6818975553,1.0,62.6818975553,1,62.6818975553,1,62.6818975553,-1.0,-62.6818975553,0,0.0,-1.0,-62.6818975553,-1.0,-62.6818975553,-1,-62.6818975553,1.0,62.6818975553,0.0,0.0,1,62.6818975553,1,62.6818975553,-1.0,-62.6818975553,1.0,62.6818975553,-1.0,-62.6818975553,1.0,62.6818975553,0.0,0.0,1.0,62.6818975553,-1.0,-62.6818975553,-1,-62.6818975553,-1,-62.6818975553,1,62.6818975553,1,62.6818975553,1,62.6818975553,-1.0,-62.6818975553,1.0,62.6818975553,1,62.6818975553,1,62.6818975553,1.0,62.6818975553,0.0,0.0,-1.0,-62.6818975553,1.0,62.6818975553
20170510,@YMM7,-1.0,-0.000621801310566,104470.0,index,1494449085,1.0,-0.0,0.0,0.0,-0.0,-1.0,0.0,1,-0.0,-1.0,0.0,-1.0,0.0,1.0,-0.0,1.0,-0.0,1.0,-0.0,1.0,-0.0,-1.0,0.0,-1,0.0,-1,0.0,-1,0.0,0,-0.0,1.0,-0.0,1.0,-0.0,-1.0,0.0,-1.0,0.0,1.0,-0.0,0,-0.0,-1.0,0.0,-1.0,0.0,1,-0.0,0,-0.0,1.0,-0.0,-1.0,0.0,1.0,-0.0,1.0,-0.0,1.0,-0.0,0.0,-0.0,0.0,-0.0,-1.0,0.0,-1,0.0,1.0,-0.0,1,-0.0,-1.0,0.0,0.0,-0.0,1.0,-0.0,-1.0,0.0,1.0,-0.0,1.0,-0.0,-1.0,0.0,1.0,-0.0,-1.0,0.0,-1.0,0.0,1.0,-0.0,-1,0.0,1,-0.0,0.0,-0.0,-1.0,0.0,-1.0,0.0,1.0,-0.0,1.0,-0.0,-1.0,0.0,-1.0,0.0,1.0,-0.0,1.0,-0.0,-1,0.0,0,-0.0,-1.0,0.0,0,-0.0,-1.0,0.0,-1.0,0.0,1,-0.0,1.0,-0.0,0.0,-0.0,-1,0.0,0,-0.0,-1.0,0.0,-1.0,0.0,1.0,-0.0,1.0,-0.0,1.0,-0.0,1.0,-0.0,-1.0,0.0,1,-0.0,0,-0.0,0,-0.0,-1,0.0,1,-0.0,-1.0,0.0,1.0,-0.0,1,-0.0,1,-0.0,1.0,-0.0,-1.0,0.0,-1.0,0.0,-1.0,0.0
20170510,QSIN7,1.0,0.00765544283314,80950.0,metal,1494449085,1.0,0.0,0.0,0.0,0.0,-1.0,-0.0,1,0.0,1.0,0.0,1.0,0.0,0.0,0.0,1.0,0.0,-1.0,-0.0,1.0,0.0,-1.0,-0.0,1,0.0,1,0.0,1,0.0,1,0.0,1.0,0.0,1.0,0.0,1.0,0.0,1.0,0.0,-1.0,-0.0,0,0.0,1.0,0.0,1.0,0.0,1,0.0,0,0.0,-1.0,-0.0,-1.0,-0.0,-1.0,-0.0,-1.0,-0.0,1.0,0.0,0.0,0.0,0.0,0.0,-1.0,-0.0,-1,-0.0,-1.0,-0.0,-1,-0.0,-1.0,-0.0,0.0,0.0,1.0,0.0,-1.0,-0.0,-1.0,-0.0,-1.0,-0.0,1.0,0.0,-1.0,-0.0,1.0,0.0,1.0,0.0,1.0,0.0,1,0.0,1,0.0,0.0,0.0,-1.0,-0.0,1.0,0.0,-1.0,-0.0,-1.0,-0.0,-1.0,-0.0,0.0,0.0,-1.0,-0.0,-1.0,-0.0,-1,-0.0,-1,-0.0,1.0,0.0,0,0.0,1.0,0.0,-1.0,-0.0,1,0.0,-1.0,-0.0,0.0,0.0,-1,-0.0,0,0.0,1.0,0.0,-1.0,-0.0,-1.0,-0.0,1.0,0.0,0.0,0.0,1.0,0.0,1.0,0.0,1,0.0,1,0.0,-1,-0.0,-1,-0.0,1,0.0,-1.0,-0.0,1.0,0.0,-1,-0.0,-1,-0.0,-1.0,-0.0,0.0,0.0,-1.0,-0.0,1.0,0.0
20170510,@HEM7,-1.0,-0.00516962843296,30790.0,meat,1494439166,1.0,-0.0,0.0,0.0,-0.0,1.0,-0.0,-1,0.0,-1.0,0.0,-1.0,0.0,0.0,-0.0,-1.0,0.0,1.0,-0.0,-1.0,0.0,1.0,-0.0,-1,0.0,-1,0.0,-1,0.0,-1,0.0,-1.0,0.0,-1.0,0.0,-1.0,0.0,-1.0,0.0,1.0,-0.0,0,-0.0,-1.0,0.0,-1.0,0.0,-1,0.0,0,-0.0,1.0,-0.0,1.0,-0.0,1.0,-0.0,1.0,-0.0,-1.0,0.0,0.0,-0.0,0.0,-0.0,1.0,-0.0,1,-0.0,1.0,-0.0,1,-0.0,1.0,-0.0,0.0,-0.0,-1.0,0.0,1.0,-0.0,1.0,-0.0,1.0,-0.0,-1.0,0.0,1.0,-0.0,-1.0,0.0,-1.0,0.0,-1.0,0.0,-1,0.0,-1,0.0,0.0,-0.0,1.0,-0.0,-1.0,0.0,1.0,-0.0,1.0,-0.0,1.0,-0.0,0.0,-0.0,1.0,-0.0,1.0,-0.0,1,-0.0,1,-0.0,-1.0,0.0,0,-0.0,-1.0,0.0,1.0,-0.0,-1,0.0,1.0,-0.0,0.0,-0.0,1,-0.0,0,-0.0,-1.0,0.0,1.0,-0.0,1.0,-0.0,-1.0,0.0,0.0,-0.0,-1.0,0.0,-1.0,0.0,-1,0.0,-1,0.0,1,-0.0,1,-0.0,-1,0.0,1.0,-0.0,-1.0,0.0,1,-0.0,1,-0.0,1.0,-0.0,0.0,-0.0,1.0,-0.0,-1.0,0.0
20170510,QNGM7,1.0,0.0167338084909,32810.0,energy,1494449085,1.0,549.036256585,549.036256585,-1.0,-549.036256585,-1.0,-549.036256585,-1,-549.036256585,1.0,549.036256585,1.0,549.036256585,1.0,549.036256585,1.0,549.036256585,1.0,549.036256585,1.0,549.036256585,1.0,549.036256585,0,0.0,-1,-549.036256585,-1,-549.036256585,0,0.0,1.0,549.036256585,1.0,549.036256585,0.0,0.0,1.0,549.036256585,-1.0,-549.036256585,0,0.0,-1.0,-549.036256585,1.0,549.036256585,-1,-549.036256585,-1,-549.036256585,0.0,0.0,-1.0,-549.036256585,1.0,549.036256585,-1.0,-549.036256585,-1.0,-549.036256585,-1.0,-549.036256585,1.0,549.036256585,-1.0,-549.036256585,-1,-549.036256585,1.0,549.036256585,-1,-549.036256585,1.0,549.036256585,-1.0,-549.036256585,-1.0,-549.036256585,-1.0,-549.036256585,1.0,549.036256585,0.0,0.0,0.0,0.0,-1.0,-549.036256585,-1.0,-549.036256585,1.0,549.036256585,1.0,549.036256585,1,549.036256585,-1,-549.036256585,1.0,549.036256585,1.0,549.036256585,-1.0,-549.036256585,0.0,0.0,1.0,549.036256585,1.0,549.036256585,0.0,0.0,-1.0,-549.036256585,1.0,549.036256585,1,549.036256585,1,549.036256585,-1.0,-549.036256585,0,0.0,1.0,549.036256585,1.0,549.036256585,1,549.036256585,-1.0,-549.036256585,1.0,549.036256585,1,549.036256585,1,549.036256585,0.0,0.0,1.0,549.036256585,1.0,549.036256585,-1.0,-549.036256585,0.0,0.0,1.0,549.036256585,-1.0,-549.036256585,-1,-549.036256585,-1,-549.036256585,0,0.0,1,549.036256585,-1,-549.036256585,-1.0,-549.036256585,-1.0,-549.036256585,0,0.0,1,549.036256585,-1.0,-549.036256585,-1.0,-549.036256585,-1.0,-549.036256585,-1.0,-549.036256585
20170510,@JYM7,1.0,0.000114116170261,109550.0,currency,1494449085,1.0,12.5014264521,12.5014264521,0.0,0.0,-1.0,-12.5014264521,1,12.5014264521,1.0,12.5014264521,1.0,12.5014264521,0.0,0.0,1.0,12.5014264521,-1.0,-12.5014264521,1.0,12.5014264521,-1.0,-12.5014264521,1,12.5014264521,1,12.5014264521,1,12.5014264521,1,12.5014264521,1.0,12.5014264521,1.0,12.5014264521,1.0,12.5014264521,1.0,12.5014264521,-1.0,-12.5014264521,0,0.0,1.0,12.5014264521,1.0,12.5014264521,1,12.5014264521,0,0.0,-1.0,-12.5014264521,-1.0,-12.5014264521,-1.0,-12.5014264521,-1.0,-12.5014264521,1.0,12.5014264521,0.0,0.0,0.0,0.0,-1.0,-12.5014264521,-1,-12.5014264521,-1.0,-12.5014264521,-1,-12.5014264521,-1.0,-12.5014264521,0.0,0.0,1.0,12.5014264521,-1.0,-12.5014264521,-1.0,-12.5014264521,-1.0,-12.5014264521,1.0,12.5014264521,-1.0,-12.5014264521,1.0,12.5014264521,1.0,12.5014264521,1.0,12.5014264521,1,12.5014264521,1,12.5014264521,0.0,0.0,-1.0,-12.5014264521,1.0,12.5014264521,-1.0,-12.5014264521,-1.0,-12.5014264521,-1.0,-12.5014264521,0.0,0.0,-1.0,-12.5014264521,-1.0,-12.5014264521,-1,-12.5014264521,-1,-12.5014264521,1.0,12.5014264521,0,0.0,1.0,12.5014264521,-1.0,-12.5014264521,1,12.5014264521,-1.0,-12.5014264521,0.0,0.0,-1,-12.5014264521,0,0.0,1.0,12.5014264521,-1.0,-12.5014264521,-1.0,-12.5014264521,1.0,12.5014264521,0.0,0.0,1.0,12.5014264521,1.0,12.5014264521,1,12.5014264521,1,12.5014264521,-1,-12.5014264521,-1,-12.5014264521,1,12.5014264521,-1.0,-12.5014264521,1.0,12.5014264521,-1,-12.5014264521,-1,-12.5014264521,-1.0,-12.5014264521,0.0,0.0,-1.0,-12.5014264521,1.0,12.5014264521
20170510,@ADM7,1.0,0.0040922111581,73610.0,currency,1494449085,1.0,0.0,0.0,-1.0,-0.0,-1.0,-0.0,1,0.0,1.0,0.0,-1.0,-0.0,1.0,0.0,1.0,0.0,1.0,0.0,1.0,0.0,1.0,0.0,0,0.0,1,0.0,-1,-0.0,0,0.0,1.0,0.0,1.0,0.0,0.0,0.0,-1.0,-0.0,1.0,0.0,0,0.0,-1.0,-0.0,-1.0,-0.0,-1,-0.0,-1,-0.0,0.0,0.0,-1.0,-0.0,-1.0,-0.0,1.0,0.0,-1.0,-0.0,-1.0,-0.0,1.0,0.0,-1.0,-0.0,-1,-0.0,1.0,0.0,-1,-0.0,-1.0,-0.0,-1.0,-0.0,-1.0,-0.0,-1.0,-0.0,-1.0,-0.0,0.0,0.0,0.0,0.0,1.0,0.0,1.0,0.0,-1.0,-0.0,1.0,0.0,1,0.0,1,0.0,1.0,0.0,1.0,0.0,1.0,0.0,0.0,0.0,-1.0,-0.0,-1.0,-0.0,-1.0,-0.0,1.0,0.0,1.0,0.0,-1,-0.0,0,0.0,1.0,0.0,0,0.0,-1.0,-0.0,1.0,0.0,1,0.0,-1.0,-0.0,1.0,0.0,1,0.0,1,0.0,0.0,0.0,-1.0,-0.0,1.0,0.0,1.0,0.0,1.0,0.0,1.0,0.0,-1.0,-0.0,1,0.0,0,0.0,0,0.0,-1,-0.0,1,0.0,-1.0,-0.0,-1.0,-0.0,0,0.0,-1,-0.0,1.0,0.0,-1.0,-0.0,-1.0,-0.0,-1.0,-0.0
20170510,@BON7,-1.0,-0.0185466707206,19368.0,grain,1494440124,1.0,-0.0,0.0,0.0,-0.0,1.0,-0.0,-1,0.0,-1.0,0.0,-1.0,0.0,0.0,-0.0,-1.0,0.0,1.0,-0.0,-1.0,0.0,1.0,-0.0,-1,0.0,-1,0.0,-1,0.0,-1,0.0,-1.0,0.0,-1.0,0.0,-1.0,0.0,-1.0,0.0,1.0,-0.0,0,-0.0,-1.0,0.0,-1.0,0.0,-1,0.0,0,-0.0,1.0,-0.0,1.0,-0.0,1.0,-0.0,1.0,-0.0,-1.0,0.0,0.0,-0.0,0.0,-0.0,1.0,-0.0,-1,0.0,1.0,-0.0,1,-0.0,1.0,-0.0,0.0,-0.0,-1.0,0.0,1.0,-0.0,1.0,-0.0,1.0,-0.0,-1.0,0.0,1.0,-0.0,-1.0,0.0,-1.0,0.0,1.0,-0.0,-1,0.0,1,-0.0,0.0,-0.0,1.0,-0.0,-1.0,0.0,1.0,-0.0,1.0,-0.0,-1.0,0.0,-1.0,0.0,1.0,-0.0,-1.0,0.0,1,-0.0,0,-0.0,-1.0,0.0,0,-0.0,-1.0,0.0,1.0,-0.0,-1,0.0,1.0,-0.0,0.0,-0.0,1,-0.0,0,-0.0,-1.0,0.0,-1.0,0.0,1.0,-0.0,1.0,-0.0,1.0,-0.0,-1.0,0.0,1.0,-0.0,-1,0.0,0,-0.0,1,-0.0,1,-0.0,-1,0.0,1.0,-0.0,-1.0,0.0,1,-0.0,1,-0.0,1.0,-0.0,0.0,-0.0,1.0,-0.0,-1.0,0.0
20170510,@BPM7,1.0,0.00131375579598,80981.25,currency,1494449085,1.0,0.0,0.0,-1.0,-0.0,-1.0,-0.0,1,0.0,-1.0,-0.0,-1.0,-0.0,1.0,0.0,1.0,0.0,1.0,0.0,1.0,0.0,1.0,0.0,0,0.0,1,0.0,-1,-0.0,0,0.0,1.0,0.0,1.0,0.0,-1.0,-0.0,-1.0,-0.0,1.0,0.0,0,0.0,-1.0,-0.0,-1.0,-0.0,1,0.0,0,0.0,0.0,0.0,-1.0,-0.0,-1.0,-0.0,1.0,0.0,-1.0,-0.0,-1.0,-0.0,1.0,0.0,-1.0,-0.0,-1,-0.0,1.0,0.0,1,0.0,-1.0,-0.0,0.0,0.0,1.0,0.0,-1.0,-0.0,1.0,0.0,1.0,0.0,-1.0,-0.0,1.0,0.0,-1.0,-0.0,-1.0,-0.0,1.0,0.0,1,0.0,1,0.0,0.0,0.0,-1.0,-0.0,-1.0,-0.0,1.0,0.0,1.0,0.0,-1.0,-0.0,-1.0,-0.0,1.0,0.0,1.0,0.0,-1,-0.0,0,0.0,1.0,0.0,0,0.0,-1.0,-0.0,1.0,0.0,1,0.0,-1.0,-0.0,1.0,0.0,-1,-0.0,0,0.0,0.0,0.0,-1.0,-0.0,1.0,0.0,1.0,0.0,1.0,0.0,1.0,0.0,-1.0,-0.0,1,0.0,0,0.0,0,0.0,-1,-0.0,1,0.0,-1.0,-0.0,-1.0,-0.0,0,0.0,-1,-0.0,1.0,0.0,-1.0,-0.0,-1.0,-0.0,-1.0,-0.0
20170510,@CN7,1.0,0.0170532060027,18637.5,grain,1494440124,1.0,317.829126876,317.829126876,-1.0,-317.829126876,-1.0,-317.829126876,-1,-317.829126876,1.0,317.829126876,1.0,317.829126876,1.0,317.829126876,1.0,317.829126876,1.0,317.829126876,1.0,317.829126876,1.0,317.829126876,0,0.0,-1,-317.829126876,-1,-317.829126876,0,0.0,1.0,317.829126876,1.0,317.829126876,0.0,0.0,1.0,317.829126876,-1.0,-317.829126876,0,0.0,-1.0,-317.829126876,1.0,317.829126876,-1,-317.829126876,-1,-317.829126876,0.0,0.0,-1.0,-317.829126876,1.0,317.829126876,-1.0,-317.829126876,-1.0,-317.829126876,-1.0,-317.829126876,1.0,317.829126876,-1.0,-317.829126876,-1,-317.829126876,1.0,317.829126876,-1,-317.829126876,1.0,317.829126876,-1.0,-317.829126876,-1.0,-317.829126876,-1.0,-317.829126876,1.0,317.829126876,0.0,0.0,0.0,0.0,-1.0,-317.829126876,-1.0,-317.829126876,1.0,317.829126876,1.0,317.829126876,1,317.829126876,1,317.829126876,1.0,317.829126876,1.0,317.829126876,-1.0,-317.829126876,0.0,0.0,1.0,317.829126876,-1.0,-317.829126876,-1.0,-317.829126876,-1.0,-317.829126876,-1.0,-317.829126876,1,317.829126876,0,0.0,-1.0,-317.829126876,0,0.0,1.0,317.829126876,1.0,317.829126876,1,317.829126876,-1.0,-317.829126876,1.0,317.829126876,1,317.829126876,1,317.829126876,0.0,0.0,-1.0,-317.829126876,1.0,317.829126876,1.0,317.829126876,1.0,317.829126876,1.0,317.829126876,1.0,317.829126876,-1,-317.829126876,0,0.0,0,0.0,1,317.829126876,-1,-317.829126876,-1.0,-317.829126876,-1.0,-317.829126876,0,0.0,1,317.829126876,-1.0,-317.829126876,-1.0,-317.829126876,-1.0,-317.829126876,-1.0,-317.829126876
20170510,@CDM7,1.0,0.00486768133827,73285.0,currency,1494449085,1.0,0.0,0.0,-1.0,-0.0,1.0,0.0,-1,-0.0,1.0,0.0,-1.0,-0.0,0.0,0.0,1.0,0.0,-1.0,-0.0,1.0,0.0,1.0,0.0,0,0.0,1,0.0,-1,-0.0,-1,-0.0,1.0,0.0,1.0,0.0,0.0,0.0,-1.0,-0.0,1.0,0.0,0,0.0,-1.0,-0.0,-1.0,-0.0,-1,-0.0,-1,-0.0,0.0,0.0,-1.0,-0.0,-1.0,-0.0,1.0,0.0,-1.0,-0.0,-1.0,-0.0,1.0,0.0,-1.0,-0.0,-1,-0.0,1.0,0.0,-1,-0.0,-1.0,-0.0,-1.0,-0.0,-1.0,-0.0,-1.0,-0.0,-1.0,-0.0,0.0,0.0,0.0,0.0,1.0,0.0,1.0,0.0,-1.0,-0.0,1.0,0.0,1,0.0,1,0.0,1.0,0.0,1.0,0.0,1.0,0.0,0.0,0.0,-1.0,-0.0,-1.0,-0.0,-1.0,-0.0,1.0,0.0,1.0,0.0,-1,-0.0,0,0.0,1.0,0.0,0,0.0,-1.0,-0.0,1.0,0.0,-1,-0.0,-1.0,-0.0,1.0,0.0,1,0.0,1,0.0,0.0,0.0,-1.0,-0.0,1.0,0.0,1.0,0.0,1.0,0.0,1.0,0.0,-1.0,-0.0,1,0.0,0,0.0,1,0.0,1,0.0,1,0.0,-1.0,-0.0,-1.0,-0.0,0,0.0,-1,-0.0,1.0,0.0,0.0,0.0,-1.0,-0.0,1.0,0.0
20170510,@LEM7,-1.0,-0.00580116023205,49700.0,meat,1494439166,1.0,-0.0,0.0,-1.0,0.0,-1.0,0.0,1,-0.0,1.0,-0.0,-1.0,0.0,1.0,-0.0,1.0,-0.0,1.0,-0.0,1.0,-0.0,1.0,-0.0,0,-0.0,1,-0.0,-1,0.0,0,-0.0,1.0,-0.0,1.0,-0.0,0.0,-0.0,-1.0,0.0,1.0,-0.0,0,-0.0,-1.0,0.0,-1.0,0.0,-1,0.0,-1,0.0,0.0,-0.0,-1.0,0.0,-1.0,0.0,1.0,-0.0,-1.0,0.0,-1.0,0.0,1.0,-0.0,-1.0,0.0,1,-0.0,1.0,-0.0,-1,0.0,-1.0,0.0,-1.0,0.0,-1.0,0.0,-1.0,0.0,-1.0,0.0,0.0,-0.0,0.0,-0.0,1.0,-0.0,1.0,-0.0,-1.0,0.0,-1.0,0.0,1,-0.0,1,-0.0,1.0,-0.0,1.0,-0.0,1.0,-0.0,0.0,-0.0,-1.0,0.0,-1.0,0.0,-1.0,0.0,1.0,-0.0,1.0,-0.0,-1,0.0,0,-0.0,1.0,-0.0,0,-0.0,-1.0,0.0,1.0,-0.0,1,-0.0,-1.0,0.0,1.0,-0.0,1,-0.0,1,-0.0,0.0,-0.0,-1.0,0.0,1.0,-0.0,1.0,-0.0,1.0,-0.0,1.0,-0.0,-1.0,0.0,1,-0.0,0,-0.0,0,-0.0,-1,0.0,1,-0.0,-1.0,0.0,-1.0,0.0,0,-0.0,-1,0.0,1.0,-0.0,-1.0,0.0,-1.0,0.0,-1.0,0.0
20170510,@EUM7,-1.0,-0.000137753696391,136093.75,currency,1494449085,1.0,-18.7474171182,18.7474171182,0.0,-0.0,1.0,-18.7474171182,-1,18.7474171182,-1.0,18.7474171182,-1.0,18.7474171182,0.0,-0.0,1.0,-18.7474171182,-1.0,18.7474171182,1.0,-18.7474171182,-1.0,18.7474171182,-1,18.7474171182,-1,18.7474171182,-1,18.7474171182,-1,18.7474171182,1.0,-18.7474171182,1.0,-18.7474171182,-1.0,18.7474171182,-1.0,18.7474171182,1.0,-18.7474171182,0,-0.0,-1.0,18.7474171182,-1.0,18.7474171182,1,-18.7474171182,0,-0.0,1.0,-18.7474171182,-1.0,18.7474171182,1.0,-18.7474171182,1.0,-18.7474171182,1.0,-18.7474171182,0.0,-0.0,0.0,-0.0,-1.0,18.7474171182,-1,18.7474171182,1.0,-18.7474171182,1,-18.7474171182,-1.0,18.7474171182,0.0,-0.0,1.0,-18.7474171182,-1.0,18.7474171182,1.0,-18.7474171182,1.0,-18.7474171182,-1.0,18.7474171182,1.0,-18.7474171182,-1.0,18.7474171182,-1.0,18.7474171182,1.0,-18.7474171182,-1,18.7474171182,1,-18.7474171182,0.0,-0.0,-1.0,18.7474171182,-1.0,18.7474171182,1.0,-18.7474171182,1.0,-18.7474171182,-1.0,18.7474171182,-1.0,18.7474171182,1.0,-18.7474171182,1.0,-18.7474171182,-1,18.7474171182,0,-0.0,-1.0,18.7474171182,0,-0.0,-1.0,18.7474171182,-1.0,18.7474171182,-1,18.7474171182,1.0,-18.7474171182,0.0,-0.0,-1,18.7474171182,0,-0.0,-1.0,18.7474171182,-1.0,18.7474171182,1.0,-18.7474171182,1.0,-18.7474171182,1.0,-18.7474171182,1.0,-18.7474171182,-1.0,18.7474171182,1,-18.7474171182,0,-0.0,1,-18.7474171182,1,-18.7474171182,1,-18.7474171182,-1.0,18.7474171182,1.0,-18.7474171182,1,-18.7474171182,1,-18.7474171182,1.0,-18.7474171182,0.0,-0.0,-1.0,18.7474171182,1.0,-18.7474171182
20170510,@EMDM7,1.0,0.00533055217568,173510.0,index,1494449085,1.0,924.904108002,924.904108002,-1.0,-924.904108002,-1.0,-924.904108002,1,924.904108002,1.0,924.904108002,-1.0,-924.904108002,1.0,924.904108002,1.0,924.904108002,1.0,924.904108002,1.0,924.904108002,1.0,924.904108002,0,0.0,1,924.904108002,-1,-924.904108002,0,0.0,1.0,924.904108002,1.0,924.904108002,0.0,0.0,-1.0,-924.904108002,1.0,924.904108002,0,0.0,-1.0,-924.904108002,-1.0,-924.904108002,-1,-924.904108002,-1,-924.904108002,0.0,0.0,-1.0,-924.904108002,-1.0,-924.904108002,1.0,924.904108002,-1.0,-924.904108002,-1.0,-924.904108002,1.0,924.904108002,-1.0,-924.904108002,-1,-924.904108002,1.0,924.904108002,-1,-924.904108002,-1.0,-924.904108002,-1.0,-924.904108002,-1.0,-924.904108002,-1.0,-924.904108002,-1.0,-924.904108002,0.0,0.0,0.0,0.0,1.0,924.904108002,1.0,924.904108002,-1.0,-924.904108002,1.0,924.904108002,1,924.904108002,1,924.904108002,1.0,924.904108002,1.0,924.904108002,1.0,924.904108002,0.0,0.0,-1.0,-924.904108002,-1.0,-924.904108002,-1.0,-924.904108002,1.0,924.904108002,1.0,924.904108002,-1,-924.904108002,0,0.0,1.0,924.904108002,0,0.0,-1.0,-924.904108002,1.0,924.904108002,1,924.904108002,-1.0,-924.904108002,1.0,924.904108002,1,924.904108002,1,924.904108002,0.0,0.0,-1.0,-924.904108002,1.0,924.904108002,1.0,924.904108002,1.0,924.904108002,1.0,924.904108002,-1.0,-924.904108002,1,924.904108002,0,0.0,0,0.0,-1,-924.904108002,1,924.904108002,-1.0,-924.904108002,-1.0,-924.904108002,0,0.0,-1,-924.904108002,1.0,924.904108002,-1.0,-924.904108002,-1.0,-924.904108002,-1.0,-924.904108002
20170510,QCLM7,1.0,0.0322580645161,47360.0,energy,1494449085,1.0,1527.74193548,1527.74193548,-1.0,-1527.74193548,-1.0,-1527.74193548,1,1527.74193548,-1.0,-1527.74193548,-1.0,-1527.74193548,1.0,1527.74193548,1.0,1527.74193548,1.0,1527.74193548,1.0,1527.74193548,1.0,1527.74193548,0,0.0,1,1527.74193548,-1,-1527.74193548,0,0.0,1.0,1527.74193548,1.0,1527.74193548,-1.0,-1527.74193548,-1.0,-1527.74193548,1.0,1527.74193548,0,0.0,-1.0,-1527.74193548,-1.0,-1527.74193548,1,1527.74193548,0,0.0,0.0,0.0,-1.0,-1527.74193548,-1.0,-1527.74193548,1.0,1527.74193548,-1.0,-1527.74193548,-1.0,-1527.74193548,1.0,1527.74193548,-1.0,-1527.74193548,-1,-1527.74193548,1.0,1527.74193548,1,1527.74193548,-1.0,-1527.74193548,0.0,0.0,1.0,1527.74193548,-1.0,-1527.74193548,1.0,1527.74193548,1.0,1527.74193548,-1.0,-1527.74193548,1.0,1527.74193548,-1.0,-1527.74193548,-1.0,-1527.74193548,1.0,1527.74193548,1,1527.74193548,1,1527.74193548,0.0,0.0,-1.0,-1527.74193548,-1.0,-1527.74193548,1.0,1527.74193548,1.0,1527.74193548,-1.0,-1527.74193548,-1.0,-1527.74193548,1.0,1527.74193548,1.0,1527.74193548,-1,-1527.74193548,0,0.0,1.0,1527.74193548,0,0.0,-1.0,-1527.74193548,1.0,1527.74193548,1,1527.74193548,-1.0,-1527.74193548,1.0,1527.74193548,-1,-1527.74193548,0,0.0,0.0,0.0,-1.0,-1527.74193548,1.0,1527.74193548,1.0,1527.74193548,1.0,1527.74193548,1.0,1527.74193548,-1.0,-1527.74193548,1,1527.74193548,0,0.0,0,0.0,-1,-1527.74193548,1,1527.74193548,-1.0,-1527.74193548,-1.0,-1527.74193548,0,0.0,-1,-1527.74193548,1.0,1527.74193548,-1.0,-1527.74193548,-1.0,-1527.74193548,-1.0,-1527.74193548
20170510,@GFQ7,-1.0,-0.0220177456457,74400.0,meat,1494439166,1.0,-0.0,0.0,-1.0,0.0,-1.0,0.0,1,-0.0,1.0,-0.0,-1.0,0.0,1.0,-0.0,1.0,-0.0,1.0,-0.0,1.0,-0.0,1.0,-0.0,0,-0.0,1,-0.0,-1,0.0,0,-0.0,1.0,-0.0,1.0,-0.0,0.0,-0.0,-1.0,0.0,1.0,-0.0,0,-0.0,1.0,-0.0,-1.0,0.0,-1,0.0,-1,0.0,0.0,-0.0,-1.0,0.0,-1.0,0.0,1.0,-0.0,-1.0,0.0,-1.0,0.0,1.0,-0.0,-1.0,0.0,1,-0.0,1.0,-0.0,-1,0.0,-1.0,0.0,-1.0,0.0,-1.0,0.0,-1.0,0.0,-1.0,0.0,0.0,-0.0,0.0,-0.0,1.0,-0.0,1.0,-0.0,-1.0,0.0,-1.0,0.0,1,-0.0,-1,0.0,1.0,-0.0,1.0,-0.0,1.0,-0.0,0.0,-0.0,-1.0,0.0,-1.0,0.0,0.0,-0.0,1.0,-0.0,1.0,-0.0,1,-0.0,1,-0.0,1.0,-0.0,0,-0.0,-1.0,0.0,1.0,-0.0,1,-0.0,-1.0,0.0,1.0,-0.0,1,-0.0,1,-0.0,0.0,-0.0,1.0,-0.0,-1.0,0.0,1.0,-0.0,0.0,-0.0,1.0,-0.0,-1.0,0.0,-1,0.0,-1,0.0,0,-0.0,-1,0.0,1,-0.0,-1.0,0.0,-1.0,0.0,0,-0.0,-1,0.0,1.0,-0.0,-1.0,0.0,-1.0,0.0,-1.0,0.0
20170510,@FVM7,1.0,0.000198846689203,117890.625,rates,1494449085,1.0,0.0,0.0,0.0,0.0,-1.0,-0.0,1,0.0,1.0,0.0,1.0,0.0,0.0,0.0,1.0,0.0,-1.0,-0.0,1.0,0.0,-1.0,-0.0,1,0.0,1,0.0,1,0.0,1,0.0,1.0,0.0,1.0,0.0,1.0,0.0,1.0,0.0,-1.0,-0.0,0,0.0,1.0,0.0,1.0,0.0,1,0.0,0,0.0,-1.0,-0.0,-1.0,-0.0,-1.0,-0.0,-1.0,-0.0,1.0,0.0,0.0,0.0,0.0,0.0,-1.0,-0.0,-1,-0.0,-1.0,-0.0,-1,-0.0,-1.0,-0.0,0.0,0.0,1.0,0.0,-1.0,-0.0,-1.0,-0.0,-1.0,-0.0,1.0,0.0,-1.0,-0.0,1.0,0.0,1.0,0.0,1.0,0.0,1,0.0,-1,-0.0,0.0,0.0,-1.0,-0.0,1.0,0.0,-1.0,-0.0,-1.0,-0.0,1.0,0.0,1.0,0.0,-1.0,-0.0,1.0,0.0,-1,-0.0,0,0.0,1.0,0.0,0,0.0,1.0,0.0,-1.0,-0.0,1,0.0,-1.0,-0.0,0.0,0.0,-1,-0.0,0,0.0,1.0,0.0,1.0,0.0,-1.0,-0.0,-1.0,-0.0,-1.0,-0.0,1.0,0.0,-1.0,-0.0,1,0.0,0,0.0,-1,-0.0,-1,-0.0,1,0.0,-1.0,-0.0,1.0,0.0,-1,-0.0,-1,-0.0,-1.0,-0.0,0.0,0.0,-1.0,-0.0,1.0,0.0
20170510,QGCM7,1.0,0.00238467231313,121900.0,metal,1494449085,1.0,0.0,0.0,0.0,0.0,-1.0,-0.0,1,0.0,1.0,0.0,1.0,0.0,0.0,0.0,1.0,0.0,-1.0,-0.0,1.0,0.0,-1.0,-0.0,1,0.0,1,0.0,1,0.0,1,0.0,1.0,0.0,1.0,0.0,1.0,0.0,1.0,0.0,-1.0,-0.0,0,0.0,1.0,0.0,1.0,0.0,1,0.0,0,0.0,-1.0,-0.0,-1.0,-0.0,-1.0,-0.0,-1.0,-0.0,1.0,0.0,0.0,0.0,0.0,0.0,-1.0,-0.0,-1,-0.0,-1.0,-0.0,-1,-0.0,-1.0,-0.0,0.0,0.0,1.0,0.0,-1.0,-0.0,-1.0,-0.0,-1.0,-0.0,1.0,0.0,-1.0,-0.0,1.0,0.0,1.0,0.0,1.0,0.0,1,0.0,1,0.0,0.0,0.0,-1.0,-0.0,1.0,0.0,-1.0,-0.0,-1.0,-0.0,-1.0,-0.0,0.0,0.0,-1.0,-0.0,-1.0,-0.0,-1,-0.0,-1,-0.0,1.0,0.0,0,0.0,1.0,0.0,-1.0,-0.0,1,0.0,-1.0,-0.0,0.0,0.0,-1,-0.0,0,0.0,1.0,0.0,-1.0,-0.0,-1.0,-0.0,1.0,0.0,0.0,0.0,1.0,0.0,1.0,0.0,1,0.0,1,0.0,-1,-0.0,-1,-0.0,1,0.0,-1.0,-0.0,1.0,0.0,-1,-0.0,-1,-0.0,-1.0,-0.0,0.0,0.0,-1.0,-0.0,1.0,0.0
20170510,QHGN7,-1.0,-0.00120096076861,62375.0,metal,1494449085,1.0,-74.9099279424,74.9099279424,-1.0,74.9099279424,-1.0,74.9099279424,-1,74.9099279424,-1.0,74.9099279424,1.0,-74.9099279424,1.0,-74.9099279424,1.0,-74.9099279424,1.0,-74.9099279424,1.0,-74.9099279424,1.0,-74.9099279424,0,-0.0,-1,74.9099279424,-1,74.9099279424,0,-0.0,1.0,-74.9099279424,-1.0,74.9099279424,-1.0,74.9099279424,-1.0,74.9099279424,1.0,-74.9099279424,0,-0.0,-1.0,74.9099279424,1.0,-74.9099279424,-1,74.9099279424,0,-0.0,0.0,-0.0,1.0,-74.9099279424,1.0,-74.9099279424,-1.0,74.9099279424,-1.0,74.9099279424,-1.0,74.9099279424,1.0,-74.9099279424,-1.0,74.9099279424,-1,74.9099279424,1.0,-74.9099279424,1,-74.9099279424,1.0,-74.9099279424,0.0,-0.0,-1.0,74.9099279424,1.0,-74.9099279424,1.0,-74.9099279424,1.0,-74.9099279424,-1.0,74.9099279424,1.0,-74.9099279424,-1.0,74.9099279424,-1.0,74.9099279424,1.0,-74.9099279424,1,-74.9099279424,1,-74.9099279424,0.0,-0.0,1.0,-74.9099279424,-1.0,74.9099279424,1.0,-74.9099279424,1.0,-74.9099279424,-1.0,74.9099279424,-1.0,74.9099279424,-1.0,74.9099279424,-1.0,74.9099279424,1,-74.9099279424,0,-0.0,-1.0,74.9099279424,0,-0.0,1.0,-74.9099279424,1.0,-74.9099279424,1,-74.9099279424,-1.0,74.9099279424,1.0,-74.9099279424,1,-74.9099279424,0,-0.0,0.0,-0.0,-1.0,74.9099279424,1.0,-74.9099279424,1.0,-74.9099279424,1.0,-74.9099279424,-1.0,74.9099279424,1.0,-74.9099279424,-1,74.9099279424,0,-0.0,0,-0.0,1,-74.9099279424,-1,74.9099279424,-1.0,74.9099279424,-1.0,74.9099279424,0,-0.0,1,-74.9099279424,-1.0,74.9099279424,-1.0,74.9099279424,-1.0,74.9099279424,-1.0,74.9099279424
20170510,QHOM7,1.0,0.0237154150198,62004.6,energy,1494449085,1.0,0.0,0.0,-1.0,-0.0,-1.0,-0.0,1,0.0,-1.0,-0.0,-1.0,-0.0,1.0,0.0,1.0,0.0,1.0,0.0,1.0,0.0,1.0,0.0,0,0.0,1,0.0,-1,-0.0,0,0.0,1.0,0.0,1.0,0.0,-1.0,-0.0,-1.0,-0.0,1.0,0.0,0,0.0,-1.0,-0.0,-1.0,-0.0,1,0.0,0,0.0,0.0,0.0,-1.0,-0.0,-1.0,-0.0,1.0,0.0,-1.0,-0.0,-1.0,-0.0,1.0,0.0,-1.0,-0.0,-1,-0.0,1.0,0.0,1,0.0,-1.0,-0.0,0.0,0.0,1.0,0.0,-1.0,-0.0,1.0,0.0,1.0,0.0,-1.0,-0.0,1.0,0.0,-1.0,-0.0,-1.0,-0.0,1.0,0.0,1,0.0,1,0.0,0.0,0.0,-1.0,-0.0,-1.0,-0.0,1.0,0.0,1.0,0.0,-1.0,-0.0,-1.0,-0.0,1.0,0.0,1.0,0.0,-1,-0.0,0,0.0,1.0,0.0,0,0.0,-1.0,-0.0,1.0,0.0,1,0.0,-1.0,-0.0,1.0,0.0,-1,-0.0,0,0.0,0.0,0.0,-1.0,-0.0,1.0,0.0,1.0,0.0,1.0,0.0,1.0,0.0,-1.0,-0.0,1,0.0,0,0.0,0,0.0,-1,-0.0,1,0.0,-1.0,-0.0,-1.0,-0.0,0,0.0,-1,-0.0,1.0,0.0,-1.0,-0.0,-1.0,-0.0,-1.0,-0.0
20170510,@ESM7,1.0,0.000940144155437,119775.0,index,1494449085,1.0,112.605766217,112.605766217,0.0,0.0,1.0,112.605766217,-1,-112.605766217,-1.0,-112.605766217,-1.0,-112.605766217,0.0,0.0,1.0,112.605766217,-1.0,-112.605766217,1.0,112.605766217,-1.0,-112.605766217,-1,-112.605766217,-1,-112.605766217,-1,-112.605766217,-1,-112.605766217,1.0,112.605766217,1.0,112.605766217,-1.0,-112.605766217,-1.0,-112.605766217,1.0,112.605766217,1,94.0144155437,-1.0,-112.605766217,-1.0,-112.605766217,1,112.605766217,0,0.0,1.0,112.605766217,-1.0,-112.605766217,1.0,112.605766217,1.0,112.605766217,1.0,112.605766217,0.0,0.0,0.0,0.0,-1.0,-112.605766217,-1,-112.605766217,1.0,112.605766217,1,112.605766217,-1.0,-112.605766217,0.0,0.0,1.0,112.605766217,-1.0,-112.605766217,1.0,112.605766217,1.0,112.605766217,-1.0,-112.605766217,1.0,112.605766217,-1.0,-112.605766217,-1.0,-112.605766217,1.0,112.605766217,-1,-112.605766217,1,112.605766217,0.0,0.0,-1.0,-112.605766217,-1.0,-112.605766217,1.0,112.605766217,1.0,112.605766217,-1.0,-112.605766217,-1.0,-112.605766217,1.0,112.605766217,1.0,112.605766217,-1,-112.605766217,0,0.0,-1.0,-112.605766217,0,0.0,-1.0,-112.605766217,-1.0,-112.605766217,-1,-112.605766217,1.0,112.605766217,0.0,0.0,-1,-112.605766217,0,0.0,-1.0,-112.605766217,-1.0,-112.605766217,1.0,112.605766217,1.0,112.605766217,1.0,112.605766217,1.0,112.605766217,-1.0,-112.605766217,1,112.605766217,0,0.0,1,112.605766217,1,112.605766217,1,112.605766217,-1.0,-112.605766217,1.0,112.605766217,1,112.605766217,1,112.605766217,1.0,112.605766217,0.0,0.0,-1.0,-112.605766217,1.0,112.605766217
20170511,QNGM7,1.0,0.0227825030377,33670.0,energy,1494535486,1.0,767.086877278,767.086877278,0.0,0.0,1.0,767.086877278,-1,-767.086877278,1.0,767.086877278,-1.0,-767.086877278,0.0,0.0,-1.0,-767.086877278,1.0,767.086877278,-1.0,-767.086877278,1.0,767.086877278,-1,-767.086877278,-1,-767.086877278,-1,-767.086877278,-1,-767.086877278,-1.0,-767.086877278,1.0,767.086877278,0.0,0.0,1.0,767.086877278,-1.0,-767.086877278,0,0.0,-1.0,-767.086877278,-1.0,-767.086877278,-1,-767.086877278,-1,-767.086877278,1.0,767.086877278,-1.0,-767.086877278,1.0,767.086877278,1.0,767.086877278,-1.0,-767.086877278,0.0,0.0,0.0,0.0,1.0,767.086877278,-1,-767.086877278,1.0,767.086877278,-1,-767.086877278,1.0,767.086877278,-1.0,-767.086877278,-1.0,-767.086877278,-1.0,-767.086877278,1.0,767.086877278,0.0,0.0,0.0,0.0,-1.0,-767.086877278,-1.0,-767.086877278,1.0,767.086877278,1.0,767.086877278,-1,-767.086877278,-1,-767.086877278,1.0,767.086877278,1.0,767.086877278,-1.0,-767.086877278,0.0,0.0,1.0,767.086877278,1.0,767.086877278,0.0,0.0,1.0,767.086877278,1.0,767.086877278,1,767.086877278,1,767.086877278,-1.0,-767.086877278,0,0.0,-1.0,-767.086877278,1.0,767.086877278,-1,-767.086877278,1.0,767.086877278,0.0,0.0,1,767.086877278,1,767.086877278,-1.0,-767.086877278,1.0,767.086877278,1.0,767.086877278,-1.0,-767.086877278,0.0,0.0,1.0,767.086877278,-1.0,-767.086877278,-1,-767.086877278,-1,-767.086877278,1,767.086877278,1,767.086877278,-1,-767.086877278,1.0,767.086877278,-1.0,-767.086877278,1,767.086877278,1,767.086877278,1.0,767.086877278,0.0,0.0,1.0,767.086877278,-1.0,-767.086877278
20170511,@SN7,-1.0,-0.00515331100232,48262.5,grain,1494526535,1.0,-0.0,0.0,-1.0,0.0,-1.0,0.0,1,-0.0,1.0,-0.0,-1.0,0.0,1.0,-0.0,1.0,-0.0,1.0,-0.0,1.0,-0.0,1.0,-0.0,0,-0.0,1,-0.0,-1,0.0,0,-0.0,1.0,-0.0,1.0,-0.0,0.0,-0.0,-1.0,0.0,1.0,-0.0,0,-0.0,-1.0,0.0,-1.0,0.0,-1,0.0,-1,0.0,0.0,-0.0,-1.0,0.0,-1.0,0.0,1.0,-0.0,-1.0,0.0,-1.0,0.0,1.0,-0.0,-1.0,0.0,1,-0.0,1.0,-0.0,-1,0.0,-1.0,0.0,-1.0,0.0,-1.0,0.0,-1.0,0.0,-1.0,0.0,0.0,-0.0,0.0,-0.0,1.0,-0.0,1.0,-0.0,-1.0,0.0,-1.0,0.0,1,-0.0,1,-0.0,1.0,-0.0,1.0,-0.0,1.0,-0.0,0.0,-0.0,-1.0,0.0,-1.0,0.0,-1.0,0.0,1.0,-0.0,1.0,-0.0,-1,0.0,0,-0.0,1.0,-0.0,0,-0.0,-1.0,0.0,1.0,-0.0,1,-0.0,-1.0,0.0,1.0,-0.0,1,-0.0,1,-0.0,0.0,-0.0,-1.0,0.0,1.0,-0.0,1.0,-0.0,1.0,-0.0,1.0,-0.0,-1.0,0.0,1,-0.0,0,-0.0,0,-0.0,-1,0.0,1,-0.0,-1.0,0.0,-1.0,0.0,0,-0.0,-1,0.0,1.0,-0.0,-1.0,0.0,-1.0,0.0,-1.0,0.0
20170511,@NKDM7,-1.0,-0.00375939849624,86980.3063457,index,1494535486,1.0,-0.0,0.0,0.0,-0.0,1.0,-0.0,-1,0.0,-1.0,0.0,-1.0,0.0,0.0,-0.0,1.0,-0.0,-1.0,0.0,1.0,-0.0,-1.0,0.0,-1,0.0,-1,0.0,-1,0.0,-1,0.0,1.0,-0.0,1.0,-0.0,-1.0,0.0,-1.0,0.0,1.0,-0.0,0,-0.0,-1.0,0.0,-1.0,0.0,1,-0.0,0,-0.0,1.0,-0.0,-1.0,0.0,1.0,-0.0,1.0,-0.0,1.0,-0.0,0.0,-0.0,0.0,-0.0,-1.0,0.0,1,-0.0,1.0,-0.0,1,-0.0,-1.0,0.0,0.0,-0.0,1.0,-0.0,-1.0,0.0,1.0,-0.0,1.0,-0.0,-1.0,0.0,1.0,-0.0,-1.0,0.0,-1.0,0.0,-1.0,0.0,-1,0.0,1,-0.0,0.0,-0.0,-1.0,0.0,-1.0,0.0,1.0,-0.0,1.0,-0.0,-1.0,0.0,-1.0,0.0,1.0,-0.0,1.0,-0.0,-1,0.0,0,-0.0,-1.0,0.0,0,-0.0,-1.0,0.0,-1.0,0.0,-1,0.0,1.0,-0.0,0.0,-0.0,-1,0.0,0,-0.0,-1.0,0.0,-1.0,0.0,1.0,-0.0,1.0,-0.0,1.0,-0.0,1.0,-0.0,-1.0,0.0,1,-0.0,0,-0.0,1,-0.0,1,-0.0,1,-0.0,-1.0,0.0,1.0,-0.0,1,-0.0,1,-0.0,1.0,-0.0,0.0,-0.0,-1.0,0.0,1.0,-0.0
20170511,@NQM7,-1.0,-0.00088097964937,113410.0,index,1494535486,1.0,-0.0,0.0,0.0,-0.0,1.0,-0.0,-1,0.0,-1.0,0.0,-1.0,0.0,0.0,-0.0,1.0,-0.0,-1.0,0.0,1.0,-0.0,-1.0,0.0,-1,0.0,-1,0.0,-1,0.0,-1,0.0,1.0,-0.0,1.0,-0.0,-1.0,0.0,-1.0,0.0,1.0,-0.0,0,-0.0,-1.0,0.0,-1.0,0.0,1,-0.0,0,-0.0,1.0,-0.0,-1.0,0.0,1.0,-0.0,1.0,-0.0,1.0,-0.0,0.0,-0.0,0.0,-0.0,-1.0,0.0,-1,0.0,1.0,-0.0,1,-0.0,-1.0,0.0,0.0,-0.0,1.0,-0.0,-1.0,0.0,1.0,-0.0,1.0,-0.0,-1.0,0.0,1.0,-0.0,-1.0,0.0,-1.0,0.0,1.0,-0.0,-1,0.0,1,-0.0,0.0,-0.0,-1.0,0.0,-1.0,0.0,1.0,-0.0,1.0,-0.0,-1.0,0.0,-1.0,0.0,1.0,-0.0,1.0,-0.0,-1,0.0,0,-0.0,-1.0,0.0,0,-0.0,-1.0,0.0,-1.0,0.0,-1,0.0,1.0,-0.0,0.0,-0.0,-1,0.0,0,-0.0,-1.0,0.0,-1.0,0.0,1.0,-0.0,1.0,-0.0,1.0,-0.0,1.0,-0.0,-1.0,0.0,1,-0.0,0,-0.0,1,-0.0,1,-0.0,1,-0.0,-1.0,0.0,1.0,-0.0,1,-0.0,1,-0.0,1.0,-0.0,0.0,-0.0,-1.0,0.0,1.0,-0.0
20170511,QPAM7,1.0,0.00175142303121,80075.0,metal,1494535486,1.0,0.0,0.0,-1.0,-0.0,-1.0,-0.0,-1,-0.0,-1.0,-0.0,1.0,0.0,1.0,0.0,1.0,0.0,1.0,0.0,1.0,0.0,1.0,0.0,0,0.0,-1,-0.0,-1,-0.0,0,0.0,1.0,0.0,-1.0,-0.0,-1.0,-0.0,-1.0,-0.0,1.0,0.0,0,0.0,-1.0,-0.0,1.0,0.0,-1,-0.0,0,0.0,0.0,0.0,1.0,0.0,1.0,0.0,-1.0,-0.0,-1.0,-0.0,-1.0,-0.0,1.0,0.0,-1.0,-0.0,-1,-0.0,1.0,0.0,1,0.0,1.0,0.0,0.0,0.0,-1.0,-0.0,1.0,0.0,1.0,0.0,1.0,0.0,-1.0,-0.0,1.0,0.0,-1.0,-0.0,-1.0,-0.0,1.0,0.0,1,0.0,1,0.0,0.0,0.0,1.0,0.0,-1.0,-0.0,1.0,0.0,1.0,0.0,-1.0,-0.0,-1.0,-0.0,-1.0,-0.0,-1.0,-0.0,1,0.0,0,0.0,-1.0,-0.0,0,0.0,1.0,0.0,1.0,0.0,1,0.0,-1.0,-0.0,1.0,0.0,1,0.0,0,0.0,0.0,0.0,-1.0,-0.0,1.0,0.0,1.0,0.0,1.0,0.0,-1.0,-0.0,1.0,0.0,-1,-0.0,0,0.0,0,0.0,1,0.0,-1,-0.0,-1.0,-0.0,-1.0,-0.0,0,0.0,1,0.0,-1.0,-0.0,-1.0,-0.0,-1.0,-0.0,-1.0,-0.0
20170511,QPLN7,1.0,0.0094515880866,45925.0,metal,1494535486,1.0,0.0,0.0,0.0,0.0,-1.0,-0.0,1,0.0,-1.0,-0.0,1.0,0.0,0.0,0.0,-1.0,-0.0,1.0,0.0,-1.0,-0.0,1.0,0.0,1,0.0,1,0.0,1,0.0,1,0.0,-1.0,-0.0,-1.0,-0.0,0.0,0.0,1.0,0.0,-1.0,-0.0,0,0.0,-1.0,-0.0,1.0,0.0,1,0.0,1,0.0,-1.0,-0.0,1.0,0.0,-1.0,-0.0,-1.0,-0.0,-1.0,-0.0,0.0,0.0,0.0,0.0,1.0,0.0,-1,-0.0,-1.0,-0.0,1,0.0,1.0,0.0,1.0,0.0,1.0,0.0,1.0,0.0,1.0,0.0,0.0,0.0,0.0,0.0,-1.0,-0.0,-1.0,-0.0,1.0,0.0,1.0,0.0,1,0.0,1,0.0,-1.0,-0.0,-1.0,-0.0,-1.0,-0.0,0.0,0.0,1.0,0.0,1.0,0.0,0.0,0.0,-1.0,-0.0,-1.0,-0.0,-1,-0.0,-1,-0.0,1.0,0.0,0,0.0,1.0,0.0,1.0,0.0,1,0.0,-1.0,-0.0,0.0,0.0,-1,-0.0,-1,-0.0,1.0,0.0,-1.0,-0.0,1.0,0.0,-1.0,-0.0,0.0,0.0,-1.0,-0.0,1.0,0.0,1,0.0,1,0.0,-1,-0.0,-1,-0.0,-1,-0.0,1.0,0.0,-1.0,-0.0,-1,-0.0,-1,-0.0,-1.0,-0.0,0.0,0.0,1.0,0.0,-1.0,-0.0
20170511,QRBM7,1.0,0.0184463497012,65856.0,energy,1494535486,1.0,0.0,0.0,0.0,0.0,1.0,0.0,-1,-0.0,-1.0,-0.0,-1.0,-0.0,0.0,0.0,-1.0,-0.0,1.0,0.0,-1.0,-0.0,1.0,0.0,-1,-0.0,-1,-0.0,-1,-0.0,-1,-0.0,-1.0,-0.0,-1.0,-0.0,-1.0,-0.0,-1.0,-0.0,1.0,0.0,0,0.0,-1.0,-0.0,-1.0,-0.0,-1,-0.0,0,0.0,1.0,0.0,1.0,0.0,1.0,0.0,1.0,0.0,-1.0,-0.0,0.0,0.0,0.0,0.0,1.0,0.0,-1,-0.0,1.0,0.0,1,0.0,1.0,0.0,0.0,0.0,-1.0,-0.0,1.0,0.0,1.0,0.0,1.0,0.0,-1.0,-0.0,1.0,0.0,-1.0,-0.0,-1.0,-0.0,1.0,0.0,-1,-0.0,1,0.0,0.0,0.0,1.0,0.0,-1.0,-0.0,1.0,0.0,1.0,0.0,-1.0,-0.0,-1.0,-0.0,1.0,0.0,-1.0,-0.0,1,0.0,0,0.0,-1.0,-0.0,0,0.0,-1.0,-0.0,1.0,0.0,-1,-0.0,1.0,0.0,0.0,0.0,1,0.0,0,0.0,-1.0,-0.0,-1.0,-0.0,1.0,0.0,1.0,0.0,1.0,0.0,-1.0,-0.0,1.0,0.0,-1,-0.0,0,0.0,1,0.0,1,0.0,-1,-0.0,1.0,0.0,-1.0,-0.0,1,0.0,1,0.0,1.0,0.0,0.0,0.0,1.0,0.0,-1.0,-0.0
20170511,@SFM7,1.0,0.00140972711711,124312.5,currency,1494535486,1.0,0.0,0.0,0.0,0.0,1.0,0.0,-1,-0.0,1.0,0.0,-1.0,-0.0,0.0,0.0,1.0,0.0,-1.0,-0.0,1.0,0.0,-1.0,-0.0,-1,-0.0,-1,-0.0,-1,-0.0,-1,-0.0,1.0,0.0,1.0,0.0,0.0,0.0,-1.0,-0.0,1.0,0.0,0,0.0,-1.0,-0.0,-1.0,-0.0,-1,-0.0,-1,-0.0,1.0,0.0,-1.0,-0.0,1.0,0.0,1.0,0.0,1.0,0.0,0.0,0.0,0.0,0.0,-1.0,-0.0,-1,-0.0,1.0,0.0,-1,-0.0,-1.0,-0.0,-1.0,-0.0,-1.0,-0.0,-1.0,-0.0,-1.0,-0.0,0.0,0.0,0.0,0.0,1.0,0.0,1.0,0.0,-1.0,-0.0,1.0,0.0,-1,-0.0,1,0.0,1.0,0.0,1.0,0.0,1.0,0.0,0.0,0.0,-1.0,-0.0,-1.0,-0.0,-1.0,-0.0,1.0,0.0,1.0,0.0,-1,-0.0,0,0.0,-1.0,-0.0,0,0.0,-1.0,-0.0,-1.0,-0.0,-1,-0.0,1.0,0.0,0.0,0.0,1,0.0,1,0.0,-1.0,-0.0,-1.0,-0.0,1.0,0.0,1.0,0.0,1.0,0.0,1.0,0.0,-1.0,-0.0,1,0.0,0,0.0,1,0.0,1,0.0,1,0.0,-1.0,-0.0,1.0,0.0,1,0.0,1,0.0,1.0,0.0,0.0,0.0,-1.0,-0.0,1.0,0.0
20170511,@JYM7,1.0,0.00416785612332,109925.0,currency,1494535486,1.0,458.151584356,458.151584356,0.0,0.0,-1.0,-458.151584356,1,458.151584356,1.0,458.151584356,1.0,458.151584356,0.0,0.0,-1.0,-458.151584356,1.0,458.151584356,-1.0,-458.151584356,1.0,458.151584356,1,458.151584356,1,458.151584356,1,458.151584356,1,458.151584356,-1.0,-458.151584356,-1.0,-458.151584356,1.0,458.151584356,1.0,458.151584356,-1.0,-458.151584356,0,0.0,-1.0,-458.151584356,1.0,458.151584356,-1,-458.151584356,0,0.0,-1.0,-458.151584356,1.0,458.151584356,-1.0,-458.151584356,-1.0,-458.151584356,-1.0,-458.151584356,0.0,0.0,0.0,0.0,1.0,458.151584356,-1,-458.151584356,-1.0,-458.151584356,-1,-458.151584356,1.0,458.151584356,0.0,0.0,-1.0,-458.151584356,1.0,458.151584356,-1.0,-458.151584356,-1.0,-458.151584356,1.0,458.151584356,-1.0,-458.151584356,1.0,458.151584356,1.0,458.151584356,1.0,458.151584356,1,458.151584356,1,458.151584356,0.0,0.0,1.0,458.151584356,1.0,458.151584356,-1.0,-458.151584356,-1.0,-458.151584356,1.0,458.151584356,0.0,0.0,-1.0,-458.151584356,-1.0,-458.151584356,-1,-458.151584356,-1,-458.151584356,1.0,458.151584356,0,0.0,1.0,458.151584356,1.0,458.151584356,1,458.151584356,-1.0,-458.151584356,0.0,0.0,1,458.151584356,0,0.0,1.0,458.151584356,-1.0,-458.151584356,1.0,458.151584356,-1.0,-458.151584356,0.0,0.0,-1.0,-458.151584356,1.0,458.151584356,1,458.151584356,1,458.151584356,-1,-458.151584356,-1,-458.151584356,-1,-458.151584356,1.0,458.151584356,-1.0,-458.151584356,-1,-458.151584356,-1,-458.151584356,-1.0,-458.151584356,0.0,0.0,1.0,458.151584356,-1.0,-458.151584356
20170511,@SMN7,-1.0,-0.00912810827825,31480.0,grain,1494526535,1.0,-287.352848599,287.352848599,0.0,-0.0,1.0,-287.352848599,-1,287.352848599,-1.0,287.352848599,-1.0,287.352848599,0.0,-0.0,1.0,-287.352848599,-1.0,287.352848599,1.0,-287.352848599,-1.0,287.352848599,-1,287.352848599,-1,287.352848599,-1,287.352848599,-1,287.352848599,1.0,-287.352848599,1.0,-287.352848599,-1.0,287.352848599,-1.0,287.352848599,1.0,-287.352848599,0,-0.0,1.0,-287.352848599,-1.0,287.352848599,1,-287.352848599,0,-0.0,1.0,-287.352848599,-1.0,287.352848599,1.0,-287.352848599,1.0,-287.352848599,1.0,-287.352848599,0.0,-0.0,0.0,-0.0,-1.0,287.352848599,1,-287.352848599,1.0,-287.352848599,1,-287.352848599,-1.0,287.352848599,0.0,-0.0,1.0,-287.352848599,-1.0,287.352848599,1.0,-287.352848599,1.0,-287.352848599,-1.0,287.352848599,1.0,-287.352848599,-1.0,287.352848599,-1.0,287.352848599,-1.0,287.352848599,-1,287.352848599,-1,287.352848599,0.0,-0.0,-1.0,287.352848599,-1.0,287.352848599,1.0,-287.352848599,1.0,-287.352848599,-1.0,287.352848599,0.0,-0.0,1.0,-287.352848599,1.0,-287.352848599,1,-287.352848599,1,-287.352848599,-1.0,287.352848599,0,-0.0,-1.0,287.352848599,-1.0,287.352848599,-1,287.352848599,1.0,-287.352848599,0.0,-0.0,-1,287.352848599,0,-0.0,-1.0,287.352848599,1.0,-287.352848599,-1.0,287.352848599,1.0,-287.352848599,0.0,-0.0,1.0,-287.352848599,-1.0,287.352848599,-1,287.352848599,-1,287.352848599,1,-287.352848599,1,-287.352848599,1,-287.352848599,-1.0,287.352848599,1.0,-287.352848599,1,-287.352848599,1,-287.352848599,1.0,-287.352848599,0.0,-0.0,-1.0,287.352848599,1.0,-287.352848599
20170511,@TUM7,1.0,0.00028895470635,216359.375,rates,1494535486,2.0,125.036119338,125.036119338,0.0,0.0,-1.0,-125.036119338,1,125.036119338,1.0,125.036119338,1.0,125.036119338,0.0,0.0,-1.0,-125.036119338,1.0,125.036119338,-1.0,-125.036119338,1.0,125.036119338,1,125.036119338,1,125.036119338,1,125.036119338,1,125.036119338,-1.0,-125.036119338,-1.0,-125.036119338,1.0,125.036119338,1.0,125.036119338,-1.0,-125.036119338,0,0.0,1.0,125.036119338,1.0,125.036119338,-1,-125.036119338,0,0.0,-1.0,-125.036119338,1.0,125.036119338,-1.0,-125.036119338,-1.0,-125.036119338,-1.0,-125.036119338,0.0,0.0,0.0,0.0,1.0,125.036119338,-1,-125.036119338,-1.0,-125.036119338,-1,-125.036119338,1.0,125.036119338,0.0,0.0,-1.0,-125.036119338,1.0,125.036119338,-1.0,-125.036119338,-1.0,-125.036119338,1.0,125.036119338,-1.0,-125.036119338,1.0,125.036119338,1.0,125.036119338,1.0,125.036119338,1,125.036119338,-1,-125.036119338,0.0,0.0,1.0,125.036119338,1.0,125.036119338,-1.0,-125.036119338,-1.0,-125.036119338,1.0,125.036119338,1.0,125.036119338,-1.0,-125.036119338,-1.0,-125.036119338,1,125.036119338,0,0.0,1.0,125.036119338,0,0.0,1.0,125.036119338,1.0,125.036119338,1,125.036119338,-1.0,-125.036119338,0.0,0.0,1,125.036119338,0,0.0,1.0,125.036119338,1.0,125.036119338,-1.0,-125.036119338,-1.0,-125.036119338,-1.0,-125.036119338,-1.0,-125.036119338,1.0,125.036119338,-1,-125.036119338,0,0.0,-1,-125.036119338,-1,-125.036119338,-1,-125.036119338,1.0,125.036119338,-1.0,-125.036119338,-1,-125.036119338,-1,-125.036119338,-1.0,-125.036119338,0.0,0.0,1.0,125.036119338,-1.0,-125.036119338
20170511,@TYM7,1.0,0.0013770655984,124984.375,rates,1494535486,1.0,172.11168315,172.11168315,0.0,0.0,-1.0,-172.11168315,1,172.11168315,1.0,172.11168315,1.0,172.11168315,0.0,0.0,-1.0,-172.11168315,1.0,172.11168315,-1.0,-172.11168315,1.0,172.11168315,1,172.11168315,1,172.11168315,1,172.11168315,1,172.11168315,-1.0,-172.11168315,-1.0,-172.11168315,1.0,172.11168315,1.0,172.11168315,-1.0,-172.11168315,0,0.0,1.0,172.11168315,1.0,172.11168315,-1,-172.11168315,0,0.0,-1.0,-172.11168315,1.0,172.11168315,-1.0,-172.11168315,-1.0,-172.11168315,-1.0,-172.11168315,0.0,0.0,0.0,0.0,1.0,172.11168315,-1,-172.11168315,-1.0,-172.11168315,-1,-172.11168315,1.0,172.11168315,0.0,0.0,-1.0,-172.11168315,1.0,172.11168315,-1.0,-172.11168315,-1.0,-172.11168315,1.0,172.11168315,-1.0,-172.11168315,1.0,172.11168315,1.0,172.11168315,1.0,172.11168315,1,172.11168315,-1,-172.11168315,0.0,0.0,1.0,172.11168315,1.0,172.11168315,-1.0,-172.11168315,-1.0,-172.11168315,1.0,172.11168315,1.0,172.11168315,-1.0,-172.11168315,-1.0,-172.11168315,1,172.11168315,0,0.0,1.0,172.11168315,0,0.0,1.0,172.11168315,1.0,172.11168315,1,172.11168315,-1.0,-172.11168315,0.0,0.0,1,172.11168315,0,0.0,1.0,172.11168315,1.0,172.11168315,-1.0,-172.11168315,-1.0,-172.11168315,-1.0,-172.11168315,-1.0,-172.11168315,1.0,172.11168315,-1,-172.11168315,0,0.0,-1,-172.11168315,-1,-172.11168315,-1,-172.11168315,1.0,172.11168315,-1.0,-172.11168315,-1,-172.11168315,-1,-172.11168315,-1.0,-172.11168315,0.0,0.0,1.0,172.11168315,-1.0,-172.11168315
20170511,@USM7,1.0,0.00124558854059,150718.75,rates,1494535486,1.0,0.0,0.0,0.0,0.0,-1.0,-0.0,1,0.0,-1.0,-0.0,1.0,0.0,0.0,0.0,1.0,0.0,-1.0,-0.0,1.0,0.0,-1.0,-0.0,1,0.0,1,0.0,1,0.0,1,0.0,1.0,0.0,-1.0,-0.0,0.0,0.0,-1.0,-0.0,1.0,0.0,0,0.0,1.0,0.0,1.0,0.0,1,0.0,1,0.0,-1.0,-0.0,1.0,0.0,-1.0,-0.0,-1.0,-0.0,1.0,0.0,0.0,0.0,0.0,0.0,-1.0,-0.0,-1,-0.0,-1.0,-0.0,1,0.0,-1.0,-0.0,1.0,0.0,1.0,0.0,1.0,0.0,-1.0,-0.0,0.0,0.0,0.0,0.0,1.0,0.0,1.0,0.0,-1.0,-0.0,1.0,0.0,1,0.0,-1,-0.0,-1.0,-0.0,-1.0,-0.0,1.0,0.0,0.0,0.0,-1.0,-0.0,1.0,0.0,1.0,0.0,-1.0,-0.0,1.0,0.0,-1,-0.0,0,0.0,1.0,0.0,0,0.0,1.0,0.0,-1.0,-0.0,1,0.0,-1.0,-0.0,0.0,0.0,-1,-0.0,-1,-0.0,1.0,0.0,1.0,0.0,-1.0,-0.0,-1.0,-0.0,-1.0,-0.0,-1.0,-0.0,-1.0,-0.0,1,0.0,0,0.0,-1,-0.0,-1,-0.0,1,0.0,-1.0,-0.0,1.0,0.0,-1,-0.0,-1,-0.0,-1.0,-0.0,0.0,0.0,-1.0,-0.0,1.0,0.0
20170511,@WN7,1.0,0.0011580775912,21612.5,grain,1494526535,1.0,25.0289519398,25.0289519398,0.0,0.0,1.0,25.0289519398,-1,-25.0289519398,1.0,25.0289519398,-1.0,-25.0289519398,0.0,0.0,-1.0,-25.0289519398,1.0,25.0289519398,-1.0,-25.0289519398,1.0,25.0289519398,-1,-25.0289519398,-1,-25.0289519398,-1,-25.0289519398,-1,-25.0289519398,-1.0,-25.0289519398,1.0,25.0289519398,0.0,0.0,1.0,25.0289519398,-1.0,-25.0289519398,0,0.0,-1.0,-25.0289519398,-1.0,-25.0289519398,-1,-25.0289519398,-1,-25.0289519398,1.0,25.0289519398,-1.0,-25.0289519398,1.0,25.0289519398,1.0,25.0289519398,-1.0,-25.0289519398,0.0,0.0,0.0,0.0,1.0,25.0289519398,-1,-25.0289519398,1.0,25.0289519398,-1,-25.0289519398,1.0,25.0289519398,-1.0,-25.0289519398,-1.0,-25.0289519398,-1.0,-25.0289519398,1.0,25.0289519398,0.0,0.0,0.0,0.0,-1.0,-25.0289519398,-1.0,-25.0289519398,1.0,25.0289519398,1.0,25.0289519398,-1,-25.0289519398,1,25.0289519398,1.0,25.0289519398,1.0,25.0289519398,-1.0,-25.0289519398,0.0,0.0,1.0,25.0289519398,-1.0,-25.0289519398,-1.0,-25.0289519398,1.0,25.0289519398,-1.0,-25.0289519398,1,25.0289519398,0,0.0,-1.0,-25.0289519398,0,0.0,-1.0,-25.0289519398,1.0,25.0289519398,-1,-25.0289519398,1.0,25.0289519398,0.0,0.0,1,25.0289519398,1,25.0289519398,-1.0,-25.0289519398,-1.0,-25.0289519398,1.0,25.0289519398,1.0,25.0289519398,1.0,25.0289519398,1.0,25.0289519398,1.0,25.0289519398,-1,-25.0289519398,0,0.0,1,25.0289519398,1,25.0289519398,-1,-25.0289519398,1.0,25.0289519398,-1.0,-25.0289519398,1,25.0289519398,1,25.0289519398,1.0,25.0289519398,0.0,0.0,1.0,25.0289519398,-1.0,-25.0289519398
20170511,@YMM7,-1.0,-0.0010529842531,104355.0,index,1494535486,1.0,-0.0,0.0,0.0,-0.0,1.0,-0.0,-1,0.0,-1.0,0.0,-1.0,0.0,0.0,-0.0,1.0,-0.0,-1.0,0.0,1.0,-0.0,-1.0,0.0,-1,0.0,-1,0.0,-1,0.0,-1,0.0,1.0,-0.0,1.0,-0.0,-1.0,0.0,-1.0,0.0,1.0,-0.0,0,-0.0,-1.0,0.0,-1.0,0.0,1,-0.0,0,-0.0,1.0,-0.0,-1.0,0.0,1.0,-0.0,1.0,-0.0,1.0,-0.0,0.0,-0.0,0.0,-0.0,-1.0,0.0,-1,0.0,1.0,-0.0,1,-0.0,-1.0,0.0,0.0,-0.0,1.0,-0.0,-1.0,0.0,1.0,-0.0,1.0,-0.0,-1.0,0.0,1.0,-0.0,-1.0,0.0,-1.0,0.0,1.0,-0.0,-1,0.0,1,-0.0,0.0,-0.0,-1.0,0.0,-1.0,0.0,1.0,-0.0,1.0,-0.0,-1.0,0.0,-1.0,0.0,1.0,-0.0,1.0,-0.0,-1,0.0,0,-0.0,-1.0,0.0,0,-0.0,-1.0,0.0,-1.0,0.0,-1,0.0,1.0,-0.0,0.0,-0.0,-1,0.0,0,-0.0,-1.0,0.0,-1.0,0.0,1.0,-0.0,1.0,-0.0,1.0,-0.0,1.0,-0.0,-1.0,0.0,1,-0.0,0,-0.0,1,-0.0,1,-0.0,1,-0.0,-1.0,0.0,1.0,-0.0,1,-0.0,1,-0.0,1.0,-0.0,0.0,-0.0,-1.0,0.0,1.0,-0.0
20170511,@NEM7,-1.0,-0.0106828352822,68530.0,currency,1494535486,1.0,-0.0,0.0,0.0,-0.0,1.0,-0.0,-1,0.0,1.0,-0.0,-1.0,0.0,0.0,-0.0,-1.0,0.0,1.0,-0.0,-1.0,0.0,1.0,-0.0,-1,0.0,-1,0.0,-1,0.0,-1,0.0,-1.0,0.0,1.0,-0.0,0.0,-0.0,1.0,-0.0,-1.0,0.0,0,-0.0,-1.0,0.0,-1.0,0.0,-1,0.0,-1,0.0,1.0,-0.0,-1.0,0.0,1.0,-0.0,1.0,-0.0,-1.0,0.0,0.0,-0.0,0.0,-0.0,1.0,-0.0,-1,0.0,1.0,-0.0,-1,0.0,1.0,-0.0,-1.0,0.0,-1.0,0.0,-1.0,0.0,1.0,-0.0,0.0,-0.0,0.0,-0.0,-1.0,0.0,-1.0,0.0,1.0,-0.0,1.0,-0.0,-1,0.0,1,-0.0,1.0,-0.0,1.0,-0.0,-1.0,0.0,0.0,-0.0,1.0,-0.0,-1.0,0.0,-1.0,0.0,1.0,-0.0,-1.0,0.0,1,-0.0,0,-0.0,-1.0,0.0,0,-0.0,-1.0,0.0,1.0,-0.0,-1,0.0,1.0,-0.0,0.0,-0.0,1,-0.0,1,-0.0,-1.0,0.0,-1.0,0.0,1.0,-0.0,1.0,-0.0,1.0,-0.0,1.0,-0.0,1.0,-0.0,-1,0.0,0,-0.0,1,-0.0,1,-0.0,-1,0.0,1.0,-0.0,-1.0,0.0,1,-0.0,1,-0.0,1.0,-0.0,0.0,-0.0,1.0,-0.0,-1.0,0.0
20170511,QSIN7,1.0,0.00666378725242,81575.0,metal,1494535486,1.0,0.0,0.0,0.0,0.0,-1.0,-0.0,1,0.0,-1.0,-0.0,1.0,0.0,0.0,0.0,-1.0,-0.0,1.0,0.0,-1.0,-0.0,1.0,0.0,1,0.0,1,0.0,1,0.0,1,0.0,-1.0,-0.0,-1.0,-0.0,0.0,0.0,1.0,0.0,-1.0,-0.0,0,0.0,-1.0,-0.0,1.0,0.0,1,0.0,1,0.0,-1.0,-0.0,1.0,0.0,-1.0,-0.0,-1.0,-0.0,-1.0,-0.0,0.0,0.0,0.0,0.0,1.0,0.0,-1,-0.0,-1.0,-0.0,1,0.0,1.0,0.0,1.0,0.0,1.0,0.0,1.0,0.0,1.0,0.0,0.0,0.0,0.0,0.0,-1.0,-0.0,-1.0,-0.0,1.0,0.0,1.0,0.0,1,0.0,1,0.0,-1.0,-0.0,-1.0,-0.0,-1.0,-0.0,0.0,0.0,1.0,0.0,1.0,0.0,0.0,0.0,-1.0,-0.0,-1.0,-0.0,-1,-0.0,-1,-0.0,1.0,0.0,0,0.0,1.0,0.0,1.0,0.0,1,0.0,-1.0,-0.0,0.0,0.0,-1,-0.0,-1,-0.0,1.0,0.0,-1.0,-0.0,1.0,0.0,-1.0,-0.0,0.0,0.0,-1.0,-0.0,1.0,0.0,1,0.0,1,0.0,-1,-0.0,-1,-0.0,-1,-0.0,1.0,0.0,-1.0,-0.0,-1,-0.0,-1,-0.0,-1.0,-0.0,0.0,0.0,1.0,0.0,-1.0,-0.0
20170511,@PXM7,1.0,0.00995977782034,26365.0,currency,1494535486,1.0,0.0,0.0,0.0,0.0,-1.0,-0.0,-1,-0.0,-1.0,-0.0,-1.0,-0.0,1.0,0.0,1.0,0.0,1.0,0.0,-1.0,-0.0,1.0,0.0,-1,-0.0,-1,-0.0,-1,-0.0,0,0.0,-1.0,-0.0,-1.0,-0.0,-1.0,-0.0,-1.0,-0.0,1.0,0.0,0,0.0,-1.0,-0.0,1.0,0.0,-1,-0.0,0,0.0,1.0,0.0,1.0,0.0,1.0,0.0,1.0,0.0,-1.0,-0.0,0.0,0.0,0.0,0.0,1.0,0.0,-1,-0.0,1.0,0.0,1,0.0,1.0,0.0,0.0,0.0,-1.0,-0.0,1.0,0.0,1.0,0.0,1.0,0.0,-1.0,-0.0,1.0,0.0,-1.0,-0.0,-1.0,-0.0,1.0,0.0,-1,-0.0,1,0.0,0.0,0.0,1.0,0.0,-1.0,-0.0,1.0,0.0,1.0,0.0,-1.0,-0.0,-1.0,-0.0,-1.0,-0.0,-1.0,-0.0,1,0.0,0,0.0,-1.0,-0.0,0,0.0,-1.0,-0.0,1.0,0.0,1,0.0,1.0,0.0,0.0,0.0,1,0.0,0,0.0,-1.0,-0.0,-1.0,-0.0,1.0,0.0,1.0,0.0,1.0,0.0,-1.0,-0.0,1.0,0.0,-1,-0.0,0,0.0,0,0.0,1,0.0,-1,-0.0,1.0,0.0,-1.0,-0.0,1,0.0,1,0.0,1.0,0.0,-1.0,-0.0,-1.0,-0.0,-1.0,-0.0
20170511,@EUM7,1.0,9.1899094794e-05,136031.25,currency,1494535486,1.0,12.5011487387,12.5011487387,0.0,0.0,1.0,12.5011487387,-1,-12.5011487387,1.0,12.5011487387,-1.0,-12.5011487387,0.0,0.0,1.0,12.5011487387,-1.0,-12.5011487387,1.0,12.5011487387,-1.0,-12.5011487387,-1,-12.5011487387,-1,-12.5011487387,-1,-12.5011487387,-1,-12.5011487387,1.0,12.5011487387,1.0,12.5011487387,0.0,0.0,-1.0,-12.5011487387,1.0,12.5011487387,0,0.0,-1.0,-12.5011487387,-1.0,-12.5011487387,-1,-12.5011487387,-1,-12.5011487387,1.0,12.5011487387,-1.0,-12.5011487387,1.0,12.5011487387,1.0,12.5011487387,1.0,12.5011487387,0.0,0.0,0.0,0.0,-1.0,-12.5011487387,-1,-12.5011487387,1.0,12.5011487387,-1,-12.5011487387,-1.0,-12.5011487387,-1.0,-12.5011487387,-1.0,-12.5011487387,-1.0,-12.5011487387,-1.0,-12.5011487387,0.0,0.0,0.0,0.0,1.0,12.5011487387,1.0,12.5011487387,-1.0,-12.5011487387,1.0,12.5011487387,-1,-12.5011487387,1,12.5011487387,1.0,12.5011487387,1.0,12.5011487387,1.0,12.5011487387,0.0,0.0,-1.0,-12.5011487387,-1.0,-12.5011487387,-1.0,-12.5011487387,1.0,12.5011487387,1.0,12.5011487387,-1,-12.5011487387,0,0.0,-1.0,-12.5011487387,0,0.0,-1.0,-12.5011487387,-1.0,-12.5011487387,-1,-12.5011487387,1.0,12.5011487387,0.0,0.0,1,12.5011487387,1,12.5011487387,-1.0,-12.5011487387,-1.0,-12.5011487387,1.0,12.5011487387,1.0,12.5011487387,1.0,12.5011487387,1.0,12.5011487387,-1.0,-12.5011487387,1,12.5011487387,0,0.0,1,12.5011487387,1,12.5011487387,1,12.5011487387,-1.0,-12.5011487387,1.0,12.5011487387,1,12.5011487387,1,12.5011487387,1.0,12.5011487387,0.0,0.0,-1.0,-12.5011487387,1.0,12.5011487387
20170511,@LEQ7,-1.0,-0.00560631229236,47890.0,meat,1494525563,1.0,-0.0,0.0,0.0,-0.0,1.0,-0.0,-1,0.0,1.0,-0.0,-1.0,0.0,0.0,-0.0,1.0,-0.0,-1.0,0.0,1.0,-0.0,-1.0,0.0,-1,0.0,-1,0.0,-1,0.0,-1,0.0,1.0,-0.0,1.0,-0.0,0.0,-0.0,-1.0,0.0,1.0,-0.0,0,-0.0,-1.0,0.0,-1.0,0.0,-1,0.0,-1,0.0,1.0,-0.0,-1.0,0.0,1.0,-0.0,1.0,-0.0,1.0,-0.0,0.0,-0.0,0.0,-0.0,-1.0,0.0,1,-0.0,1.0,-0.0,-1,0.0,-1.0,0.0,-1.0,0.0,-1.0,0.0,-1.0,0.0,-1.0,0.0,0.0,-0.0,0.0,-0.0,1.0,-0.0,1.0,-0.0,-1.0,0.0,-1.0,0.0,-1,0.0,1,-0.0,1.0,-0.0,1.0,-0.0,1.0,-0.0,0.0,-0.0,-1.0,0.0,-1.0,0.0,-1.0,0.0,1.0,-0.0,1.0,-0.0,-1,0.0,0,-0.0,-1.0,0.0,0,-0.0,-1.0,0.0,-1.0,0.0,-1,0.0,1.0,-0.0,0.0,-0.0,1,-0.0,1,-0.0,-1.0,0.0,-1.0,0.0,1.0,-0.0,1.0,-0.0,1.0,-0.0,1.0,-0.0,-1.0,0.0,1,-0.0,0,-0.0,1,-0.0,1,-0.0,1,-0.0,-1.0,0.0,1.0,-0.0,1,-0.0,1,-0.0,1.0,-0.0,0.0,-0.0,-1.0,0.0,1.0,-0.0
20170511,@ADM7,1.0,0.00258222343028,73770.0,currency,1494535486,1.0,0.0,0.0,-1.0,-0.0,-1.0,-0.0,-1,-0.0,1.0,0.0,1.0,0.0,1.0,0.0,1.0,0.0,1.0,0.0,1.0,0.0,1.0,0.0,0,0.0,-1,-0.0,-1,-0.0,0,0.0,1.0,0.0,1.0,0.0,0.0,0.0,1.0,0.0,-1.0,-0.0,0,0.0,-1.0,-0.0,1.0,0.0,-1,-0.0,-1,-0.0,0.0,0.0,-1.0,-0.0,1.0,0.0,-1.0,-0.0,-1.0,-0.0,-1.0,-0.0,1.0,0.0,-1.0,-0.0,-1,-0.0,1.0,0.0,-1,-0.0,1.0,0.0,-1.0,-0.0,-1.0,-0.0,-1.0,-0.0,1.0,0.0,0.0,0.0,0.0,0.0,-1.0,-0.0,-1.0,-0.0,1.0,0.0,1.0,0.0,1,0.0,1,0.0,1.0,0.0,1.0,0.0,-1.0,-0.0,0.0,0.0,1.0,0.0,-1.0,-0.0,-1.0,-0.0,-1.0,-0.0,-1.0,-0.0,1,0.0,0,0.0,-1.0,-0.0,0,0.0,1.0,0.0,1.0,0.0,1,0.0,-1.0,-0.0,1.0,0.0,1,0.0,1,0.0,0.0,0.0,-1.0,-0.0,1.0,0.0,1.0,0.0,1.0,0.0,1.0,0.0,1.0,0.0,-1,-0.0,0,0.0,0,0.0,1,0.0,-1,-0.0,-1.0,-0.0,-1.0,-0.0,0,0.0,1,0.0,-1.0,-0.0,-1.0,-0.0,-1.0,-0.0,-1.0,-0.0
20170511,@HEM7,-1.0,-0.00388601036269,30760.0,meat,1494525563,1.0,-0.0,0.0,0.0,-0.0,1.0,-0.0,-1,0.0,-1.0,0.0,-1.0,0.0,0.0,-0.0,1.0,-0.0,-1.0,0.0,1.0,-0.0,-1.0,0.0,-1,0.0,-1,0.0,-1,0.0,-1,0.0,1.0,-0.0,1.0,-0.0,-1.0,0.0,-1.0,0.0,1.0,-0.0,0,-0.0,1.0,-0.0,-1.0,0.0,1,-0.0,0,-0.0,1.0,-0.0,-1.0,0.0,1.0,-0.0,1.0,-0.0,1.0,-0.0,0.0,-0.0,0.0,-0.0,-1.0,0.0,1,-0.0,1.0,-0.0,1,-0.0,-1.0,0.0,0.0,-0.0,1.0,-0.0,-1.0,0.0,1.0,-0.0,1.0,-0.0,-1.0,0.0,1.0,-0.0,-1.0,0.0,-1.0,0.0,-1.0,0.0,-1,0.0,-1,0.0,0.0,-0.0,-1.0,0.0,-1.0,0.0,1.0,-0.0,1.0,-0.0,-1.0,0.0,0.0,-0.0,1.0,-0.0,1.0,-0.0,1,-0.0,1,-0.0,-1.0,0.0,0,-0.0,-1.0,0.0,-1.0,0.0,-1,0.0,1.0,-0.0,0.0,-0.0,-1,0.0,0,-0.0,-1.0,0.0,1.0,-0.0,-1.0,0.0,1.0,-0.0,0.0,-0.0,1.0,-0.0,-1.0,0.0,-1,0.0,-1,0.0,1,-0.0,1,-0.0,1,-0.0,-1.0,0.0,1.0,-0.0,1,-0.0,1,-0.0,1.0,-0.0,0.0,-0.0,-1.0,0.0,1.0,-0.0
20170511,@BPM7,-1.0,-0.00409076875579,80643.75,currency,1494535486,1.0,-0.0,0.0,-1.0,0.0,1.0,-0.0,-1,0.0,1.0,-0.0,1.0,-0.0,0.0,-0.0,-1.0,0.0,1.0,-0.0,1.0,-0.0,1.0,-0.0,0,-0.0,-1,0.0,-1,0.0,-1,0.0,1.0,-0.0,1.0,-0.0,0.0,-0.0,1.0,-0.0,-1.0,0.0,0,-0.0,-1.0,0.0,-1.0,0.0,-1,0.0,-1,0.0,0.0,-0.0,-1.0,0.0,1.0,-0.0,-1.0,0.0,-1.0,0.0,-1.0,0.0,1.0,-0.0,-1.0,0.0,-1,0.0,1.0,-0.0,-1,0.0,1.0,-0.0,-1.0,0.0,-1.0,0.0,-1.0,0.0,1.0,-0.0,0.0,-0.0,0.0,-0.0,-1.0,0.0,-1.0,0.0,1.0,-0.0,1.0,-0.0,1,-0.0,1,-0.0,1.0,-0.0,1.0,-0.0,-1.0,0.0,0.0,-0.0,1.0,-0.0,-1.0,0.0,-1.0,0.0,1.0,-0.0,-1.0,0.0,1,-0.0,0,-0.0,-1.0,0.0,0,-0.0,1.0,-0.0,1.0,-0.0,-1,0.0,-1.0,0.0,1.0,-0.0,1,-0.0,1,-0.0,0.0,-0.0,-1.0,0.0,1.0,-0.0,1.0,-0.0,1.0,-0.0,1.0,-0.0,1.0,-0.0,-1,0.0,0,-0.0,1,-0.0,1,-0.0,-1,0.0,-1.0,0.0,-1.0,0.0,0,-0.0,1,-0.0,-1.0,0.0,0.0,-0.0,1.0,-0.0,-1.0,0.0
20170511,@CN7,-1.0,-0.0133779264214,18437.5,grain,1494526535,1.0,-246.655518395,246.655518395,-1.0,246.655518395,-1.0,246.655518395,-1,246.655518395,1.0,-246.655518395,1.0,-246.655518395,1.0,-246.655518395,1.0,-246.655518395,1.0,-246.655518395,1.0,-246.655518395,1.0,-246.655518395,0,-0.0,-1,246.655518395,-1,246.655518395,0,-0.0,1.0,-246.655518395,1.0,-246.655518395,0.0,-0.0,1.0,-246.655518395,-1.0,246.655518395,0,-0.0,-1.0,246.655518395,1.0,-246.655518395,-1,246.655518395,-1,246.655518395,0.0,-0.0,-1.0,246.655518395,1.0,-246.655518395,-1.0,246.655518395,-1.0,246.655518395,-1.0,246.655518395,1.0,-246.655518395,-1.0,246.655518395,-1,246.655518395,1.0,-246.655518395,-1,246.655518395,1.0,-246.655518395,-1.0,246.655518395,-1.0,246.655518395,-1.0,246.655518395,1.0,-246.655518395,0.0,-0.0,0.0,-0.0,-1.0,246.655518395,-1.0,246.655518395,1.0,-246.655518395,1.0,-246.655518395,1,-246.655518395,1,-246.655518395,1.0,-246.655518395,1.0,-246.655518395,-1.0,246.655518395,0.0,-0.0,1.0,-246.655518395,-1.0,246.655518395,-1.0,246.655518395,-1.0,246.655518395,-1.0,246.655518395,1,-246.655518395,0,-0.0,-1.0,246.655518395,0,-0.0,1.0,-246.655518395,1.0,-246.655518395,1,-246.655518395,-1.0,246.655518395,1.0,-246.655518395,1,-246.655518395,1,-246.655518395,0.0,-0.0,-1.0,246.655518395,1.0,-246.655518395,1.0,-246.655518395,1.0,-246.655518395,1.0,-246.655518395,1.0,-246.655518395,-1,246.655518395,0,-0.0,0,-0.0,1,-246.655518395,-1,246.655518395,-1.0,246.655518395,-1.0,246.655518395,0,-0.0,1,-246.655518395,-1.0,246.655518395,-1.0,246.655518395,-1.0,246.655518395,-1.0,246.655518395
20170511,@CDM7,-1.0,-0.00143501435014,73065.0,currency,1494535486,1.0,-0.0,0.0,-1.0,0.0,-1.0,0.0,-1,0.0,1.0,-0.0,1.0,-0.0,1.0,-0.0,1.0,-0.0,1.0,-0.0,1.0,-0.0,1.0,-0.0,0,-0.0,-1,0.0,-1,0.0,0,-0.0,1.0,-0.0,1.0,-0.0,0.0,-0.0,1.0,-0.0,-1.0,0.0,0,-0.0,-1.0,0.0,1.0,-0.0,-1,0.0,-1,0.0,0.0,-0.0,-1.0,0.0,1.0,-0.0,-1.0,0.0,-1.0,0.0,-1.0,0.0,1.0,-0.0,-1.0,0.0,-1,0.0,1.0,-0.0,-1,0.0,1.0,-0.0,-1.0,0.0,-1.0,0.0,-1.0,0.0,1.0,-0.0,0.0,-0.0,0.0,-0.0,-1.0,0.0,-1.0,0.0,1.0,-0.0,1.0,-0.0,1,-0.0,1,-0.0,1.0,-0.0,1.0,-0.0,-1.0,0.0,0.0,-0.0,1.0,-0.0,-1.0,0.0,-1.0,0.0,-1.0,0.0,-1.0,0.0,1,-0.0,0,-0.0,-1.0,0.0,0,-0.0,1.0,-0.0,1.0,-0.0,1,-0.0,-1.0,0.0,1.0,-0.0,1,-0.0,1,-0.0,0.0,-0.0,-1.0,0.0,1.0,-0.0,1.0,-0.0,1.0,-0.0,1.0,-0.0,1.0,-0.0,-1,0.0,0,-0.0,0,-0.0,1,-0.0,-1,0.0,-1.0,0.0,-1.0,0.0,0,-0.0,1,-0.0,-1.0,0.0,-1.0,0.0,-1.0,0.0,-1.0,0.0
20170511,QCLM7,1.0,0.0103528417494,47820.0,energy,1494535486,1.0,495.072892457,495.072892457,-1.0,-495.072892457,-1.0,-495.072892457,-1,-495.072892457,1.0,495.072892457,1.0,495.072892457,1.0,495.072892457,1.0,495.072892457,1.0,495.072892457,1.0,495.072892457,1.0,495.072892457,0,0.0,-1,-495.072892457,-1,-495.072892457,0,0.0,1.0,495.072892457,1.0,495.072892457,0.0,0.0,1.0,495.072892457,-1.0,-495.072892457,0,0.0,-1.0,-495.072892457,1.0,495.072892457,-1,-495.072892457,-1,-495.072892457,0.0,0.0,-1.0,-495.072892457,1.0,495.072892457,-1.0,-495.072892457,-1.0,-495.072892457,-1.0,-495.072892457,1.0,495.072892457,-1.0,-495.072892457,-1,-495.072892457,1.0,495.072892457,-1,-495.072892457,1.0,495.072892457,-1.0,-495.072892457,-1.0,-495.072892457,-1.0,-495.072892457,1.0,495.072892457,0.0,0.0,0.0,0.0,-1.0,-495.072892457,-1.0,-495.072892457,1.0,495.072892457,1.0,495.072892457,1,495.072892457,1,495.072892457,1.0,495.072892457,1.0,495.072892457,-1.0,-495.072892457,0.0,0.0,1.0,495.072892457,-1.0,-495.072892457,-1.0,-495.072892457,-1.0,-495.072892457,-1.0,-495.072892457,1,495.072892457,0,0.0,-1.0,-495.072892457,0,0.0,1.0,495.072892457,1.0,495.072892457,1,495.072892457,-1.0,-495.072892457,1.0,495.072892457,1,495.072892457,1,495.072892457,0.0,0.0,-1.0,-495.072892457,1.0,495.072892457,1.0,495.072892457,1.0,495.072892457,1.0,495.072892457,1.0,495.072892457,-1,-495.072892457,0,0.0,0,0.0,1,495.072892457,-1,-495.072892457,-1.0,-495.072892457,-1.0,-495.072892457,0,0.0,1,495.072892457,-1.0,-495.072892457,-1.0,-495.072892457,-1.0,-495.072892457,-1.0,-495.072892457
20170511,@EMDM7,-1.0,-0.00644901249496,172550.0,index,1494535486,1.0,-1112.77710601,1112.77710601,0.0,-0.0,1.0,-1112.77710601,-1,1112.77710601,-1.0,1112.77710601,-1.0,1112.77710601,0.0,-0.0,-1.0,1112.77710601,1.0,-1112.77710601,-1.0,1112.77710601,1.0,-1112.77710601,-1,1112.77710601,-1,1112.77710601,-1,1112.77710601,-1,1112.77710601,-1.0,1112.77710601,-1.0,1112.77710601,-1.0,1112.77710601,-1.0,1112.77710601,1.0,-1112.77710601,0,-0.0,-1.0,1112.77710601,-1.0,1112.77710601,-1,1112.77710601,0,-0.0,1.0,-1112.77710601,1.0,-1112.77710601,1.0,-1112.77710601,1.0,-1112.77710601,-1.0,1112.77710601,0.0,-0.0,0.0,-0.0,1.0,-1112.77710601,-1,1112.77710601,1.0,-1112.77710601,1,-1112.77710601,1.0,-1112.77710601,0.0,-0.0,-1.0,1112.77710601,1.0,-1112.77710601,1.0,-1112.77710601,1.0,-1112.77710601,-1.0,1112.77710601,1.0,-1112.77710601,-1.0,1112.77710601,-1.0,1112.77710601,1.0,-1112.77710601,-1,1112.77710601,1,-1112.77710601,0.0,-0.0,1.0,-1112.77710601,-1.0,1112.77710601,1.0,-1112.77710601,1.0,-1112.77710601,-1.0,1112.77710601,-1.0,1112.77710601,1.0,-1112.77710601,-1.0,1112.77710601,1,-1112.77710601,0,-0.0,-1.0,1112.77710601,0,-0.0,-1.0,1112.77710601,1.0,-1112.77710601,-1,1112.77710601,1.0,-1112.77710601,0.0,-0.0,1,-1112.77710601,0,-0.0,-1.0,1112.77710601,-1.0,1112.77710601,1.0,-1112.77710601,1.0,-1112.77710601,1.0,-1112.77710601,-1.0,1112.77710601,1.0,-1112.77710601,-1,1112.77710601,0,-0.0,1,-1112.77710601,1,-1112.77710601,-1,1112.77710601,1.0,-1112.77710601,-1.0,1112.77710601,1,-1112.77710601,1,-1112.77710601,1.0,-1112.77710601,0.0,-0.0,1.0,-1112.77710601,-1.0,1112.77710601
20170511,@BON7,1.0,0.0046468401487,19458.0,grain,1494526535,1.0,0.0,0.0,0.0,0.0,1.0,0.0,-1,-0.0,1.0,0.0,-1.0,-0.0,0.0,0.0,1.0,0.0,-1.0,-0.0,1.0,0.0,-1.0,-0.0,-1,-0.0,-1,-0.0,-1,-0.0,-1,-0.0,1.0,0.0,1.0,0.0,0.0,0.0,-1.0,-0.0,1.0,0.0,0,0.0,-1.0,-0.0,-1.0,-0.0,-1,-0.0,-1,-0.0,1.0,0.0,-1.0,-0.0,1.0,0.0,1.0,0.0,1.0,0.0,0.0,0.0,0.0,0.0,-1.0,-0.0,-1,-0.0,1.0,0.0,-1,-0.0,-1.0,-0.0,-1.0,-0.0,-1.0,-0.0,-1.0,-0.0,-1.0,-0.0,0.0,0.0,0.0,0.0,1.0,0.0,1.0,0.0,-1.0,-0.0,1.0,0.0,-1,-0.0,1,0.0,1.0,0.0,1.0,0.0,1.0,0.0,0.0,0.0,-1.0,-0.0,-1.0,-0.0,-1.0,-0.0,1.0,0.0,1.0,0.0,-1,-0.0,0,0.0,-1.0,-0.0,0,0.0,-1.0,-0.0,-1.0,-0.0,-1,-0.0,1.0,0.0,0.0,0.0,1,0.0,1,0.0,-1.0,-0.0,-1.0,-0.0,1.0,0.0,1.0,0.0,1.0,0.0,1.0,0.0,-1.0,-0.0,1,0.0,0,0.0,1,0.0,1,0.0,1,0.0,-1.0,-0.0,1.0,0.0,1,0.0,1,0.0,1.0,0.0,0.0,0.0,-1.0,-0.0,1.0,0.0
20170511,@GFQ7,-1.0,-0.0107436629176,73662.5,meat,1494525563,1.0,-0.0,0.0,-1.0,0.0,1.0,-0.0,-1,0.0,1.0,-0.0,-1.0,0.0,0.0,-0.0,1.0,-0.0,-1.0,0.0,1.0,-0.0,1.0,-0.0,0,-0.0,1,-0.0,-1,0.0,-1,0.0,1.0,-0.0,1.0,-0.0,0.0,-0.0,-1.0,0.0,1.0,-0.0,0,-0.0,1.0,-0.0,-1.0,0.0,-1,0.0,-1,0.0,0.0,-0.0,-1.0,0.0,-1.0,0.0,1.0,-0.0,-1.0,0.0,-1.0,0.0,1.0,-0.0,-1.0,0.0,1,-0.0,1.0,-0.0,-1,0.0,-1.0,0.0,-1.0,0.0,-1.0,0.0,-1.0,0.0,-1.0,0.0,0.0,-0.0,0.0,-0.0,1.0,-0.0,1.0,-0.0,-1.0,0.0,-1.0,0.0,1,-0.0,-1,0.0,1.0,-0.0,1.0,-0.0,1.0,-0.0,0.0,-0.0,-1.0,0.0,-1.0,0.0,0.0,-0.0,1.0,-0.0,1.0,-0.0,1,-0.0,1,-0.0,1.0,-0.0,0,-0.0,-1.0,0.0,1.0,-0.0,-1,0.0,-1.0,0.0,1.0,-0.0,1,-0.0,1,-0.0,0.0,-0.0,1.0,-0.0,-1.0,0.0,1.0,-0.0,0.0,-0.0,1.0,-0.0,-1.0,0.0,-1,0.0,-1,0.0,1,-0.0,1,-0.0,1,-0.0,-1.0,0.0,-1.0,0.0,0,-0.0,-1,0.0,1.0,-0.0,0.0,-0.0,-1.0,0.0,1.0,-0.0
20170511,@FVM7,1.0,0.000928012727032,117968.75,rates,1494535486,1.0,0.0,0.0,0.0,0.0,-1.0,-0.0,1,0.0,1.0,0.0,1.0,0.0,0.0,0.0,-1.0,-0.0,1.0,0.0,-1.0,-0.0,1.0,0.0,1,0.0,1,0.0,1,0.0,1,0.0,-1.0,-0.0,-1.0,-0.0,1.0,0.0,1.0,0.0,-1.0,-0.0,0,0.0,1.0,0.0,1.0,0.0,-1,-0.0,0,0.0,-1.0,-0.0,1.0,0.0,-1.0,-0.0,-1.0,-0.0,-1.0,-0.0,0.0,0.0,0.0,0.0,1.0,0.0,-1,-0.0,-1.0,-0.0,-1,-0.0,1.0,0.0,0.0,0.0,-1.0,-0.0,1.0,0.0,-1.0,-0.0,-1.0,-0.0,1.0,0.0,-1.0,-0.0,1.0,0.0,1.0,0.0,1.0,0.0,1,0.0,-1,-0.0,0.0,0.0,1.0,0.0,1.0,0.0,-1.0,-0.0,-1.0,-0.0,1.0,0.0,1.0,0.0,-1.0,-0.0,-1.0,-0.0,1,0.0,0,0.0,1.0,0.0,0,0.0,1.0,0.0,1.0,0.0,1,0.0,-1.0,-0.0,0.0,0.0,1,0.0,0,0.0,1.0,0.0,1.0,0.0,-1.0,-0.0,-1.0,-0.0,-1.0,-0.0,-1.0,-0.0,1.0,0.0,-1,-0.0,0,0.0,-1,-0.0,-1,-0.0,-1,-0.0,1.0,0.0,-1.0,-0.0,-1,-0.0,-1,-0.0,-1.0,-0.0,0.0,0.0,1.0,0.0,-1.0,-0.0
20170511,QGCM7,1.0,0.00492247108048,122490.0,metal,1494535486,1.0,0.0,0.0,0.0,0.0,-1.0,-0.0,1,0.0,1.0,0.0,1.0,0.0,0.0,0.0,-1.0,-0.0,1.0,0.0,-1.0,-0.0,1.0,0.0,1,0.0,1,0.0,1,0.0,1,0.0,-1.0,-0.0,-1.0,-0.0,1.0,0.0,1.0,0.0,-1.0,-0.0,0,0.0,-1.0,-0.0,1.0,0.0,-1,-0.0,0,0.0,-1.0,-0.0,1.0,0.0,-1.0,-0.0,-1.0,-0.0,-1.0,-0.0,0.0,0.0,0.0,0.0,1.0,0.0,-1,-0.0,-1.0,-0.0,-1,-0.0,1.0,0.0,0.0,0.0,-1.0,-0.0,1.0,0.0,-1.0,-0.0,-1.0,-0.0,1.0,0.0,-1.0,-0.0,1.0,0.0,1.0,0.0,1.0,0.0,1,0.0,1,0.0,0.0,0.0,1.0,0.0,1.0,0.0,-1.0,-0.0,-1.0,-0.0,1.0,0.0,0.0,0.0,-1.0,-0.0,-1.0,-0.0,-1,-0.0,-1,-0.0,1.0,0.0,0,0.0,1.0,0.0,1.0,0.0,1,0.0,-1.0,-0.0,0.0,0.0,1,0.0,0,0.0,1.0,0.0,-1.0,-0.0,1.0,0.0,-1.0,-0.0,0.0,0.0,-1.0,-0.0,1.0,0.0,1,0.0,1,0.0,-1,-0.0,-1,-0.0,-1,-0.0,1.0,0.0,-1.0,-0.0,-1,-0.0,-1,-0.0,-1.0,-0.0,0.0,0.0,1.0,0.0,-1.0,-0.0
20170511,QHGN7,1.0,0.00581278813389,62725.0,metal,1494535486,1.0,364.607135699,364.607135699,-1.0,-364.607135699,-1.0,-364.607135699,1,364.607135699,-1.0,-364.607135699,-1.0,-364.607135699,1.0,364.607135699,1.0,364.607135699,1.0,364.607135699,1.0,364.607135699,1.0,364.607135699,0,0.0,1,364.607135699,-1,-364.607135699,0,0.0,1.0,364.607135699,1.0,364.607135699,-1.0,-364.607135699,-1.0,-364.607135699,1.0,364.607135699,0,0.0,-1.0,-364.607135699,-1.0,-364.607135699,1,364.607135699,0,0.0,0.0,0.0,-1.0,-364.607135699,-1.0,-364.607135699,1.0,364.607135699,-1.0,-364.607135699,-1.0,-364.607135699,1.0,364.607135699,-1.0,-364.607135699,-1,-364.607135699,1.0,364.607135699,1,364.607135699,-1.0,-364.607135699,0.0,0.0,1.0,364.607135699,-1.0,-364.607135699,1.0,364.607135699,1.0,364.607135699,-1.0,-364.607135699,1.0,364.607135699,-1.0,-364.607135699,-1.0,-364.607135699,1.0,364.607135699,1,364.607135699,1,364.607135699,0.0,0.0,-1.0,-364.607135699,-1.0,-364.607135699,1.0,364.607135699,1.0,364.607135699,-1.0,-364.607135699,-1.0,-364.607135699,1.0,364.607135699,1.0,364.607135699,-1,-364.607135699,0,0.0,1.0,364.607135699,0,0.0,-1.0,-364.607135699,1.0,364.607135699,1,364.607135699,-1.0,-364.607135699,1.0,364.607135699,-1,-364.607135699,0,0.0,0.0,0.0,-1.0,-364.607135699,1.0,364.607135699,1.0,364.607135699,1.0,364.607135699,1.0,364.607135699,-1.0,-364.607135699,1,364.607135699,0,0.0,0,0.0,-1,-364.607135699,1,364.607135699,-1.0,-364.607135699,-1.0,-364.607135699,0,0.0,-1,-364.607135699,1.0,364.607135699,-1.0,-364.607135699,-1.0,-364.607135699,-1.0,-364.607135699
20170511,QHOM7,1.0,0.0111156296598,62655.6,energy,1494535486,1.0,0.0,0.0,-1.0,-0.0,-1.0,-0.0,-1,-0.0,-1.0,-0.0,1.0,0.0,1.0,0.0,1.0,0.0,1.0,0.0,1.0,0.0,1.0,0.0,0,0.0,-1,-0.0,-1,-0.0,0,0.0,1.0,0.0,-1.0,-0.0,-1.0,-0.0,-1.0,-0.0,1.0,0.0,0,0.0,-1.0,-0.0,1.0,0.0,-1,-0.0,0,0.0,0.0,0.0,1.0,0.0,1.0,0.0,-1.0,-0.0,-1.0,-0.0,-1.0,-0.0,1.0,0.0,-1.0,-0.0,-1,-0.0,1.0,0.0,1,0.0,1.0,0.0,0.0,0.0,-1.0,-0.0,1.0,0.0,1.0,0.0,1.0,0.0,-1.0,-0.0,1.0,0.0,-1.0,-0.0,-1.0,-0.0,1.0,0.0,1,0.0,1,0.0,0.0,0.0,1.0,0.0,-1.0,-0.0,1.0,0.0,1.0,0.0,-1.0,-0.0,-1.0,-0.0,-1.0,-0.0,-1.0,-0.0,1,0.0,0,0.0,-1.0,-0.0,0,0.0,1.0,0.0,1.0,0.0,1,0.0,-1.0,-0.0,1.0,0.0,1,0.0,0,0.0,0.0,0.0,-1.0,-0.0,1.0,0.0,1.0,0.0,1.0,0.0,-1.0,-0.0,1.0,0.0,-1,-0.0,0,0.0,0,0.0,1,0.0,-1,-0.0,-1.0,-0.0,-1.0,-0.0,0,0.0,1,0.0,-1.0,-0.0,-1.0,-0.0,-1.0,-0.0,-1.0,-0.0
20170511,@ESM7,-1.0,-0.00177434505793,119550.0,index,1494535486,1.0,-212.122951675,212.122951675,0.0,-0.0,1.0,-212.122951675,-1,212.122951675,1.0,-212.122951675,-1.0,212.122951675,0.0,-0.0,-1.0,212.122951675,1.0,-212.122951675,-1.0,212.122951675,1.0,-212.122951675,-1,212.122951675,-1,212.122951675,-1,212.122951675,-1,212.122951675,-1.0,212.122951675,1.0,-212.122951675,0.0,-0.0,1.0,-212.122951675,-1.0,212.122951675,1,-177.434505793,-1.0,212.122951675,-1.0,212.122951675,-1,212.122951675,-1,212.122951675,1.0,-212.122951675,-1.0,212.122951675,1.0,-212.122951675,1.0,-212.122951675,-1.0,212.122951675,0.0,-0.0,0.0,-0.0,1.0,-212.122951675,-1,212.122951675,1.0,-212.122951675,-1,212.122951675,1.0,-212.122951675,-1.0,212.122951675,-1.0,212.122951675,-1.0,212.122951675,1.0,-212.122951675,0.0,-0.0,0.0,-0.0,-1.0,212.122951675,-1.0,212.122951675,1.0,-212.122951675,1.0,-212.122951675,-1,212.122951675,1,-212.122951675,1.0,-212.122951675,1.0,-212.122951675,-1.0,212.122951675,0.0,-0.0,1.0,-212.122951675,-1.0,212.122951675,-1.0,212.122951675,1.0,-212.122951675,-1.0,212.122951675,1,-212.122951675,0,-0.0,-1.0,212.122951675,0,-0.0,-1.0,212.122951675,1.0,-212.122951675,-1,212.122951675,1.0,-212.122951675,0.0,-0.0,1,-212.122951675,1,-212.122951675,-1.0,212.122951675,-1.0,212.122951675,1.0,-212.122951675,1.0,-212.122951675,1.0,-212.122951675,1.0,-212.122951675,1.0,-212.122951675,-1,212.122951675,0,-0.0,1,-212.122951675,1,-212.122951675,-1,212.122951675,1.0,-212.122951675,-1.0,212.122951675,1,-212.122951675,1,-212.122951675,1.0,-212.122951675,0.0,-0.0,1.0,-212.122951675,-1.0,212.122951675
20170512,@LEQ7,1.0,0.0198454146647,48820.0,meat,1494611984,1.0,0.0,0.0,0.0,0.0,1.0,0.0,-1,-0.0,1.0,0.0,-1.0,-0.0,0.0,0.0,1.0,0.0,-1.0,-0.0,1.0,0.0,-1.0,-0.0,-1,-0.0,-1,-0.0,-1,-0.0,-1,-0.0,1.0,0.0,1.0,0.0,0.0,0.0,-1.0,-0.0,1.0,0.0,0,0.0,-1.0,-0.0,-1.0,-0.0,-1,-0.0,-1,-0.0,1.0,0.0,-1.0,-0.0,1.0,0.0,1.0,0.0,1.0,0.0,0.0,0.0,0.0,0.0,-1.0,-0.0,1,0.0,1.0,0.0,-1,-0.0,-1.0,-0.0,-1.0,-0.0,-1.0,-0.0,-1.0,-0.0,-1.0,-0.0,0.0,0.0,0.0,0.0,1.0,0.0,1.0,0.0,-1.0,-0.0,-1.0,-0.0,-1,-0.0,1,0.0,1.0,0.0,1.0,0.0,1.0,0.0,0.0,0.0,-1.0,-0.0,-1.0,-0.0,-1.0,-0.0,1.0,0.0,1.0,0.0,-1,-0.0,0,0.0,-1.0,-0.0,0,0.0,-1.0,-0.0,-1.0,-0.0,-1,-0.0,1.0,0.0,0.0,0.0,1,0.0,1,0.0,-1.0,-0.0,-1.0,-0.0,1.0,0.0,1.0,0.0,1.0,0.0,1.0,0.0,-1.0,-0.0,1,0.0,0,0.0,1,0.0,1,0.0,1,0.0,-1.0,-0.0,1.0,0.0,1,0.0,1,0.0,1.0,0.0,0.0,0.0,-1.0,-0.0,1.0,0.0
20170512,@HEM7,1.0,0.0110317975341,31160.0,meat,1494611984,1.0,0.0,0.0,0.0,0.0,1.0,0.0,-1,-0.0,-1.0,-0.0,-1.0,-0.0,0.0,0.0,1.0,0.0,-1.0,-0.0,1.0,0.0,-1.0,-0.0,-1,-0.0,-1,-0.0,-1,-0.0,-1,-0.0,1.0,0.0,1.0,0.0,-1.0,-0.0,-1.0,-0.0,1.0,0.0,0,0.0,1.0,0.0,-1.0,-0.0,1,0.0,0,0.0,1.0,0.0,-1.0,-0.0,1.0,0.0,1.0,0.0,1.0,0.0,0.0,0.0,0.0,0.0,-1.0,-0.0,1,0.0,1.0,0.0,1,0.0,-1.0,-0.0,0.0,0.0,1.0,0.0,-1.0,-0.0,1.0,0.0,1.0,0.0,-1.0,-0.0,1.0,0.0,-1.0,-0.0,-1.0,-0.0,-1.0,-0.0,-1,-0.0,-1,-0.0,0.0,0.0,-1.0,-0.0,-1.0,-0.0,1.0,0.0,1.0,0.0,-1.0,-0.0,0.0,0.0,1.0,0.0,1.0,0.0,1,0.0,1,0.0,-1.0,-0.0,0,0.0,-1.0,-0.0,-1.0,-0.0,-1,-0.0,1.0,0.0,0.0,0.0,-1,-0.0,0,0.0,-1.0,-0.0,1.0,0.0,-1.0,-0.0,1.0,0.0,0.0,0.0,1.0,0.0,-1.0,-0.0,-1,-0.0,-1,-0.0,1,0.0,1,0.0,1,0.0,-1.0,-0.0,1.0,0.0,1,0.0,1,0.0,1.0,0.0,0.0,0.0,-1.0,-0.0,1.0,0.0
20170512,@PXM7,1.0,0.00569584203531,26485.0,currency,1494621851,1.0,0.0,0.0,0.0,0.0,-1.0,-0.0,-1,-0.0,-1.0,-0.0,-1.0,-0.0,1.0,0.0,1.0,0.0,1.0,0.0,-1.0,-0.0,1.0,0.0,-1,-0.0,-1,-0.0,-1,-0.0,0,0.0,-1.0,-0.0,-1.0,-0.0,-1.0,-0.0,-1.0,-0.0,1.0,0.0,0,0.0,-1.0,-0.0,1.0,0.0,-1,-0.0,0,0.0,1.0,0.0,1.0,0.0,1.0,0.0,1.0,0.0,-1.0,-0.0,0.0,0.0,0.0,0.0,1.0,0.0,-1,-0.0,1.0,0.0,1,0.0,1.0,0.0,0.0,0.0,-1.0,-0.0,1.0,0.0,1.0,0.0,1.0,0.0,-1.0,-0.0,1.0,0.0,-1.0,-0.0,-1.0,-0.0,1.0,0.0,-1,-0.0,1,0.0,0.0,0.0,1.0,0.0,-1.0,-0.0,1.0,0.0,1.0,0.0,-1.0,-0.0,-1.0,-0.0,-1.0,-0.0,-1.0,-0.0,1,0.0,0,0.0,-1.0,-0.0,0,0.0,-1.0,-0.0,1.0,0.0,1,0.0,1.0,0.0,0.0,0.0,1,0.0,0,0.0,-1.0,-0.0,-1.0,-0.0,1.0,0.0,1.0,0.0,1.0,0.0,-1.0,-0.0,1.0,0.0,-1,-0.0,0,0.0,0,0.0,1,0.0,-1,-0.0,1.0,0.0,-1.0,-0.0,1,0.0,1,0.0,1.0,0.0,-1.0,-0.0,-1.0,-0.0,-1.0,-0.0
20170512,@NEM7,1.0,0.00131463628396,68550.0,currency,1494621851,1.0,0.0,0.0,-1.0,-0.0,1.0,0.0,-1,-0.0,1.0,0.0,-1.0,-0.0,0.0,0.0,1.0,0.0,-1.0,-0.0,1.0,0.0,1.0,0.0,0,0.0,1,0.0,-1,-0.0,-1,-0.0,1.0,0.0,1.0,0.0,0.0,0.0,-1.0,-0.0,1.0,0.0,0,0.0,-1.0,-0.0,-1.0,-0.0,-1,-0.0,-1,-0.0,0.0,0.0,-1.0,-0.0,-1.0,-0.0,1.0,0.0,-1.0,-0.0,-1.0,-0.0,1.0,0.0,-1.0,-0.0,-1,-0.0,1.0,0.0,-1,-0.0,-1.0,-0.0,-1.0,-0.0,-1.0,-0.0,-1.0,-0.0,-1.0,-0.0,0.0,0.0,0.0,0.0,1.0,0.0,1.0,0.0,-1.0,-0.0,1.0,0.0,1,0.0,1,0.0,1.0,0.0,1.0,0.0,1.0,0.0,0.0,0.0,-1.0,-0.0,-1.0,-0.0,-1.0,-0.0,1.0,0.0,1.0,0.0,-1,-0.0,0,0.0,1.0,0.0,0,0.0,-1.0,-0.0,1.0,0.0,-1,-0.0,-1.0,-0.0,1.0,0.0,1,0.0,1,0.0,0.0,0.0,-1.0,-0.0,1.0,0.0,1.0,0.0,1.0,0.0,1.0,0.0,-1.0,-0.0,1,0.0,0,0.0,1,0.0,1,0.0,1,0.0,-1.0,-0.0,-1.0,-0.0,0,0.0,-1,-0.0,1.0,0.0,0.0,0.0,-1.0,-0.0,1.0,0.0
20170512,QNGN7,1.0,0.0066454781855,34840.0,energy,1494621851,1.0,231.528459983,231.528459983,0.0,0.0,1.0,231.528459983,-1,-231.528459983,-1.0,-231.528459983,-1.0,-231.528459983,0.0,0.0,-1.0,-231.528459983,1.0,231.528459983,-1.0,-231.528459983,1.0,231.528459983,-1,-231.528459983,-1,-231.528459983,-1,-231.528459983,-1,-231.528459983,-1.0,-231.528459983,-1.0,-231.528459983,-1.0,-231.528459983,-1.0,-231.528459983,1.0,231.528459983,0,0.0,-1.0,-231.528459983,-1.0,-231.528459983,-1,-231.528459983,0,0.0,1.0,231.528459983,1.0,231.528459983,1.0,231.528459983,1.0,231.528459983,-1.0,-231.528459983,0.0,0.0,0.0,0.0,1.0,231.528459983,-1,-231.528459983,1.0,231.528459983,1,231.528459983,1.0,231.528459983,0.0,0.0,-1.0,-231.528459983,1.0,231.528459983,1.0,231.528459983,1.0,231.528459983,-1.0,-231.528459983,1.0,231.528459983,-1.0,-231.528459983,-1.0,-231.528459983,1.0,231.528459983,-1,-231.528459983,-1,-231.528459983,0.0,0.0,1.0,231.528459983,-1.0,-231.528459983,1.0,231.528459983,1.0,231.528459983,1.0,231.528459983,0.0,0.0,1.0,231.528459983,1.0,231.528459983,1,231.528459983,1,231.528459983,-1.0,-231.528459983,0,0.0,-1.0,-231.528459983,1.0,231.528459983,-1,-231.528459983,1.0,231.528459983,0.0,0.0,1,231.528459983,0,0.0,-1.0,-231.528459983,1.0,231.528459983,1.0,231.528459983,-1.0,-231.528459983,0.0,0.0,-1.0,-231.528459983,-1.0,-231.528459983,-1,-231.528459983,-1,-231.528459983,1,231.528459983,1,231.528459983,-1,-231.528459983,1.0,231.528459983,-1.0,-231.528459983,1,231.528459983,1,231.528459983,1.0,231.528459983,0.0,0.0,1.0,231.528459983,-1.0,-231.528459983
20170512,@NKDM7,-1.0,-0.00276868864838,86985.1585141,index,1494621851,1.0,-0.0,0.0,0.0,-0.0,-1.0,0.0,1,-0.0,-1.0,0.0,-1.0,0.0,1.0,-0.0,1.0,-0.0,1.0,-0.0,1.0,-0.0,-1.0,0.0,-1,0.0,-1,0.0,-1,0.0,0,-0.0,1.0,-0.0,1.0,-0.0,-1.0,0.0,-1.0,0.0,1.0,-0.0,0,-0.0,-1.0,0.0,-1.0,0.0,1,-0.0,0,-0.0,1.0,-0.0,-1.0,0.0,1.0,-0.0,1.0,-0.0,1.0,-0.0,0.0,-0.0,0.0,-0.0,-1.0,0.0,1,-0.0,1.0,-0.0,1,-0.0,-1.0,0.0,0.0,-0.0,1.0,-0.0,-1.0,0.0,1.0,-0.0,1.0,-0.0,-1.0,0.0,1.0,-0.0,-1.0,0.0,-1.0,0.0,-1.0,0.0,-1,0.0,1,-0.0,0.0,-0.0,-1.0,0.0,-1.0,0.0,1.0,-0.0,1.0,-0.0,-1.0,0.0,-1.0,0.0,1.0,-0.0,1.0,-0.0,-1,0.0,0,-0.0,-1.0,0.0,0,-0.0,-1.0,0.0,-1.0,0.0,1,-0.0,1.0,-0.0,0.0,-0.0,-1,0.0,0,-0.0,-1.0,0.0,-1.0,0.0,1.0,-0.0,1.0,-0.0,1.0,-0.0,1.0,-0.0,-1.0,0.0,1,-0.0,0,-0.0,0,-0.0,-1,0.0,1,-0.0,-1.0,0.0,1.0,-0.0,1,-0.0,1,-0.0,1.0,-0.0,-1.0,0.0,-1.0,0.0,-1.0,0.0
20170512,@NQM7,1.0,0.00317418330909,113775.0,index,1494621851,1.0,0.0,0.0,0.0,0.0,1.0,0.0,-1,-0.0,-1.0,-0.0,-1.0,-0.0,0.0,0.0,1.0,0.0,-1.0,-0.0,1.0,0.0,-1.0,-0.0,-1,-0.0,-1,-0.0,-1,-0.0,-1,-0.0,1.0,0.0,1.0,0.0,-1.0,-0.0,-1.0,-0.0,1.0,0.0,0,0.0,-1.0,-0.0,-1.0,-0.0,1,0.0,0,0.0,1.0,0.0,-1.0,-0.0,1.0,0.0,1.0,0.0,1.0,0.0,0.0,0.0,0.0,0.0,-1.0,-0.0,-1,-0.0,1.0,0.0,1,0.0,-1.0,-0.0,0.0,0.0,1.0,0.0,-1.0,-0.0,1.0,0.0,1.0,0.0,-1.0,-0.0,1.0,0.0,-1.0,-0.0,-1.0,-0.0,1.0,0.0,-1,-0.0,1,0.0,0.0,0.0,-1.0,-0.0,-1.0,-0.0,1.0,0.0,1.0,0.0,-1.0,-0.0,-1.0,-0.0,1.0,0.0,1.0,0.0,-1,-0.0,0,0.0,-1.0,-0.0,0,0.0,-1.0,-0.0,-1.0,-0.0,-1,-0.0,1.0,0.0,0.0,0.0,-1,-0.0,0,0.0,-1.0,-0.0,-1.0,-0.0,1.0,0.0,1.0,0.0,1.0,0.0,1.0,0.0,-1.0,-0.0,1,0.0,0,0.0,1,0.0,1,0.0,1,0.0,-1.0,-0.0,1.0,0.0,1,0.0,1,0.0,1.0,0.0,0.0,0.0,-1.0,-0.0,1.0,0.0
20170512,QRBM7,1.0,0.0113301753937,66355.8,energy,1494621851,1.0,0.0,0.0,-1.0,-0.0,-1.0,-0.0,-1,-0.0,-1.0,-0.0,1.0,0.0,1.0,0.0,1.0,0.0,1.0,0.0,1.0,0.0,1.0,0.0,0,0.0,-1,-0.0,-1,-0.0,0,0.0,1.0,0.0,-1.0,-0.0,-1.0,-0.0,-1.0,-0.0,1.0,0.0,0,0.0,-1.0,-0.0,1.0,0.0,-1,-0.0,0,0.0,0.0,0.0,1.0,0.0,1.0,0.0,-1.0,-0.0,-1.0,-0.0,-1.0,-0.0,1.0,0.0,-1.0,-0.0,-1,-0.0,1.0,0.0,1,0.0,1.0,0.0,0.0,0.0,-1.0,-0.0,1.0,0.0,1.0,0.0,1.0,0.0,-1.0,-0.0,1.0,0.0,-1.0,-0.0,-1.0,-0.0,1.0,0.0,1,0.0,1,0.0,0.0,0.0,1.0,0.0,-1.0,-0.0,1.0,0.0,1.0,0.0,-1.0,-0.0,-1.0,-0.0,-1.0,-0.0,-1.0,-0.0,1,0.0,0,0.0,-1.0,-0.0,0,0.0,1.0,0.0,1.0,0.0,1,0.0,-1.0,-0.0,1.0,0.0,1,0.0,0,0.0,0.0,0.0,-1.0,-0.0,1.0,0.0,1.0,0.0,1.0,0.0,-1.0,-0.0,1.0,0.0,-1,-0.0,0,0.0,0,0.0,1,0.0,-1,-0.0,-1.0,-0.0,-1.0,-0.0,0,0.0,1,0.0,-1.0,-0.0,-1.0,-0.0,-1.0,-0.0,-1.0,-0.0
20170512,QPLN7,1.0,0.00435872289419,46085.0,metal,1494621851,1.0,0.0,0.0,1.0,0.0,1.0,0.0,-1,-0.0,-1.0,-0.0,1.0,0.0,-1.0,-0.0,-1.0,-0.0,-1.0,-0.0,-1.0,-0.0,-1.0,-0.0,0,0.0,-1,-0.0,1,0.0,0,0.0,-1.0,-0.0,-1.0,-0.0,0.0,0.0,1.0,0.0,-1.0,-0.0,0,0.0,-1.0,-0.0,1.0,0.0,1,0.0,1,0.0,0.0,0.0,1.0,0.0,1.0,0.0,-1.0,-0.0,1.0,0.0,1.0,0.0,-1.0,-0.0,1.0,0.0,-1,-0.0,-1.0,-0.0,1,0.0,1.0,0.0,1.0,0.0,1.0,0.0,1.0,0.0,1.0,0.0,0.0,0.0,0.0,0.0,-1.0,-0.0,-1.0,-0.0,1.0,0.0,1.0,0.0,-1,-0.0,1,0.0,-1.0,-0.0,-1.0,-0.0,-1.0,-0.0,0.0,0.0,1.0,0.0,1.0,0.0,0.0,0.0,-1.0,-0.0,-1.0,-0.0,-1,-0.0,-1,-0.0,-1.0,-0.0,0,0.0,1.0,0.0,-1.0,-0.0,-1,-0.0,1.0,0.0,-1.0,-0.0,-1,-0.0,-1,-0.0,0.0,0.0,-1.0,-0.0,1.0,0.0,-1.0,-0.0,0.0,0.0,-1.0,-0.0,1.0,0.0,1,0.0,1,0.0,0,0.0,1,0.0,-1,-0.0,1.0,0.0,1.0,0.0,0,0.0,1,0.0,-1.0,-0.0,1.0,0.0,1.0,0.0,1.0,0.0
20170512,@SN7,-1.0,-0.00336351875809,48150.0,grain,1494612945,1.0,-0.0,0.0,-1.0,0.0,-1.0,0.0,1,-0.0,1.0,-0.0,-1.0,0.0,1.0,-0.0,1.0,-0.0,1.0,-0.0,1.0,-0.0,1.0,-0.0,0,-0.0,1,-0.0,-1,0.0,0,-0.0,1.0,-0.0,1.0,-0.0,0.0,-0.0,-1.0,0.0,1.0,-0.0,0,-0.0,-1.0,0.0,-1.0,0.0,-1,0.0,-1,0.0,0.0,-0.0,-1.0,0.0,-1.0,0.0,1.0,-0.0,-1.0,0.0,-1.0,0.0,1.0,-0.0,-1.0,0.0,1,-0.0,1.0,-0.0,-1,0.0,-1.0,0.0,-1.0,0.0,-1.0,0.0,-1.0,0.0,-1.0,0.0,0.0,-0.0,0.0,-0.0,1.0,-0.0,1.0,-0.0,-1.0,0.0,-1.0,0.0,1,-0.0,1,-0.0,1.0,-0.0,1.0,-0.0,1.0,-0.0,0.0,-0.0,-1.0,0.0,-1.0,0.0,-1.0,0.0,1.0,-0.0,1.0,-0.0,-1,0.0,0,-0.0,1.0,-0.0,0,-0.0,-1.0,0.0,1.0,-0.0,1,-0.0,-1.0,0.0,1.0,-0.0,1,-0.0,1,-0.0,0.0,-0.0,-1.0,0.0,1.0,-0.0,1.0,-0.0,1.0,-0.0,1.0,-0.0,-1.0,0.0,1,-0.0,0,-0.0,0,-0.0,-1,0.0,1,-0.0,-1.0,0.0,-1.0,0.0,0,-0.0,-1,0.0,1.0,-0.0,-1.0,0.0,-1.0,0.0,-1.0,0.0
20170512,@SFM7,1.0,0.0064334539606,125150.0,currency,1494621851,1.0,0.0,0.0,-1.0,-0.0,-1.0,-0.0,-1,-0.0,-1.0,-0.0,1.0,0.0,1.0,0.0,1.0,0.0,1.0,0.0,1.0,0.0,1.0,0.0,0,0.0,-1,-0.0,-1,-0.0,0,0.0,1.0,0.0,-1.0,-0.0,-1.0,-0.0,-1.0,-0.0,1.0,0.0,0,0.0,-1.0,-0.0,1.0,0.0,-1,-0.0,0,0.0,0.0,0.0,1.0,0.0,1.0,0.0,-1.0,-0.0,-1.0,-0.0,-1.0,-0.0,1.0,0.0,-1.0,-0.0,-1,-0.0,1.0,0.0,1,0.0,1.0,0.0,0.0,0.0,-1.0,-0.0,1.0,0.0,1.0,0.0,1.0,0.0,-1.0,-0.0,1.0,0.0,-1.0,-0.0,-1.0,-0.0,1.0,0.0,1,0.0,1,0.0,0.0,0.0,1.0,0.0,-1.0,-0.0,1.0,0.0,1.0,0.0,-1.0,-0.0,-1.0,-0.0,-1.0,-0.0,-1.0,-0.0,1,0.0,0,0.0,-1.0,-0.0,0,0.0,1.0,0.0,1.0,0.0,1,0.0,-1.0,-0.0,1.0,0.0,1,0.0,0,0.0,0.0,0.0,-1.0,-0.0,1.0,0.0,1.0,0.0,1.0,0.0,-1.0,-0.0,1.0,0.0,-1,-0.0,0,0.0,0,0.0,1,0.0,-1,-0.0,-1.0,-0.0,-1.0,-0.0,0,0.0,1,0.0,-1.0,-0.0,-1.0,-0.0,-1.0,-0.0,-1.0,-0.0
20170512,QSIN7,1.0,0.0110667076545,82225.0,metal,1494621851,1.0,0.0,0.0,0.0,0.0,-1.0,-0.0,1,0.0,1.0,0.0,1.0,0.0,0.0,0.0,-1.0,-0.0,1.0,0.0,-1.0,-0.0,1.0,0.0,1,0.0,1,0.0,1,0.0,1,0.0,-1.0,-0.0,-1.0,-0.0,1.0,0.0,1.0,0.0,-1.0,-0.0,0,0.0,-1.0,-0.0,1.0,0.0,-1,-0.0,0,0.0,-1.0,-0.0,1.0,0.0,-1.0,-0.0,-1.0,-0.0,-1.0,-0.0,0.0,0.0,0.0,0.0,1.0,0.0,-1,-0.0,-1.0,-0.0,-1,-0.0,1.0,0.0,0.0,0.0,-1.0,-0.0,1.0,0.0,-1.0,-0.0,-1.0,-0.0,1.0,0.0,-1.0,-0.0,1.0,0.0,1.0,0.0,1.0,0.0,1,0.0,1,0.0,0.0,0.0,1.0,0.0,1.0,0.0,-1.0,-0.0,-1.0,-0.0,1.0,0.0,0.0,0.0,-1.0,-0.0,-1.0,-0.0,-1,-0.0,-1,-0.0,1.0,0.0,0,0.0,1.0,0.0,1.0,0.0,1,0.0,-1.0,-0.0,0.0,0.0,1,0.0,0,0.0,1.0,0.0,-1.0,-0.0,1.0,0.0,-1.0,-0.0,0.0,0.0,-1.0,-0.0,1.0,0.0,1,0.0,1,0.0,-1,-0.0,-1,-0.0,-1,-0.0,1.0,0.0,-1.0,-0.0,-1,-0.0,-1,-0.0,-1.0,-0.0,0.0,0.0,1.0,0.0,-1.0,-0.0
20170512,@SMN7,-1.0,-0.00444585582725,31350.0,grain,1494612945,1.0,-139.377580184,139.377580184,0.0,-0.0,1.0,-139.377580184,-1,139.377580184,-1.0,139.377580184,-1.0,139.377580184,0.0,-0.0,1.0,-139.377580184,-1.0,139.377580184,1.0,-139.377580184,-1.0,139.377580184,-1,139.377580184,-1,139.377580184,-1,139.377580184,-1,139.377580184,1.0,-139.377580184,1.0,-139.377580184,-1.0,139.377580184,-1.0,139.377580184,1.0,-139.377580184,0,-0.0,1.0,-139.377580184,-1.0,139.377580184,1,-139.377580184,0,-0.0,1.0,-139.377580184,-1.0,139.377580184,1.0,-139.377580184,1.0,-139.377580184,1.0,-139.377580184,0.0,-0.0,0.0,-0.0,-1.0,139.377580184,1,-139.377580184,1.0,-139.377580184,1,-139.377580184,-1.0,139.377580184,0.0,-0.0,1.0,-139.377580184,-1.0,139.377580184,1.0,-139.377580184,1.0,-139.377580184,-1.0,139.377580184,1.0,-139.377580184,-1.0,139.377580184,-1.0,139.377580184,-1.0,139.377580184,-1,139.377580184,-1,139.377580184,0.0,-0.0,-1.0,139.377580184,-1.0,139.377580184,1.0,-139.377580184,1.0,-139.377580184,-1.0,139.377580184,0.0,-0.0,1.0,-139.377580184,1.0,-139.377580184,1,-139.377580184,1,-139.377580184,-1.0,139.377580184,0,-0.0,-1.0,139.377580184,-1.0,139.377580184,-1,139.377580184,1.0,-139.377580184,0.0,-0.0,-1,139.377580184,0,-0.0,-1.0,139.377580184,1.0,-139.377580184,-1.0,139.377580184,1.0,-139.377580184,0.0,-0.0,1.0,-139.377580184,-1.0,139.377580184,-1,139.377580184,-1,139.377580184,1,-139.377580184,1,-139.377580184,1,-139.377580184,-1.0,139.377580184,1.0,-139.377580184,1,-139.377580184,1,-139.377580184,1.0,-139.377580184,0.0,-0.0,-1.0,139.377580184,1.0,-139.377580184
20170512,QPAM7,1.0,0.00788534952125,80525.0,metal,1494621851,1.0,0.0,0.0,-1.0,-0.0,-1.0,-0.0,-1,-0.0,1.0,0.0,1.0,0.0,1.0,0.0,1.0,0.0,1.0,0.0,1.0,0.0,1.0,0.0,0,0.0,-1,-0.0,-1,-0.0,0,0.0,1.0,0.0,1.0,0.0,0.0,0.0,1.0,0.0,-1.0,-0.0,0,0.0,-1.0,-0.0,1.0,0.0,-1,-0.0,-1,-0.0,0.0,0.0,-1.0,-0.0,1.0,0.0,-1.0,-0.0,-1.0,-0.0,-1.0,-0.0,1.0,0.0,-1.0,-0.0,-1,-0.0,1.0,0.0,-1,-0.0,1.0,0.0,-1.0,-0.0,-1.0,-0.0,-1.0,-0.0,1.0,0.0,0.0,0.0,0.0,0.0,-1.0,-0.0,-1.0,-0.0,1.0,0.0,1.0,0.0,1,0.0,1,0.0,1.0,0.0,1.0,0.0,-1.0,-0.0,0.0,0.0,1.0,0.0,-1.0,-0.0,-1.0,-0.0,-1.0,-0.0,-1.0,-0.0,1,0.0,0,0.0,-1.0,-0.0,0,0.0,1.0,0.0,1.0,0.0,1,0.0,-1.0,-0.0,1.0,0.0,1,0.0,1,0.0,0.0,0.0,-1.0,-0.0,1.0,0.0,1.0,0.0,1.0,0.0,1.0,0.0,1.0,0.0,-1,-0.0,0,0.0,0,0.0,1,0.0,-1,-0.0,-1.0,-0.0,-1.0,-0.0,0,0.0,1,0.0,-1.0,-0.0,-1.0,-0.0,-1.0,-0.0,-1.0,-0.0
20170512,@JYM7,1.0,0.00540202433754,110506.25,currency,1494621851,1.0,596.95745195,596.95745195,0.0,0.0,-1.0,-596.95745195,1,596.95745195,1.0,596.95745195,1.0,596.95745195,0.0,0.0,-1.0,-596.95745195,1.0,596.95745195,-1.0,-596.95745195,1.0,596.95745195,1,596.95745195,1,596.95745195,1,596.95745195,1,596.95745195,-1.0,-596.95745195,-1.0,-596.95745195,1.0,596.95745195,1.0,596.95745195,-1.0,-596.95745195,0,0.0,-1.0,-596.95745195,1.0,596.95745195,-1,-596.95745195,0,0.0,-1.0,-596.95745195,1.0,596.95745195,-1.0,-596.95745195,-1.0,-596.95745195,-1.0,-596.95745195,0.0,0.0,0.0,0.0,1.0,596.95745195,-1,-596.95745195,-1.0,-596.95745195,-1,-596.95745195,1.0,596.95745195,0.0,0.0,-1.0,-596.95745195,1.0,596.95745195,-1.0,-596.95745195,-1.0,-596.95745195,1.0,596.95745195,-1.0,-596.95745195,1.0,596.95745195,1.0,596.95745195,1.0,596.95745195,1,596.95745195,1,596.95745195,0.0,0.0,1.0,596.95745195,1.0,596.95745195,-1.0,-596.95745195,-1.0,-596.95745195,1.0,596.95745195,0.0,0.0,-1.0,-596.95745195,-1.0,-596.95745195,-1,-596.95745195,-1,-596.95745195,1.0,596.95745195,0,0.0,1.0,596.95745195,1.0,596.95745195,1,596.95745195,-1.0,-596.95745195,0.0,0.0,1,596.95745195,0,0.0,1.0,596.95745195,-1.0,-596.95745195,1.0,596.95745195,-1.0,-596.95745195,0.0,0.0,-1.0,-596.95745195,1.0,596.95745195,1,596.95745195,1,596.95745195,-1,-596.95745195,-1,-596.95745195,-1,-596.95745195,1.0,596.95745195,-1.0,-596.95745195,-1,-596.95745195,-1,-596.95745195,-1.0,-596.95745195,0.0,0.0,1.0,596.95745195,-1.0,-596.95745195
20170512,@YMM7,-1.0,-0.00110206037374,104235.0,index,1494621851,1.0,-0.0,0.0,0.0,-0.0,1.0,-0.0,-1,0.0,-1.0,0.0,-1.0,0.0,0.0,-0.0,1.0,-0.0,-1.0,0.0,1.0,-0.0,-1.0,0.0,-1,0.0,-1,0.0,-1,0.0,-1,0.0,1.0,-0.0,1.0,-0.0,-1.0,0.0,-1.0,0.0,1.0,-0.0,0,-0.0,-1.0,0.0,-1.0,0.0,1,-0.0,0,-0.0,1.0,-0.0,-1.0,0.0,1.0,-0.0,1.0,-0.0,1.0,-0.0,0.0,-0.0,0.0,-0.0,-1.0,0.0,-1,0.0,1.0,-0.0,1,-0.0,-1.0,0.0,0.0,-0.0,1.0,-0.0,-1.0,0.0,1.0,-0.0,1.0,-0.0,-1.0,0.0,1.0,-0.0,-1.0,0.0,-1.0,0.0,1.0,-0.0,-1,0.0,1,-0.0,0.0,-0.0,-1.0,0.0,-1.0,0.0,1.0,-0.0,1.0,-0.0,-1.0,0.0,-1.0,0.0,1.0,-0.0,1.0,-0.0,-1,0.0,0,-0.0,-1.0,0.0,0,-0.0,-1.0,0.0,-1.0,0.0,-1,0.0,1.0,-0.0,0.0,-0.0,-1,0.0,0,-0.0,-1.0,0.0,-1.0,0.0,1.0,-0.0,1.0,-0.0,1.0,-0.0,1.0,-0.0,-1.0,0.0,1,-0.0,0,-0.0,1,-0.0,1,-0.0,1,-0.0,-1.0,0.0,1.0,-0.0,1,-0.0,1,-0.0,1.0,-0.0,0.0,-0.0,-1.0,0.0,1.0,-0.0
20170512,QHGN7,1.0,0.00737639553429,63162.5,metal,1494621851,1.0,465.911582935,465.911582935,-1.0,-465.911582935,1.0,465.911582935,-1,-465.911582935,1.0,465.911582935,1.0,465.911582935,0.0,0.0,-1.0,-465.911582935,1.0,465.911582935,1.0,465.911582935,1.0,465.911582935,0,0.0,-1,-465.911582935,-1,-465.911582935,-1,-465.911582935,1.0,465.911582935,1.0,465.911582935,0.0,0.0,1.0,465.911582935,-1.0,-465.911582935,0,0.0,-1.0,-465.911582935,-1.0,-465.911582935,-1,-465.911582935,-1,-465.911582935,0.0,0.0,-1.0,-465.911582935,1.0,465.911582935,-1.0,-465.911582935,-1.0,-465.911582935,-1.0,-465.911582935,1.0,465.911582935,-1.0,-465.911582935,-1,-465.911582935,1.0,465.911582935,-1,-465.911582935,1.0,465.911582935,-1.0,-465.911582935,-1.0,-465.911582935,-1.0,-465.911582935,1.0,465.911582935,0.0,0.0,0.0,0.0,-1.0,-465.911582935,-1.0,-465.911582935,1.0,465.911582935,1.0,465.911582935,1,465.911582935,1,465.911582935,1.0,465.911582935,1.0,465.911582935,-1.0,-465.911582935,0.0,0.0,1.0,465.911582935,-1.0,-465.911582935,-1.0,-465.911582935,1.0,465.911582935,-1.0,-465.911582935,1,465.911582935,0,0.0,-1.0,-465.911582935,0,0.0,1.0,465.911582935,1.0,465.911582935,-1,-465.911582935,-1.0,-465.911582935,1.0,465.911582935,1,465.911582935,1,465.911582935,0.0,0.0,-1.0,-465.911582935,1.0,465.911582935,1.0,465.911582935,1.0,465.911582935,1.0,465.911582935,1.0,465.911582935,-1,-465.911582935,0,0.0,1,465.911582935,1,465.911582935,-1,-465.911582935,-1.0,-465.911582935,-1.0,-465.911582935,0,0.0,1,465.911582935,-1.0,-465.911582935,0.0,0.0,1.0,465.911582935,-1.0,-465.911582935
20170512,QGCM7,1.0,0.00326743996079,122820.0,metal,1494621851,1.0,0.0,0.0,0.0,0.0,-1.0,-0.0,1,0.0,-1.0,-0.0,1.0,0.0,0.0,0.0,-1.0,-0.0,1.0,0.0,-1.0,-0.0,1.0,0.0,1,0.0,1,0.0,1,0.0,1,0.0,-1.0,-0.0,-1.0,-0.0,0.0,0.0,1.0,0.0,-1.0,-0.0,0,0.0,-1.0,-0.0,1.0,0.0,1,0.0,1,0.0,-1.0,-0.0,1.0,0.0,-1.0,-0.0,-1.0,-0.0,-1.0,-0.0,0.0,0.0,0.0,0.0,1.0,0.0,-1,-0.0,-1.0,-0.0,1,0.0,1.0,0.0,1.0,0.0,1.0,0.0,1.0,0.0,1.0,0.0,0.0,0.0,0.0,0.0,-1.0,-0.0,-1.0,-0.0,1.0,0.0,1.0,0.0,1,0.0,1,0.0,-1.0,-0.0,-1.0,-0.0,-1.0,-0.0,0.0,0.0,1.0,0.0,1.0,0.0,0.0,0.0,-1.0,-0.0,-1.0,-0.0,-1,-0.0,-1,-0.0,1.0,0.0,0,0.0,1.0,0.0,1.0,0.0,1,0.0,-1.0,-0.0,0.0,0.0,-1,-0.0,-1,-0.0,1.0,0.0,-1.0,-0.0,1.0,0.0,-1.0,-0.0,0.0,0.0,-1.0,-0.0,1.0,0.0,1,0.0,1,0.0,-1,-0.0,-1,-0.0,-1,-0.0,1.0,0.0,-1.0,-0.0,-1,-0.0,-1,-0.0,-1.0,-0.0,0.0,0.0,1.0,0.0,-1.0,-0.0
20170512,@FVM7,1.0,0.0035113290049,118335.9375,rates,1494621851,1.0,0.0,0.0,0.0,0.0,-1.0,-0.0,1,0.0,1.0,0.0,1.0,0.0,0.0,0.0,-1.0,-0.0,1.0,0.0,-1.0,-0.0,1.0,0.0,1,0.0,1,0.0,1,0.0,1,0.0,-1.0,-0.0,-1.0,-0.0,1.0,0.0,1.0,0.0,-1.0,-0.0,0,0.0,1.0,0.0,1.0,0.0,-1,-0.0,0,0.0,-1.0,-0.0,1.0,0.0,-1.0,-0.0,-1.0,-0.0,-1.0,-0.0,0.0,0.0,0.0,0.0,1.0,0.0,-1,-0.0,-1.0,-0.0,-1,-0.0,1.0,0.0,0.0,0.0,-1.0,-0.0,1.0,0.0,-1.0,-0.0,-1.0,-0.0,1.0,0.0,-1.0,-0.0,1.0,0.0,1.0,0.0,1.0,0.0,1,0.0,-1,-0.0,0.0,0.0,1.0,0.0,1.0,0.0,-1.0,-0.0,-1.0,-0.0,1.0,0.0,1.0,0.0,-1.0,-0.0,-1.0,-0.0,1,0.0,0,0.0,1.0,0.0,0,0.0,1.0,0.0,1.0,0.0,1,0.0,-1.0,-0.0,0.0,0.0,1,0.0,0,0.0,1.0,0.0,1.0,0.0,-1.0,-0.0,-1.0,-0.0,-1.0,-0.0,-1.0,-0.0,1.0,0.0,-1,-0.0,0,0.0,-1,-0.0,-1,-0.0,-1,-0.0,1.0,0.0,-1.0,-0.0,-1,-0.0,-1,-0.0,-1.0,-0.0,0.0,0.0,1.0,0.0,-1.0,-0.0
20170512,@GFQ7,1.0,0.0305447140675,75912.5,meat,1494611984,1.0,0.0,0.0,0.0,0.0,1.0,0.0,-1,-0.0,1.0,0.0,-1.0,-0.0,0.0,0.0,1.0,0.0,-1.0,-0.0,1.0,0.0,-1.0,-0.0,-1,-0.0,-1,-0.0,-1,-0.0,-1,-0.0,1.0,0.0,1.0,0.0,0.0,0.0,-1.0,-0.0,1.0,0.0,0,0.0,1.0,0.0,-1.0,-0.0,-1,-0.0,-1,-0.0,1.0,0.0,-1.0,-0.0,1.0,0.0,1.0,0.0,1.0,0.0,0.0,0.0,0.0,0.0,-1.0,-0.0,1,0.0,1.0,0.0,-1,-0.0,-1.0,-0.0,-1.0,-0.0,-1.0,-0.0,-1.0,-0.0,-1.0,-0.0,0.0,0.0,0.0,0.0,1.0,0.0,1.0,0.0,-1.0,-0.0,-1.0,-0.0,-1,-0.0,-1,-0.0,1.0,0.0,1.0,0.0,1.0,0.0,0.0,0.0,-1.0,-0.0,-1.0,-0.0,0.0,0.0,1.0,0.0,1.0,0.0,1,0.0,1,0.0,-1.0,-0.0,0,0.0,-1.0,-0.0,-1.0,-0.0,-1,-0.0,1.0,0.0,0.0,0.0,1,0.0,1,0.0,-1.0,-0.0,1.0,0.0,-1.0,-0.0,1.0,0.0,0.0,0.0,1.0,0.0,-1.0,-0.0,-1,-0.0,-1,-0.0,1,0.0,1,0.0,1,0.0,-1.0,-0.0,1.0,0.0,1,0.0,1,0.0,1.0,0.0,0.0,0.0,-1.0,-0.0,1.0,0.0
20170512,@ESM7,-1.0,-0.00115014638227,119412.5,index,1494621851,1.0,-137.341854872,137.341854872,0.0,-0.0,1.0,-137.341854872,-1,137.341854872,1.0,-137.341854872,-1.0,137.341854872,0.0,-0.0,1.0,-137.341854872,-1.0,137.341854872,1.0,-137.341854872,-1.0,137.341854872,-1,137.341854872,-1,137.341854872,-1,137.341854872,-1,137.341854872,1.0,-137.341854872,1.0,-137.341854872,0.0,-0.0,-1.0,137.341854872,1.0,-137.341854872,1,-115.014638227,-1.0,137.341854872,-1.0,137.341854872,-1,137.341854872,-1,137.341854872,1.0,-137.341854872,-1.0,137.341854872,1.0,-137.341854872,1.0,-137.341854872,1.0,-137.341854872,0.0,-0.0,0.0,-0.0,-1.0,137.341854872,-1,137.341854872,1.0,-137.341854872,-1,137.341854872,-1.0,137.341854872,-1.0,137.341854872,-1.0,137.341854872,-1.0,137.341854872,-1.0,137.341854872,0.0,-0.0,0.0,-0.0,1.0,-137.341854872,1.0,-137.341854872,-1.0,137.341854872,1.0,-137.341854872,-1,137.341854872,1,-137.341854872,1.0,-137.341854872,1.0,-137.341854872,1.0,-137.341854872,0.0,-0.0,-1.0,137.341854872,-1.0,137.341854872,-1.0,137.341854872,1.0,-137.341854872,1.0,-137.341854872,-1,137.341854872,0,-0.0,-1.0,137.341854872,0,-0.0,-1.0,137.341854872,-1.0,137.341854872,-1,137.341854872,1.0,-137.341854872,0.0,-0.0,1,-137.341854872,1,-137.341854872,-1.0,137.341854872,-1.0,137.341854872,1.0,-137.341854872,1.0,-137.341854872,1.0,-137.341854872,1.0,-137.341854872,-1.0,137.341854872,1,-137.341854872,0,-0.0,1,-137.341854872,1,-137.341854872,1,-137.341854872,-1.0,137.341854872,1.0,-137.341854872,1,-137.341854872,1,-137.341854872,1.0,-137.341854872,0.0,-0.0,-1.0,137.341854872,1.0,-137.341854872
20170512,@EMDM7,-1.0,-0.00469211608643,171820.0,index,1494621851,1.0,-806.19938597,806.19938597,0.0,-0.0,1.0,-806.19938597,-1,806.19938597,1.0,-806.19938597,-1.0,806.19938597,0.0,-0.0,1.0,-806.19938597,-1.0,806.19938597,1.0,-806.19938597,-1.0,806.19938597,-1,806.19938597,-1,806.19938597,-1,806.19938597,-1,806.19938597,1.0,-806.19938597,1.0,-806.19938597,0.0,-0.0,-1.0,806.19938597,1.0,-806.19938597,0,-0.0,-1.0,806.19938597,-1.0,806.19938597,-1,806.19938597,-1,806.19938597,1.0,-806.19938597,-1.0,806.19938597,1.0,-806.19938597,1.0,-806.19938597,1.0,-806.19938597,0.0,-0.0,0.0,-0.0,-1.0,806.19938597,-1,806.19938597,1.0,-806.19938597,-1,806.19938597,-1.0,806.19938597,-1.0,806.19938597,-1.0,806.19938597,-1.0,806.19938597,-1.0,806.19938597,0.0,-0.0,0.0,-0.0,1.0,-806.19938597,1.0,-806.19938597,-1.0,806.19938597,1.0,-806.19938597,-1,806.19938597,1,-806.19938597,1.0,-806.19938597,1.0,-806.19938597,1.0,-806.19938597,0.0,-0.0,-1.0,806.19938597,-1.0,806.19938597,-1.0,806.19938597,1.0,-806.19938597,1.0,-806.19938597,-1,806.19938597,0,-0.0,-1.0,806.19938597,0,-0.0,-1.0,806.19938597,-1.0,806.19938597,-1,806.19938597,1.0,-806.19938597,0.0,-0.0,1,-806.19938597,1,-806.19938597,-1.0,806.19938597,-1.0,806.19938597,1.0,-806.19938597,1.0,-806.19938597,1.0,-806.19938597,1.0,-806.19938597,-1.0,806.19938597,1,-806.19938597,0,-0.0,1,-806.19938597,1,-806.19938597,1,-806.19938597,-1.0,806.19938597,1.0,-806.19938597,1,-806.19938597,1,-806.19938597,1.0,-806.19938597,0.0,-0.0,-1.0,806.19938597,1.0,-806.19938597
20170512,@EUM7,1.0,0.00592558566835,136868.75,currency,1494621851,1.0,811.027503445,811.027503445,-1.0,-811.027503445,-1.0,-811.027503445,-1,-811.027503445,1.0,811.027503445,1.0,811.027503445,1.0,811.027503445,1.0,811.027503445,1.0,811.027503445,1.0,811.027503445,1.0,811.027503445,0,0.0,-1,-811.027503445,-1,-811.027503445,0,0.0,1.0,811.027503445,1.0,811.027503445,0.0,0.0,1.0,811.027503445,-1.0,-811.027503445,0,0.0,-1.0,-811.027503445,1.0,811.027503445,-1,-811.027503445,-1,-811.027503445,0.0,0.0,-1.0,-811.027503445,1.0,811.027503445,-1.0,-811.027503445,-1.0,-811.027503445,-1.0,-811.027503445,1.0,811.027503445,-1.0,-811.027503445,-1,-811.027503445,1.0,811.027503445,-1,-811.027503445,1.0,811.027503445,-1.0,-811.027503445,-1.0,-811.027503445,-1.0,-811.027503445,1.0,811.027503445,0.0,0.0,0.0,0.0,-1.0,-811.027503445,-1.0,-811.027503445,1.0,811.027503445,1.0,811.027503445,1,811.027503445,1,811.027503445,1.0,811.027503445,1.0,811.027503445,-1.0,-811.027503445,0.0,0.0,1.0,811.027503445,-1.0,-811.027503445,-1.0,-811.027503445,-1.0,-811.027503445,-1.0,-811.027503445,1,811.027503445,0,0.0,-1.0,-811.027503445,0,0.0,1.0,811.027503445,1.0,811.027503445,1,811.027503445,-1.0,-811.027503445,1.0,811.027503445,1,811.027503445,1,811.027503445,0.0,0.0,-1.0,-811.027503445,1.0,811.027503445,1.0,811.027503445,1.0,811.027503445,1.0,811.027503445,1.0,811.027503445,-1,-811.027503445,0,0.0,0,0.0,1,811.027503445,-1,-811.027503445,-1.0,-811.027503445,-1.0,-811.027503445,0,0.0,1,811.027503445,-1.0,-811.027503445,-1.0,-811.027503445,-1.0,-811.027503445,-1.0,-811.027503445
20170512,QCLM7,1.0,0.00083629521221,47870.0,energy,1494621851,1.0,40.0334518085,40.0334518085,0.0,0.0,1.0,40.0334518085,-1,-40.0334518085,-1.0,-40.0334518085,-1.0,-40.0334518085,0.0,0.0,-1.0,-40.0334518085,1.0,40.0334518085,-1.0,-40.0334518085,1.0,40.0334518085,-1,-40.0334518085,-1,-40.0334518085,-1,-40.0334518085,-1,-40.0334518085,-1.0,-40.0334518085,-1.0,-40.0334518085,-1.0,-40.0334518085,-1.0,-40.0334518085,1.0,40.0334518085,0,0.0,-1.0,-40.0334518085,-1.0,-40.0334518085,-1,-40.0334518085,0,0.0,1.0,40.0334518085,1.0,40.0334518085,1.0,40.0334518085,1.0,40.0334518085,-1.0,-40.0334518085,0.0,0.0,0.0,0.0,1.0,40.0334518085,-1,-40.0334518085,1.0,40.0334518085,1,40.0334518085,1.0,40.0334518085,0.0,0.0,-1.0,-40.0334518085,1.0,40.0334518085,1.0,40.0334518085,1.0,40.0334518085,-1.0,-40.0334518085,1.0,40.0334518085,-1.0,-40.0334518085,-1.0,-40.0334518085,1.0,40.0334518085,-1,-40.0334518085,1,40.0334518085,0.0,0.0,1.0,40.0334518085,-1.0,-40.0334518085,1.0,40.0334518085,1.0,40.0334518085,-1.0,-40.0334518085,-1.0,-40.0334518085,1.0,40.0334518085,-1.0,-40.0334518085,1,40.0334518085,0,0.0,-1.0,-40.0334518085,0,0.0,-1.0,-40.0334518085,1.0,40.0334518085,-1,-40.0334518085,1.0,40.0334518085,0.0,0.0,1,40.0334518085,0,0.0,-1.0,-40.0334518085,-1.0,-40.0334518085,1.0,40.0334518085,1.0,40.0334518085,1.0,40.0334518085,-1.0,-40.0334518085,1.0,40.0334518085,-1,-40.0334518085,0,0.0,1,40.0334518085,1,40.0334518085,-1,-40.0334518085,1.0,40.0334518085,-1.0,-40.0334518085,1,40.0334518085,1,40.0334518085,1.0,40.0334518085,0.0,0.0,1.0,40.0334518085,-1.0,-40.0334518085
20170512,@CDM7,-1.0,-0.00136883170214,72955.0,currency,1494621851,1.0,-0.0,0.0,-1.0,0.0,-1.0,0.0,1,-0.0,1.0,-0.0,-1.0,0.0,1.0,-0.0,1.0,-0.0,1.0,-0.0,1.0,-0.0,1.0,-0.0,0,-0.0,1,-0.0,-1,0.0,0,-0.0,1.0,-0.0,1.0,-0.0,0.0,-0.0,-1.0,0.0,1.0,-0.0,0,-0.0,-1.0,0.0,-1.0,0.0,-1,0.0,-1,0.0,0.0,-0.0,-1.0,0.0,-1.0,0.0,1.0,-0.0,-1.0,0.0,-1.0,0.0,1.0,-0.0,-1.0,0.0,-1,0.0,1.0,-0.0,-1,0.0,-1.0,0.0,-1.0,0.0,-1.0,0.0,-1.0,0.0,-1.0,0.0,0.0,-0.0,0.0,-0.0,1.0,-0.0,1.0,-0.0,-1.0,0.0,1.0,-0.0,1,-0.0,1,-0.0,1.0,-0.0,1.0,-0.0,1.0,-0.0,0.0,-0.0,-1.0,0.0,-1.0,0.0,-1.0,0.0,1.0,-0.0,1.0,-0.0,-1,0.0,0,-0.0,1.0,-0.0,0,-0.0,-1.0,0.0,1.0,-0.0,1,-0.0,-1.0,0.0,1.0,-0.0,1,-0.0,1,-0.0,0.0,-0.0,-1.0,0.0,1.0,-0.0,1.0,-0.0,1.0,-0.0,1.0,-0.0,-1.0,0.0,1,-0.0,0,-0.0,0,-0.0,-1,0.0,1,-0.0,-1.0,0.0,-1.0,0.0,0,-0.0,-1,0.0,1.0,-0.0,-1.0,0.0,-1.0,0.0,-1.0,0.0
20170512,@CN7,1.0,0.00338524035206,18525.0,grain,1494612945,1.0,62.711577522,62.711577522,-1.0,-62.711577522,-1.0,-62.711577522,1,62.711577522,1.0,62.711577522,-1.0,-62.711577522,1.0,62.711577522,1.0,62.711577522,1.0,62.711577522,1.0,62.711577522,1.0,62.711577522,0,0.0,1,62.711577522,-1,-62.711577522,0,0.0,1.0,62.711577522,1.0,62.711577522,0.0,0.0,-1.0,-62.711577522,1.0,62.711577522,0,0.0,-1.0,-62.711577522,-1.0,-62.711577522,-1,-62.711577522,-1,-62.711577522,0.0,0.0,-1.0,-62.711577522,-1.0,-62.711577522,1.0,62.711577522,-1.0,-62.711577522,-1.0,-62.711577522,1.0,62.711577522,-1.0,-62.711577522,-1,-62.711577522,1.0,62.711577522,-1,-62.711577522,-1.0,-62.711577522,-1.0,-62.711577522,-1.0,-62.711577522,-1.0,-62.711577522,-1.0,-62.711577522,0.0,0.0,0.0,0.0,1.0,62.711577522,1.0,62.711577522,-1.0,-62.711577522,1.0,62.711577522,1,62.711577522,1,62.711577522,1.0,62.711577522,1.0,62.711577522,1.0,62.711577522,0.0,0.0,-1.0,-62.711577522,-1.0,-62.711577522,-1.0,-62.711577522,1.0,62.711577522,1.0,62.711577522,-1,-62.711577522,0,0.0,1.0,62.711577522,0,0.0,-1.0,-62.711577522,1.0,62.711577522,1,62.711577522,-1.0,-62.711577522,1.0,62.711577522,1,62.711577522,1,62.711577522,0.0,0.0,-1.0,-62.711577522,1.0,62.711577522,1.0,62.711577522,1.0,62.711577522,1.0,62.711577522,-1.0,-62.711577522,1,62.711577522,0,0.0,0,0.0,-1,-62.711577522,1,62.711577522,-1.0,-62.711577522,-1.0,-62.711577522,0,0.0,-1,-62.711577522,1.0,62.711577522,-1.0,-62.711577522,-1.0,-62.711577522,-1.0,-62.711577522
20170512,@BPM7,-1.0,-0.000309981401116,80625.0,currency,1494621851,1.0,-0.0,0.0,0.0,-0.0,1.0,-0.0,-1,0.0,1.0,-0.0,-1.0,0.0,0.0,-0.0,1.0,-0.0,-1.0,0.0,1.0,-0.0,-1.0,0.0,-1,0.0,-1,0.0,-1,0.0,-1,0.0,1.0,-0.0,1.0,-0.0,0.0,-0.0,-1.0,0.0,1.0,-0.0,0,-0.0,-1.0,0.0,-1.0,0.0,-1,0.0,-1,0.0,1.0,-0.0,-1.0,0.0,1.0,-0.0,1.0,-0.0,1.0,-0.0,0.0,-0.0,0.0,-0.0,-1.0,0.0,-1,0.0,1.0,-0.0,-1,0.0,-1.0,0.0,-1.0,0.0,-1.0,0.0,-1.0,0.0,-1.0,0.0,0.0,-0.0,0.0,-0.0,1.0,-0.0,1.0,-0.0,-1.0,0.0,1.0,-0.0,-1,0.0,1,-0.0,1.0,-0.0,1.0,-0.0,1.0,-0.0,0.0,-0.0,-1.0,0.0,-1.0,0.0,-1.0,0.0,1.0,-0.0,1.0,-0.0,-1,0.0,0,-0.0,-1.0,0.0,0,-0.0,-1.0,0.0,-1.0,0.0,-1,0.0,1.0,-0.0,0.0,-0.0,1,-0.0,1,-0.0,-1.0,0.0,-1.0,0.0,1.0,-0.0,1.0,-0.0,1.0,-0.0,1.0,-0.0,-1.0,0.0,1,-0.0,0,-0.0,1,-0.0,1,-0.0,1,-0.0,-1.0,0.0,1.0,-0.0,1,-0.0,1,-0.0,1.0,-0.0,0.0,-0.0,-1.0,0.0,1.0,-0.0
20170512,@BON7,1.0,0.00861803631887,19662.0,grain,1494612945,1.0,0.0,0.0,0.0,0.0,1.0,0.0,-1,-0.0,1.0,0.0,-1.0,-0.0,0.0,0.0,-1.0,-0.0,1.0,0.0,-1.0,-0.0,1.0,0.0,-1,-0.0,-1,-0.0,-1,-0.0,-1,-0.0,-1.0,-0.0,1.0,0.0,0.0,0.0,1.0,0.0,-1.0,-0.0,0,0.0,-1.0,-0.0,-1.0,-0.0,-1,-0.0,-1,-0.0,1.0,0.0,-1.0,-0.0,1.0,0.0,1.0,0.0,-1.0,-0.0,0.0,0.0,0.0,0.0,1.0,0.0,-1,-0.0,1.0,0.0,-1,-0.0,1.0,0.0,-1.0,-0.0,-1.0,-0.0,-1.0,-0.0,1.0,0.0,0.0,0.0,0.0,0.0,-1.0,-0.0,-1.0,-0.0,1.0,0.0,1.0,0.0,-1,-0.0,1,0.0,1.0,0.0,1.0,0.0,-1.0,-0.0,0.0,0.0,1.0,0.0,-1.0,-0.0,-1.0,-0.0,1.0,0.0,-1.0,-0.0,1,0.0,0,0.0,-1.0,-0.0,0,0.0,-1.0,-0.0,1.0,0.0,-1,-0.0,1.0,0.0,0.0,0.0,1,0.0,1,0.0,-1.0,-0.0,-1.0,-0.0,1.0,0.0,1.0,0.0,1.0,0.0,1.0,0.0,1.0,0.0,-1,-0.0,0,0.0,1,0.0,1,0.0,-1,-0.0,1.0,0.0,-1.0,-0.0,1,0.0,1,0.0,1.0,0.0,0.0,0.0,1.0,0.0,-1.0,-0.0
20170512,@ADM7,1.0,0.00230758789195,73840.0,currency,1494621851,1.0,0.0,0.0,0.0,0.0,1.0,0.0,-1,-0.0,1.0,0.0,-1.0,-0.0,0.0,0.0,-1.0,-0.0,1.0,0.0,-1.0,-0.0,1.0,0.0,-1,-0.0,-1,-0.0,-1,-0.0,-1,-0.0,-1.0,-0.0,1.0,0.0,0.0,0.0,1.0,0.0,-1.0,-0.0,0,0.0,-1.0,-0.0,-1.0,-0.0,-1,-0.0,-1,-0.0,1.0,0.0,-1.0,-0.0,1.0,0.0,1.0,0.0,-1.0,-0.0,0.0,0.0,0.0,0.0,1.0,0.0,-1,-0.0,1.0,0.0,-1,-0.0,1.0,0.0,-1.0,-0.0,-1.0,-0.0,-1.0,-0.0,1.0,0.0,0.0,0.0,0.0,0.0,-1.0,-0.0,-1.0,-0.0,1.0,0.0,1.0,0.0,-1,-0.0,1,0.0,1.0,0.0,1.0,0.0,-1.0,-0.0,0.0,0.0,1.0,0.0,-1.0,-0.0,-1.0,-0.0,1.0,0.0,-1.0,-0.0,1,0.0,0,0.0,-1.0,-0.0,0,0.0,-1.0,-0.0,1.0,0.0,-1,-0.0,1.0,0.0,0.0,0.0,1,0.0,1,0.0,-1.0,-0.0,-1.0,-0.0,1.0,0.0,1.0,0.0,1.0,0.0,1.0,0.0,1.0,0.0,-1,-0.0,0,0.0,1,0.0,1,0.0,-1,-0.0,1.0,0.0,-1.0,-0.0,1,0.0,1,0.0,1.0,0.0,0.0,0.0,1.0,0.0,-1.0,-0.0
20170512,@TUM7,1.0,0.0010833453705,216578.125,rates,1494621851,2.0,469.257818142,469.257818142,0.0,0.0,-1.0,-469.257818142,1,469.257818142,1.0,469.257818142,1.0,469.257818142,0.0,0.0,-1.0,-469.257818142,1.0,469.257818142,-1.0,-469.257818142,1.0,469.257818142,1,469.257818142,1,469.257818142,1,469.257818142,1,469.257818142,-1.0,-469.257818142,-1.0,-469.257818142,1.0,469.257818142,1.0,469.257818142,-1.0,-469.257818142,0,0.0,1.0,469.257818142,1.0,469.257818142,-1,-469.257818142,0,0.0,-1.0,-469.257818142,1.0,469.257818142,-1.0,-469.257818142,-1.0,-469.257818142,-1.0,-469.257818142,0.0,0.0,0.0,0.0,1.0,469.257818142,-1,-469.257818142,-1.0,-469.257818142,-1,-469.257818142,1.0,469.257818142,0.0,0.0,-1.0,-469.257818142,1.0,469.257818142,-1.0,-469.257818142,-1.0,-469.257818142,1.0,469.257818142,-1.0,-469.257818142,1.0,469.257818142,1.0,469.257818142,1.0,469.257818142,1,469.257818142,-1,-469.257818142,0.0,0.0,1.0,469.257818142,1.0,469.257818142,-1.0,-469.257818142,-1.0,-469.257818142,1.0,469.257818142,1.0,469.257818142,-1.0,-469.257818142,-1.0,-469.257818142,1,469.257818142,0,0.0,1.0,469.257818142,0,0.0,1.0,469.257818142,1.0,469.257818142,1,469.257818142,-1.0,-469.257818142,0.0,0.0,1,469.257818142,0,0.0,1.0,469.257818142,1.0,469.257818142,-1.0,-469.257818142,-1.0,-469.257818142,-1.0,-469.257818142,-1.0,-469.257818142,1.0,469.257818142,-1,-469.257818142,0,0.0,-1,-469.257818142,-1,-469.257818142,-1,-469.257818142,1.0,469.257818142,-1.0,-469.257818142,-1,-469.257818142,-1,-469.257818142,-1.0,-469.257818142,0.0,0.0,1.0,469.257818142,-1.0,-469.257818142
20170512,QHOM7,1.0,0.00214779515404,62710.2,energy,1494621851,1.0,0.0,0.0,0.0,0.0,1.0,0.0,-1,-0.0,-1.0,-0.0,-1.0,-0.0,0.0,0.0,-1.0,-0.0,1.0,0.0,-1.0,-0.0,1.0,0.0,-1,-0.0,-1,-0.0,-1,-0.0,-1,-0.0,-1.0,-0.0,-1.0,-0.0,-1.0,-0.0,-1.0,-0.0,1.0,0.0,0,0.0,-1.0,-0.0,-1.0,-0.0,-1,-0.0,0,0.0,1.0,0.0,1.0,0.0,1.0,0.0,1.0,0.0,-1.0,-0.0,0.0,0.0,0.0,0.0,1.0,0.0,-1,-0.0,1.0,0.0,1,0.0,1.0,0.0,0.0,0.0,-1.0,-0.0,1.0,0.0,1.0,0.0,1.0,0.0,-1.0,-0.0,1.0,0.0,-1.0,-0.0,-1.0,-0.0,1.0,0.0,-1,-0.0,1,0.0,0.0,0.0,1.0,0.0,-1.0,-0.0,1.0,0.0,1.0,0.0,-1.0,-0.0,-1.0,-0.0,1.0,0.0,-1.0,-0.0,1,0.0,0,0.0,-1.0,-0.0,0,0.0,-1.0,-0.0,1.0,0.0,-1,-0.0,1.0,0.0,0.0,0.0,1,0.0,0,0.0,-1.0,-0.0,-1.0,-0.0,1.0,0.0,1.0,0.0,1.0,0.0,-1.0,-0.0,1.0,0.0,-1,-0.0,0,0.0,1,0.0,1,0.0,-1,-0.0,1.0,0.0,-1.0,-0.0,1,0.0,1,0.0,1.0,0.0,0.0,0.0,1.0,0.0,-1.0,-0.0
20170512,@TYM7,1.0,0.00512820512821,125562.5,rates,1494621851,1.0,643.91025641,643.91025641,1.0,643.91025641,1.0,643.91025641,-1,-643.91025641,1.0,643.91025641,1.0,643.91025641,-1.0,-643.91025641,-1.0,-643.91025641,-1.0,-643.91025641,-1.0,-643.91025641,-1.0,-643.91025641,0,0.0,-1,-643.91025641,1,643.91025641,0,0.0,-1.0,-643.91025641,-1.0,-643.91025641,1.0,643.91025641,1.0,643.91025641,-1.0,-643.91025641,0,0.0,1.0,643.91025641,1.0,643.91025641,-1,-643.91025641,0,0.0,0.0,0.0,1.0,643.91025641,1.0,643.91025641,-1.0,-643.91025641,1.0,643.91025641,1.0,643.91025641,-1.0,-643.91025641,1.0,643.91025641,-1,-643.91025641,-1.0,-643.91025641,-1,-643.91025641,1.0,643.91025641,0.0,0.0,-1.0,-643.91025641,1.0,643.91025641,-1.0,-643.91025641,-1.0,-643.91025641,1.0,643.91025641,-1.0,-643.91025641,1.0,643.91025641,1.0,643.91025641,1.0,643.91025641,-1,-643.91025641,-1,-643.91025641,0.0,0.0,1.0,643.91025641,1.0,643.91025641,-1.0,-643.91025641,-1.0,-643.91025641,1.0,643.91025641,1.0,643.91025641,-1.0,-643.91025641,-1.0,-643.91025641,1,643.91025641,0,0.0,-1.0,-643.91025641,0,0.0,1.0,643.91025641,-1.0,-643.91025641,-1,-643.91025641,1.0,643.91025641,-1.0,-643.91025641,1,643.91025641,0,0.0,0.0,0.0,1.0,643.91025641,-1.0,-643.91025641,-1.0,-643.91025641,-1.0,-643.91025641,-1.0,-643.91025641,1.0,643.91025641,-1,-643.91025641,0,0.0,0,0.0,1,643.91025641,-1,-643.91025641,1.0,643.91025641,1.0,643.91025641,0,0.0,1,643.91025641,-1.0,-643.91025641,1.0,643.91025641,1.0,643.91025641,1.0,643.91025641
20170512,@USM7,1.0,0.00622406639004,151562.5,rates,1494621851,1.0,0.0,0.0,0.0,0.0,-1.0,-0.0,1,0.0,-1.0,-0.0,1.0,0.0,0.0,0.0,-1.0,-0.0,1.0,0.0,-1.0,-0.0,1.0,0.0,1,0.0,1,0.0,1,0.0,1,0.0,-1.0,-0.0,-1.0,-0.0,0.0,0.0,1.0,0.0,-1.0,-0.0,0,0.0,1.0,0.0,1.0,0.0,1,0.0,1,0.0,-1.0,-0.0,1.0,0.0,-1.0,-0.0,-1.0,-0.0,-1.0,-0.0,0.0,0.0,0.0,0.0,1.0,0.0,-1,-0.0,-1.0,-0.0,1,0.0,1.0,0.0,1.0,0.0,1.0,0.0,1.0,0.0,1.0,0.0,0.0,0.0,0.0,0.0,-1.0,-0.0,-1.0,-0.0,1.0,0.0,1.0,0.0,1,0.0,-1,-0.0,-1.0,-0.0,-1.0,-0.0,-1.0,-0.0,0.0,0.0,1.0,0.0,1.0,0.0,1.0,0.0,-1.0,-0.0,-1.0,-0.0,1,0.0,0,0.0,1.0,0.0,0,0.0,1.0,0.0,1.0,0.0,1,0.0,-1.0,-0.0,0.0,0.0,-1,-0.0,-1,-0.0,1.0,0.0,1.0,0.0,-1.0,-0.0,-1.0,-0.0,-1.0,-0.0,-1.0,-0.0,1.0,0.0,-1,-0.0,0,0.0,-1,-0.0,-1,-0.0,-1,-0.0,1.0,0.0,-1.0,-0.0,-1,-0.0,-1,-0.0,-1.0,-0.0,0.0,0.0,1.0,0.0,-1.0,-0.0
20170512,@WN7,-1.0,-0.00172910662824,21650.0,grain,1494612945,1.0,-37.4351585014,37.4351585014,-1.0,37.4351585014,1.0,-37.4351585014,-1,37.4351585014,1.0,-37.4351585014,1.0,-37.4351585014,0.0,-0.0,-1.0,37.4351585014,1.0,-37.4351585014,1.0,-37.4351585014,1.0,-37.4351585014,0,-0.0,-1,37.4351585014,-1,37.4351585014,-1,37.4351585014,1.0,-37.4351585014,1.0,-37.4351585014,0.0,-0.0,1.0,-37.4351585014,-1.0,37.4351585014,0,-0.0,-1.0,37.4351585014,-1.0,37.4351585014,-1,37.4351585014,-1,37.4351585014,0.0,-0.0,-1.0,37.4351585014,1.0,-37.4351585014,-1.0,37.4351585014,-1.0,37.4351585014,-1.0,37.4351585014,1.0,-37.4351585014,-1.0,37.4351585014,-1,37.4351585014,1.0,-37.4351585014,-1,37.4351585014,1.0,-37.4351585014,-1.0,37.4351585014,-1.0,37.4351585014,-1.0,37.4351585014,1.0,-37.4351585014,0.0,-0.0,0.0,-0.0,-1.0,37.4351585014,-1.0,37.4351585014,1.0,-37.4351585014,1.0,-37.4351585014,1,-37.4351585014,1,-37.4351585014,1.0,-37.4351585014,1.0,-37.4351585014,-1.0,37.4351585014,0.0,-0.0,1.0,-37.4351585014,-1.0,37.4351585014,-1.0,37.4351585014,1.0,-37.4351585014,-1.0,37.4351585014,1,-37.4351585014,0,-0.0,-1.0,37.4351585014,0,-0.0,1.0,-37.4351585014,1.0,-37.4351585014,-1,37.4351585014,-1.0,37.4351585014,1.0,-37.4351585014,1,-37.4351585014,1,-37.4351585014,0.0,-0.0,-1.0,37.4351585014,1.0,-37.4351585014,1.0,-37.4351585014,1.0,-37.4351585014,1.0,-37.4351585014,1.0,-37.4351585014,-1,37.4351585014,0,-0.0,1,-37.4351585014,1,-37.4351585014,-1,37.4351585014,-1.0,37.4351585014,-1.0,37.4351585014,0,-0.0,1,-37.4351585014,-1.0,37.4351585014,0.0,-0.0,1.0,-37.4351585014,-1.0,37.4351585014
20170515,QRBM7,1.0,0.0105957743798,66897.6,energy,1494881074,1.0,0.0,0.0,0.0,0.0,1.0,0.0,-1,-0.0,1.0,0.0,-1.0,-0.0,0.0,0.0,-1.0,-0.0,1.0,0.0,-1.0,-0.0,1.0,0.0,-1,-0.0,-1,-0.0,-1,-0.0,-1,-0.0,-1.0,-0.0,1.0,0.0,0.0,0.0,1.0,0.0,-1.0,-0.0,0,0.0,-1.0,-0.0,-1.0,-0.0,-1,-0.0,-1,-0.0,1.0,0.0,-1.0,-0.0,1.0,0.0,1.0,0.0,-1.0,-0.0,0.0,0.0,0.0,0.0,1.0,0.0,-1,-0.0,1.0,0.0,-1,-0.0,1.0,0.0,-1.0,-0.0,-1.0,-0.0,-1.0,-0.0,1.0,0.0,0.0,0.0,0.0,0.0,-1.0,-0.0,-1.0,-0.0,1.0,0.0,1.0,0.0,-1,-0.0,1,0.0,1.0,0.0,1.0,0.0,-1.0,-0.0,0.0,0.0,1.0,0.0,-1.0,-0.0,-1.0,-0.0,1.0,0.0,-1.0,-0.0,1,0.0,0,0.0,-1.0,-0.0,0,0.0,-1.0,-0.0,1.0,0.0,-1,-0.0,1.0,0.0,0.0,0.0,1,0.0,1,0.0,-1.0,-0.0,-1.0,-0.0,1.0,0.0,1.0,0.0,1.0,0.0,1.0,0.0,1.0,0.0,-1,-0.0,0,0.0,1,0.0,1,0.0,-1,-0.0,1.0,0.0,-1.0,-0.0,1,0.0,1,0.0,1.0,0.0,0.0,0.0,1.0,0.0,-1.0,-0.0
20170515,QNGN7,-1.0,-0.0171526586621,34380.0,energy,1494881074,1.0,-589.708404803,589.708404803,0.0,-0.0,1.0,-589.708404803,-1,589.708404803,-1.0,589.708404803,-1.0,589.708404803,0.0,-0.0,-1.0,589.708404803,1.0,-589.708404803,-1.0,589.708404803,1.0,-589.708404803,-1,589.708404803,-1,589.708404803,-1,589.708404803,-1,589.708404803,-1.0,589.708404803,-1.0,589.708404803,-1.0,589.708404803,-1.0,589.708404803,1.0,-589.708404803,0,-0.0,-1.0,589.708404803,-1.0,589.708404803,-1,589.708404803,0,-0.0,1.0,-589.708404803,1.0,-589.708404803,1.0,-589.708404803,1.0,-589.708404803,-1.0,589.708404803,0.0,-0.0,0.0,-0.0,1.0,-589.708404803,-1,589.708404803,1.0,-589.708404803,1,-589.708404803,1.0,-589.708404803,0.0,-0.0,-1.0,589.708404803,1.0,-589.708404803,1.0,-589.708404803,1.0,-589.708404803,-1.0,589.708404803,1.0,-589.708404803,-1.0,589.708404803,-1.0,589.708404803,1.0,-589.708404803,-1,589.708404803,-1,589.708404803,0.0,-0.0,1.0,-589.708404803,-1.0,589.708404803,1.0,-589.708404803,1.0,-589.708404803,1.0,-589.708404803,0.0,-0.0,1.0,-589.708404803,1.0,-589.708404803,1,-589.708404803,1,-589.708404803,-1.0,589.708404803,0,-0.0,-1.0,589.708404803,1.0,-589.708404803,-1,589.708404803,1.0,-589.708404803,0.0,-0.0,1,-589.708404803,0,-0.0,-1.0,589.708404803,1.0,-589.708404803,1.0,-589.708404803,-1.0,589.708404803,0.0,-0.0,-1.0,589.708404803,-1.0,589.708404803,-1,589.708404803,-1,589.708404803,1,-589.708404803,1,-589.708404803,-1,589.708404803,1.0,-589.708404803,-1.0,589.708404803,1,-589.708404803,1,-589.708404803,1.0,-589.708404803,0.0,-0.0,1.0,-589.708404803,-1.0,589.708404803
20170515,@NKDM7,1.0,0.00757002271007,88083.4730433,index,1494881074,1.0,0.0,0.0,-1.0,-0.0,-1.0,-0.0,1,0.0,-1.0,-0.0,-1.0,-0.0,1.0,0.0,1.0,0.0,1.0,0.0,1.0,0.0,1.0,0.0,0,0.0,1,0.0,-1,-0.0,0,0.0,1.0,0.0,1.0,0.0,-1.0,-0.0,-1.0,-0.0,1.0,0.0,0,0.0,-1.0,-0.0,-1.0,-0.0,1,0.0,0,0.0,0.0,0.0,-1.0,-0.0,-1.0,-0.0,1.0,0.0,-1.0,-0.0,-1.0,-0.0,1.0,0.0,-1.0,-0.0,1,0.0,1.0,0.0,1,0.0,-1.0,-0.0,0.0,0.0,1.0,0.0,-1.0,-0.0,1.0,0.0,1.0,0.0,-1.0,-0.0,1.0,0.0,-1.0,-0.0,-1.0,-0.0,-1.0,-0.0,1,0.0,1,0.0,0.0,0.0,-1.0,-0.0,-1.0,-0.0,1.0,0.0,1.0,0.0,-1.0,-0.0,-1.0,-0.0,1.0,0.0,1.0,0.0,-1,-0.0,0,0.0,1.0,0.0,0,0.0,-1.0,-0.0,1.0,0.0,1,0.0,-1.0,-0.0,1.0,0.0,-1,-0.0,0,0.0,0.0,0.0,-1.0,-0.0,1.0,0.0,1.0,0.0,1.0,0.0,1.0,0.0,-1.0,-0.0,1,0.0,0,0.0,0,0.0,-1,-0.0,1,0.0,-1.0,-0.0,-1.0,-0.0,0,0.0,-1,-0.0,1.0,0.0,-1.0,-0.0,-1.0,-0.0,-1.0,-0.0
20170515,@NQM7,1.0,0.00241694498154,114055.0,index,1494881074,1.0,0.0,0.0,-1.0,-0.0,-1.0,-0.0,-1,-0.0,-1.0,-0.0,1.0,0.0,1.0,0.0,1.0,0.0,1.0,0.0,1.0,0.0,1.0,0.0,0,0.0,-1,-0.0,-1,-0.0,0,0.0,1.0,0.0,-1.0,-0.0,-1.0,-0.0,-1.0,-0.0,1.0,0.0,0,0.0,-1.0,-0.0,1.0,0.0,-1,-0.0,0,0.0,0.0,0.0,1.0,0.0,1.0,0.0,-1.0,-0.0,-1.0,-0.0,-1.0,-0.0,1.0,0.0,-1.0,-0.0,-1,-0.0,1.0,0.0,1,0.0,1.0,0.0,0.0,0.0,-1.0,-0.0,1.0,0.0,1.0,0.0,1.0,0.0,-1.0,-0.0,1.0,0.0,-1.0,-0.0,-1.0,-0.0,1.0,0.0,1,0.0,1,0.0,0.0,0.0,1.0,0.0,-1.0,-0.0,1.0,0.0,1.0,0.0,-1.0,-0.0,-1.0,-0.0,-1.0,-0.0,-1.0,-0.0,1,0.0,0,0.0,-1.0,-0.0,0,0.0,1.0,0.0,1.0,0.0,1,0.0,-1.0,-0.0,1.0,0.0,1,0.0,0,0.0,0.0,0.0,-1.0,-0.0,1.0,0.0,1.0,0.0,1.0,0.0,-1.0,-0.0,1.0,0.0,-1,-0.0,0,0.0,0,0.0,1,0.0,-1,-0.0,-1.0,-0.0,-1.0,-0.0,0,0.0,1,0.0,-1.0,-0.0,-1.0,-0.0,-1.0,-0.0,-1.0,-0.0
20170515,QPAM7,-1.0,-0.0112632233976,79445.0,metal,1494881074,1.0,-0.0,0.0,-1.0,0.0,-1.0,0.0,-1,0.0,-1.0,0.0,1.0,-0.0,1.0,-0.0,1.0,-0.0,1.0,-0.0,1.0,-0.0,1.0,-0.0,0,-0.0,-1,0.0,-1,0.0,0,-0.0,1.0,-0.0,-1.0,0.0,-1.0,0.0,-1.0,0.0,1.0,-0.0,0,-0.0,-1.0,0.0,1.0,-0.0,-1,0.0,0,-0.0,0.0,-0.0,1.0,-0.0,1.0,-0.0,-1.0,0.0,-1.0,0.0,-1.0,0.0,1.0,-0.0,-1.0,0.0,-1,0.0,1.0,-0.0,1,-0.0,1.0,-0.0,0.0,-0.0,-1.0,0.0,1.0,-0.0,1.0,-0.0,1.0,-0.0,-1.0,0.0,1.0,-0.0,-1.0,0.0,-1.0,0.0,1.0,-0.0,1,-0.0,1,-0.0,0.0,-0.0,1.0,-0.0,-1.0,0.0,1.0,-0.0,1.0,-0.0,-1.0,0.0,-1.0,0.0,-1.0,0.0,-1.0,0.0,1,-0.0,0,-0.0,-1.0,0.0,0,-0.0,1.0,-0.0,1.0,-0.0,1,-0.0,-1.0,0.0,1.0,-0.0,1,-0.0,0,-0.0,0.0,-0.0,-1.0,0.0,1.0,-0.0,1.0,-0.0,1.0,-0.0,-1.0,0.0,1.0,-0.0,-1,0.0,0,-0.0,0,-0.0,1,-0.0,-1,0.0,-1.0,0.0,-1.0,0.0,0,-0.0,1,-0.0,-1.0,0.0,-1.0,0.0,-1.0,0.0,-1.0,0.0
20170515,QPLN7,1.0,0.0137329700272,46505.0,metal,1494881074,1.0,0.0,0.0,0.0,0.0,-1.0,-0.0,1,0.0,-1.0,-0.0,1.0,0.0,0.0,0.0,-1.0,-0.0,1.0,0.0,-1.0,-0.0,1.0,0.0,1,0.0,1,0.0,1,0.0,1,0.0,-1.0,-0.0,-1.0,-0.0,0.0,0.0,1.0,0.0,-1.0,-0.0,0,0.0,-1.0,-0.0,1.0,0.0,1,0.0,1,0.0,-1.0,-0.0,1.0,0.0,-1.0,-0.0,-1.0,-0.0,-1.0,-0.0,0.0,0.0,0.0,0.0,1.0,0.0,-1,-0.0,-1.0,-0.0,1,0.0,1.0,0.0,1.0,0.0,1.0,0.0,1.0,0.0,1.0,0.0,0.0,0.0,0.0,0.0,-1.0,-0.0,-1.0,-0.0,1.0,0.0,1.0,0.0,1,0.0,1,0.0,-1.0,-0.0,-1.0,-0.0,-1.0,-0.0,0.0,0.0,1.0,0.0,1.0,0.0,0.0,0.0,-1.0,-0.0,-1.0,-0.0,-1,-0.0,-1,-0.0,1.0,0.0,0,0.0,1.0,0.0,1.0,0.0,1,0.0,-1.0,-0.0,0.0,0.0,-1,-0.0,-1,-0.0,1.0,0.0,-1.0,-0.0,1.0,0.0,-1.0,-0.0,0.0,0.0,-1.0,-0.0,1.0,0.0,1,0.0,1,0.0,-1,-0.0,-1,-0.0,-1,-0.0,1.0,0.0,-1.0,-0.0,-1,-0.0,-1,-0.0,-1.0,-0.0,0.0,0.0,1.0,0.0,-1.0,-0.0
20170515,@SN7,1.0,0.00389408099688,48337.5,grain,1494872230,1.0,0.0,0.0,-1.0,-0.0,-1.0,-0.0,1,0.0,1.0,0.0,-1.0,-0.0,1.0,0.0,1.0,0.0,1.0,0.0,1.0,0.0,1.0,0.0,0,0.0,1,0.0,-1,-0.0,0,0.0,1.0,0.0,1.0,0.0,0.0,0.0,-1.0,-0.0,1.0,0.0,0,0.0,-1.0,-0.0,-1.0,-0.0,-1,-0.0,-1,-0.0,0.0,0.0,-1.0,-0.0,-1.0,-0.0,1.0,0.0,-1.0,-0.0,-1.0,-0.0,1.0,0.0,-1.0,-0.0,1,0.0,1.0,0.0,-1,-0.0,-1.0,-0.0,-1.0,-0.0,-1.0,-0.0,-1.0,-0.0,-1.0,-0.0,0.0,0.0,0.0,0.0,1.0,0.0,1.0,0.0,-1.0,-0.0,-1.0,-0.0,1,0.0,1,0.0,1.0,0.0,1.0,0.0,1.0,0.0,0.0,0.0,-1.0,-0.0,-1.0,-0.0,-1.0,-0.0,1.0,0.0,1.0,0.0,-1,-0.0,0,0.0,1.0,0.0,0,0.0,-1.0,-0.0,1.0,0.0,1,0.0,-1.0,-0.0,1.0,0.0,1,0.0,1,0.0,0.0,0.0,-1.0,-0.0,1.0,0.0,1.0,0.0,1.0,0.0,1.0,0.0,-1.0,-0.0,1,0.0,0,0.0,0,0.0,-1,-0.0,1,0.0,-1.0,-0.0,-1.0,-0.0,0,0.0,-1,-0.0,1.0,0.0,-1.0,-0.0,-1.0,-0.0,-1.0,-0.0
20170515,@SFM7,1.0,0.0055,125687.5,currency,1494881074,1.0,0.0,0.0,-1.0,-0.0,-1.0,-0.0,-1,-0.0,-1.0,-0.0,1.0,0.0,1.0,0.0,1.0,0.0,1.0,0.0,1.0,0.0,1.0,0.0,0,0.0,-1,-0.0,-1,-0.0,0,0.0,1.0,0.0,-1.0,-0.0,-1.0,-0.0,-1.0,-0.0,1.0,0.0,0,0.0,-1.0,-0.0,1.0,0.0,-1,-0.0,0,0.0,0.0,0.0,1.0,0.0,1.0,0.0,-1.0,-0.0,-1.0,-0.0,-1.0,-0.0,1.0,0.0,-1.0,-0.0,-1,-0.0,1.0,0.0,1,0.0,1.0,0.0,0.0,0.0,-1.0,-0.0,1.0,0.0,1.0,0.0,1.0,0.0,-1.0,-0.0,1.0,0.0,-1.0,-0.0,-1.0,-0.0,1.0,0.0,1,0.0,1,0.0,0.0,0.0,1.0,0.0,-1.0,-0.0,1.0,0.0,1.0,0.0,-1.0,-0.0,-1.0,-0.0,-1.0,-0.0,-1.0,-0.0,1,0.0,0,0.0,-1.0,-0.0,0,0.0,1.0,0.0,1.0,0.0,1,0.0,-1.0,-0.0,1.0,0.0,1,0.0,0,0.0,0.0,0.0,-1.0,-0.0,1.0,0.0,1.0,0.0,1.0,0.0,-1.0,-0.0,1.0,0.0,-1,-0.0,0,0.0,0,0.0,1,0.0,-1,-0.0,-1.0,-0.0,-1.0,-0.0,0,0.0,1,0.0,-1.0,-0.0,-1.0,-0.0,-1.0,-0.0,-1.0,-0.0
20170515,QSIN7,1.0,0.0129862211925,83075.0,metal,1494881074,1.0,0.0,0.0,0.0,0.0,-1.0,-0.0,1,0.0,1.0,0.0,1.0,0.0,0.0,0.0,-1.0,-0.0,1.0,0.0,-1.0,-0.0,1.0,0.0,1,0.0,1,0.0,1,0.0,1,0.0,-1.0,-0.0,-1.0,-0.0,1.0,0.0,1.0,0.0,-1.0,-0.0,0,0.0,-1.0,-0.0,1.0,0.0,-1,-0.0,0,0.0,-1.0,-0.0,1.0,0.0,-1.0,-0.0,-1.0,-0.0,-1.0,-0.0,0.0,0.0,0.0,0.0,1.0,0.0,-1,-0.0,-1.0,-0.0,-1,-0.0,1.0,0.0,0.0,0.0,-1.0,-0.0,1.0,0.0,-1.0,-0.0,-1.0,-0.0,1.0,0.0,-1.0,-0.0,1.0,0.0,1.0,0.0,1.0,0.0,1,0.0,1,0.0,0.0,0.0,1.0,0.0,1.0,0.0,-1.0,-0.0,-1.0,-0.0,1.0,0.0,0.0,0.0,-1.0,-0.0,-1.0,-0.0,-1,-0.0,-1,-0.0,1.0,0.0,0,0.0,1.0,0.0,1.0,0.0,1,0.0,-1.0,-0.0,0.0,0.0,1,0.0,0,0.0,1.0,0.0,-1.0,-0.0,1.0,0.0,-1.0,-0.0,0.0,0.0,-1.0,-0.0,1.0,0.0,1,0.0,1,0.0,-1,-0.0,-1,-0.0,-1,-0.0,1.0,0.0,-1.0,-0.0,-1,-0.0,-1,-0.0,-1.0,-0.0,0.0,0.0,1.0,0.0,-1.0,-0.0
20170515,@SMN7,-1.0,-0.000957548675391,31300.0,grain,1494872230,1.0,-29.9712735397,29.9712735397,0.0,-0.0,1.0,-29.9712735397,-1,29.9712735397,1.0,-29.9712735397,-1.0,29.9712735397,0.0,-0.0,1.0,-29.9712735397,-1.0,29.9712735397,1.0,-29.9712735397,-1.0,29.9712735397,-1,29.9712735397,-1,29.9712735397,-1,29.9712735397,-1,29.9712735397,1.0,-29.9712735397,1.0,-29.9712735397,0.0,-0.0,-1.0,29.9712735397,1.0,-29.9712735397,0,-0.0,1.0,-29.9712735397,-1.0,29.9712735397,-1,29.9712735397,-1,29.9712735397,1.0,-29.9712735397,-1.0,29.9712735397,1.0,-29.9712735397,1.0,-29.9712735397,1.0,-29.9712735397,0.0,-0.0,0.0,-0.0,-1.0,29.9712735397,1,-29.9712735397,1.0,-29.9712735397,-1,29.9712735397,-1.0,29.9712735397,-1.0,29.9712735397,-1.0,29.9712735397,-1.0,29.9712735397,-1.0,29.9712735397,0.0,-0.0,0.0,-0.0,1.0,-29.9712735397,1.0,-29.9712735397,-1.0,29.9712735397,-1.0,29.9712735397,-1,29.9712735397,-1,29.9712735397,1.0,-29.9712735397,1.0,-29.9712735397,1.0,-29.9712735397,0.0,-0.0,-1.0,29.9712735397,-1.0,29.9712735397,0.0,-0.0,1.0,-29.9712735397,1.0,-29.9712735397,1,-29.9712735397,1,-29.9712735397,-1.0,29.9712735397,0,-0.0,-1.0,29.9712735397,-1.0,29.9712735397,-1,29.9712735397,1.0,-29.9712735397,0.0,-0.0,1,-29.9712735397,1,-29.9712735397,-1.0,29.9712735397,1.0,-29.9712735397,-1.0,29.9712735397,1.0,-29.9712735397,0.0,-0.0,1.0,-29.9712735397,-1.0,29.9712735397,-1,29.9712735397,-1,29.9712735397,1,-29.9712735397,1,-29.9712735397,1,-29.9712735397,-1.0,29.9712735397,1.0,-29.9712735397,1,-29.9712735397,1,-29.9712735397,1.0,-29.9712735397,0.0,-0.0,-1.0,29.9712735397,1.0,-29.9712735397
20170515,@TUM7,-1.0,-0.000144289733785,216546.875,rates,1494881074,2.0,-62.4909818916,62.4909818916,1.0,-62.4909818916,1.0,-62.4909818916,-1,62.4909818916,1.0,-62.4909818916,1.0,-62.4909818916,-1.0,62.4909818916,-1.0,62.4909818916,-1.0,62.4909818916,-1.0,62.4909818916,-1.0,62.4909818916,0,-0.0,-1,62.4909818916,1,-62.4909818916,0,-0.0,-1.0,62.4909818916,-1.0,62.4909818916,1.0,-62.4909818916,1.0,-62.4909818916,-1.0,62.4909818916,0,-0.0,1.0,-62.4909818916,1.0,-62.4909818916,-1,62.4909818916,0,-0.0,0.0,-0.0,1.0,-62.4909818916,1.0,-62.4909818916,-1.0,62.4909818916,1.0,-62.4909818916,1.0,-62.4909818916,-1.0,62.4909818916,1.0,-62.4909818916,-1,62.4909818916,-1.0,62.4909818916,-1,62.4909818916,1.0,-62.4909818916,0.0,-0.0,-1.0,62.4909818916,1.0,-62.4909818916,-1.0,62.4909818916,-1.0,62.4909818916,1.0,-62.4909818916,-1.0,62.4909818916,1.0,-62.4909818916,1.0,-62.4909818916,1.0,-62.4909818916,-1,62.4909818916,-1,62.4909818916,0.0,-0.0,1.0,-62.4909818916,1.0,-62.4909818916,-1.0,62.4909818916,-1.0,62.4909818916,1.0,-62.4909818916,1.0,-62.4909818916,-1.0,62.4909818916,-1.0,62.4909818916,1,-62.4909818916,0,-0.0,-1.0,62.4909818916,0,-0.0,1.0,-62.4909818916,-1.0,62.4909818916,-1,62.4909818916,1.0,-62.4909818916,-1.0,62.4909818916,1,-62.4909818916,0,-0.0,0.0,-0.0,1.0,-62.4909818916,-1.0,62.4909818916,-1.0,62.4909818916,-1.0,62.4909818916,-1.0,62.4909818916,1.0,-62.4909818916,-1,62.4909818916,0,-0.0,0,-0.0,1,-62.4909818916,-1,62.4909818916,1.0,-62.4909818916,1.0,-62.4909818916,0,-0.0,1,-62.4909818916,-1.0,62.4909818916,1.0,-62.4909818916,1.0,-62.4909818916,1.0,-62.4909818916
20170515,@TYM7,-1.0,-0.000373599003736,125421.875,rates,1494881074,1.0,-46.8574875467,46.8574875467,0.0,-0.0,-1.0,46.8574875467,1,-46.8574875467,1.0,-46.8574875467,1.0,-46.8574875467,0.0,-0.0,-1.0,46.8574875467,1.0,-46.8574875467,-1.0,46.8574875467,1.0,-46.8574875467,1,-46.8574875467,1,-46.8574875467,1,-46.8574875467,1,-46.8574875467,-1.0,46.8574875467,-1.0,46.8574875467,1.0,-46.8574875467,1.0,-46.8574875467,-1.0,46.8574875467,0,-0.0,1.0,-46.8574875467,1.0,-46.8574875467,-1,46.8574875467,0,-0.0,-1.0,46.8574875467,1.0,-46.8574875467,-1.0,46.8574875467,-1.0,46.8574875467,-1.0,46.8574875467,0.0,-0.0,0.0,-0.0,1.0,-46.8574875467,-1,46.8574875467,-1.0,46.8574875467,-1,46.8574875467,1.0,-46.8574875467,0.0,-0.0,-1.0,46.8574875467,1.0,-46.8574875467,-1.0,46.8574875467,-1.0,46.8574875467,1.0,-46.8574875467,-1.0,46.8574875467,1.0,-46.8574875467,1.0,-46.8574875467,1.0,-46.8574875467,1,-46.8574875467,-1,46.8574875467,0.0,-0.0,1.0,-46.8574875467,1.0,-46.8574875467,-1.0,46.8574875467,-1.0,46.8574875467,1.0,-46.8574875467,1.0,-46.8574875467,-1.0,46.8574875467,-1.0,46.8574875467,1,-46.8574875467,0,-0.0,1.0,-46.8574875467,0,-0.0,1.0,-46.8574875467,1.0,-46.8574875467,1,-46.8574875467,-1.0,46.8574875467,0.0,-0.0,1,-46.8574875467,0,-0.0,1.0,-46.8574875467,1.0,-46.8574875467,-1.0,46.8574875467,-1.0,46.8574875467,-1.0,46.8574875467,-1.0,46.8574875467,1.0,-46.8574875467,-1,46.8574875467,0,-0.0,-1,46.8574875467,-1,46.8574875467,-1,46.8574875467,1.0,-46.8574875467,-1.0,46.8574875467,-1,46.8574875467,-1,46.8574875467,-1.0,46.8574875467,0.0,-0.0,1.0,-46.8574875467,-1.0,46.8574875467
20170515,@USM7,-1.0,-0.000619067271977,151343.75,rates,1494881074,1.0,-0.0,0.0,0.0,-0.0,-1.0,0.0,1,-0.0,1.0,-0.0,1.0,-0.0,0.0,-0.0,-1.0,0.0,1.0,-0.0,-1.0,0.0,1.0,-0.0,1,-0.0,1,-0.0,1,-0.0,1,-0.0,-1.0,0.0,-1.0,0.0,1.0,-0.0,1.0,-0.0,-1.0,0.0,0,-0.0,1.0,-0.0,1.0,-0.0,-1,0.0,0,-0.0,-1.0,0.0,1.0,-0.0,-1.0,0.0,-1.0,0.0,-1.0,0.0,0.0,-0.0,0.0,-0.0,1.0,-0.0,-1,0.0,-1.0,0.0,-1,0.0,1.0,-0.0,0.0,-0.0,-1.0,0.0,1.0,-0.0,-1.0,0.0,-1.0,0.0,1.0,-0.0,-1.0,0.0,1.0,-0.0,1.0,-0.0,1.0,-0.0,1,-0.0,-1,0.0,0.0,-0.0,1.0,-0.0,1.0,-0.0,-1.0,0.0,-1.0,0.0,1.0,-0.0,1.0,-0.0,-1.0,0.0,-1.0,0.0,1,-0.0,0,-0.0,1.0,-0.0,0,-0.0,1.0,-0.0,1.0,-0.0,1,-0.0,-1.0,0.0,0.0,-0.0,1,-0.0,0,-0.0,1.0,-0.0,1.0,-0.0,-1.0,0.0,-1.0,0.0,-1.0,0.0,-1.0,0.0,1.0,-0.0,-1,0.0,0,-0.0,-1,0.0,-1,0.0,-1,0.0,1.0,-0.0,-1.0,0.0,-1,0.0,-1,0.0,-1.0,0.0,0.0,-0.0,1.0,-0.0,-1.0,0.0
20170515,@WN7,-1.0,-0.0207972270364,21187.5,grain,1494872230,1.0,-440.641247834,440.641247834,0.0,-0.0,1.0,-440.641247834,-1,440.641247834,1.0,-440.641247834,-1.0,440.641247834,0.0,-0.0,1.0,-440.641247834,-1.0,440.641247834,1.0,-440.641247834,-1.0,440.641247834,-1,440.641247834,-1,440.641247834,-1,440.641247834,-1,440.641247834,1.0,-440.641247834,1.0,-440.641247834,0.0,-0.0,-1.0,440.641247834,1.0,-440.641247834,0,-0.0,-1.0,440.641247834,-1.0,440.641247834,-1,440.641247834,-1,440.641247834,1.0,-440.641247834,-1.0,440.641247834,1.0,-440.641247834,1.0,-440.641247834,1.0,-440.641247834,0.0,-0.0,0.0,-0.0,-1.0,440.641247834,-1,440.641247834,1.0,-440.641247834,-1,440.641247834,-1.0,440.641247834,-1.0,440.641247834,-1.0,440.641247834,-1.0,440.641247834,-1.0,440.641247834,0.0,-0.0,0.0,-0.0,1.0,-440.641247834,1.0,-440.641247834,-1.0,440.641247834,1.0,-440.641247834,-1,440.641247834,1,-440.641247834,1.0,-440.641247834,1.0,-440.641247834,1.0,-440.641247834,0.0,-0.0,-1.0,440.641247834,-1.0,440.641247834,-1.0,440.641247834,1.0,-440.641247834,1.0,-440.641247834,-1,440.641247834,0,-0.0,-1.0,440.641247834,0,-0.0,-1.0,440.641247834,-1.0,440.641247834,-1,440.641247834,1.0,-440.641247834,0.0,-0.0,1,-440.641247834,1,-440.641247834,-1.0,440.641247834,-1.0,440.641247834,1.0,-440.641247834,1.0,-440.641247834,1.0,-440.641247834,1.0,-440.641247834,-1.0,440.641247834,1,-440.641247834,0,-0.0,1,-440.641247834,1,-440.641247834,1,-440.641247834,-1.0,440.641247834,1.0,-440.641247834,1,-440.641247834,1,-440.641247834,1.0,-440.641247834,0.0,-0.0,-1.0,440.641247834,1.0,-440.641247834
20170515,@YMM7,1.0,0.00417306216424,104675.0,index,1494881074,1.0,0.0,0.0,0.0,0.0,1.0,0.0,-1,-0.0,-1.0,-0.0,-1.0,-0.0,0.0,0.0,1.0,0.0,-1.0,-0.0,1.0,0.0,-1.0,-0.0,-1,-0.0,-1,-0.0,-1,-0.0,-1,-0.0,1.0,0.0,1.0,0.0,-1.0,-0.0,-1.0,-0.0,1.0,0.0,0,0.0,-1.0,-0.0,-1.0,-0.0,1,0.0,0,0.0,1.0,0.0,-1.0,-0.0,1.0,0.0,1.0,0.0,1.0,0.0,0.0,0.0,0.0,0.0,-1.0,-0.0,-1,-0.0,1.0,0.0,1,0.0,-1.0,-0.0,0.0,0.0,1.0,0.0,-1.0,-0.0,1.0,0.0,1.0,0.0,-1.0,-0.0,1.0,0.0,-1.0,-0.0,-1.0,-0.0,1.0,0.0,-1,-0.0,1,0.0,0.0,0.0,-1.0,-0.0,-1.0,-0.0,1.0,0.0,1.0,0.0,-1.0,-0.0,-1.0,-0.0,1.0,0.0,1.0,0.0,-1,-0.0,0,0.0,-1.0,-0.0,0,0.0,-1.0,-0.0,-1.0,-0.0,-1,-0.0,1.0,0.0,0.0,0.0,-1,-0.0,0,0.0,-1.0,-0.0,-1.0,-0.0,1.0,0.0,1.0,0.0,1.0,0.0,1.0,0.0,-1.0,-0.0,1,0.0,0,0.0,1,0.0,1,0.0,1,0.0,-1.0,-0.0,1.0,0.0,1,0.0,1,0.0,1.0,0.0,0.0,0.0,-1.0,-0.0,1.0,0.0
20170515,@PXM7,1.0,0.00301886792453,26580.0,currency,1494881074,1.0,0.0,0.0,0.0,0.0,1.0,0.0,-1,-0.0,1.0,0.0,-1.0,-0.0,0.0,0.0,-1.0,-0.0,1.0,0.0,-1.0,-0.0,1.0,0.0,-1,-0.0,-1,-0.0,-1,-0.0,-1,-0.0,-1.0,-0.0,1.0,0.0,0.0,0.0,1.0,0.0,-1.0,-0.0,0,0.0,-1.0,-0.0,-1.0,-0.0,-1,-0.0,-1,-0.0,1.0,0.0,-1.0,-0.0,1.0,0.0,1.0,0.0,-1.0,-0.0,0.0,0.0,0.0,0.0,1.0,0.0,-1,-0.0,1.0,0.0,-1,-0.0,1.0,0.0,-1.0,-0.0,-1.0,-0.0,-1.0,-0.0,1.0,0.0,0.0,0.0,0.0,0.0,-1.0,-0.0,-1.0,-0.0,1.0,0.0,1.0,0.0,-1,-0.0,1,0.0,1.0,0.0,1.0,0.0,-1.0,-0.0,0.0,0.0,1.0,0.0,-1.0,-0.0,-1.0,-0.0,1.0,0.0,-1.0,-0.0,1,0.0,0,0.0,-1.0,-0.0,0,0.0,-1.0,-0.0,1.0,0.0,-1,-0.0,1.0,0.0,0.0,0.0,1,0.0,1,0.0,-1.0,-0.0,-1.0,-0.0,1.0,0.0,1.0,0.0,1.0,0.0,1.0,0.0,1.0,0.0,-1,-0.0,0,0.0,1,0.0,1,0.0,-1,-0.0,1.0,0.0,-1.0,-0.0,1,0.0,1,0.0,1.0,0.0,0.0,0.0,1.0,0.0,-1.0,-0.0
20170515,@HEN7,1.0,0.00127226463104,31480.0,meat,1494871204,1.0,0.0,0.0,0.0,0.0,1.0,0.0,-1,-0.0,-1.0,-0.0,-1.0,-0.0,0.0,0.0,-1.0,-0.0,1.0,0.0,-1.0,-0.0,1.0,0.0,-1,-0.0,-1,-0.0,-1,-0.0,-1,-0.0,-1.0,-0.0,-1.0,-0.0,-1.0,-0.0,-1.0,-0.0,1.0,0.0,0,0.0,-1.0,-0.0,-1.0,-0.0,-1,-0.0,0,0.0,1.0,0.0,1.0,0.0,1.0,0.0,1.0,0.0,-1.0,-0.0,0.0,0.0,0.0,0.0,1.0,0.0,1,0.0,1.0,0.0,1,0.0,1.0,0.0,0.0,0.0,-1.0,-0.0,1.0,0.0,1.0,0.0,1.0,0.0,-1.0,-0.0,1.0,0.0,-1.0,-0.0,-1.0,-0.0,-1.0,-0.0,-1,-0.0,-1,-0.0,0.0,0.0,1.0,0.0,-1.0,-0.0,1.0,0.0,1.0,0.0,1.0,0.0,0.0,0.0,1.0,0.0,1.0,0.0,1,0.0,1,0.0,-1.0,-0.0,0,0.0,-1.0,-0.0,1.0,0.0,-1,-0.0,1.0,0.0,0.0,0.0,1,0.0,0,0.0,-1.0,-0.0,1.0,0.0,1.0,0.0,-1.0,-0.0,0.0,0.0,-1.0,-0.0,-1.0,-0.0,-1,-0.0,-1,-0.0,1,0.0,1,0.0,-1,-0.0,1.0,0.0,-1.0,-0.0,1,0.0,1,0.0,1.0,0.0,0.0,0.0,1.0,0.0,-1.0,-0.0
20170515,@NEM7,1.0,0.00291928185666,68710.0,currency,1494881074,1.0,0.0,0.0,-1.0,-0.0,1.0,0.0,-1,-0.0,1.0,0.0,1.0,0.0,0.0,0.0,-1.0,-0.0,1.0,0.0,1.0,0.0,1.0,0.0,0,0.0,-1,-0.0,-1,-0.0,-1,-0.0,1.0,0.0,1.0,0.0,0.0,0.0,1.0,0.0,-1.0,-0.0,0,0.0,-1.0,-0.0,-1.0,-0.0,-1,-0.0,-1,-0.0,0.0,0.0,-1.0,-0.0,1.0,0.0,-1.0,-0.0,-1.0,-0.0,-1.0,-0.0,1.0,0.0,-1.0,-0.0,-1,-0.0,1.0,0.0,-1,-0.0,1.0,0.0,-1.0,-0.0,-1.0,-0.0,-1.0,-0.0,1.0,0.0,0.0,0.0,0.0,0.0,-1.0,-0.0,-1.0,-0.0,1.0,0.0,1.0,0.0,1,0.0,1,0.0,1.0,0.0,1.0,0.0,-1.0,-0.0,0.0,0.0,1.0,0.0,-1.0,-0.0,-1.0,-0.0,1.0,0.0,-1.0,-0.0,1,0.0,0,0.0,-1.0,-0.0,0,0.0,1.0,0.0,1.0,0.0,-1,-0.0,-1.0,-0.0,1.0,0.0,1,0.0,1,0.0,0.0,0.0,-1.0,-0.0,1.0,0.0,1.0,0.0,1.0,0.0,1.0,0.0,1.0,0.0,-1,-0.0,0,0.0,1,0.0,1,0.0,-1,-0.0,-1.0,-0.0,-1.0,-0.0,0,0.0,1,0.0,-1.0,-0.0,0.0,0.0,1.0,0.0,-1.0,-0.0
20170515,@JYM7,-1.0,-0.00288870008496,110025.0,currency,1494881074,1.0,-317.829226848,317.829226848,0.0,-0.0,-1.0,317.829226848,1,-317.829226848,1.0,-317.829226848,1.0,-317.829226848,0.0,-0.0,-1.0,317.829226848,1.0,-317.829226848,-1.0,317.829226848,1.0,-317.829226848,1,-317.829226848,1,-317.829226848,1,-317.829226848,1,-317.829226848,-1.0,317.829226848,-1.0,317.829226848,1.0,-317.829226848,1.0,-317.829226848,-1.0,317.829226848,0,-0.0,-1.0,317.829226848,1.0,-317.829226848,-1,317.829226848,0,-0.0,-1.0,317.829226848,1.0,-317.829226848,-1.0,317.829226848,-1.0,317.829226848,-1.0,317.829226848,0.0,-0.0,0.0,-0.0,1.0,-317.829226848,-1,317.829226848,-1.0,317.829226848,-1,317.829226848,1.0,-317.829226848,0.0,-0.0,-1.0,317.829226848,1.0,-317.829226848,-1.0,317.829226848,-1.0,317.829226848,1.0,-317.829226848,-1.0,317.829226848,1.0,-317.829226848,1.0,-317.829226848,1.0,-317.829226848,1,-317.829226848,1,-317.829226848,0.0,-0.0,1.0,-317.829226848,1.0,-317.829226848,-1.0,317.829226848,-1.0,317.829226848,1.0,-317.829226848,0.0,-0.0,-1.0,317.829226848,-1.0,317.829226848,-1,317.829226848,-1,317.829226848,1.0,-317.829226848,0,-0.0,1.0,-317.829226848,1.0,-317.829226848,1,-317.829226848,-1.0,317.829226848,0.0,-0.0,1,-317.829226848,0,-0.0,1.0,-317.829226848,-1.0,317.829226848,1.0,-317.829226848,-1.0,317.829226848,0.0,-0.0,-1.0,317.829226848,1.0,-317.829226848,1,-317.829226848,1,-317.829226848,-1,317.829226848,-1,317.829226848,-1,317.829226848,1.0,-317.829226848,-1.0,317.829226848,-1,317.829226848,-1,317.829226848,-1.0,317.829226848,0.0,-0.0,1.0,-317.829226848,-1.0,317.829226848
20170515,@ADM7,1.0,0.00270745904968,74070.0,currency,1494881074,1.0,0.0,0.0,0.0,0.0,1.0,0.0,-1,-0.0,1.0,0.0,-1.0,-0.0,0.0,0.0,-1.0,-0.0,1.0,0.0,-1.0,-0.0,1.0,0.0,-1,-0.0,-1,-0.0,-1,-0.0,-1,-0.0,-1.0,-0.0,1.0,0.0,0.0,0.0,1.0,0.0,-1.0,-0.0,0,0.0,-1.0,-0.0,-1.0,-0.0,-1,-0.0,-1,-0.0,1.0,0.0,-1.0,-0.0,1.0,0.0,1.0,0.0,-1.0,-0.0,0.0,0.0,0.0,0.0,1.0,0.0,-1,-0.0,1.0,0.0,-1,-0.0,1.0,0.0,-1.0,-0.0,-1.0,-0.0,-1.0,-0.0,1.0,0.0,0.0,0.0,0.0,0.0,-1.0,-0.0,-1.0,-0.0,1.0,0.0,1.0,0.0,-1,-0.0,1,0.0,1.0,0.0,1.0,0.0,-1.0,-0.0,0.0,0.0,1.0,0.0,-1.0,-0.0,-1.0,-0.0,1.0,0.0,-1.0,-0.0,1,0.0,0,0.0,-1.0,-0.0,0,0.0,-1.0,-0.0,1.0,0.0,-1,-0.0,1.0,0.0,0.0,0.0,1,0.0,1,0.0,-1.0,-0.0,-1.0,-0.0,1.0,0.0,1.0,0.0,1.0,0.0,1.0,0.0,1.0,0.0,-1,-0.0,0,0.0,1,0.0,1,0.0,-1,-0.0,1.0,0.0,-1.0,-0.0,1,0.0,1,0.0,1.0,0.0,0.0,0.0,1.0,0.0,-1.0,-0.0
20170515,@BON7,1.0,0.00822168087698,19866.0,grain,1494872230,1.0,0.0,0.0,0.0,0.0,1.0,0.0,-1,-0.0,1.0,0.0,-1.0,-0.0,0.0,0.0,-1.0,-0.0,1.0,0.0,-1.0,-0.0,1.0,0.0,-1,-0.0,-1,-0.0,-1,-0.0,-1,-0.0,-1.0,-0.0,1.0,0.0,0.0,0.0,1.0,0.0,-1.0,-0.0,0,0.0,-1.0,-0.0,-1.0,-0.0,-1,-0.0,-1,-0.0,1.0,0.0,-1.0,-0.0,1.0,0.0,1.0,0.0,-1.0,-0.0,0.0,0.0,0.0,0.0,1.0,0.0,-1,-0.0,1.0,0.0,-1,-0.0,1.0,0.0,-1.0,-0.0,-1.0,-0.0,-1.0,-0.0,1.0,0.0,0.0,0.0,0.0,0.0,-1.0,-0.0,-1.0,-0.0,1.0,0.0,1.0,0.0,-1,-0.0,1,0.0,1.0,0.0,1.0,0.0,-1.0,-0.0,0.0,0.0,1.0,0.0,-1.0,-0.0,-1.0,-0.0,1.0,0.0,-1.0,-0.0,1,0.0,0,0.0,-1.0,-0.0,0,0.0,-1.0,-0.0,1.0,0.0,-1,-0.0,1.0,0.0,0.0,0.0,1,0.0,1,0.0,-1.0,-0.0,-1.0,-0.0,1.0,0.0,1.0,0.0,1.0,0.0,1.0,0.0,1.0,0.0,-1,-0.0,0,0.0,1,0.0,1,0.0,-1,-0.0,1.0,0.0,-1.0,-0.0,1,0.0,1,0.0,1.0,0.0,0.0,0.0,1.0,0.0,-1.0,-0.0
20170515,@BPM7,1.0,0.00139621470679,80687.5,currency,1494881074,1.0,0.0,0.0,0.0,0.0,1.0,0.0,-1,-0.0,1.0,0.0,-1.0,-0.0,0.0,0.0,1.0,0.0,-1.0,-0.0,1.0,0.0,-1.0,-0.0,-1,-0.0,-1,-0.0,-1,-0.0,-1,-0.0,1.0,0.0,1.0,0.0,0.0,0.0,-1.0,-0.0,1.0,0.0,0,0.0,-1.0,-0.0,-1.0,-0.0,-1,-0.0,-1,-0.0,1.0,0.0,-1.0,-0.0,1.0,0.0,1.0,0.0,1.0,0.0,0.0,0.0,0.0,0.0,-1.0,-0.0,-1,-0.0,1.0,0.0,-1,-0.0,-1.0,-0.0,-1.0,-0.0,-1.0,-0.0,-1.0,-0.0,-1.0,-0.0,0.0,0.0,0.0,0.0,1.0,0.0,1.0,0.0,-1.0,-0.0,1.0,0.0,-1,-0.0,1,0.0,1.0,0.0,1.0,0.0,1.0,0.0,0.0,0.0,-1.0,-0.0,-1.0,-0.0,-1.0,-0.0,1.0,0.0,1.0,0.0,-1,-0.0,0,0.0,-1.0,-0.0,0,0.0,-1.0,-0.0,-1.0,-0.0,-1,-0.0,1.0,0.0,0.0,0.0,1,0.0,1,0.0,-1.0,-0.0,-1.0,-0.0,1.0,0.0,1.0,0.0,1.0,0.0,1.0,0.0,-1.0,-0.0,1,0.0,0,0.0,1,0.0,1,0.0,1,0.0,-1.0,-0.0,1.0,0.0,1,0.0,1,0.0,1.0,0.0,0.0,0.0,-1.0,-0.0,1.0,0.0
20170515,@CN7,-1.0,-0.00673854447439,18425.0,grain,1494872230,1.0,-124.157681941,124.157681941,-1.0,124.157681941,1.0,-124.157681941,-1,124.157681941,1.0,-124.157681941,1.0,-124.157681941,0.0,-0.0,-1.0,124.157681941,1.0,-124.157681941,1.0,-124.157681941,1.0,-124.157681941,0,-0.0,-1,124.157681941,-1,124.157681941,-1,124.157681941,1.0,-124.157681941,1.0,-124.157681941,0.0,-0.0,1.0,-124.157681941,-1.0,124.157681941,0,-0.0,-1.0,124.157681941,-1.0,124.157681941,-1,124.157681941,-1,124.157681941,0.0,-0.0,-1.0,124.157681941,1.0,-124.157681941,-1.0,124.157681941,-1.0,124.157681941,-1.0,124.157681941,1.0,-124.157681941,-1.0,124.157681941,-1,124.157681941,1.0,-124.157681941,-1,124.157681941,1.0,-124.157681941,-1.0,124.157681941,-1.0,124.157681941,-1.0,124.157681941,1.0,-124.157681941,0.0,-0.0,0.0,-0.0,-1.0,124.157681941,-1.0,124.157681941,1.0,-124.157681941,1.0,-124.157681941,1,-124.157681941,1,-124.157681941,1.0,-124.157681941,1.0,-124.157681941,-1.0,124.157681941,0.0,-0.0,1.0,-124.157681941,-1.0,124.157681941,-1.0,124.157681941,1.0,-124.157681941,-1.0,124.157681941,1,-124.157681941,0,-0.0,-1.0,124.157681941,0,-0.0,1.0,-124.157681941,1.0,-124.157681941,-1,124.157681941,-1.0,124.157681941,1.0,-124.157681941,1,-124.157681941,1,-124.157681941,0.0,-0.0,-1.0,124.157681941,1.0,-124.157681941,1.0,-124.157681941,1.0,-124.157681941,1.0,-124.157681941,1.0,-124.157681941,-1,124.157681941,0,-0.0,1,-124.157681941,1,-124.157681941,-1,124.157681941,-1.0,124.157681941,-1.0,124.157681941,0,-0.0,1,-124.157681941,-1.0,124.157681941,0.0,-0.0,1.0,-124.157681941,-1.0,124.157681941
20170515,@CDM7,1.0,0.0057569734768,73375.0,currency,1494881074,1.0,0.0,0.0,-1.0,-0.0,1.0,0.0,-1,-0.0,1.0,0.0,-1.0,-0.0,0.0,0.0,1.0,0.0,-1.0,-0.0,1.0,0.0,1.0,0.0,0,0.0,1,0.0,-1,-0.0,-1,-0.0,1.0,0.0,1.0,0.0,0.0,0.0,-1.0,-0.0,1.0,0.0,0,0.0,-1.0,-0.0,-1.0,-0.0,-1,-0.0,-1,-0.0,0.0,0.0,-1.0,-0.0,-1.0,-0.0,1.0,0.0,-1.0,-0.0,-1.0,-0.0,1.0,0.0,-1.0,-0.0,-1,-0.0,1.0,0.0,-1,-0.0,-1.0,-0.0,-1.0,-0.0,-1.0,-0.0,-1.0,-0.0,-1.0,-0.0,0.0,0.0,0.0,0.0,1.0,0.0,1.0,0.0,-1.0,-0.0,1.0,0.0,1,0.0,1,0.0,1.0,0.0,1.0,0.0,1.0,0.0,0.0,0.0,-1.0,-0.0,-1.0,-0.0,-1.0,-0.0,1.0,0.0,1.0,0.0,-1,-0.0,0,0.0,1.0,0.0,0,0.0,-1.0,-0.0,1.0,0.0,-1,-0.0,-1.0,-0.0,1.0,0.0,1,0.0,1,0.0,0.0,0.0,-1.0,-0.0,1.0,0.0,1.0,0.0,1.0,0.0,1.0,0.0,-1.0,-0.0,1,0.0,0,0.0,1,0.0,1,0.0,1,0.0,-1.0,-0.0,-1.0,-0.0,0,0.0,-1,-0.0,1.0,0.0,0.0,0.0,-1.0,-0.0,1.0,0.0
20170515,@LEQ7,-1.0,-0.0242250051324,47530.0,meat,1494871204,1.0,-0.0,0.0,0.0,-0.0,1.0,-0.0,-1,0.0,1.0,-0.0,-1.0,0.0,0.0,-0.0,-1.0,0.0,1.0,-0.0,-1.0,0.0,1.0,-0.0,-1,0.0,-1,0.0,-1,0.0,-1,0.0,-1.0,0.0,1.0,-0.0,0.0,-0.0,1.0,-0.0,-1.0,0.0,0,-0.0,-1.0,0.0,-1.0,0.0,-1,0.0,-1,0.0,1.0,-0.0,-1.0,0.0,1.0,-0.0,1.0,-0.0,-1.0,0.0,0.0,-0.0,0.0,-0.0,1.0,-0.0,1,-0.0,1.0,-0.0,-1,0.0,1.0,-0.0,-1.0,0.0,-1.0,0.0,-1.0,0.0,1.0,-0.0,0.0,-0.0,0.0,-0.0,-1.0,0.0,-1.0,0.0,1.0,-0.0,-1.0,0.0,-1,0.0,1,-0.0,1.0,-0.0,1.0,-0.0,-1.0,0.0,0.0,-0.0,1.0,-0.0,-1.0,0.0,-1.0,0.0,1.0,-0.0,-1.0,0.0,1,-0.0,0,-0.0,-1.0,0.0,0,-0.0,-1.0,0.0,1.0,-0.0,-1,0.0,1.0,-0.0,0.0,-0.0,1,-0.0,1,-0.0,-1.0,0.0,-1.0,0.0,1.0,-0.0,1.0,-0.0,1.0,-0.0,1.0,-0.0,1.0,-0.0,-1,0.0,0,-0.0,1,-0.0,1,-0.0,-1,0.0,1.0,-0.0,-1.0,0.0,1,-0.0,1,-0.0,1.0,-0.0,0.0,-0.0,1.0,-0.0,-1.0,0.0
20170515,@EUM7,1.0,0.00488941692561,137443.75,currency,1494881074,1.0,672.019797569,672.019797569,0.0,0.0,1.0,672.019797569,-1,-672.019797569,1.0,672.019797569,-1.0,-672.019797569,0.0,0.0,-1.0,-672.019797569,1.0,672.019797569,-1.0,-672.019797569,1.0,672.019797569,-1,-672.019797569,-1,-672.019797569,-1,-672.019797569,-1,-672.019797569,-1.0,-672.019797569,1.0,672.019797569,0.0,0.0,1.0,672.019797569,-1.0,-672.019797569,0,0.0,-1.0,-672.019797569,-1.0,-672.019797569,-1,-672.019797569,-1,-672.019797569,1.0,672.019797569,-1.0,-672.019797569,1.0,672.019797569,1.0,672.019797569,-1.0,-672.019797569,0.0,0.0,0.0,0.0,1.0,672.019797569,-1,-672.019797569,1.0,672.019797569,-1,-672.019797569,1.0,672.019797569,-1.0,-672.019797569,-1.0,-672.019797569,-1.0,-672.019797569,1.0,672.019797569,0.0,0.0,0.0,0.0,-1.0,-672.019797569,-1.0,-672.019797569,1.0,672.019797569,1.0,672.019797569,-1,-672.019797569,1,672.019797569,1.0,672.019797569,1.0,672.019797569,-1.0,-672.019797569,0.0,0.0,1.0,672.019797569,-1.0,-672.019797569,-1.0,-672.019797569,1.0,672.019797569,-1.0,-672.019797569,1,672.019797569,0,0.0,-1.0,-672.019797569,0,0.0,-1.0,-672.019797569,1.0,672.019797569,-1,-672.019797569,1.0,672.019797569,0.0,0.0,1,672.019797569,1,672.019797569,-1.0,-672.019797569,-1.0,-672.019797569,1.0,672.019797569,1.0,672.019797569,1.0,672.019797569,1.0,672.019797569,1.0,672.019797569,-1,-672.019797569,0,0.0,1,672.019797569,1,672.019797569,-1,-672.019797569,1.0,672.019797569,-1.0,-672.019797569,1,672.019797569,1,672.019797569,1.0,672.019797569,0.0,0.0,1.0,672.019797569,-1.0,-672.019797569
20170515,@EMDM7,1.0,0.006052141527,172880.0,index,1494881074,1.0,1046.29422719,1046.29422719,-1.0,-1046.29422719,-1.0,-1046.29422719,1,1046.29422719,1.0,1046.29422719,-1.0,-1046.29422719,1.0,1046.29422719,1.0,1046.29422719,1.0,1046.29422719,1.0,1046.29422719,1.0,1046.29422719,0,0.0,1,1046.29422719,-1,-1046.29422719,0,0.0,1.0,1046.29422719,1.0,1046.29422719,0.0,0.0,-1.0,-1046.29422719,1.0,1046.29422719,0,0.0,-1.0,-1046.29422719,-1.0,-1046.29422719,-1,-1046.29422719,-1,-1046.29422719,0.0,0.0,-1.0,-1046.29422719,-1.0,-1046.29422719,1.0,1046.29422719,-1.0,-1046.29422719,-1.0,-1046.29422719,1.0,1046.29422719,-1.0,-1046.29422719,-1,-1046.29422719,1.0,1046.29422719,-1,-1046.29422719,-1.0,-1046.29422719,-1.0,-1046.29422719,-1.0,-1046.29422719,-1.0,-1046.29422719,-1.0,-1046.29422719,0.0,0.0,0.0,0.0,1.0,1046.29422719,1.0,1046.29422719,-1.0,-1046.29422719,1.0,1046.29422719,1,1046.29422719,1,1046.29422719,1.0,1046.29422719,1.0,1046.29422719,1.0,1046.29422719,0.0,0.0,-1.0,-1046.29422719,-1.0,-1046.29422719,-1.0,-1046.29422719,1.0,1046.29422719,1.0,1046.29422719,-1,-1046.29422719,0,0.0,1.0,1046.29422719,0,0.0,-1.0,-1046.29422719,1.0,1046.29422719,1,1046.29422719,-1.0,-1046.29422719,1.0,1046.29422719,1,1046.29422719,1,1046.29422719,0.0,0.0,-1.0,-1046.29422719,1.0,1046.29422719,1.0,1046.29422719,1.0,1046.29422719,1.0,1046.29422719,-1.0,-1046.29422719,1,1046.29422719,0,0.0,0,0.0,-1,-1046.29422719,1,1046.29422719,-1.0,-1046.29422719,-1.0,-1046.29422719,0,0.0,-1,-1046.29422719,1.0,1046.29422719,-1.0,-1046.29422719,-1.0,-1046.29422719,-1.0,-1046.29422719
20170515,QCLN7,1.0,0.019099024289,49090.0,energy,1494881074,1.0,937.571102346,937.571102346,0.0,0.0,1.0,937.571102346,-1,-937.571102346,-1.0,-937.571102346,-1.0,-937.571102346,0.0,0.0,-1.0,-937.571102346,1.0,937.571102346,-1.0,-937.571102346,1.0,937.571102346,-1,-937.571102346,-1,-937.571102346,-1,-937.571102346,-1,-937.571102346,-1.0,-937.571102346,-1.0,-937.571102346,-1.0,-937.571102346,-1.0,-937.571102346,1.0,937.571102346,0,0.0,-1.0,-937.571102346,-1.0,-937.571102346,-1,-937.571102346,0,0.0,1.0,937.571102346,1.0,937.571102346,1.0,937.571102346,1.0,937.571102346,-1.0,-937.571102346,0.0,0.0,0.0,0.0,1.0,937.571102346,-1,-937.571102346,1.0,937.571102346,1,937.571102346,1.0,937.571102346,0.0,0.0,-1.0,-937.571102346,1.0,937.571102346,1.0,937.571102346,1.0,937.571102346,-1.0,-937.571102346,1.0,937.571102346,-1.0,-937.571102346,-1.0,-937.571102346,1.0,937.571102346,-1,-937.571102346,1,937.571102346,0.0,0.0,1.0,937.571102346,-1.0,-937.571102346,1.0,937.571102346,1.0,937.571102346,-1.0,-937.571102346,-1.0,-937.571102346,1.0,937.571102346,-1.0,-937.571102346,1,937.571102346,0,0.0,-1.0,-937.571102346,0,0.0,-1.0,-937.571102346,1.0,937.571102346,-1,-937.571102346,1.0,937.571102346,0.0,0.0,1,937.571102346,0,0.0,-1.0,-937.571102346,-1.0,-937.571102346,1.0,937.571102346,1.0,937.571102346,1.0,937.571102346,-1.0,-937.571102346,1.0,937.571102346,-1,-937.571102346,0,0.0,1,937.571102346,1,937.571102346,-1,-937.571102346,1.0,937.571102346,-1.0,-937.571102346,1,937.571102346,1,937.571102346,1.0,937.571102346,0.0,0.0,1.0,937.571102346,-1.0,-937.571102346
20170515,@GFQ7,-1.0,-0.0146550304627,74800.0,meat,1494871204,1.0,-0.0,0.0,-1.0,0.0,1.0,-0.0,-1,0.0,1.0,-0.0,1.0,-0.0,0.0,-0.0,-1.0,0.0,1.0,-0.0,1.0,-0.0,1.0,-0.0,0,-0.0,-1,0.0,-1,0.0,-1,0.0,1.0,-0.0,1.0,-0.0,0.0,-0.0,1.0,-0.0,-1.0,0.0,0,-0.0,-1.0,0.0,-1.0,0.0,-1,0.0,-1,0.0,0.0,-0.0,-1.0,0.0,1.0,-0.0,-1.0,0.0,-1.0,0.0,-1.0,0.0,1.0,-0.0,-1.0,0.0,1,-0.0,1.0,-0.0,-1,0.0,1.0,-0.0,-1.0,0.0,-1.0,0.0,-1.0,0.0,1.0,-0.0,0.0,-0.0,0.0,-0.0,-1.0,0.0,-1.0,0.0,1.0,-0.0,-1.0,0.0,1,-0.0,-1,0.0,1.0,-0.0,1.0,-0.0,-1.0,0.0,0.0,-0.0,1.0,-0.0,1.0,-0.0,0.0,-0.0,1.0,-0.0,1.0,-0.0,1,-0.0,1,-0.0,-1.0,0.0,0,-0.0,1.0,-0.0,1.0,-0.0,-1,0.0,-1.0,0.0,1.0,-0.0,1,-0.0,1,-0.0,0.0,-0.0,1.0,-0.0,1.0,-0.0,-1.0,0.0,0.0,-0.0,1.0,-0.0,-1.0,0.0,-1,0.0,-1,0.0,1,-0.0,1,-0.0,-1,0.0,-1.0,0.0,-1.0,0.0,0,-0.0,1,-0.0,-1.0,0.0,0.0,-0.0,1.0,-0.0,-1.0,0.0
20170515,@FVM7,-1.0,-0.000264165896183,118265.625,rates,1494881074,1.0,-0.0,0.0,0.0,-0.0,-1.0,0.0,1,-0.0,-1.0,0.0,1.0,-0.0,0.0,-0.0,-1.0,0.0,1.0,-0.0,-1.0,0.0,1.0,-0.0,1,-0.0,1,-0.0,1,-0.0,1,-0.0,-1.0,0.0,-1.0,0.0,0.0,-0.0,1.0,-0.0,-1.0,0.0,0,-0.0,1.0,-0.0,1.0,-0.0,1,-0.0,1,-0.0,-1.0,0.0,1.0,-0.0,-1.0,0.0,-1.0,0.0,-1.0,0.0,0.0,-0.0,0.0,-0.0,1.0,-0.0,-1,0.0,-1.0,0.0,1,-0.0,1.0,-0.0,1.0,-0.0,1.0,-0.0,1.0,-0.0,1.0,-0.0,0.0,-0.0,0.0,-0.0,-1.0,0.0,-1.0,0.0,1.0,-0.0,1.0,-0.0,1,-0.0,-1,0.0,-1.0,0.0,-1.0,0.0,-1.0,0.0,0.0,-0.0,1.0,-0.0,1.0,-0.0,1.0,-0.0,-1.0,0.0,-1.0,0.0,1,-0.0,0,-0.0,1.0,-0.0,0,-0.0,1.0,-0.0,1.0,-0.0,1,-0.0,-1.0,0.0,0.0,-0.0,-1,0.0,-1,0.0,1.0,-0.0,1.0,-0.0,-1.0,0.0,-1.0,0.0,-1.0,0.0,-1.0,0.0,1.0,-0.0,-1,0.0,0,-0.0,-1,0.0,-1,0.0,-1,0.0,1.0,-0.0,-1.0,0.0,-1,0.0,-1,0.0,-1.0,0.0,0.0,-0.0,1.0,-0.0,-1.0,0.0
20170515,QGCM7,1.0,0.00203632809318,123020.0,metal,1494881074,1.0,0.0,0.0,0.0,0.0,-1.0,-0.0,1,0.0,1.0,0.0,1.0,0.0,0.0,0.0,-1.0,-0.0,1.0,0.0,-1.0,-0.0,1.0,0.0,1,0.0,1,0.0,1,0.0,1,0.0,-1.0,-0.0,-1.0,-0.0,1.0,0.0,1.0,0.0,-1.0,-0.0,0,0.0,-1.0,-0.0,1.0,0.0,-1,-0.0,0,0.0,-1.0,-0.0,1.0,0.0,-1.0,-0.0,-1.0,-0.0,-1.0,-0.0,0.0,0.0,0.0,0.0,1.0,0.0,-1,-0.0,-1.0,-0.0,-1,-0.0,1.0,0.0,0.0,0.0,-1.0,-0.0,1.0,0.0,-1.0,-0.0,-1.0,-0.0,1.0,0.0,-1.0,-0.0,1.0,0.0,1.0,0.0,1.0,0.0,1,0.0,1,0.0,0.0,0.0,1.0,0.0,1.0,0.0,-1.0,-0.0,-1.0,-0.0,1.0,0.0,0.0,0.0,-1.0,-0.0,-1.0,-0.0,-1,-0.0,-1,-0.0,1.0,0.0,0,0.0,1.0,0.0,1.0,0.0,1,0.0,-1.0,-0.0,0.0,0.0,1,0.0,0,0.0,1.0,0.0,-1.0,-0.0,1.0,0.0,-1.0,-0.0,0.0,0.0,-1.0,-0.0,1.0,0.0,1,0.0,1,0.0,-1,-0.0,-1,-0.0,-1,-0.0,1.0,0.0,-1.0,-0.0,-1,-0.0,-1,-0.0,-1.0,-0.0,0.0,0.0,1.0,0.0,-1.0,-0.0
20170515,QHGN7,1.0,0.006735340729,63525.0,metal,1494881074,1.0,427.86251981,427.86251981,0.0,0.0,1.0,427.86251981,-1,-427.86251981,-1.0,-427.86251981,-1.0,-427.86251981,0.0,0.0,-1.0,-427.86251981,1.0,427.86251981,-1.0,-427.86251981,1.0,427.86251981,-1,-427.86251981,-1,-427.86251981,-1,-427.86251981,-1,-427.86251981,-1.0,-427.86251981,-1.0,-427.86251981,-1.0,-427.86251981,-1.0,-427.86251981,1.0,427.86251981,0,0.0,-1.0,-427.86251981,-1.0,-427.86251981,-1,-427.86251981,0,0.0,1.0,427.86251981,1.0,427.86251981,1.0,427.86251981,1.0,427.86251981,-1.0,-427.86251981,0.0,0.0,0.0,0.0,1.0,427.86251981,-1,-427.86251981,1.0,427.86251981,1,427.86251981,1.0,427.86251981,0.0,0.0,-1.0,-427.86251981,1.0,427.86251981,1.0,427.86251981,1.0,427.86251981,-1.0,-427.86251981,1.0,427.86251981,-1.0,-427.86251981,-1.0,-427.86251981,1.0,427.86251981,-1,-427.86251981,1,427.86251981,0.0,0.0,1.0,427.86251981,-1.0,-427.86251981,1.0,427.86251981,1.0,427.86251981,-1.0,-427.86251981,-1.0,-427.86251981,1.0,427.86251981,-1.0,-427.86251981,1,427.86251981,0,0.0,-1.0,-427.86251981,0,0.0,-1.0,-427.86251981,1.0,427.86251981,-1,-427.86251981,1.0,427.86251981,0.0,0.0,1,427.86251981,0,0.0,-1.0,-427.86251981,-1.0,-427.86251981,1.0,427.86251981,1.0,427.86251981,1.0,427.86251981,-1.0,-427.86251981,1.0,427.86251981,-1,-427.86251981,0,0.0,1,427.86251981,1,427.86251981,-1,-427.86251981,1.0,427.86251981,-1.0,-427.86251981,1,427.86251981,1,427.86251981,1.0,427.86251981,0.0,0.0,1.0,427.86251981,-1.0,-427.86251981
20170515,QHOM7,1.0,0.0115181142436,63441.0,energy,1494881074,1.0,0.0,0.0,0.0,0.0,1.0,0.0,-1,-0.0,1.0,0.0,-1.0,-0.0,0.0,0.0,-1.0,-0.0,1.0,0.0,-1.0,-0.0,1.0,0.0,-1,-0.0,-1,-0.0,-1,-0.0,-1,-0.0,-1.0,-0.0,1.0,0.0,0.0,0.0,1.0,0.0,-1.0,-0.0,0,0.0,-1.0,-0.0,-1.0,-0.0,-1,-0.0,-1,-0.0,1.0,0.0,-1.0,-0.0,1.0,0.0,1.0,0.0,-1.0,-0.0,0.0,0.0,0.0,0.0,1.0,0.0,-1,-0.0,1.0,0.0,-1,-0.0,1.0,0.0,-1.0,-0.0,-1.0,-0.0,-1.0,-0.0,1.0,0.0,0.0,0.0,0.0,0.0,-1.0,-0.0,-1.0,-0.0,1.0,0.0,1.0,0.0,-1,-0.0,1,0.0,1.0,0.0,1.0,0.0,-1.0,-0.0,0.0,0.0,1.0,0.0,-1.0,-0.0,-1.0,-0.0,1.0,0.0,-1.0,-0.0,1,0.0,0,0.0,-1.0,-0.0,0,0.0,-1.0,-0.0,1.0,0.0,-1,-0.0,1.0,0.0,0.0,0.0,1,0.0,1,0.0,-1.0,-0.0,-1.0,-0.0,1.0,0.0,1.0,0.0,1.0,0.0,1.0,0.0,1.0,0.0,-1,-0.0,0,0.0,1,0.0,1,0.0,-1,-0.0,1.0,0.0,-1.0,-0.0,1,0.0,1,0.0,1.0,0.0,0.0,0.0,1.0,0.0,-1.0,-0.0
20170515,@ESM7,1.0,0.0043956043956,119962.5,index,1494881074,1.0,527.307692308,527.307692308,0.0,0.0,-1.0,-527.307692308,1,527.307692308,-1.0,-527.307692308,-1.0,-527.307692308,1.0,527.307692308,1.0,527.307692308,1.0,527.307692308,1.0,527.307692308,-1.0,-527.307692308,-1,-527.307692308,-1,-527.307692308,-1,-527.307692308,0,0.0,1.0,527.307692308,1.0,527.307692308,-1.0,-527.307692308,-1.0,-527.307692308,1.0,527.307692308,1,439.56043956,-1.0,-527.307692308,-1.0,-527.307692308,1,527.307692308,0,0.0,1.0,527.307692308,-1.0,-527.307692308,1.0,527.307692308,1.0,527.307692308,1.0,527.307692308,0.0,0.0,0.0,0.0,-1.0,-527.307692308,-1,-527.307692308,1.0,527.307692308,1,527.307692308,-1.0,-527.307692308,0.0,0.0,1.0,527.307692308,-1.0,-527.307692308,1.0,527.307692308,1.0,527.307692308,-1.0,-527.307692308,1.0,527.307692308,-1.0,-527.307692308,-1.0,-527.307692308,1.0,527.307692308,-1,-527.307692308,1,527.307692308,0.0,0.0,-1.0,-527.307692308,-1.0,-527.307692308,1.0,527.307692308,1.0,527.307692308,-1.0,-527.307692308,-1.0,-527.307692308,1.0,527.307692308,1.0,527.307692308,-1,-527.307692308,0,0.0,-1.0,-527.307692308,0,0.0,-1.0,-527.307692308,-1.0,-527.307692308,1,527.307692308,1.0,527.307692308,0.0,0.0,-1,-527.307692308,0,0.0,-1.0,-527.307692308,-1.0,-527.307692308,1.0,527.307692308,1.0,527.307692308,1.0,527.307692308,1.0,527.307692308,-1.0,-527.307692308,1,527.307692308,0,0.0,0,0.0,-1,-527.307692308,1,527.307692308,-1.0,-527.307692308,1.0,527.307692308,1,527.307692308,1,527.307692308,1.0,527.307692308,-1.0,-527.307692308,-1.0,-527.307692308,-1.0,-527.307692308
20170516,QNGN7,-1.0,-0.0335374744824,33140.0,energy,1494967513,1.0,-1111.43190435,1111.43190435,0.0,-0.0,1.0,-1111.43190435,-1,1111.43190435,-1.0,1111.43190435,-1.0,1111.43190435,0.0,-0.0,1.0,-1111.43190435,-1.0,1111.43190435,1.0,-1111.43190435,-1.0,1111.43190435,-1,1111.43190435,-1,1111.43190435,-1,1111.43190435,-1,1111.43190435,1.0,-1111.43190435,1.0,-1111.43190435,-1.0,1111.43190435,-1.0,1111.43190435,1.0,-1111.43190435,0,-0.0,1.0,-1111.43190435,-1.0,1111.43190435,1,-1111.43190435,0,-0.0,1.0,-1111.43190435,-1.0,1111.43190435,1.0,-1111.43190435,1.0,-1111.43190435,1.0,-1111.43190435,0.0,-0.0,0.0,-0.0,-1.0,1111.43190435,-1,1111.43190435,1.0,-1111.43190435,1,-1111.43190435,-1.0,1111.43190435,0.0,-0.0,1.0,-1111.43190435,-1.0,1111.43190435,1.0,-1111.43190435,1.0,-1111.43190435,-1.0,1111.43190435,1.0,-1111.43190435,-1.0,1111.43190435,-1.0,1111.43190435,1.0,-1111.43190435,-1,1111.43190435,-1,1111.43190435,0.0,-0.0,-1.0,1111.43190435,-1.0,1111.43190435,1.0,-1111.43190435,1.0,-1111.43190435,-1.0,1111.43190435,0.0,-0.0,1.0,-1111.43190435,1.0,-1111.43190435,1,-1111.43190435,1,-1111.43190435,-1.0,1111.43190435,0,-0.0,-1.0,1111.43190435,-1.0,1111.43190435,-1,1111.43190435,1.0,-1111.43190435,0.0,-0.0,-1,1111.43190435,0,-0.0,-1.0,1111.43190435,1.0,-1111.43190435,-1.0,1111.43190435,1.0,-1111.43190435,0.0,-0.0,1.0,-1111.43190435,-1.0,1111.43190435,-1,1111.43190435,-1,1111.43190435,1,-1111.43190435,1,-1111.43190435,1,-1111.43190435,-1.0,1111.43190435,1.0,-1111.43190435,1,-1111.43190435,1,-1111.43190435,1.0,-1111.43190435,0.0,-0.0,-1.0,1111.43190435,1.0,-1111.43190435
20170516,QRBN7,1.0,0.00131777108434,67019.4,energy,1494967513,1.0,0.0,0.0,-1.0,-0.0,-1.0,-0.0,-1,-0.0,-1.0,-0.0,1.0,0.0,1.0,0.0,1.0,0.0,1.0,0.0,1.0,0.0,1.0,0.0,0,0.0,-1,-0.0,-1,-0.0,0,0.0,1.0,0.0,-1.0,-0.0,-1.0,-0.0,-1.0,-0.0,1.0,0.0,0,0.0,-1.0,-0.0,1.0,0.0,-1,-0.0,0,0.0,0.0,0.0,1.0,0.0,1.0,0.0,-1.0,-0.0,-1.0,-0.0,-1.0,-0.0,1.0,0.0,-1.0,-0.0,-1,-0.0,1.0,0.0,1,0.0,1.0,0.0,0.0,0.0,-1.0,-0.0,1.0,0.0,1.0,0.0,1.0,0.0,-1.0,-0.0,1.0,0.0,-1.0,-0.0,-1.0,-0.0,1.0,0.0,1,0.0,1,0.0,0.0,0.0,1.0,0.0,-1.0,-0.0,1.0,0.0,1.0,0.0,-1.0,-0.0,-1.0,-0.0,-1.0,-0.0,-1.0,-0.0,1,0.0,0,0.0,-1.0,-0.0,0,0.0,1.0,0.0,1.0,0.0,1,0.0,-1.0,-0.0,1.0,0.0,1,0.0,0,0.0,0.0,0.0,-1.0,-0.0,1.0,0.0,1.0,0.0,1.0,0.0,-1.0,-0.0,1.0,0.0,-1,-0.0,0,0.0,0,0.0,1,0.0,-1,-0.0,-1.0,-0.0,-1.0,-0.0,0,0.0,1,0.0,-1.0,-0.0,-1.0,-0.0,-1.0,-0.0,-1.0,-0.0
20170516,@NKDM7,-1.0,-0.00551516670845,87186.8131868,index,1494967513,1.0,-0.0,0.0,0.0,-0.0,1.0,-0.0,-1,0.0,-1.0,0.0,-1.0,0.0,0.0,-0.0,-1.0,0.0,1.0,-0.0,-1.0,0.0,1.0,-0.0,-1,0.0,-1,0.0,-1,0.0,-1,0.0,-1.0,0.0,-1.0,0.0,-1.0,0.0,-1.0,0.0,1.0,-0.0,0,-0.0,-1.0,0.0,-1.0,0.0,-1,0.0,0,-0.0,1.0,-0.0,1.0,-0.0,1.0,-0.0,1.0,-0.0,-1.0,0.0,0.0,-0.0,0.0,-0.0,1.0,-0.0,1,-0.0,1.0,-0.0,1,-0.0,1.0,-0.0,0.0,-0.0,-1.0,0.0,1.0,-0.0,1.0,-0.0,1.0,-0.0,-1.0,0.0,1.0,-0.0,-1.0,0.0,-1.0,0.0,-1.0,0.0,-1,0.0,1,-0.0,0.0,-0.0,1.0,-0.0,-1.0,0.0,1.0,-0.0,1.0,-0.0,-1.0,0.0,-1.0,0.0,1.0,-0.0,-1.0,0.0,1,-0.0,0,-0.0,-1.0,0.0,0,-0.0,-1.0,0.0,1.0,-0.0,-1,0.0,1.0,-0.0,0.0,-0.0,1,-0.0,0,-0.0,-1.0,0.0,-1.0,0.0,1.0,-0.0,1.0,-0.0,1.0,-0.0,-1.0,0.0,1.0,-0.0,-1,0.0,0,-0.0,1,-0.0,1,-0.0,-1,0.0,1.0,-0.0,-1.0,0.0,1,-0.0,1,-0.0,1.0,-0.0,0.0,-0.0,1.0,-0.0,-1.0,0.0
20170516,@NQM7,1.0,0.00416575312431,114500.0,index,1494967513,1.0,0.0,0.0,0.0,0.0,1.0,0.0,-1,-0.0,-1.0,-0.0,-1.0,-0.0,0.0,0.0,-1.0,-0.0,1.0,0.0,-1.0,-0.0,1.0,0.0,-1,-0.0,-1,-0.0,-1,-0.0,-1,-0.0,-1.0,-0.0,-1.0,-0.0,-1.0,-0.0,-1.0,-0.0,1.0,0.0,0,0.0,-1.0,-0.0,-1.0,-0.0,-1,-0.0,0,0.0,1.0,0.0,1.0,0.0,1.0,0.0,1.0,0.0,-1.0,-0.0,0.0,0.0,0.0,0.0,1.0,0.0,-1,-0.0,1.0,0.0,1,0.0,1.0,0.0,0.0,0.0,-1.0,-0.0,1.0,0.0,1.0,0.0,1.0,0.0,-1.0,-0.0,1.0,0.0,-1.0,-0.0,-1.0,-0.0,1.0,0.0,-1,-0.0,1,0.0,0.0,0.0,1.0,0.0,-1.0,-0.0,1.0,0.0,1.0,0.0,-1.0,-0.0,-1.0,-0.0,1.0,0.0,-1.0,-0.0,1,0.0,0,0.0,-1.0,-0.0,0,0.0,-1.0,-0.0,1.0,0.0,-1,-0.0,1.0,0.0,0.0,0.0,1,0.0,0,0.0,-1.0,-0.0,-1.0,-0.0,1.0,0.0,1.0,0.0,1.0,0.0,-1.0,-0.0,1.0,0.0,-1,-0.0,0,0.0,1,0.0,1,0.0,-1,-0.0,1.0,0.0,-1.0,-0.0,1,0.0,1,0.0,1.0,0.0,0.0,0.0,1.0,0.0,-1.0,-0.0
20170516,QPAM7,-1.0,-0.00263488080301,79490.0,metal,1494967513,1.0,-0.0,0.0,0.0,-0.0,1.0,-0.0,-1,0.0,-1.0,0.0,-1.0,0.0,0.0,-0.0,1.0,-0.0,-1.0,0.0,1.0,-0.0,-1.0,0.0,-1,0.0,-1,0.0,-1,0.0,-1,0.0,1.0,-0.0,1.0,-0.0,-1.0,0.0,-1.0,0.0,1.0,-0.0,0,-0.0,-1.0,0.0,-1.0,0.0,1,-0.0,0,-0.0,1.0,-0.0,-1.0,0.0,1.0,-0.0,1.0,-0.0,1.0,-0.0,0.0,-0.0,0.0,-0.0,-1.0,0.0,-1,0.0,1.0,-0.0,1,-0.0,-1.0,0.0,0.0,-0.0,1.0,-0.0,-1.0,0.0,1.0,-0.0,1.0,-0.0,-1.0,0.0,1.0,-0.0,-1.0,0.0,-1.0,0.0,1.0,-0.0,-1,0.0,1,-0.0,0.0,-0.0,-1.0,0.0,-1.0,0.0,1.0,-0.0,1.0,-0.0,-1.0,0.0,-1.0,0.0,1.0,-0.0,1.0,-0.0,-1,0.0,0,-0.0,-1.0,0.0,0,-0.0,-1.0,0.0,-1.0,0.0,-1,0.0,1.0,-0.0,0.0,-0.0,-1,0.0,0,-0.0,-1.0,0.0,-1.0,0.0,1.0,-0.0,1.0,-0.0,1.0,-0.0,1.0,-0.0,-1.0,0.0,1,-0.0,0,-0.0,1,-0.0,1,-0.0,1,-0.0,-1.0,0.0,1.0,-0.0,1,-0.0,1,-0.0,1.0,-0.0,0.0,-0.0,-1.0,0.0,1.0,-0.0
20170516,QPLN7,1.0,0.0138903844083,47080.0,metal,1494967513,1.0,0.0,0.0,0.0,0.0,-1.0,-0.0,1,0.0,-1.0,-0.0,1.0,0.0,0.0,0.0,-1.0,-0.0,1.0,0.0,-1.0,-0.0,1.0,0.0,1,0.0,1,0.0,1,0.0,1,0.0,-1.0,-0.0,-1.0,-0.0,0.0,0.0,1.0,0.0,-1.0,-0.0,0,0.0,-1.0,-0.0,1.0,0.0,1,0.0,1,0.0,-1.0,-0.0,1.0,0.0,-1.0,-0.0,-1.0,-0.0,-1.0,-0.0,0.0,0.0,0.0,0.0,1.0,0.0,-1,-0.0,-1.0,-0.0,1,0.0,1.0,0.0,1.0,0.0,1.0,0.0,1.0,0.0,1.0,0.0,0.0,0.0,0.0,0.0,-1.0,-0.0,-1.0,-0.0,1.0,0.0,1.0,0.0,1,0.0,1,0.0,-1.0,-0.0,-1.0,-0.0,-1.0,-0.0,0.0,0.0,1.0,0.0,1.0,0.0,0.0,0.0,-1.0,-0.0,-1.0,-0.0,-1,-0.0,-1,-0.0,1.0,0.0,0,0.0,1.0,0.0,1.0,0.0,1,0.0,-1.0,-0.0,0.0,0.0,-1,-0.0,-1,-0.0,1.0,0.0,-1.0,-0.0,1.0,0.0,-1.0,-0.0,0.0,0.0,-1.0,-0.0,1.0,0.0,1,0.0,1,0.0,-1,-0.0,-1,-0.0,-1,-0.0,1.0,0.0,-1.0,-0.0,-1,-0.0,-1,-0.0,-1.0,-0.0,0.0,0.0,1.0,0.0,-1.0,-0.0
20170516,@SN7,1.0,0.00958300958301,48725.0,grain,1494958558,1.0,0.0,0.0,-1.0,-0.0,-1.0,-0.0,-1,-0.0,1.0,0.0,1.0,0.0,1.0,0.0,1.0,0.0,1.0,0.0,1.0,0.0,1.0,0.0,0,0.0,-1,-0.0,-1,-0.0,0,0.0,1.0,0.0,1.0,0.0,0.0,0.0,1.0,0.0,-1.0,-0.0,0,0.0,-1.0,-0.0,1.0,0.0,-1,-0.0,-1,-0.0,0.0,0.0,-1.0,-0.0,1.0,0.0,-1.0,-0.0,-1.0,-0.0,-1.0,-0.0,1.0,0.0,-1.0,-0.0,1,0.0,1.0,0.0,-1,-0.0,1.0,0.0,-1.0,-0.0,-1.0,-0.0,-1.0,-0.0,1.0,0.0,0.0,0.0,0.0,0.0,-1.0,-0.0,-1.0,-0.0,1.0,0.0,-1.0,-0.0,1,0.0,1,0.0,1.0,0.0,1.0,0.0,-1.0,-0.0,0.0,0.0,1.0,0.0,-1.0,-0.0,-1.0,-0.0,-1.0,-0.0,-1.0,-0.0,1,0.0,0,0.0,-1.0,-0.0,0,0.0,1.0,0.0,1.0,0.0,1,0.0,-1.0,-0.0,1.0,0.0,1,0.0,1,0.0,0.0,0.0,-1.0,-0.0,1.0,0.0,1.0,0.0,1.0,0.0,1.0,0.0,1.0,0.0,-1,-0.0,0,0.0,0,0.0,1,0.0,-1,-0.0,-1.0,-0.0,-1.0,-0.0,0,0.0,1,0.0,-1.0,-0.0,-1.0,-0.0,-1.0,-0.0,-1.0,-0.0
20170516,@JYM7,1.0,0.00561989100817,110718.75,currency,1494967513,1.0,622.227307561,622.227307561,0.0,0.0,-1.0,-622.227307561,1,622.227307561,1.0,622.227307561,1.0,622.227307561,0.0,0.0,1.0,622.227307561,-1.0,-622.227307561,1.0,622.227307561,-1.0,-622.227307561,1,622.227307561,1,622.227307561,1,622.227307561,1,622.227307561,1.0,622.227307561,1.0,622.227307561,1.0,622.227307561,1.0,622.227307561,-1.0,-622.227307561,0,0.0,1.0,622.227307561,1.0,622.227307561,1,622.227307561,0,0.0,-1.0,-622.227307561,-1.0,-622.227307561,-1.0,-622.227307561,-1.0,-622.227307561,1.0,622.227307561,0.0,0.0,0.0,0.0,-1.0,-622.227307561,-1,-622.227307561,-1.0,-622.227307561,-1,-622.227307561,-1.0,-622.227307561,0.0,0.0,1.0,622.227307561,-1.0,-622.227307561,-1.0,-622.227307561,-1.0,-622.227307561,1.0,622.227307561,-1.0,-622.227307561,1.0,622.227307561,1.0,622.227307561,1.0,622.227307561,1,622.227307561,1,622.227307561,0.0,0.0,-1.0,-622.227307561,1.0,622.227307561,-1.0,-622.227307561,-1.0,-622.227307561,-1.0,-622.227307561,0.0,0.0,-1.0,-622.227307561,-1.0,-622.227307561,-1,-622.227307561,-1,-622.227307561,1.0,622.227307561,0,0.0,1.0,622.227307561,-1.0,-622.227307561,1,622.227307561,-1.0,-622.227307561,0.0,0.0,-1,-622.227307561,0,0.0,1.0,622.227307561,-1.0,-622.227307561,-1.0,-622.227307561,1.0,622.227307561,0.0,0.0,1.0,622.227307561,1.0,622.227307561,1,622.227307561,1,622.227307561,-1,-622.227307561,-1,-622.227307561,1,622.227307561,-1.0,-622.227307561,1.0,622.227307561,-1,-622.227307561,-1,-622.227307561,-1.0,-622.227307561,0.0,0.0,-1.0,-622.227307561,1.0,622.227307561
20170516,QSIN7,1.0,0.0133710775161,84125.0,metal,1494967513,1.0,0.0,0.0,1.0,0.0,1.0,0.0,-1,-0.0,1.0,0.0,1.0,0.0,-1.0,-0.0,-1.0,-0.0,-1.0,-0.0,-1.0,-0.0,-1.0,-0.0,0,0.0,-1,-0.0,1,0.0,0,0.0,-1.0,-0.0,-1.0,-0.0,1.0,0.0,1.0,0.0,-1.0,-0.0,0,0.0,-1.0,-0.0,1.0,0.0,-1,-0.0,0,0.0,0.0,0.0,1.0,0.0,1.0,0.0,-1.0,-0.0,1.0,0.0,1.0,0.0,-1.0,-0.0,1.0,0.0,-1,-0.0,-1.0,-0.0,-1,-0.0,1.0,0.0,0.0,0.0,-1.0,-0.0,1.0,0.0,-1.0,-0.0,-1.0,-0.0,1.0,0.0,-1.0,-0.0,1.0,0.0,1.0,0.0,1.0,0.0,-1,-0.0,1,0.0,0.0,0.0,1.0,0.0,1.0,0.0,-1.0,-0.0,-1.0,-0.0,1.0,0.0,0.0,0.0,-1.0,-0.0,-1.0,-0.0,-1,-0.0,-1,-0.0,-1.0,-0.0,0,0.0,1.0,0.0,-1.0,-0.0,-1,-0.0,1.0,0.0,-1.0,-0.0,1,0.0,0,0.0,0.0,0.0,-1.0,-0.0,1.0,0.0,-1.0,-0.0,0.0,0.0,-1.0,-0.0,1.0,0.0,1,0.0,1,0.0,0,0.0,1,0.0,-1,-0.0,1.0,0.0,1.0,0.0,0,0.0,1,0.0,-1.0,-0.0,1.0,0.0,1.0,0.0,1.0,0.0
20170516,@SMN7,1.0,0.0096,31550.0,grain,1494958558,1.0,302.88,302.88,0.0,0.0,1.0,302.88,-1,-302.88,1.0,302.88,-1.0,-302.88,0.0,0.0,1.0,302.88,-1.0,-302.88,1.0,302.88,-1.0,-302.88,-1,-302.88,-1,-302.88,-1,-302.88,-1,-302.88,1.0,302.88,1.0,302.88,0.0,0.0,-1.0,-302.88,1.0,302.88,0,0.0,1.0,302.88,-1.0,-302.88,-1,-302.88,-1,-302.88,1.0,302.88,-1.0,-302.88,1.0,302.88,1.0,302.88,1.0,302.88,0.0,0.0,0.0,0.0,-1.0,-302.88,1,302.88,1.0,302.88,-1,-302.88,-1.0,-302.88,-1.0,-302.88,-1.0,-302.88,-1.0,-302.88,-1.0,-302.88,0.0,0.0,0.0,0.0,1.0,302.88,1.0,302.88,-1.0,-302.88,-1.0,-302.88,-1,-302.88,-1,-302.88,1.0,302.88,1.0,302.88,1.0,302.88,0.0,0.0,-1.0,-302.88,-1.0,-302.88,0.0,0.0,1.0,302.88,1.0,302.88,1,302.88,1,302.88,-1.0,-302.88,0,0.0,-1.0,-302.88,-1.0,-302.88,-1,-302.88,1.0,302.88,0.0,0.0,1,302.88,1,302.88,-1.0,-302.88,1.0,302.88,-1.0,-302.88,1.0,302.88,0.0,0.0,1.0,302.88,-1.0,-302.88,-1,-302.88,-1,-302.88,1,302.88,1,302.88,1,302.88,-1.0,-302.88,1.0,302.88,1,302.88,1,302.88,1.0,302.88,0.0,0.0,-1.0,-302.88,1.0,302.88
20170516,@TUM7,1.0,0.0,216546.875,rates,1494967513,2.0,0.0,0.0,1.0,0.0,1.0,0.0,1,0.0,1.0,0.0,-1.0,-0.0,-1.0,-0.0,-1.0,-0.0,-1.0,-0.0,-1.0,-0.0,-1.0,-0.0,0,0.0,1,0.0,1,0.0,0,0.0,-1.0,-0.0,1.0,0.0,1.0,0.0,1.0,0.0,-1.0,-0.0,0,0.0,1.0,0.0,-1.0,-0.0,1,0.0,0,0.0,0.0,0.0,-1.0,-0.0,-1.0,-0.0,1.0,0.0,1.0,0.0,1.0,0.0,-1.0,-0.0,1.0,0.0,-1,-0.0,-1.0,-0.0,-1,-0.0,-1.0,-0.0,0.0,0.0,1.0,0.0,-1.0,-0.0,-1.0,-0.0,-1.0,-0.0,1.0,0.0,-1.0,-0.0,1.0,0.0,1.0,0.0,1.0,0.0,-1,-0.0,-1,-0.0,0.0,0.0,-1.0,-0.0,1.0,0.0,-1.0,-0.0,-1.0,-0.0,1.0,0.0,1.0,0.0,1.0,0.0,1.0,0.0,-1,-0.0,0,0.0,1.0,0.0,0,0.0,-1.0,-0.0,-1.0,-0.0,-1,-0.0,1.0,0.0,-1.0,-0.0,-1,-0.0,0,0.0,0.0,0.0,1.0,0.0,-1.0,-0.0,-1.0,-0.0,-1.0,-0.0,1.0,0.0,-1.0,-0.0,1,0.0,0,0.0,0,0.0,-1,-0.0,1,0.0,1.0,0.0,1.0,0.0,0,0.0,-1,-0.0,1.0,0.0,1.0,0.0,1.0,0.0,1.0,0.0
20170516,@TYM7,1.0,0.00112093660481,125593.75,rates,1494967513,1.0,140.78263171,140.78263171,0.0,0.0,-1.0,-140.78263171,1,140.78263171,-1.0,-140.78263171,1.0,140.78263171,0.0,0.0,1.0,140.78263171,-1.0,-140.78263171,1.0,140.78263171,-1.0,-140.78263171,1,140.78263171,1,140.78263171,1,140.78263171,1,140.78263171,1.0,140.78263171,-1.0,-140.78263171,0.0,0.0,-1.0,-140.78263171,1.0,140.78263171,0,0.0,1.0,140.78263171,1.0,140.78263171,1,140.78263171,1,140.78263171,-1.0,-140.78263171,1.0,140.78263171,-1.0,-140.78263171,-1.0,-140.78263171,1.0,140.78263171,0.0,0.0,0.0,0.0,-1.0,-140.78263171,-1,-140.78263171,-1.0,-140.78263171,1,140.78263171,-1.0,-140.78263171,1.0,140.78263171,1.0,140.78263171,1.0,140.78263171,-1.0,-140.78263171,0.0,0.0,0.0,0.0,1.0,140.78263171,1.0,140.78263171,-1.0,-140.78263171,1.0,140.78263171,1,140.78263171,-1,-140.78263171,-1.0,-140.78263171,-1.0,-140.78263171,1.0,140.78263171,0.0,0.0,-1.0,-140.78263171,1.0,140.78263171,1.0,140.78263171,-1.0,-140.78263171,1.0,140.78263171,-1,-140.78263171,0,0.0,1.0,140.78263171,0,0.0,1.0,140.78263171,-1.0,-140.78263171,1,140.78263171,-1.0,-140.78263171,0.0,0.0,-1,-140.78263171,-1,-140.78263171,1.0,140.78263171,1.0,140.78263171,-1.0,-140.78263171,-1.0,-140.78263171,-1.0,-140.78263171,-1.0,-140.78263171,-1.0,-140.78263171,1,140.78263171,0,0.0,-1,-140.78263171,-1,-140.78263171,1,140.78263171,-1.0,-140.78263171,1.0,140.78263171,-1,-140.78263171,-1,-140.78263171,-1.0,-140.78263171,0.0,0.0,-1.0,-140.78263171,1.0,140.78263171
20170516,@USM7,1.0,0.00268539557943,151687.5,rates,1494967513,1.0,0.0,0.0,1.0,0.0,1.0,0.0,1,0.0,1.0,0.0,-1.0,-0.0,-1.0,-0.0,-1.0,-0.0,-1.0,-0.0,-1.0,-0.0,-1.0,-0.0,0,0.0,1,0.0,1,0.0,0,0.0,-1.0,-0.0,1.0,0.0,1.0,0.0,1.0,0.0,-1.0,-0.0,0,0.0,1.0,0.0,-1.0,-0.0,1,0.0,0,0.0,0.0,0.0,-1.0,-0.0,-1.0,-0.0,1.0,0.0,1.0,0.0,1.0,0.0,-1.0,-0.0,1.0,0.0,-1,-0.0,-1.0,-0.0,-1,-0.0,-1.0,-0.0,0.0,0.0,1.0,0.0,-1.0,-0.0,-1.0,-0.0,-1.0,-0.0,1.0,0.0,-1.0,-0.0,1.0,0.0,1.0,0.0,1.0,0.0,-1,-0.0,-1,-0.0,0.0,0.0,-1.0,-0.0,1.0,0.0,-1.0,-0.0,-1.0,-0.0,1.0,0.0,1.0,0.0,1.0,0.0,1.0,0.0,-1,-0.0,0,0.0,1.0,0.0,0,0.0,-1.0,-0.0,-1.0,-0.0,-1,-0.0,1.0,0.0,-1.0,-0.0,-1,-0.0,0,0.0,0.0,0.0,1.0,0.0,-1.0,-0.0,-1.0,-0.0,-1.0,-0.0,1.0,0.0,-1.0,-0.0,1,0.0,0,0.0,0,0.0,-1,-0.0,1,0.0,1.0,0.0,1.0,0.0,0,0.0,-1,-0.0,1.0,0.0,1.0,0.0,1.0,0.0,1.0,0.0
20170516,@WN7,1.0,0.00236266981689,21212.5,grain,1494958558,1.0,50.1181334908,50.1181334908,-1.0,-50.1181334908,1.0,50.1181334908,-1,-50.1181334908,1.0,50.1181334908,-1.0,-50.1181334908,0.0,0.0,1.0,50.1181334908,-1.0,-50.1181334908,1.0,50.1181334908,1.0,50.1181334908,0,0.0,1,50.1181334908,-1,-50.1181334908,-1,-50.1181334908,1.0,50.1181334908,1.0,50.1181334908,0.0,0.0,-1.0,-50.1181334908,1.0,50.1181334908,0,0.0,-1.0,-50.1181334908,-1.0,-50.1181334908,-1,-50.1181334908,-1,-50.1181334908,0.0,0.0,-1.0,-50.1181334908,-1.0,-50.1181334908,1.0,50.1181334908,-1.0,-50.1181334908,-1.0,-50.1181334908,1.0,50.1181334908,-1.0,-50.1181334908,-1,-50.1181334908,1.0,50.1181334908,-1,-50.1181334908,-1.0,-50.1181334908,-1.0,-50.1181334908,-1.0,-50.1181334908,-1.0,-50.1181334908,-1.0,-50.1181334908,0.0,0.0,0.0,0.0,1.0,50.1181334908,1.0,50.1181334908,-1.0,-50.1181334908,1.0,50.1181334908,1,50.1181334908,1,50.1181334908,1.0,50.1181334908,1.0,50.1181334908,1.0,50.1181334908,0.0,0.0,-1.0,-50.1181334908,-1.0,-50.1181334908,-1.0,-50.1181334908,1.0,50.1181334908,1.0,50.1181334908,-1,-50.1181334908,0,0.0,1.0,50.1181334908,0,0.0,-1.0,-50.1181334908,1.0,50.1181334908,-1,-50.1181334908,-1.0,-50.1181334908,1.0,50.1181334908,1,50.1181334908,1,50.1181334908,0.0,0.0,-1.0,-50.1181334908,1.0,50.1181334908,1.0,50.1181334908,1.0,50.1181334908,1.0,50.1181334908,-1.0,-50.1181334908,1,50.1181334908,0,0.0,1,50.1181334908,1,50.1181334908,1,50.1181334908,-1.0,-50.1181334908,-1.0,-50.1181334908,0,0.0,-1,-50.1181334908,1.0,50.1181334908,0.0,0.0,-1.0,-50.1181334908,1.0,50.1181334908
20170516,@NEM7,1.0,0.00130985300538,68800.0,currency,1494967513,1.0,0.0,0.0,-1.0,-0.0,1.0,0.0,-1,-0.0,1.0,0.0,1.0,0.0,0.0,0.0,-1.0,-0.0,1.0,0.0,1.0,0.0,1.0,0.0,0,0.0,-1,-0.0,-1,-0.0,-1,-0.0,1.0,0.0,1.0,0.0,0.0,0.0,1.0,0.0,-1.0,-0.0,0,0.0,-1.0,-0.0,-1.0,-0.0,-1,-0.0,-1,-0.0,0.0,0.0,-1.0,-0.0,1.0,0.0,-1.0,-0.0,-1.0,-0.0,-1.0,-0.0,1.0,0.0,-1.0,-0.0,-1,-0.0,1.0,0.0,-1,-0.0,1.0,0.0,-1.0,-0.0,-1.0,-0.0,-1.0,-0.0,1.0,0.0,0.0,0.0,0.0,0.0,-1.0,-0.0,-1.0,-0.0,1.0,0.0,1.0,0.0,1,0.0,1,0.0,1.0,0.0,1.0,0.0,-1.0,-0.0,0.0,0.0,1.0,0.0,-1.0,-0.0,-1.0,-0.0,1.0,0.0,-1.0,-0.0,1,0.0,0,0.0,-1.0,-0.0,0,0.0,1.0,0.0,1.0,0.0,-1,-0.0,-1.0,-0.0,1.0,0.0,1,0.0,1,0.0,0.0,0.0,-1.0,-0.0,1.0,0.0,1.0,0.0,1.0,0.0,1.0,0.0,1.0,0.0,-1,-0.0,0,0.0,1,0.0,1,0.0,-1,-0.0,-1.0,-0.0,-1.0,-0.0,0,0.0,1,0.0,-1.0,-0.0,0.0,0.0,1.0,0.0,-1.0,-0.0
20170516,@YMM7,1.0,0.000238891543239,104675.0,index,1494967513,1.0,0.0,0.0,0.0,0.0,-1.0,-0.0,-1,-0.0,-1.0,-0.0,-1.0,-0.0,1.0,0.0,1.0,0.0,1.0,0.0,-1.0,-0.0,1.0,0.0,-1,-0.0,-1,-0.0,-1,-0.0,0,0.0,-1.0,-0.0,-1.0,-0.0,-1.0,-0.0,-1.0,-0.0,1.0,0.0,0,0.0,-1.0,-0.0,1.0,0.0,-1,-0.0,0,0.0,1.0,0.0,1.0,0.0,1.0,0.0,1.0,0.0,-1.0,-0.0,0.0,0.0,0.0,0.0,1.0,0.0,-1,-0.0,1.0,0.0,1,0.0,1.0,0.0,0.0,0.0,-1.0,-0.0,1.0,0.0,1.0,0.0,1.0,0.0,-1.0,-0.0,1.0,0.0,-1.0,-0.0,-1.0,-0.0,1.0,0.0,-1,-0.0,1,0.0,0.0,0.0,1.0,0.0,-1.0,-0.0,1.0,0.0,1.0,0.0,-1.0,-0.0,-1.0,-0.0,-1.0,-0.0,-1.0,-0.0,1,0.0,0,0.0,-1.0,-0.0,0,0.0,-1.0,-0.0,1.0,0.0,1,0.0,1.0,0.0,0.0,0.0,1,0.0,0,0.0,-1.0,-0.0,-1.0,-0.0,1.0,0.0,1.0,0.0,1.0,0.0,-1.0,-0.0,1.0,0.0,-1,-0.0,0,0.0,0,0.0,1,0.0,-1,-0.0,1.0,0.0,-1.0,-0.0,1,0.0,1,0.0,1.0,0.0,-1.0,-0.0,-1.0,-0.0,-1.0,-0.0
20170516,@SFM7,1.0,0.0112359550562,127125.0,currency,1494967513,1.0,0.0,0.0,0.0,0.0,1.0,0.0,-1,-0.0,1.0,0.0,-1.0,-0.0,0.0,0.0,-1.0,-0.0,1.0,0.0,-1.0,-0.0,1.0,0.0,-1,-0.0,-1,-0.0,-1,-0.0,-1,-0.0,-1.0,-0.0,1.0,0.0,0.0,0.0,1.0,0.0,-1.0,-0.0,0,0.0,-1.0,-0.0,-1.0,-0.0,-1,-0.0,-1,-0.0,1.0,0.0,-1.0,-0.0,1.0,0.0,1.0,0.0,-1.0,-0.0,0.0,0.0,0.0,0.0,1.0,0.0,-1,-0.0,1.0,0.0,-1,-0.0,1.0,0.0,-1.0,-0.0,-1.0,-0.0,-1.0,-0.0,1.0,0.0,0.0,0.0,0.0,0.0,-1.0,-0.0,-1.0,-0.0,1.0,0.0,1.0,0.0,-1,-0.0,1,0.0,1.0,0.0,1.0,0.0,-1.0,-0.0,0.0,0.0,1.0,0.0,-1.0,-0.0,-1.0,-0.0,1.0,0.0,-1.0,-0.0,1,0.0,0,0.0,-1.0,-0.0,0,0.0,-1.0,-0.0,1.0,0.0,-1,-0.0,1.0,0.0,0.0,0.0,1,0.0,1,0.0,-1.0,-0.0,-1.0,-0.0,1.0,0.0,1.0,0.0,1.0,0.0,1.0,0.0,1.0,0.0,-1,-0.0,0,0.0,1,0.0,1,0.0,-1,-0.0,1.0,0.0,-1.0,-0.0,1,0.0,1,0.0,1.0,0.0,0.0,0.0,1.0,0.0,-1.0,-0.0
20170516,@PXM7,1.0,0.00263009581063,26685.0,currency,1494967513,1.0,0.0,0.0,0.0,0.0,1.0,0.0,-1,-0.0,1.0,0.0,-1.0,-0.0,0.0,0.0,-1.0,-0.0,1.0,0.0,-1.0,-0.0,1.0,0.0,-1,-0.0,-1,-0.0,-1,-0.0,-1,-0.0,-1.0,-0.0,1.0,0.0,0.0,0.0,1.0,0.0,-1.0,-0.0,0,0.0,-1.0,-0.0,-1.0,-0.0,-1,-0.0,-1,-0.0,1.0,0.0,-1.0,-0.0,1.0,0.0,1.0,0.0,-1.0,-0.0,0.0,0.0,0.0,0.0,1.0,0.0,-1,-0.0,1.0,0.0,-1,-0.0,1.0,0.0,-1.0,-0.0,-1.0,-0.0,-1.0,-0.0,1.0,0.0,0.0,0.0,0.0,0.0,-1.0,-0.0,-1.0,-0.0,1.0,0.0,1.0,0.0,-1,-0.0,1,0.0,1.0,0.0,1.0,0.0,-1.0,-0.0,0.0,0.0,1.0,0.0,-1.0,-0.0,-1.0,-0.0,1.0,0.0,-1.0,-0.0,1,0.0,0,0.0,-1.0,-0.0,0,0.0,-1.0,-0.0,1.0,0.0,-1,-0.0,1.0,0.0,0.0,0.0,1,0.0,1,0.0,-1.0,-0.0,-1.0,-0.0,1.0,0.0,1.0,0.0,1.0,0.0,1.0,0.0,1.0,0.0,-1,-0.0,0,0.0,1,0.0,1,0.0,-1,-0.0,1.0,0.0,-1.0,-0.0,1,0.0,1,0.0,1.0,0.0,0.0,0.0,1.0,0.0,-1.0,-0.0
20170516,QCLN7,-1.0,-0.00813669650122,48760.0,energy,1494967513,1.0,-396.7453214,396.7453214,0.0,-0.0,1.0,-396.7453214,-1,396.7453214,-1.0,396.7453214,-1.0,396.7453214,0.0,-0.0,-1.0,396.7453214,1.0,-396.7453214,-1.0,396.7453214,1.0,-396.7453214,-1,396.7453214,-1,396.7453214,-1,396.7453214,-1,396.7453214,-1.0,396.7453214,-1.0,396.7453214,-1.0,396.7453214,-1.0,396.7453214,1.0,-396.7453214,0,-0.0,-1.0,396.7453214,-1.0,396.7453214,-1,396.7453214,0,-0.0,1.0,-396.7453214,1.0,-396.7453214,1.0,-396.7453214,1.0,-396.7453214,-1.0,396.7453214,0.0,-0.0,0.0,-0.0,1.0,-396.7453214,-1,396.7453214,1.0,-396.7453214,1,-396.7453214,1.0,-396.7453214,0.0,-0.0,-1.0,396.7453214,1.0,-396.7453214,1.0,-396.7453214,1.0,-396.7453214,-1.0,396.7453214,1.0,-396.7453214,-1.0,396.7453214,-1.0,396.7453214,1.0,-396.7453214,-1,396.7453214,1,-396.7453214,0.0,-0.0,1.0,-396.7453214,-1.0,396.7453214,1.0,-396.7453214,1.0,-396.7453214,-1.0,396.7453214,-1.0,396.7453214,1.0,-396.7453214,-1.0,396.7453214,1,-396.7453214,0,-0.0,-1.0,396.7453214,0,-0.0,-1.0,396.7453214,1.0,-396.7453214,-1,396.7453214,1.0,-396.7453214,0.0,-0.0,1,-396.7453214,0,-0.0,-1.0,396.7453214,-1.0,396.7453214,1.0,-396.7453214,1.0,-396.7453214,1.0,-396.7453214,-1.0,396.7453214,1.0,-396.7453214,-1,396.7453214,0,-0.0,1,-396.7453214,1,-396.7453214,-1,396.7453214,1.0,-396.7453214,-1.0,396.7453214,1,-396.7453214,1,-396.7453214,1.0,-396.7453214,0.0,-0.0,1.0,-396.7453214,-1.0,396.7453214
20170516,@LEQ7,-1.0,-0.00399831649832,47330.0,meat,1494957589,1.0,-0.0,0.0,-1.0,0.0,1.0,-0.0,-1,0.0,1.0,-0.0,-1.0,0.0,0.0,-0.0,1.0,-0.0,-1.0,0.0,1.0,-0.0,1.0,-0.0,0,-0.0,1,-0.0,-1,0.0,-1,0.0,1.0,-0.0,1.0,-0.0,0.0,-0.0,-1.0,0.0,1.0,-0.0,0,-0.0,-1.0,0.0,-1.0,0.0,-1,0.0,-1,0.0,0.0,-0.0,-1.0,0.0,-1.0,0.0,1.0,-0.0,-1.0,0.0,-1.0,0.0,1.0,-0.0,-1.0,0.0,1,-0.0,1.0,-0.0,-1,0.0,-1.0,0.0,-1.0,0.0,-1.0,0.0,-1.0,0.0,-1.0,0.0,0.0,-0.0,0.0,-0.0,1.0,-0.0,1.0,-0.0,-1.0,0.0,-1.0,0.0,1,-0.0,1,-0.0,1.0,-0.0,1.0,-0.0,1.0,-0.0,0.0,-0.0,-1.0,0.0,-1.0,0.0,-1.0,0.0,1.0,-0.0,1.0,-0.0,-1,0.0,0,-0.0,1.0,-0.0,0,-0.0,-1.0,0.0,1.0,-0.0,-1,0.0,-1.0,0.0,1.0,-0.0,1,-0.0,1,-0.0,0.0,-0.0,-1.0,0.0,1.0,-0.0,1.0,-0.0,1.0,-0.0,1.0,-0.0,-1.0,0.0,1,-0.0,0,-0.0,1,-0.0,1,-0.0,1,-0.0,-1.0,0.0,-1.0,0.0,0,-0.0,-1,0.0,1.0,-0.0,0.0,-0.0,-1.0,0.0,1.0,-0.0
20170516,@HEN7,1.0,0.0143586470964,31790.0,meat,1494957589,1.0,0.0,0.0,0.0,0.0,1.0,0.0,-1,-0.0,-1.0,-0.0,-1.0,-0.0,0.0,0.0,-1.0,-0.0,1.0,0.0,-1.0,-0.0,1.0,0.0,-1,-0.0,-1,-0.0,-1,-0.0,-1,-0.0,-1.0,-0.0,-1.0,-0.0,-1.0,-0.0,-1.0,-0.0,1.0,0.0,0,0.0,-1.0,-0.0,-1.0,-0.0,-1,-0.0,0,0.0,1.0,0.0,1.0,0.0,1.0,0.0,1.0,0.0,-1.0,-0.0,0.0,0.0,0.0,0.0,1.0,0.0,1,0.0,1.0,0.0,1,0.0,1.0,0.0,0.0,0.0,-1.0,-0.0,1.0,0.0,1.0,0.0,1.0,0.0,-1.0,-0.0,1.0,0.0,-1.0,-0.0,-1.0,-0.0,-1.0,-0.0,-1,-0.0,1,0.0,0.0,0.0,1.0,0.0,-1.0,-0.0,1.0,0.0,1.0,0.0,-1.0,-0.0,-1.0,-0.0,1.0,0.0,-1.0,-0.0,1,0.0,0,0.0,-1.0,-0.0,0,0.0,-1.0,-0.0,1.0,0.0,-1,-0.0,1.0,0.0,0.0,0.0,1,0.0,0,0.0,-1.0,-0.0,-1.0,-0.0,1.0,0.0,1.0,0.0,1.0,0.0,-1.0,-0.0,1.0,0.0,-1,-0.0,0,0.0,1,0.0,1,0.0,-1,-0.0,1.0,0.0,-1.0,-0.0,1,0.0,1,0.0,1.0,0.0,0.0,0.0,1.0,0.0,-1.0,-0.0
20170516,@BON7,1.0,0.00211992731678,19854.0,grain,1494958558,1.0,0.0,0.0,0.0,0.0,1.0,0.0,-1,-0.0,-1.0,-0.0,-1.0,-0.0,0.0,0.0,-1.0,-0.0,1.0,0.0,-1.0,-0.0,1.0,0.0,-1,-0.0,-1,-0.0,-1,-0.0,-1,-0.0,-1.0,-0.0,-1.0,-0.0,-1.0,-0.0,-1.0,-0.0,1.0,0.0,0,0.0,-1.0,-0.0,-1.0,-0.0,-1,-0.0,0,0.0,1.0,0.0,1.0,0.0,1.0,0.0,1.0,0.0,-1.0,-0.0,0.0,0.0,0.0,0.0,1.0,0.0,-1,-0.0,1.0,0.0,1,0.0,1.0,0.0,0.0,0.0,-1.0,-0.0,1.0,0.0,1.0,0.0,1.0,0.0,-1.0,-0.0,1.0,0.0,-1.0,-0.0,-1.0,-0.0,1.0,0.0,-1,-0.0,1,0.0,0.0,0.0,1.0,0.0,-1.0,-0.0,1.0,0.0,1.0,0.0,-1.0,-0.0,-1.0,-0.0,1.0,0.0,-1.0,-0.0,1,0.0,0,0.0,-1.0,-0.0,0,0.0,-1.0,-0.0,1.0,0.0,-1,-0.0,1.0,0.0,0.0,0.0,1,0.0,0,0.0,-1.0,-0.0,-1.0,-0.0,1.0,0.0,1.0,0.0,1.0,0.0,-1.0,-0.0,1.0,0.0,-1,-0.0,0,0.0,1,0.0,1,0.0,-1,-0.0,1.0,0.0,-1.0,-0.0,1,0.0,1,0.0,1.0,0.0,0.0,0.0,1.0,0.0,-1.0,-0.0
20170516,@BPM7,1.0,0.00185945610909,80818.75,currency,1494967513,1.0,0.0,0.0,0.0,0.0,1.0,0.0,-1,-0.0,1.0,0.0,-1.0,-0.0,0.0,0.0,-1.0,-0.0,1.0,0.0,-1.0,-0.0,1.0,0.0,-1,-0.0,-1,-0.0,-1,-0.0,-1,-0.0,-1.0,-0.0,1.0,0.0,0.0,0.0,1.0,0.0,-1.0,-0.0,0,0.0,-1.0,-0.0,-1.0,-0.0,-1,-0.0,-1,-0.0,1.0,0.0,-1.0,-0.0,1.0,0.0,1.0,0.0,-1.0,-0.0,0.0,0.0,0.0,0.0,1.0,0.0,-1,-0.0,1.0,0.0,-1,-0.0,1.0,0.0,-1.0,-0.0,-1.0,-0.0,-1.0,-0.0,1.0,0.0,0.0,0.0,0.0,0.0,-1.0,-0.0,-1.0,-0.0,1.0,0.0,1.0,0.0,-1,-0.0,1,0.0,1.0,0.0,1.0,0.0,-1.0,-0.0,0.0,0.0,1.0,0.0,-1.0,-0.0,-1.0,-0.0,1.0,0.0,-1.0,-0.0,1,0.0,0,0.0,-1.0,-0.0,0,0.0,-1.0,-0.0,1.0,0.0,-1,-0.0,1.0,0.0,0.0,0.0,1,0.0,1,0.0,-1.0,-0.0,-1.0,-0.0,1.0,0.0,1.0,0.0,1.0,0.0,1.0,0.0,1.0,0.0,-1,-0.0,0,0.0,1,0.0,1,0.0,-1,-0.0,1.0,0.0,-1.0,-0.0,1,0.0,1,0.0,1.0,0.0,0.0,0.0,1.0,0.0,-1.0,-0.0
20170516,@CN7,1.0,0.0,18387.5,grain,1494958558,1.0,0.0,0.0,0.0,0.0,1.0,0.0,-1,-0.0,1.0,0.0,-1.0,-0.0,0.0,0.0,1.0,0.0,-1.0,-0.0,1.0,0.0,-1.0,-0.0,-1,-0.0,-1,-0.0,-1,-0.0,-1,-0.0,1.0,0.0,1.0,0.0,0.0,0.0,-1.0,-0.0,1.0,0.0,0,0.0,-1.0,-0.0,-1.0,-0.0,-1,-0.0,-1,-0.0,1.0,0.0,-1.0,-0.0,1.0,0.0,1.0,0.0,1.0,0.0,0.0,0.0,0.0,0.0,-1.0,-0.0,-1,-0.0,1.0,0.0,-1,-0.0,-1.0,-0.0,-1.0,-0.0,-1.0,-0.0,-1.0,-0.0,-1.0,-0.0,0.0,0.0,0.0,0.0,1.0,0.0,1.0,0.0,-1.0,-0.0,1.0,0.0,-1,-0.0,1,0.0,1.0,0.0,1.0,0.0,1.0,0.0,0.0,0.0,-1.0,-0.0,-1.0,-0.0,-1.0,-0.0,1.0,0.0,1.0,0.0,-1,-0.0,0,0.0,-1.0,-0.0,0,0.0,-1.0,-0.0,-1.0,-0.0,-1,-0.0,1.0,0.0,0.0,0.0,1,0.0,1,0.0,-1.0,-0.0,-1.0,-0.0,1.0,0.0,1.0,0.0,1.0,0.0,1.0,0.0,-1.0,-0.0,1,0.0,0,0.0,1,0.0,1,0.0,1,0.0,-1.0,-0.0,1.0,0.0,1,0.0,1,0.0,1.0,0.0,0.0,0.0,-1.0,-0.0,1.0,0.0
20170516,@CDM7,1.0,0.00354609929078,73580.0,currency,1494967513,1.0,0.0,0.0,0.0,0.0,1.0,0.0,-1,-0.0,1.0,0.0,-1.0,-0.0,0.0,0.0,-1.0,-0.0,1.0,0.0,-1.0,-0.0,1.0,0.0,-1,-0.0,-1,-0.0,-1,-0.0,-1,-0.0,-1.0,-0.0,1.0,0.0,0.0,0.0,1.0,0.0,-1.0,-0.0,0,0.0,-1.0,-0.0,-1.0,-0.0,-1,-0.0,-1,-0.0,1.0,0.0,-1.0,-0.0,1.0,0.0,1.0,0.0,-1.0,-0.0,0.0,0.0,0.0,0.0,1.0,0.0,-1,-0.0,1.0,0.0,-1,-0.0,1.0,0.0,-1.0,-0.0,-1.0,-0.0,-1.0,-0.0,1.0,0.0,0.0,0.0,0.0,0.0,-1.0,-0.0,-1.0,-0.0,1.0,0.0,1.0,0.0,-1,-0.0,1,0.0,1.0,0.0,1.0,0.0,-1.0,-0.0,0.0,0.0,1.0,0.0,-1.0,-0.0,-1.0,-0.0,1.0,0.0,-1.0,-0.0,1,0.0,0,0.0,-1.0,-0.0,0,0.0,-1.0,-0.0,1.0,0.0,-1,-0.0,1.0,0.0,0.0,0.0,1,0.0,1,0.0,-1.0,-0.0,-1.0,-0.0,1.0,0.0,1.0,0.0,1.0,0.0,1.0,0.0,1.0,0.0,-1,-0.0,0,0.0,1,0.0,1,0.0,-1,-0.0,1.0,0.0,-1.0,-0.0,1,0.0,1,0.0,1.0,0.0,0.0,0.0,1.0,0.0,-1.0,-0.0
20170516,@EUM7,1.0,0.0100950388795,138831.25,currency,1494967513,1.0,1401.50686645,1401.50686645,0.0,0.0,1.0,1401.50686645,-1,-1401.50686645,1.0,1401.50686645,-1.0,-1401.50686645,0.0,0.0,-1.0,-1401.50686645,1.0,1401.50686645,-1.0,-1401.50686645,1.0,1401.50686645,-1,-1401.50686645,-1,-1401.50686645,-1,-1401.50686645,-1,-1401.50686645,-1.0,-1401.50686645,1.0,1401.50686645,0.0,0.0,1.0,1401.50686645,-1.0,-1401.50686645,0,0.0,-1.0,-1401.50686645,-1.0,-1401.50686645,-1,-1401.50686645,-1,-1401.50686645,1.0,1401.50686645,-1.0,-1401.50686645,1.0,1401.50686645,1.0,1401.50686645,-1.0,-1401.50686645,0.0,0.0,0.0,0.0,1.0,1401.50686645,-1,-1401.50686645,1.0,1401.50686645,-1,-1401.50686645,1.0,1401.50686645,-1.0,-1401.50686645,-1.0,-1401.50686645,-1.0,-1401.50686645,1.0,1401.50686645,0.0,0.0,0.0,0.0,-1.0,-1401.50686645,-1.0,-1401.50686645,1.0,1401.50686645,1.0,1401.50686645,-1,-1401.50686645,1,1401.50686645,1.0,1401.50686645,1.0,1401.50686645,-1.0,-1401.50686645,0.0,0.0,1.0,1401.50686645,-1.0,-1401.50686645,-1.0,-1401.50686645,1.0,1401.50686645,-1.0,-1401.50686645,1,1401.50686645,0,0.0,-1.0,-1401.50686645,0,0.0,-1.0,-1401.50686645,1.0,1401.50686645,-1,-1401.50686645,1.0,1401.50686645,0.0,0.0,1,1401.50686645,1,1401.50686645,-1.0,-1401.50686645,-1.0,-1401.50686645,1.0,1401.50686645,1.0,1401.50686645,1.0,1401.50686645,1.0,1401.50686645,1.0,1401.50686645,-1,-1401.50686645,0,0.0,1,1401.50686645,1,1401.50686645,-1,-1401.50686645,1.0,1401.50686645,-1.0,-1401.50686645,1,1401.50686645,1,1401.50686645,1.0,1401.50686645,0.0,0.0,1.0,1401.50686645,-1.0,-1401.50686645
20170516,@ADM7,1.0,0.00215953569982,74250.0,currency,1494967513,1.0,0.0,0.0,0.0,0.0,1.0,0.0,-1,-0.0,1.0,0.0,-1.0,-0.0,0.0,0.0,-1.0,-0.0,1.0,0.0,-1.0,-0.0,1.0,0.0,-1,-0.0,-1,-0.0,-1,-0.0,-1,-0.0,-1.0,-0.0,1.0,0.0,0.0,0.0,1.0,0.0,-1.0,-0.0,0,0.0,-1.0,-0.0,-1.0,-0.0,-1,-0.0,-1,-0.0,1.0,0.0,-1.0,-0.0,1.0,0.0,1.0,0.0,-1.0,-0.0,0.0,0.0,0.0,0.0,1.0,0.0,-1,-0.0,1.0,0.0,-1,-0.0,1.0,0.0,-1.0,-0.0,-1.0,-0.0,-1.0,-0.0,1.0,0.0,0.0,0.0,0.0,0.0,-1.0,-0.0,-1.0,-0.0,1.0,0.0,1.0,0.0,-1,-0.0,1,0.0,1.0,0.0,1.0,0.0,-1.0,-0.0,0.0,0.0,1.0,0.0,-1.0,-0.0,-1.0,-0.0,1.0,0.0,-1.0,-0.0,1,0.0,0,0.0,-1.0,-0.0,0,0.0,-1.0,-0.0,1.0,0.0,-1,-0.0,1.0,0.0,0.0,0.0,1,0.0,1,0.0,-1.0,-0.0,-1.0,-0.0,1.0,0.0,1.0,0.0,1.0,0.0,1.0,0.0,1.0,0.0,-1,-0.0,0,0.0,1,0.0,1,0.0,-1,-0.0,1.0,0.0,-1.0,-0.0,1,0.0,1,0.0,1.0,0.0,0.0,0.0,1.0,0.0,-1.0,-0.0
20170516,@ESM7,-1.0,-0.000416927246196,119875.0,index,1494967513,1.0,-49.9791536377,49.9791536377,0.0,-0.0,-1.0,49.9791536377,-1,49.9791536377,-1.0,49.9791536377,-1.0,49.9791536377,1.0,-49.9791536377,1.0,-49.9791536377,1.0,-49.9791536377,-1.0,49.9791536377,1.0,-49.9791536377,-1,49.9791536377,-1,49.9791536377,-1,49.9791536377,0,-0.0,-1.0,49.9791536377,-1.0,49.9791536377,-1.0,49.9791536377,-1.0,49.9791536377,1.0,-49.9791536377,1,-41.6927246196,-1.0,49.9791536377,1.0,-49.9791536377,-1,49.9791536377,0,-0.0,1.0,-49.9791536377,1.0,-49.9791536377,1.0,-49.9791536377,1.0,-49.9791536377,-1.0,49.9791536377,0.0,-0.0,0.0,-0.0,1.0,-49.9791536377,-1,49.9791536377,1.0,-49.9791536377,1,-49.9791536377,1.0,-49.9791536377,0.0,-0.0,-1.0,49.9791536377,1.0,-49.9791536377,1.0,-49.9791536377,1.0,-49.9791536377,-1.0,49.9791536377,1.0,-49.9791536377,-1.0,49.9791536377,-1.0,49.9791536377,1.0,-49.9791536377,-1,49.9791536377,1,-49.9791536377,0.0,-0.0,1.0,-49.9791536377,-1.0,49.9791536377,1.0,-49.9791536377,1.0,-49.9791536377,-1.0,49.9791536377,-1.0,49.9791536377,-1.0,49.9791536377,-1.0,49.9791536377,1,-49.9791536377,0,-0.0,-1.0,49.9791536377,0,-0.0,-1.0,49.9791536377,1.0,-49.9791536377,1,-49.9791536377,1.0,-49.9791536377,0.0,-0.0,1,-49.9791536377,0,-0.0,-1.0,49.9791536377,-1.0,49.9791536377,1.0,-49.9791536377,1.0,-49.9791536377,1.0,-49.9791536377,-1.0,49.9791536377,1.0,-49.9791536377,-1,49.9791536377,0,-0.0,0,-0.0,1,-49.9791536377,-1,49.9791536377,1.0,-49.9791536377,-1.0,49.9791536377,1,-49.9791536377,1,-49.9791536377,1.0,-49.9791536377,-1.0,49.9791536377,-1.0,49.9791536377,-1.0,49.9791536377
20170516,@GFQ7,-1.0,-0.0107184726177,73837.5,meat,1494957589,1.0,-0.0,0.0,-1.0,0.0,-1.0,0.0,1,-0.0,-1.0,0.0,-1.0,0.0,1.0,-0.0,1.0,-0.0,1.0,-0.0,1.0,-0.0,1.0,-0.0,0,-0.0,1,-0.0,-1,0.0,0,-0.0,1.0,-0.0,1.0,-0.0,-1.0,0.0,-1.0,0.0,1.0,-0.0,0,-0.0,1.0,-0.0,-1.0,0.0,1,-0.0,0,-0.0,0.0,-0.0,-1.0,0.0,-1.0,0.0,1.0,-0.0,-1.0,0.0,-1.0,0.0,1.0,-0.0,-1.0,0.0,1,-0.0,1.0,-0.0,1,-0.0,-1.0,0.0,0.0,-0.0,1.0,-0.0,-1.0,0.0,1.0,-0.0,1.0,-0.0,-1.0,0.0,1.0,-0.0,-1.0,0.0,-1.0,0.0,-1.0,0.0,1,-0.0,-1,0.0,0.0,-0.0,-1.0,0.0,-1.0,0.0,1.0,-0.0,1.0,-0.0,-1.0,0.0,0.0,-0.0,1.0,-0.0,1.0,-0.0,1,-0.0,1,-0.0,1.0,-0.0,0,-0.0,-1.0,0.0,1.0,-0.0,1,-0.0,-1.0,0.0,1.0,-0.0,-1,0.0,0,-0.0,0.0,-0.0,1.0,-0.0,-1.0,0.0,1.0,-0.0,0.0,-0.0,1.0,-0.0,-1.0,0.0,-1,0.0,-1,0.0,0,-0.0,-1,0.0,1,-0.0,-1.0,0.0,-1.0,0.0,0,-0.0,-1,0.0,1.0,-0.0,-1.0,0.0,-1.0,0.0,-1.0,0.0
20170516,@FVM7,1.0,0.000594451783355,118351.5625,rates,1494967513,1.0,0.0,0.0,0.0,0.0,-1.0,-0.0,1,0.0,-1.0,-0.0,1.0,0.0,0.0,0.0,1.0,0.0,-1.0,-0.0,1.0,0.0,-1.0,-0.0,1,0.0,1,0.0,1,0.0,1,0.0,1.0,0.0,-1.0,-0.0,0.0,0.0,-1.0,-0.0,1.0,0.0,0,0.0,1.0,0.0,1.0,0.0,1,0.0,1,0.0,-1.0,-0.0,1.0,0.0,-1.0,-0.0,-1.0,-0.0,1.0,0.0,0.0,0.0,0.0,0.0,-1.0,-0.0,-1,-0.0,-1.0,-0.0,1,0.0,-1.0,-0.0,1.0,0.0,1.0,0.0,1.0,0.0,-1.0,-0.0,0.0,0.0,0.0,0.0,1.0,0.0,1.0,0.0,-1.0,-0.0,1.0,0.0,1,0.0,-1,-0.0,-1.0,-0.0,-1.0,-0.0,1.0,0.0,0.0,0.0,-1.0,-0.0,1.0,0.0,1.0,0.0,-1.0,-0.0,1.0,0.0,-1,-0.0,0,0.0,1.0,0.0,0,0.0,1.0,0.0,-1.0,-0.0,1,0.0,-1.0,-0.0,0.0,0.0,-1,-0.0,-1,-0.0,1.0,0.0,1.0,0.0,-1.0,-0.0,-1.0,-0.0,-1.0,-0.0,-1.0,-0.0,-1.0,-0.0,1,0.0,0,0.0,-1,-0.0,-1,-0.0,1,0.0,-1.0,-0.0,1.0,0.0,-1,-0.0,-1,-0.0,-1.0,-0.0,0.0,0.0,-1.0,-0.0,1.0,0.0
20170516,QGCM7,1.0,0.00560975609756,123690.0,metal,1494967513,1.0,0.0,0.0,0.0,0.0,-1.0,-0.0,1,0.0,1.0,0.0,1.0,0.0,0.0,0.0,-1.0,-0.0,1.0,0.0,-1.0,-0.0,1.0,0.0,1,0.0,1,0.0,1,0.0,1,0.0,-1.0,-0.0,-1.0,-0.0,1.0,0.0,1.0,0.0,-1.0,-0.0,0,0.0,-1.0,-0.0,1.0,0.0,-1,-0.0,0,0.0,-1.0,-0.0,1.0,0.0,-1.0,-0.0,-1.0,-0.0,-1.0,-0.0,0.0,0.0,0.0,0.0,1.0,0.0,-1,-0.0,-1.0,-0.0,-1,-0.0,1.0,0.0,0.0,0.0,-1.0,-0.0,1.0,0.0,-1.0,-0.0,-1.0,-0.0,1.0,0.0,-1.0,-0.0,1.0,0.0,1.0,0.0,1.0,0.0,1,0.0,1,0.0,0.0,0.0,1.0,0.0,1.0,0.0,-1.0,-0.0,-1.0,-0.0,1.0,0.0,0.0,0.0,-1.0,-0.0,-1.0,-0.0,-1,-0.0,-1,-0.0,1.0,0.0,0,0.0,1.0,0.0,1.0,0.0,1,0.0,-1.0,-0.0,0.0,0.0,1,0.0,0,0.0,1.0,0.0,-1.0,-0.0,1.0,0.0,-1.0,-0.0,0.0,0.0,-1.0,-0.0,1.0,0.0,1,0.0,1,0.0,-1,-0.0,-1,-0.0,-1,-0.0,1.0,0.0,-1.0,-0.0,-1,-0.0,-1,-0.0,-1.0,-0.0,0.0,0.0,1.0,0.0,-1.0,-0.0
20170516,QHGN7,1.0,0.00452934226073,63762.5,metal,1494967513,1.0,288.8021859,288.8021859,0.0,0.0,1.0,288.8021859,-1,-288.8021859,1.0,288.8021859,-1.0,-288.8021859,0.0,0.0,-1.0,-288.8021859,1.0,288.8021859,-1.0,-288.8021859,1.0,288.8021859,-1,-288.8021859,-1,-288.8021859,-1,-288.8021859,-1,-288.8021859,-1.0,-288.8021859,1.0,288.8021859,0.0,0.0,1.0,288.8021859,-1.0,-288.8021859,0,0.0,-1.0,-288.8021859,-1.0,-288.8021859,-1,-288.8021859,-1,-288.8021859,1.0,288.8021859,-1.0,-288.8021859,1.0,288.8021859,1.0,288.8021859,-1.0,-288.8021859,0.0,0.0,0.0,0.0,1.0,288.8021859,-1,-288.8021859,1.0,288.8021859,-1,-288.8021859,1.0,288.8021859,-1.0,-288.8021859,-1.0,-288.8021859,-1.0,-288.8021859,1.0,288.8021859,0.0,0.0,0.0,0.0,-1.0,-288.8021859,-1.0,-288.8021859,1.0,288.8021859,1.0,288.8021859,-1,-288.8021859,1,288.8021859,1.0,288.8021859,1.0,288.8021859,-1.0,-288.8021859,0.0,0.0,1.0,288.8021859,-1.0,-288.8021859,-1.0,-288.8021859,1.0,288.8021859,-1.0,-288.8021859,1,288.8021859,0,0.0,-1.0,-288.8021859,0,0.0,-1.0,-288.8021859,1.0,288.8021859,-1,-288.8021859,1.0,288.8021859,0.0,0.0,1,288.8021859,1,288.8021859,-1.0,-288.8021859,-1.0,-288.8021859,1.0,288.8021859,1.0,288.8021859,1.0,288.8021859,1.0,288.8021859,1.0,288.8021859,-1,-288.8021859,0,0.0,1,288.8021859,1,288.8021859,-1,-288.8021859,1.0,288.8021859,-1.0,-288.8021859,1,288.8021859,1,288.8021859,1.0,288.8021859,0.0,0.0,1.0,288.8021859,-1.0,-288.8021859
20170516,QHON7,1.0,0.000131908719166,63688.8,energy,1494967513,1.0,0.0,0.0,0.0,0.0,1.0,0.0,-1,-0.0,1.0,0.0,-1.0,-0.0,0.0,0.0,-1.0,-0.0,1.0,0.0,-1.0,-0.0,1.0,0.0,-1,-0.0,-1,-0.0,-1,-0.0,-1,-0.0,-1.0,-0.0,1.0,0.0,0.0,0.0,1.0,0.0,-1.0,-0.0,0,0.0,-1.0,-0.0,-1.0,-0.0,-1,-0.0,-1,-0.0,1.0,0.0,-1.0,-0.0,1.0,0.0,1.0,0.0,-1.0,-0.0,0.0,0.0,0.0,0.0,1.0,0.0,-1,-0.0,1.0,0.0,-1,-0.0,1.0,0.0,-1.0,-0.0,-1.0,-0.0,-1.0,-0.0,1.0,0.0,0.0,0.0,0.0,0.0,-1.0,-0.0,-1.0,-0.0,1.0,0.0,1.0,0.0,-1,-0.0,1,0.0,1.0,0.0,1.0,0.0,-1.0,-0.0,0.0,0.0,1.0,0.0,-1.0,-0.0,-1.0,-0.0,1.0,0.0,-1.0,-0.0,1,0.0,0,0.0,-1.0,-0.0,0,0.0,-1.0,-0.0,1.0,0.0,-1,-0.0,1.0,0.0,0.0,0.0,1,0.0,1,0.0,-1.0,-0.0,-1.0,-0.0,1.0,0.0,1.0,0.0,1.0,0.0,1.0,0.0,1.0,0.0,-1,-0.0,0,0.0,1,0.0,1,0.0,-1,-0.0,1.0,0.0,-1.0,-0.0,1,0.0,1,0.0,1.0,0.0,0.0,0.0,1.0,0.0,-1.0,-0.0
20170516,@EMDM7,-1.0,-0.00109858340561,172760.0,index,1494967513,1.0,-189.791269153,189.791269153,0.0,-0.0,1.0,-189.791269153,-1,189.791269153,-1.0,189.791269153,-1.0,189.791269153,0.0,-0.0,-1.0,189.791269153,1.0,-189.791269153,-1.0,189.791269153,1.0,-189.791269153,-1,189.791269153,-1,189.791269153,-1,189.791269153,-1,189.791269153,-1.0,189.791269153,-1.0,189.791269153,-1.0,189.791269153,-1.0,189.791269153,1.0,-189.791269153,0,-0.0,-1.0,189.791269153,-1.0,189.791269153,-1,189.791269153,0,-0.0,1.0,-189.791269153,1.0,-189.791269153,1.0,-189.791269153,1.0,-189.791269153,-1.0,189.791269153,0.0,-0.0,0.0,-0.0,1.0,-189.791269153,-1,189.791269153,1.0,-189.791269153,1,-189.791269153,1.0,-189.791269153,0.0,-0.0,-1.0,189.791269153,1.0,-189.791269153,1.0,-189.791269153,1.0,-189.791269153,-1.0,189.791269153,1.0,-189.791269153,-1.0,189.791269153,-1.0,189.791269153,1.0,-189.791269153,-1,189.791269153,1,-189.791269153,0.0,-0.0,1.0,-189.791269153,-1.0,189.791269153,1.0,-189.791269153,1.0,-189.791269153,-1.0,189.791269153,-1.0,189.791269153,1.0,-189.791269153,-1.0,189.791269153,1,-189.791269153,0,-0.0,-1.0,189.791269153,0,-0.0,-1.0,189.791269153,1.0,-189.791269153,-1,189.791269153,1.0,-189.791269153,0.0,-0.0,1,-189.791269153,0,-0.0,-1.0,189.791269153,-1.0,189.791269153,1.0,-189.791269153,1.0,-189.791269153,1.0,-189.791269153,-1.0,189.791269153,1.0,-189.791269153,-1,189.791269153,0,-0.0,1,-189.791269153,1,-189.791269153,-1,189.791269153,1.0,-189.791269153,-1.0,189.791269153,1,-189.791269153,1,-189.791269153,1.0,-189.791269153,0.0,-0.0,1.0,-189.791269153,-1.0,189.791269153
20170517,@PXM7,-1.0,-0.00318411687582,26610.0,currency,1495069307,1.0,-0.0,0.0,-1.0,0.0,-1.0,0.0,-1,0.0,1.0,-0.0,1.0,-0.0,1.0,-0.0,1.0,-0.0,1.0,-0.0,1.0,-0.0,1.0,-0.0,0,-0.0,-1,0.0,-1,0.0,0,-0.0,1.0,-0.0,1.0,-0.0,0.0,-0.0,1.0,-0.0,-1.0,0.0,0,-0.0,-1.0,0.0,1.0,-0.0,-1,0.0,-1,0.0,0.0,-0.0,-1.0,0.0,1.0,-0.0,-1.0,0.0,-1.0,0.0,-1.0,0.0,1.0,-0.0,-1.0,0.0,-1,0.0,1.0,-0.0,-1,0.0,1.0,-0.0,-1.0,0.0,-1.0,0.0,-1.0,0.0,1.0,-0.0,0.0,-0.0,0.0,-0.0,-1.0,0.0,-1.0,0.0,1.0,-0.0,1.0,-0.0,1,-0.0,1,-0.0,1.0,-0.0,1.0,-0.0,-1.0,0.0,0.0,-0.0,1.0,-0.0,-1.0,0.0,-1.0,0.0,-1.0,0.0,-1.0,0.0,1,-0.0,0,-0.0,-1.0,0.0,0,-0.0,1.0,-0.0,1.0,-0.0,1,-0.0,-1.0,0.0,1.0,-0.0,1,-0.0,1,-0.0,0.0,-0.0,-1.0,0.0,1.0,-0.0,1.0,-0.0,1.0,-0.0,1.0,-0.0,1.0,-0.0,-1,0.0,0,-0.0,0,-0.0,1,-0.0,-1,0.0,-1.0,0.0,-1.0,0.0,0,-0.0,1,-0.0,-1.0,0.0,-1.0,0.0,-1.0,0.0,-1.0,0.0
20170517,@NEM7,1.0,0.00697269029634,69320.0,currency,1495069307,1.0,0.0,0.0,-1.0,-0.0,1.0,0.0,-1,-0.0,1.0,0.0,1.0,0.0,0.0,0.0,-1.0,-0.0,1.0,0.0,1.0,0.0,1.0,0.0,0,0.0,-1,-0.0,-1,-0.0,-1,-0.0,1.0,0.0,1.0,0.0,0.0,0.0,1.0,0.0,-1.0,-0.0,0,0.0,-1.0,-0.0,-1.0,-0.0,-1,-0.0,-1,-0.0,0.0,0.0,-1.0,-0.0,1.0,0.0,-1.0,-0.0,-1.0,-0.0,-1.0,-0.0,1.0,0.0,-1.0,-0.0,-1,-0.0,1.0,0.0,-1,-0.0,1.0,0.0,-1.0,-0.0,-1.0,-0.0,-1.0,-0.0,1.0,0.0,0.0,0.0,0.0,0.0,-1.0,-0.0,-1.0,-0.0,1.0,0.0,1.0,0.0,1,0.0,1,0.0,1.0,0.0,1.0,0.0,-1.0,-0.0,0.0,0.0,1.0,0.0,-1.0,-0.0,-1.0,-0.0,1.0,0.0,-1.0,-0.0,1,0.0,0,0.0,-1.0,-0.0,0,0.0,1.0,0.0,1.0,0.0,-1,-0.0,-1.0,-0.0,1.0,0.0,1,0.0,1,0.0,0.0,0.0,-1.0,-0.0,1.0,0.0,1.0,0.0,1.0,0.0,1.0,0.0,1.0,0.0,-1,-0.0,0,0.0,1,0.0,1,0.0,-1,-0.0,-1.0,-0.0,-1.0,-0.0,0,0.0,1,0.0,-1.0,-0.0,0.0,0.0,1.0,0.0,-1.0,-0.0
20170517,QNGN7,-1.0,-0.00965309200603,32830.0,energy,1495069307,1.0,-316.911010558,316.911010558,0.0,-0.0,1.0,-316.911010558,-1,316.911010558,-1.0,316.911010558,-1.0,316.911010558,0.0,-0.0,1.0,-316.911010558,-1.0,316.911010558,1.0,-316.911010558,-1.0,316.911010558,-1,316.911010558,-1,316.911010558,-1,316.911010558,-1,316.911010558,1.0,-316.911010558,1.0,-316.911010558,-1.0,316.911010558,-1.0,316.911010558,1.0,-316.911010558,0,-0.0,1.0,-316.911010558,-1.0,316.911010558,1,-316.911010558,0,-0.0,1.0,-316.911010558,-1.0,316.911010558,1.0,-316.911010558,1.0,-316.911010558,1.0,-316.911010558,0.0,-0.0,0.0,-0.0,-1.0,316.911010558,-1,316.911010558,1.0,-316.911010558,1,-316.911010558,-1.0,316.911010558,0.0,-0.0,1.0,-316.911010558,-1.0,316.911010558,1.0,-316.911010558,1.0,-316.911010558,-1.0,316.911010558,1.0,-316.911010558,-1.0,316.911010558,-1.0,316.911010558,1.0,-316.911010558,-1,316.911010558,-1,316.911010558,0.0,-0.0,-1.0,316.911010558,-1.0,316.911010558,1.0,-316.911010558,1.0,-316.911010558,-1.0,316.911010558,0.0,-0.0,1.0,-316.911010558,1.0,-316.911010558,1,-316.911010558,1,-316.911010558,-1.0,316.911010558,0,-0.0,-1.0,316.911010558,-1.0,316.911010558,-1,316.911010558,1.0,-316.911010558,0.0,-0.0,-1,316.911010558,0,-0.0,-1.0,316.911010558,1.0,-316.911010558,-1.0,316.911010558,1.0,-316.911010558,0.0,-0.0,1.0,-316.911010558,-1.0,316.911010558,-1,316.911010558,-1,316.911010558,1,-316.911010558,1,-316.911010558,1,-316.911010558,-1.0,316.911010558,1.0,-316.911010558,1,-316.911010558,1,-316.911010558,1.0,-316.911010558,0.0,-0.0,-1.0,316.911010558,1.0,-316.911010558
20170517,@NKDM7,-1.0,-0.0201460589272,87658.8267099,index,1495069307,1.0,-0.0,0.0,0.0,-0.0,1.0,-0.0,-1,0.0,-1.0,0.0,-1.0,0.0,0.0,-0.0,1.0,-0.0,-1.0,0.0,1.0,-0.0,-1.0,0.0,-1,0.0,-1,0.0,-1,0.0,-1,0.0,1.0,-0.0,1.0,-0.0,-1.0,0.0,-1.0,0.0,1.0,-0.0,0,-0.0,-1.0,0.0,-1.0,0.0,1,-0.0,0,-0.0,1.0,-0.0,-1.0,0.0,1.0,-0.0,1.0,-0.0,1.0,-0.0,0.0,-0.0,0.0,-0.0,-1.0,0.0,1,-0.0,1.0,-0.0,1,-0.0,-1.0,0.0,0.0,-0.0,1.0,-0.0,-1.0,0.0,1.0,-0.0,1.0,-0.0,-1.0,0.0,1.0,-0.0,-1.0,0.0,-1.0,0.0,-1.0,0.0,-1,0.0,1,-0.0,0.0,-0.0,-1.0,0.0,-1.0,0.0,1.0,-0.0,1.0,-0.0,-1.0,0.0,-1.0,0.0,1.0,-0.0,1.0,-0.0,-1,0.0,0,-0.0,-1.0,0.0,0,-0.0,-1.0,0.0,-1.0,0.0,-1,0.0,1.0,-0.0,0.0,-0.0,-1,0.0,0,-0.0,-1.0,0.0,-1.0,0.0,1.0,-0.0,1.0,-0.0,1.0,-0.0,1.0,-0.0,-1.0,0.0,1,-0.0,0,-0.0,1,-0.0,1,-0.0,1,-0.0,-1.0,0.0,1.0,-0.0,1,-0.0,1,-0.0,1.0,-0.0,0.0,-0.0,-1.0,0.0,1.0,-0.0
20170517,@NQM7,-1.0,-0.0254181770538,111575.0,index,1495069307,1.0,-0.0,0.0,0.0,-0.0,1.0,-0.0,-1,0.0,1.0,-0.0,-1.0,0.0,0.0,-0.0,-1.0,0.0,1.0,-0.0,-1.0,0.0,1.0,-0.0,-1,0.0,-1,0.0,-1,0.0,-1,0.0,-1.0,0.0,1.0,-0.0,0.0,-0.0,1.0,-0.0,-1.0,0.0,0,-0.0,-1.0,0.0,-1.0,0.0,-1,0.0,-1,0.0,1.0,-0.0,-1.0,0.0,1.0,-0.0,1.0,-0.0,-1.0,0.0,0.0,-0.0,0.0,-0.0,1.0,-0.0,-1,0.0,1.0,-0.0,-1,0.0,1.0,-0.0,-1.0,0.0,-1.0,0.0,-1.0,0.0,1.0,-0.0,0.0,-0.0,0.0,-0.0,-1.0,0.0,-1.0,0.0,1.0,-0.0,1.0,-0.0,-1,0.0,1,-0.0,1.0,-0.0,1.0,-0.0,-1.0,0.0,0.0,-0.0,1.0,-0.0,-1.0,0.0,-1.0,0.0,1.0,-0.0,-1.0,0.0,1,-0.0,0,-0.0,-1.0,0.0,0,-0.0,-1.0,0.0,1.0,-0.0,-1,0.0,1.0,-0.0,0.0,-0.0,1,-0.0,1,-0.0,-1.0,0.0,-1.0,0.0,1.0,-0.0,1.0,-0.0,1.0,-0.0,1.0,-0.0,1.0,-0.0,-1,0.0,0,-0.0,1,-0.0,1,-0.0,-1,0.0,1.0,-0.0,-1.0,0.0,1,-0.0,1,-0.0,1.0,-0.0,0.0,-0.0,1.0,-0.0,-1.0,0.0
20170517,QPAM7,-1.0,-0.0189393939394,77700.0,metal,1495069307,1.0,-0.0,0.0,0.0,-0.0,1.0,-0.0,-1,0.0,1.0,-0.0,-1.0,0.0,0.0,-0.0,1.0,-0.0,-1.0,0.0,1.0,-0.0,-1.0,0.0,-1,0.0,-1,0.0,-1,0.0,-1,0.0,1.0,-0.0,1.0,-0.0,0.0,-0.0,-1.0,0.0,1.0,-0.0,0,-0.0,-1.0,0.0,-1.0,0.0,-1,0.0,-1,0.0,1.0,-0.0,-1.0,0.0,1.0,-0.0,1.0,-0.0,1.0,-0.0,0.0,-0.0,0.0,-0.0,-1.0,0.0,-1,0.0,1.0,-0.0,-1,0.0,-1.0,0.0,-1.0,0.0,-1.0,0.0,-1.0,0.0,-1.0,0.0,0.0,-0.0,0.0,-0.0,1.0,-0.0,1.0,-0.0,-1.0,0.0,1.0,-0.0,-1,0.0,1,-0.0,1.0,-0.0,1.0,-0.0,1.0,-0.0,0.0,-0.0,-1.0,0.0,-1.0,0.0,-1.0,0.0,1.0,-0.0,1.0,-0.0,-1,0.0,0,-0.0,-1.0,0.0,0,-0.0,-1.0,0.0,-1.0,0.0,-1,0.0,1.0,-0.0,0.0,-0.0,1,-0.0,1,-0.0,-1.0,0.0,-1.0,0.0,1.0,-0.0,1.0,-0.0,1.0,-0.0,1.0,-0.0,-1.0,0.0,1,-0.0,0,-0.0,1,-0.0,1,-0.0,1,-0.0,-1.0,0.0,1.0,-0.0,1,-0.0,1,-0.0,1.0,-0.0,0.0,-0.0,-1.0,0.0,1.0,-0.0
20170517,@SFM7,1.0,0.00599685410932,127912.5,currency,1495069307,1.0,0.0,0.0,0.0,0.0,1.0,0.0,-1,-0.0,1.0,0.0,-1.0,-0.0,0.0,0.0,-1.0,-0.0,1.0,0.0,-1.0,-0.0,1.0,0.0,-1,-0.0,-1,-0.0,-1,-0.0,-1,-0.0,-1.0,-0.0,1.0,0.0,0.0,0.0,1.0,0.0,-1.0,-0.0,0,0.0,-1.0,-0.0,-1.0,-0.0,-1,-0.0,-1,-0.0,1.0,0.0,-1.0,-0.0,1.0,0.0,1.0,0.0,-1.0,-0.0,0.0,0.0,0.0,0.0,1.0,0.0,-1,-0.0,1.0,0.0,-1,-0.0,1.0,0.0,-1.0,-0.0,-1.0,-0.0,-1.0,-0.0,1.0,0.0,0.0,0.0,0.0,0.0,-1.0,-0.0,-1.0,-0.0,1.0,0.0,1.0,0.0,-1,-0.0,1,0.0,1.0,0.0,1.0,0.0,-1.0,-0.0,0.0,0.0,1.0,0.0,-1.0,-0.0,-1.0,-0.0,1.0,0.0,-1.0,-0.0,1,0.0,0,0.0,-1.0,-0.0,0,0.0,-1.0,-0.0,1.0,0.0,-1,-0.0,1.0,0.0,0.0,0.0,1,0.0,1,0.0,-1.0,-0.0,-1.0,-0.0,1.0,0.0,1.0,0.0,1.0,0.0,1.0,0.0,1.0,0.0,-1,-0.0,0,0.0,1,0.0,1,0.0,-1,-0.0,1.0,0.0,-1.0,-0.0,1,0.0,1,0.0,1.0,0.0,0.0,0.0,1.0,0.0,-1.0,-0.0
20170517,QRBN7,-1.0,-0.000624414611302,67221.0,energy,1495069307,1.0,-0.0,0.0,0.0,-0.0,-1.0,0.0,-1,0.0,-1.0,0.0,-1.0,0.0,1.0,-0.0,1.0,-0.0,1.0,-0.0,-1.0,0.0,1.0,-0.0,-1,0.0,-1,0.0,-1,0.0,0,-0.0,-1.0,0.0,-1.0,0.0,-1.0,0.0,-1.0,0.0,1.0,-0.0,0,-0.0,-1.0,0.0,1.0,-0.0,-1,0.0,0,-0.0,1.0,-0.0,1.0,-0.0,1.0,-0.0,1.0,-0.0,-1.0,0.0,0.0,-0.0,0.0,-0.0,1.0,-0.0,-1,0.0,1.0,-0.0,1,-0.0,1.0,-0.0,0.0,-0.0,-1.0,0.0,1.0,-0.0,1.0,-0.0,1.0,-0.0,-1.0,0.0,1.0,-0.0,-1.0,0.0,-1.0,0.0,1.0,-0.0,-1,0.0,1,-0.0,0.0,-0.0,1.0,-0.0,-1.0,0.0,1.0,-0.0,1.0,-0.0,-1.0,0.0,-1.0,0.0,-1.0,0.0,-1.0,0.0,1,-0.0,0,-0.0,-1.0,0.0,0,-0.0,-1.0,0.0,1.0,-0.0,1,-0.0,1.0,-0.0,0.0,-0.0,1,-0.0,0,-0.0,-1.0,0.0,-1.0,0.0,1.0,-0.0,1.0,-0.0,1.0,-0.0,-1.0,0.0,1.0,-0.0,-1,0.0,0,-0.0,0,-0.0,1,-0.0,-1,0.0,1.0,-0.0,-1.0,0.0,1,-0.0,1,-0.0,1.0,-0.0,-1.0,0.0,-1.0,0.0,-1.0,0.0
20170517,@SN7,-1.0,-0.000512163892446,48787.5,grain,1495069307,1.0,-0.0,0.0,-1.0,0.0,-1.0,0.0,-1,0.0,1.0,-0.0,1.0,-0.0,1.0,-0.0,1.0,-0.0,1.0,-0.0,1.0,-0.0,1.0,-0.0,0,-0.0,-1,0.0,-1,0.0,0,-0.0,1.0,-0.0,1.0,-0.0,0.0,-0.0,1.0,-0.0,-1.0,0.0,0,-0.0,-1.0,0.0,1.0,-0.0,-1,0.0,-1,0.0,0.0,-0.0,-1.0,0.0,1.0,-0.0,-1.0,0.0,-1.0,0.0,-1.0,0.0,1.0,-0.0,-1.0,0.0,1,-0.0,1.0,-0.0,-1,0.0,1.0,-0.0,-1.0,0.0,-1.0,0.0,-1.0,0.0,1.0,-0.0,0.0,-0.0,0.0,-0.0,-1.0,0.0,-1.0,0.0,1.0,-0.0,-1.0,0.0,1,-0.0,1,-0.0,1.0,-0.0,1.0,-0.0,-1.0,0.0,0.0,-0.0,1.0,-0.0,-1.0,0.0,-1.0,0.0,-1.0,0.0,-1.0,0.0,1,-0.0,0,-0.0,-1.0,0.0,0,-0.0,1.0,-0.0,1.0,-0.0,1,-0.0,-1.0,0.0,1.0,-0.0,1,-0.0,1,-0.0,0.0,-0.0,-1.0,0.0,1.0,-0.0,1.0,-0.0,1.0,-0.0,1.0,-0.0,1.0,-0.0,-1,0.0,0,-0.0,0,-0.0,1,-0.0,-1,0.0,-1.0,0.0,-1.0,0.0,0,-0.0,1,-0.0,-1.0,0.0,-1.0,0.0,-1.0,0.0,-1.0,0.0
20170517,QSIN7,1.0,0.00949423777393,84530.0,metal,1495069307,1.0,0.0,0.0,1.0,0.0,-1.0,-0.0,1,0.0,-1.0,-0.0,1.0,0.0,0.0,0.0,-1.0,-0.0,1.0,0.0,-1.0,-0.0,-1.0,-0.0,0,0.0,-1,-0.0,1,0.0,1,0.0,-1.0,-0.0,-1.0,-0.0,0.0,0.0,1.0,0.0,-1.0,-0.0,0,0.0,-1.0,-0.0,1.0,0.0,1,0.0,1,0.0,0.0,0.0,1.0,0.0,1.0,0.0,-1.0,-0.0,1.0,0.0,1.0,0.0,-1.0,-0.0,1.0,0.0,-1,-0.0,-1.0,-0.0,1,0.0,1.0,0.0,1.0,0.0,1.0,0.0,1.0,0.0,1.0,0.0,0.0,0.0,0.0,0.0,-1.0,-0.0,-1.0,-0.0,1.0,0.0,1.0,0.0,-1,-0.0,1,0.0,-1.0,-0.0,-1.0,-0.0,-1.0,-0.0,0.0,0.0,1.0,0.0,1.0,0.0,0.0,0.0,-1.0,-0.0,-1.0,-0.0,-1,-0.0,-1,-0.0,-1.0,-0.0,0,0.0,1.0,0.0,-1.0,-0.0,1,0.0,1.0,0.0,-1.0,-0.0,-1,-0.0,-1,-0.0,0.0,0.0,-1.0,-0.0,1.0,0.0,-1.0,-0.0,0.0,0.0,-1.0,-0.0,1.0,0.0,1,0.0,1,0.0,-1,-0.0,-1,-0.0,-1,-0.0,1.0,0.0,1.0,0.0,0,0.0,1,0.0,-1.0,-0.0,0.0,0.0,1.0,0.0,-1.0,-0.0
20170517,@SMN7,-1.0,-0.00536277602524,31530.0,grain,1495069307,1.0,-169.088328076,169.088328076,0.0,-0.0,1.0,-169.088328076,-1,169.088328076,1.0,-169.088328076,-1.0,169.088328076,0.0,-0.0,-1.0,169.088328076,1.0,-169.088328076,-1.0,169.088328076,1.0,-169.088328076,-1,169.088328076,-1,169.088328076,-1,169.088328076,-1,169.088328076,-1.0,169.088328076,1.0,-169.088328076,0.0,-0.0,1.0,-169.088328076,-1.0,169.088328076,0,-0.0,-1.0,169.088328076,-1.0,169.088328076,-1,169.088328076,-1,169.088328076,1.0,-169.088328076,-1.0,169.088328076,1.0,-169.088328076,1.0,-169.088328076,-1.0,169.088328076,0.0,-0.0,0.0,-0.0,1.0,-169.088328076,1,-169.088328076,1.0,-169.088328076,-1,169.088328076,1.0,-169.088328076,-1.0,169.088328076,-1.0,169.088328076,-1.0,169.088328076,1.0,-169.088328076,0.0,-0.0,0.0,-0.0,-1.0,169.088328076,-1.0,169.088328076,1.0,-169.088328076,-1.0,169.088328076,-1,169.088328076,-1,169.088328076,1.0,-169.088328076,1.0,-169.088328076,-1.0,169.088328076,0.0,-0.0,1.0,-169.088328076,1.0,-169.088328076,0.0,-0.0,1.0,-169.088328076,1.0,-169.088328076,1,-169.088328076,1,-169.088328076,-1.0,169.088328076,0,-0.0,-1.0,169.088328076,1.0,-169.088328076,-1,169.088328076,1.0,-169.088328076,0.0,-0.0,1,-169.088328076,1,-169.088328076,-1.0,169.088328076,1.0,-169.088328076,1.0,-169.088328076,-1.0,169.088328076,0.0,-0.0,1.0,-169.088328076,-1.0,169.088328076,-1,169.088328076,-1,169.088328076,1,-169.088328076,1,-169.088328076,-1,169.088328076,1.0,-169.088328076,-1.0,169.088328076,1,-169.088328076,1,-169.088328076,1.0,-169.088328076,0.0,-0.0,1.0,-169.088328076,-1.0,169.088328076
20170517,@TUM7,1.0,0.00108232917238,216781.25,rates,1495069307,1.0,234.6286709,234.6286709,1.0,234.6286709,1.0,234.6286709,-1,-234.6286709,1.0,234.6286709,1.0,234.6286709,-1.0,-234.6286709,-1.0,-234.6286709,-1.0,-234.6286709,-1.0,-234.6286709,-1.0,-234.6286709,0,0.0,-1,-234.6286709,1,234.6286709,0,0.0,-1.0,-234.6286709,-1.0,-234.6286709,1.0,234.6286709,1.0,234.6286709,-1.0,-234.6286709,0,0.0,1.0,234.6286709,1.0,234.6286709,-1,-234.6286709,0,0.0,0.0,0.0,1.0,234.6286709,1.0,234.6286709,-1.0,-234.6286709,1.0,234.6286709,1.0,234.6286709,-1.0,-234.6286709,1.0,234.6286709,-1,-234.6286709,-1.0,-234.6286709,-1,-234.6286709,1.0,234.6286709,0.0,0.0,-1.0,-234.6286709,1.0,234.6286709,-1.0,-234.6286709,-1.0,-234.6286709,1.0,234.6286709,-1.0,-234.6286709,1.0,234.6286709,1.0,234.6286709,1.0,234.6286709,-1,-234.6286709,-1,-234.6286709,0.0,0.0,1.0,234.6286709,1.0,234.6286709,-1.0,-234.6286709,-1.0,-234.6286709,1.0,234.6286709,1.0,234.6286709,-1.0,-234.6286709,-1.0,-234.6286709,1,234.6286709,0,0.0,-1.0,-234.6286709,0,0.0,1.0,234.6286709,-1.0,-234.6286709,-1,-234.6286709,1.0,234.6286709,-1.0,-234.6286709,1,234.6286709,0,0.0,0.0,0.0,1.0,234.6286709,-1.0,-234.6286709,-1.0,-234.6286709,-1.0,-234.6286709,-1.0,-234.6286709,1.0,234.6286709,-1,-234.6286709,0,0.0,0,0.0,1,234.6286709,-1,-234.6286709,1.0,234.6286709,1.0,234.6286709,0,0.0,1,234.6286709,-1.0,-234.6286709,1.0,234.6286709,1.0,234.6286709,1.0,234.6286709
20170517,@HEN7,-1.0,-0.0059767222397,31600.0,meat,1495069307,1.0,-0.0,0.0,0.0,-0.0,1.0,-0.0,-1,0.0,-1.0,0.0,-1.0,0.0,0.0,-0.0,-1.0,0.0,1.0,-0.0,-1.0,0.0,1.0,-0.0,-1,0.0,-1,0.0,-1,0.0,-1,0.0,-1.0,0.0,-1.0,0.0,-1.0,0.0,-1.0,0.0,1.0,-0.0,0,-0.0,-1.0,0.0,-1.0,0.0,-1,0.0,0,-0.0,1.0,-0.0,1.0,-0.0,1.0,-0.0,1.0,-0.0,-1.0,0.0,0.0,-0.0,0.0,-0.0,1.0,-0.0,1,-0.0,1.0,-0.0,1,-0.0,1.0,-0.0,0.0,-0.0,-1.0,0.0,1.0,-0.0,1.0,-0.0,1.0,-0.0,-1.0,0.0,1.0,-0.0,-1.0,0.0,-1.0,0.0,-1.0,0.0,-1,0.0,1,-0.0,0.0,-0.0,1.0,-0.0,-1.0,0.0,1.0,-0.0,1.0,-0.0,-1.0,0.0,-1.0,0.0,1.0,-0.0,-1.0,0.0,1,-0.0,0,-0.0,-1.0,0.0,0,-0.0,-1.0,0.0,1.0,-0.0,-1,0.0,1.0,-0.0,0.0,-0.0,1,-0.0,0,-0.0,-1.0,0.0,-1.0,0.0,1.0,-0.0,1.0,-0.0,1.0,-0.0,-1.0,0.0,1.0,-0.0,-1,0.0,0,-0.0,1,-0.0,1,-0.0,-1,0.0,1.0,-0.0,-1.0,0.0,1,-0.0,1,-0.0,1.0,-0.0,0.0,-0.0,1.0,-0.0,-1.0,0.0
20170517,QPLN7,1.0,0.00971184631804,47305.0,metal,1495069307,1.0,0.0,0.0,0.0,0.0,1.0,0.0,-1,-0.0,1.0,0.0,1.0,0.0,-1.0,-0.0,-1.0,-0.0,-1.0,-0.0,-1.0,-0.0,1.0,0.0,1,0.0,1,0.0,1,0.0,0,0.0,-1.0,-0.0,-1.0,-0.0,1.0,0.0,1.0,0.0,-1.0,-0.0,0,0.0,-1.0,-0.0,1.0,0.0,-1,-0.0,0,0.0,-1.0,-0.0,1.0,0.0,-1.0,-0.0,-1.0,-0.0,-1.0,-0.0,0.0,0.0,0.0,0.0,1.0,0.0,-1,-0.0,-1.0,-0.0,-1,-0.0,1.0,0.0,0.0,0.0,-1.0,-0.0,1.0,0.0,-1.0,-0.0,-1.0,-0.0,1.0,0.0,-1.0,-0.0,1.0,0.0,1.0,0.0,1.0,0.0,1,0.0,1,0.0,0.0,0.0,1.0,0.0,1.0,0.0,-1.0,-0.0,-1.0,-0.0,1.0,0.0,0.0,0.0,-1.0,-0.0,-1.0,-0.0,-1,-0.0,-1,-0.0,1.0,0.0,0,0.0,1.0,0.0,1.0,0.0,-1,-0.0,-1.0,-0.0,0.0,0.0,1,0.0,0,0.0,1.0,0.0,-1.0,-0.0,1.0,0.0,-1.0,-0.0,0.0,0.0,-1.0,-0.0,1.0,0.0,1,0.0,1,0.0,0,0.0,1,0.0,-1,-0.0,1.0,0.0,-1.0,-0.0,-1,-0.0,-1,-0.0,-1.0,-0.0,1.0,0.0,1.0,0.0,1.0,0.0
20170517,@LEQ7,1.0,0.00486257928118,47530.0,meat,1495069307,1.0,0.0,0.0,0.0,0.0,-1.0,-0.0,1,0.0,-1.0,-0.0,-1.0,-0.0,1.0,0.0,1.0,0.0,1.0,0.0,1.0,0.0,-1.0,-0.0,-1,-0.0,-1,-0.0,-1,-0.0,0,0.0,1.0,0.0,1.0,0.0,-1.0,-0.0,-1.0,-0.0,1.0,0.0,0,0.0,-1.0,-0.0,-1.0,-0.0,1,0.0,0,0.0,1.0,0.0,-1.0,-0.0,1.0,0.0,1.0,0.0,1.0,0.0,0.0,0.0,0.0,0.0,-1.0,-0.0,1,0.0,1.0,0.0,1,0.0,-1.0,-0.0,0.0,0.0,1.0,0.0,-1.0,-0.0,1.0,0.0,1.0,0.0,-1.0,-0.0,1.0,0.0,-1.0,-0.0,-1.0,-0.0,-1.0,-0.0,-1,-0.0,1,0.0,0.0,0.0,-1.0,-0.0,-1.0,-0.0,1.0,0.0,1.0,0.0,-1.0,-0.0,-1.0,-0.0,1.0,0.0,1.0,0.0,-1,-0.0,0,0.0,-1.0,-0.0,0,0.0,-1.0,-0.0,-1.0,-0.0,1,0.0,1.0,0.0,0.0,0.0,-1,-0.0,0,0.0,-1.0,-0.0,-1.0,-0.0,1.0,0.0,1.0,0.0,1.0,0.0,1.0,0.0,-1.0,-0.0,1,0.0,0,0.0,0,0.0,-1,-0.0,1,0.0,-1.0,-0.0,1.0,0.0,1,0.0,1,0.0,1.0,0.0,-1.0,-0.0,-1.0,-0.0,-1.0,-0.0
20170517,@YMM7,-1.0,-0.0157630761882,103025.0,index,1495069307,1.0,-0.0,0.0,0.0,-0.0,-1.0,0.0,-1,0.0,-1.0,0.0,-1.0,0.0,1.0,-0.0,1.0,-0.0,1.0,-0.0,-1.0,0.0,1.0,-0.0,-1,0.0,-1,0.0,-1,0.0,0,-0.0,-1.0,0.0,-1.0,0.0,-1.0,0.0,-1.0,0.0,1.0,-0.0,0,-0.0,-1.0,0.0,1.0,-0.0,-1,0.0,0,-0.0,1.0,-0.0,1.0,-0.0,1.0,-0.0,1.0,-0.0,-1.0,0.0,0.0,-0.0,0.0,-0.0,1.0,-0.0,-1,0.0,1.0,-0.0,1,-0.0,1.0,-0.0,0.0,-0.0,-1.0,0.0,1.0,-0.0,1.0,-0.0,1.0,-0.0,-1.0,0.0,1.0,-0.0,-1.0,0.0,-1.0,0.0,1.0,-0.0,-1,0.0,1,-0.0,0.0,-0.0,1.0,-0.0,-1.0,0.0,1.0,-0.0,1.0,-0.0,-1.0,0.0,-1.0,0.0,-1.0,0.0,-1.0,0.0,1,-0.0,0,-0.0,-1.0,0.0,0,-0.0,-1.0,0.0,1.0,-0.0,1,-0.0,1.0,-0.0,0.0,-0.0,1,-0.0,0,-0.0,-1.0,0.0,-1.0,0.0,1.0,-0.0,1.0,-0.0,1.0,-0.0,-1.0,0.0,1.0,-0.0,-1,0.0,0,-0.0,0,-0.0,1,-0.0,-1,0.0,1.0,-0.0,-1.0,0.0,1,-0.0,1,-0.0,1.0,-0.0,-1.0,0.0,-1.0,0.0,-1.0,0.0
20170517,QHON7,1.0,0.0110308601445,64671.6,energy,1495069307,1.0,0.0,0.0,0.0,0.0,-1.0,-0.0,-1,-0.0,-1.0,-0.0,-1.0,-0.0,1.0,0.0,1.0,0.0,1.0,0.0,-1.0,-0.0,1.0,0.0,-1,-0.0,-1,-0.0,-1,-0.0,0,0.0,-1.0,-0.0,-1.0,-0.0,-1.0,-0.0,-1.0,-0.0,1.0,0.0,0,0.0,-1.0,-0.0,1.0,0.0,-1,-0.0,0,0.0,1.0,0.0,1.0,0.0,1.0,0.0,1.0,0.0,-1.0,-0.0,0.0,0.0,0.0,0.0,1.0,0.0,-1,-0.0,1.0,0.0,1,0.0,1.0,0.0,0.0,0.0,-1.0,-0.0,1.0,0.0,1.0,0.0,1.0,0.0,-1.0,-0.0,1.0,0.0,-1.0,-0.0,-1.0,-0.0,1.0,0.0,-1,-0.0,1,0.0,0.0,0.0,1.0,0.0,-1.0,-0.0,1.0,0.0,1.0,0.0,-1.0,-0.0,-1.0,-0.0,-1.0,-0.0,-1.0,-0.0,1,0.0,0,0.0,-1.0,-0.0,0,0.0,-1.0,-0.0,1.0,0.0,1,0.0,1.0,0.0,0.0,0.0,1,0.0,0,0.0,-1.0,-0.0,-1.0,-0.0,1.0,0.0,1.0,0.0,1.0,0.0,-1.0,-0.0,1.0,0.0,-1,-0.0,0,0.0,0,0.0,1,0.0,-1,-0.0,1.0,0.0,-1.0,-0.0,1,0.0,1,0.0,1.0,0.0,-1.0,-0.0,-1.0,-0.0,-1.0,-0.0
20170517,@WN7,1.0,0.00648202710666,21350.0,grain,1495069307,1.0,138.391278727,138.391278727,-1.0,-138.391278727,-1.0,-138.391278727,-1,-138.391278727,1.0,138.391278727,1.0,138.391278727,1.0,138.391278727,1.0,138.391278727,1.0,138.391278727,1.0,138.391278727,1.0,138.391278727,0,0.0,-1,-138.391278727,-1,-138.391278727,0,0.0,1.0,138.391278727,1.0,138.391278727,0.0,0.0,1.0,138.391278727,-1.0,-138.391278727,0,0.0,-1.0,-138.391278727,1.0,138.391278727,-1,-138.391278727,-1,-138.391278727,0.0,0.0,-1.0,-138.391278727,1.0,138.391278727,-1.0,-138.391278727,-1.0,-138.391278727,-1.0,-138.391278727,1.0,138.391278727,-1.0,-138.391278727,-1,-138.391278727,1.0,138.391278727,-1,-138.391278727,1.0,138.391278727,-1.0,-138.391278727,-1.0,-138.391278727,-1.0,-138.391278727,1.0,138.391278727,0.0,0.0,0.0,0.0,-1.0,-138.391278727,-1.0,-138.391278727,1.0,138.391278727,1.0,138.391278727,1,138.391278727,1,138.391278727,1.0,138.391278727,1.0,138.391278727,-1.0,-138.391278727,0.0,0.0,1.0,138.391278727,-1.0,-138.391278727,-1.0,-138.391278727,-1.0,-138.391278727,-1.0,-138.391278727,1,138.391278727,0,0.0,-1.0,-138.391278727,0,0.0,1.0,138.391278727,1.0,138.391278727,1,138.391278727,-1.0,-138.391278727,1.0,138.391278727,1,138.391278727,1,138.391278727,0.0,0.0,-1.0,-138.391278727,1.0,138.391278727,1.0,138.391278727,1.0,138.391278727,1.0,138.391278727,1.0,138.391278727,-1,-138.391278727,0,0.0,0,0.0,1,138.391278727,-1,-138.391278727,-1.0,-138.391278727,-1.0,-138.391278727,0,0.0,1,138.391278727,-1.0,-138.391278727,-1.0,-138.391278727,-1.0,-138.391278727,-1.0,-138.391278727
20170517,@ADM7,-1.0,-0.000404149265795,74200.0,currency,1495069307,1.0,-0.0,0.0,0.0,-0.0,1.0,-0.0,-1,0.0,1.0,-0.0,-1.0,0.0,0.0,-0.0,-1.0,0.0,1.0,-0.0,-1.0,0.0,1.0,-0.0,-1,0.0,-1,0.0,-1,0.0,-1,0.0,-1.0,0.0,1.0,-0.0,0.0,-0.0,1.0,-0.0,-1.0,0.0,0,-0.0,-1.0,0.0,-1.0,0.0,-1,0.0,-1,0.0,1.0,-0.0,-1.0,0.0,1.0,-0.0,1.0,-0.0,-1.0,0.0,0.0,-0.0,0.0,-0.0,1.0,-0.0,-1,0.0,1.0,-0.0,-1,0.0,1.0,-0.0,-1.0,0.0,-1.0,0.0,-1.0,0.0,1.0,-0.0,0.0,-0.0,0.0,-0.0,-1.0,0.0,-1.0,0.0,1.0,-0.0,1.0,-0.0,-1,0.0,1,-0.0,1.0,-0.0,1.0,-0.0,-1.0,0.0,0.0,-0.0,1.0,-0.0,-1.0,0.0,-1.0,0.0,1.0,-0.0,-1.0,0.0,1,-0.0,0,-0.0,-1.0,0.0,0,-0.0,-1.0,0.0,1.0,-0.0,-1,0.0,1.0,-0.0,0.0,-0.0,1,-0.0,1,-0.0,-1.0,0.0,-1.0,0.0,1.0,-0.0,1.0,-0.0,1.0,-0.0,1.0,-0.0,1.0,-0.0,-1,0.0,0,-0.0,1,-0.0,1,-0.0,-1,0.0,1.0,-0.0,-1.0,0.0,1,-0.0,1,-0.0,1.0,-0.0,0.0,-0.0,1.0,-0.0,-1.0,0.0
20170517,@BON7,1.0,0.00424113904877,19890.0,grain,1495069307,1.0,0.0,0.0,0.0,0.0,1.0,0.0,-1,-0.0,-1.0,-0.0,-1.0,-0.0,0.0,0.0,-1.0,-0.0,1.0,0.0,-1.0,-0.0,1.0,0.0,-1,-0.0,-1,-0.0,-1,-0.0,-1,-0.0,-1.0,-0.0,-1.0,-0.0,-1.0,-0.0,-1.0,-0.0,1.0,0.0,0,0.0,-1.0,-0.0,-1.0,-0.0,-1,-0.0,0,0.0,1.0,0.0,1.0,0.0,1.0,0.0,1.0,0.0,-1.0,-0.0,0.0,0.0,0.0,0.0,1.0,0.0,-1,-0.0,1.0,0.0,1,0.0,1.0,0.0,0.0,0.0,-1.0,-0.0,1.0,0.0,1.0,0.0,1.0,0.0,-1.0,-0.0,1.0,0.0,-1.0,-0.0,-1.0,-0.0,1.0,0.0,-1,-0.0,1,0.0,0.0,0.0,1.0,0.0,-1.0,-0.0,1.0,0.0,1.0,0.0,-1.0,-0.0,-1.0,-0.0,1.0,0.0,-1.0,-0.0,1,0.0,0,0.0,-1.0,-0.0,0,0.0,-1.0,-0.0,1.0,0.0,-1,-0.0,1.0,0.0,0.0,0.0,1,0.0,0,0.0,-1.0,-0.0,-1.0,-0.0,1.0,0.0,1.0,0.0,1.0,0.0,-1.0,-0.0,1.0,0.0,-1,-0.0,0,0.0,1,0.0,1,0.0,-1,-0.0,1.0,0.0,-1.0,-0.0,1,0.0,1,0.0,1.0,0.0,0.0,0.0,1.0,0.0,-1.0,-0.0
20170517,@BPM7,1.0,0.00255141487552,81043.75,currency,1495069307,1.0,0.0,0.0,-1.0,-0.0,1.0,0.0,-1,-0.0,1.0,0.0,1.0,0.0,0.0,0.0,-1.0,-0.0,1.0,0.0,1.0,0.0,1.0,0.0,0,0.0,-1,-0.0,-1,-0.0,-1,-0.0,1.0,0.0,1.0,0.0,0.0,0.0,1.0,0.0,-1.0,-0.0,0,0.0,-1.0,-0.0,-1.0,-0.0,-1,-0.0,-1,-0.0,0.0,0.0,-1.0,-0.0,1.0,0.0,-1.0,-0.0,-1.0,-0.0,-1.0,-0.0,1.0,0.0,-1.0,-0.0,-1,-0.0,1.0,0.0,-1,-0.0,1.0,0.0,-1.0,-0.0,-1.0,-0.0,-1.0,-0.0,1.0,0.0,0.0,0.0,0.0,0.0,-1.0,-0.0,-1.0,-0.0,1.0,0.0,1.0,0.0,1,0.0,1,0.0,1.0,0.0,1.0,0.0,-1.0,-0.0,0.0,0.0,1.0,0.0,-1.0,-0.0,-1.0,-0.0,1.0,0.0,-1.0,-0.0,1,0.0,0,0.0,-1.0,-0.0,0,0.0,1.0,0.0,1.0,0.0,-1,-0.0,-1.0,-0.0,1.0,0.0,1,0.0,1,0.0,0.0,0.0,-1.0,-0.0,1.0,0.0,1.0,0.0,1.0,0.0,1.0,0.0,1.0,0.0,-1,-0.0,0,0.0,1,0.0,1,0.0,-1,-0.0,-1.0,-0.0,-1.0,-0.0,0,0.0,1,0.0,-1.0,-0.0,0.0,0.0,1.0,0.0,-1.0,-0.0
20170517,@CN7,1.0,0.0101971447995,18575.0,grain,1495069307,1.0,189.41196465,189.41196465,0.0,0.0,1.0,189.41196465,-1,-189.41196465,1.0,189.41196465,-1.0,-189.41196465,0.0,0.0,-1.0,-189.41196465,1.0,189.41196465,-1.0,-189.41196465,1.0,189.41196465,-1,-189.41196465,-1,-189.41196465,-1,-189.41196465,-1,-189.41196465,-1.0,-189.41196465,1.0,189.41196465,0.0,0.0,1.0,189.41196465,-1.0,-189.41196465,0,0.0,-1.0,-189.41196465,-1.0,-189.41196465,-1,-189.41196465,-1,-189.41196465,1.0,189.41196465,-1.0,-189.41196465,1.0,189.41196465,1.0,189.41196465,-1.0,-189.41196465,0.0,0.0,0.0,0.0,1.0,189.41196465,-1,-189.41196465,1.0,189.41196465,-1,-189.41196465,1.0,189.41196465,-1.0,-189.41196465,-1.0,-189.41196465,-1.0,-189.41196465,1.0,189.41196465,0.0,0.0,0.0,0.0,-1.0,-189.41196465,-1.0,-189.41196465,1.0,189.41196465,1.0,189.41196465,-1,-189.41196465,1,189.41196465,1.0,189.41196465,1.0,189.41196465,-1.0,-189.41196465,0.0,0.0,1.0,189.41196465,-1.0,-189.41196465,-1.0,-189.41196465,1.0,189.41196465,-1.0,-189.41196465,1,189.41196465,0,0.0,-1.0,-189.41196465,0,0.0,-1.0,-189.41196465,1.0,189.41196465,-1,-189.41196465,1.0,189.41196465,0.0,0.0,1,189.41196465,1,189.41196465,-1.0,-189.41196465,-1.0,-189.41196465,1.0,189.41196465,1.0,189.41196465,1.0,189.41196465,1.0,189.41196465,1.0,189.41196465,-1,-189.41196465,0,0.0,1,189.41196465,1,189.41196465,-1,-189.41196465,1.0,189.41196465,-1.0,-189.41196465,1,189.41196465,1,189.41196465,1.0,189.41196465,0.0,0.0,1.0,189.41196465,-1.0,-189.41196465
20170517,@CDM7,-1.0,-0.00332564137369,73425.0,currency,1495069307,1.0,-0.0,0.0,-1.0,0.0,1.0,-0.0,-1,0.0,1.0,-0.0,1.0,-0.0,0.0,-0.0,-1.0,0.0,1.0,-0.0,1.0,-0.0,1.0,-0.0,0,-0.0,-1,0.0,-1,0.0,-1,0.0,1.0,-0.0,1.0,-0.0,0.0,-0.0,1.0,-0.0,-1.0,0.0,0,-0.0,-1.0,0.0,-1.0,0.0,-1,0.0,-1,0.0,0.0,-0.0,-1.0,0.0,1.0,-0.0,-1.0,0.0,-1.0,0.0,-1.0,0.0,1.0,-0.0,-1.0,0.0,-1,0.0,1.0,-0.0,-1,0.0,1.0,-0.0,-1.0,0.0,-1.0,0.0,-1.0,0.0,1.0,-0.0,0.0,-0.0,0.0,-0.0,-1.0,0.0,-1.0,0.0,1.0,-0.0,1.0,-0.0,1,-0.0,1,-0.0,1.0,-0.0,1.0,-0.0,-1.0,0.0,0.0,-0.0,1.0,-0.0,-1.0,0.0,-1.0,0.0,1.0,-0.0,-1.0,0.0,1,-0.0,0,-0.0,-1.0,0.0,0,-0.0,1.0,-0.0,1.0,-0.0,-1,0.0,-1.0,0.0,1.0,-0.0,1,-0.0,1,-0.0,0.0,-0.0,-1.0,0.0,1.0,-0.0,1.0,-0.0,1.0,-0.0,1.0,-0.0,1.0,-0.0,-1,0.0,0,-0.0,1,-0.0,1,-0.0,-1,0.0,-1.0,0.0,-1.0,0.0,0,-0.0,1,-0.0,-1.0,0.0,0.0,-0.0,1.0,-0.0,-1.0,0.0
20170517,@JYM7,1.0,0.0171596297133,112625.0,currency,1495069307,1.0,1932.60329646,1932.60329646,0.0,0.0,-1.0,-1932.60329646,1,1932.60329646,1.0,1932.60329646,1.0,1932.60329646,0.0,0.0,-1.0,-1932.60329646,1.0,1932.60329646,-1.0,-1932.60329646,1.0,1932.60329646,1,1932.60329646,1,1932.60329646,1,1932.60329646,1,1932.60329646,-1.0,-1932.60329646,-1.0,-1932.60329646,1.0,1932.60329646,1.0,1932.60329646,-1.0,-1932.60329646,0,0.0,1.0,1932.60329646,1.0,1932.60329646,-1,-1932.60329646,0,0.0,-1.0,-1932.60329646,1.0,1932.60329646,-1.0,-1932.60329646,-1.0,-1932.60329646,-1.0,-1932.60329646,0.0,0.0,0.0,0.0,1.0,1932.60329646,-1,-1932.60329646,-1.0,-1932.60329646,-1,-1932.60329646,1.0,1932.60329646,0.0,0.0,-1.0,-1932.60329646,1.0,1932.60329646,-1.0,-1932.60329646,-1.0,-1932.60329646,1.0,1932.60329646,-1.0,-1932.60329646,1.0,1932.60329646,1.0,1932.60329646,1.0,1932.60329646,1,1932.60329646,-1,-1932.60329646,0.0,0.0,1.0,1932.60329646,1.0,1932.60329646,-1.0,-1932.60329646,-1.0,-1932.60329646,1.0,1932.60329646,1.0,1932.60329646,-1.0,-1932.60329646,-1.0,-1932.60329646,1,1932.60329646,0,0.0,1.0,1932.60329646,0,0.0,1.0,1932.60329646,1.0,1932.60329646,1,1932.60329646,-1.0,-1932.60329646,0.0,0.0,1,1932.60329646,0,0.0,1.0,1932.60329646,1.0,1932.60329646,-1.0,-1932.60329646,-1.0,-1932.60329646,-1.0,-1932.60329646,-1.0,-1932.60329646,1.0,1932.60329646,-1,-1932.60329646,0,0.0,-1,-1932.60329646,-1,-1932.60329646,-1,-1932.60329646,1.0,1932.60329646,-1.0,-1932.60329646,-1,-1932.60329646,-1,-1932.60329646,-1.0,-1932.60329646,0.0,0.0,1.0,1932.60329646,-1.0,-1932.60329646
20170517,QCLN7,1.0,0.00836734693878,49410.0,energy,1495069307,1.0,413.430612245,413.430612245,0.0,0.0,1.0,413.430612245,-1,-413.430612245,-1.0,-413.430612245,-1.0,-413.430612245,0.0,0.0,1.0,413.430612245,-1.0,-413.430612245,1.0,413.430612245,-1.0,-413.430612245,-1,-413.430612245,-1,-413.430612245,-1,-413.430612245,-1,-413.430612245,1.0,413.430612245,1.0,413.430612245,-1.0,-413.430612245,-1.0,-413.430612245,1.0,413.430612245,0,0.0,-1.0,-413.430612245,-1.0,-413.430612245,1,413.430612245,0,0.0,1.0,413.430612245,-1.0,-413.430612245,1.0,413.430612245,1.0,413.430612245,1.0,413.430612245,0.0,0.0,0.0,0.0,-1.0,-413.430612245,-1,-413.430612245,1.0,413.430612245,1,413.430612245,-1.0,-413.430612245,0.0,0.0,1.0,413.430612245,-1.0,-413.430612245,1.0,413.430612245,1.0,413.430612245,-1.0,-413.430612245,1.0,413.430612245,-1.0,-413.430612245,-1.0,-413.430612245,1.0,413.430612245,-1,-413.430612245,1,413.430612245,0.0,0.0,-1.0,-413.430612245,-1.0,-413.430612245,1.0,413.430612245,1.0,413.430612245,-1.0,-413.430612245,-1.0,-413.430612245,1.0,413.430612245,1.0,413.430612245,-1,-413.430612245,0,0.0,-1.0,-413.430612245,0,0.0,-1.0,-413.430612245,-1.0,-413.430612245,-1,-413.430612245,1.0,413.430612245,0.0,0.0,-1,-413.430612245,0,0.0,-1.0,-413.430612245,-1.0,-413.430612245,1.0,413.430612245,1.0,413.430612245,1.0,413.430612245,1.0,413.430612245,-1.0,-413.430612245,1,413.430612245,0,0.0,1,413.430612245,1,413.430612245,1,413.430612245,-1.0,-413.430612245,1.0,413.430612245,1,413.430612245,1,413.430612245,1.0,413.430612245,0.0,0.0,-1.0,-413.430612245,1.0,413.430612245
20170517,@EMDM7,-1.0,-0.0205451704381,169240.0,index,1495069307,1.0,-3477.06464494,3477.06464494,0.0,-0.0,1.0,-3477.06464494,-1,3477.06464494,1.0,-3477.06464494,-1.0,3477.06464494,0.0,-0.0,1.0,-3477.06464494,-1.0,3477.06464494,1.0,-3477.06464494,-1.0,3477.06464494,-1,3477.06464494,-1,3477.06464494,-1,3477.06464494,-1,3477.06464494,1.0,-3477.06464494,1.0,-3477.06464494,0.0,-0.0,-1.0,3477.06464494,1.0,-3477.06464494,0,-0.0,-1.0,3477.06464494,-1.0,3477.06464494,-1,3477.06464494,-1,3477.06464494,1.0,-3477.06464494,-1.0,3477.06464494,1.0,-3477.06464494,1.0,-3477.06464494,1.0,-3477.06464494,0.0,-0.0,0.0,-0.0,-1.0,3477.06464494,-1,3477.06464494,1.0,-3477.06464494,-1,3477.06464494,-1.0,3477.06464494,-1.0,3477.06464494,-1.0,3477.06464494,-1.0,3477.06464494,-1.0,3477.06464494,0.0,-0.0,0.0,-0.0,1.0,-3477.06464494,1.0,-3477.06464494,-1.0,3477.06464494,1.0,-3477.06464494,-1,3477.06464494,1,-3477.06464494,1.0,-3477.06464494,1.0,-3477.06464494,1.0,-3477.06464494,0.0,-0.0,-1.0,3477.06464494,-1.0,3477.06464494,-1.0,3477.06464494,1.0,-3477.06464494,1.0,-3477.06464494,-1,3477.06464494,0,-0.0,-1.0,3477.06464494,0,-0.0,-1.0,3477.06464494,-1.0,3477.06464494,-1,3477.06464494,1.0,-3477.06464494,0.0,-0.0,1,-3477.06464494,1,-3477.06464494,-1.0,3477.06464494,-1.0,3477.06464494,1.0,-3477.06464494,1.0,-3477.06464494,1.0,-3477.06464494,1.0,-3477.06464494,-1.0,3477.06464494,1,-3477.06464494,0,-0.0,1,-3477.06464494,1,-3477.06464494,1,-3477.06464494,-1.0,3477.06464494,1.0,-3477.06464494,1,-3477.06464494,1,-3477.06464494,1.0,-3477.06464494,0.0,-0.0,-1.0,3477.06464494,1.0,-3477.06464494
20170517,@ESM7,-1.0,-0.0164789319983,117875.0,index,1495069307,1.0,-1942.4541093,1942.4541093,0.0,-0.0,-1.0,1942.4541093,1,-1942.4541093,-1.0,1942.4541093,-1.0,1942.4541093,1.0,-1942.4541093,1.0,-1942.4541093,1.0,-1942.4541093,1.0,-1942.4541093,-1.0,1942.4541093,-1,1942.4541093,-1,1942.4541093,-1,1942.4541093,0,-0.0,1.0,-1942.4541093,1.0,-1942.4541093,-1.0,1942.4541093,-1.0,1942.4541093,1.0,-1942.4541093,1,-1647.89319983,-1.0,1942.4541093,-1.0,1942.4541093,1,-1942.4541093,0,-0.0,1.0,-1942.4541093,-1.0,1942.4541093,1.0,-1942.4541093,1.0,-1942.4541093,1.0,-1942.4541093,0.0,-0.0,0.0,-0.0,-1.0,1942.4541093,-1,1942.4541093,1.0,-1942.4541093,1,-1942.4541093,-1.0,1942.4541093,0.0,-0.0,1.0,-1942.4541093,-1.0,1942.4541093,1.0,-1942.4541093,1.0,-1942.4541093,-1.0,1942.4541093,1.0,-1942.4541093,-1.0,1942.4541093,-1.0,1942.4541093,1.0,-1942.4541093,-1,1942.4541093,1,-1942.4541093,0.0,-0.0,-1.0,1942.4541093,-1.0,1942.4541093,1.0,-1942.4541093,1.0,-1942.4541093,-1.0,1942.4541093,-1.0,1942.4541093,1.0,-1942.4541093,1.0,-1942.4541093,-1,1942.4541093,0,-0.0,-1.0,1942.4541093,0,-0.0,-1.0,1942.4541093,-1.0,1942.4541093,1,-1942.4541093,1.0,-1942.4541093,0.0,-0.0,-1,1942.4541093,0,-0.0,-1.0,1942.4541093,-1.0,1942.4541093,1.0,-1942.4541093,1.0,-1942.4541093,1.0,-1942.4541093,1.0,-1942.4541093,-1.0,1942.4541093,1,-1942.4541093,0,-0.0,0,-0.0,-1,1942.4541093,1,-1942.4541093,-1.0,1942.4541093,1.0,-1942.4541093,1,-1942.4541093,1,-1942.4541093,1.0,-1942.4541093,-1.0,1942.4541093,-1.0,1942.4541093,-1.0,1942.4541093
20170517,@GFQ7,1.0,0.000169262017603,73862.5,meat,1495069307,1.0,0.0,0.0,-1.0,-0.0,-1.0,-0.0,1,0.0,1.0,0.0,-1.0,-0.0,1.0,0.0,1.0,0.0,1.0,0.0,1.0,0.0,1.0,0.0,0,0.0,1,0.0,-1,-0.0,0,0.0,1.0,0.0,1.0,0.0,0.0,0.0,-1.0,-0.0,1.0,0.0,0,0.0,1.0,0.0,-1.0,-0.0,-1,-0.0,-1,-0.0,0.0,0.0,-1.0,-0.0,-1.0,-0.0,1.0,0.0,-1.0,-0.0,-1.0,-0.0,1.0,0.0,-1.0,-0.0,1,0.0,1.0,0.0,-1,-0.0,-1.0,-0.0,-1.0,-0.0,-1.0,-0.0,-1.0,-0.0,-1.0,-0.0,0.0,0.0,0.0,0.0,1.0,0.0,1.0,0.0,-1.0,-0.0,-1.0,-0.0,1,0.0,-1,-0.0,1.0,0.0,1.0,0.0,1.0,0.0,0.0,0.0,-1.0,-0.0,-1.0,-0.0,0.0,0.0,1.0,0.0,1.0,0.0,1,0.0,1,0.0,1.0,0.0,0,0.0,-1.0,-0.0,1.0,0.0,1,0.0,-1.0,-0.0,1.0,0.0,1,0.0,1,0.0,0.0,0.0,1.0,0.0,-1.0,-0.0,1.0,0.0,0.0,0.0,1.0,0.0,-1.0,-0.0,-1,-0.0,-1,-0.0,0,0.0,-1,-0.0,1,0.0,-1.0,-0.0,-1.0,-0.0,0,0.0,-1,-0.0,1.0,0.0,-1.0,-0.0,-1.0,-0.0,-1.0,-0.0
20170517,@FVM7,1.0,0.00415978870914,118812.5,rates,1495069307,1.0,0.0,0.0,1.0,0.0,1.0,0.0,-1,-0.0,1.0,0.0,1.0,0.0,-1.0,-0.0,-1.0,-0.0,-1.0,-0.0,-1.0,-0.0,-1.0,-0.0,0,0.0,-1,-0.0,1,0.0,0,0.0,-1.0,-0.0,-1.0,-0.0,1.0,0.0,1.0,0.0,-1.0,-0.0,0,0.0,1.0,0.0,1.0,0.0,-1,-0.0,0,0.0,0.0,0.0,1.0,0.0,1.0,0.0,-1.0,-0.0,1.0,0.0,1.0,0.0,-1.0,-0.0,1.0,0.0,-1,-0.0,-1.0,-0.0,-1,-0.0,1.0,0.0,0.0,0.0,-1.0,-0.0,1.0,0.0,-1.0,-0.0,-1.0,-0.0,1.0,0.0,-1.0,-0.0,1.0,0.0,1.0,0.0,1.0,0.0,-1,-0.0,-1,-0.0,0.0,0.0,1.0,0.0,1.0,0.0,-1.0,-0.0,-1.0,-0.0,1.0,0.0,1.0,0.0,-1.0,-0.0,-1.0,-0.0,1,0.0,0,0.0,-1.0,-0.0,0,0.0,1.0,0.0,-1.0,-0.0,-1,-0.0,1.0,0.0,-1.0,-0.0,1,0.0,0,0.0,0.0,0.0,1.0,0.0,-1.0,-0.0,-1.0,-0.0,-1.0,-0.0,-1.0,-0.0,1.0,0.0,-1,-0.0,0,0.0,0,0.0,1,0.0,-1,-0.0,1.0,0.0,1.0,0.0,0,0.0,1,0.0,-1.0,-0.0,1.0,0.0,1.0,0.0,1.0,0.0
20170517,QGCM7,1.0,0.0180362342284,125870.0,metal,1495069307,1.0,0.0,0.0,0.0,0.0,-1.0,-0.0,1,0.0,1.0,0.0,1.0,0.0,0.0,0.0,-1.0,-0.0,1.0,0.0,-1.0,-0.0,1.0,0.0,1,0.0,1,0.0,1,0.0,1,0.0,-1.0,-0.0,-1.0,-0.0,1.0,0.0,1.0,0.0,-1.0,-0.0,0,0.0,-1.0,-0.0,1.0,0.0,-1,-0.0,0,0.0,-1.0,-0.0,1.0,0.0,-1.0,-0.0,-1.0,-0.0,-1.0,-0.0,0.0,0.0,0.0,0.0,1.0,0.0,-1,-0.0,-1.0,-0.0,-1,-0.0,1.0,0.0,0.0,0.0,-1.0,-0.0,1.0,0.0,-1.0,-0.0,-1.0,-0.0,1.0,0.0,-1.0,-0.0,1.0,0.0,1.0,0.0,1.0,0.0,1,0.0,1,0.0,0.0,0.0,1.0,0.0,1.0,0.0,-1.0,-0.0,-1.0,-0.0,1.0,0.0,0.0,0.0,-1.0,-0.0,-1.0,-0.0,-1,-0.0,-1,-0.0,1.0,0.0,0,0.0,1.0,0.0,1.0,0.0,1,0.0,-1.0,-0.0,0.0,0.0,1,0.0,0,0.0,1.0,0.0,-1.0,-0.0,1.0,0.0,-1.0,-0.0,0.0,0.0,-1.0,-0.0,1.0,0.0,1,0.0,1,0.0,-1,-0.0,-1,-0.0,-1,-0.0,1.0,0.0,-1.0,-0.0,-1,-0.0,-1,-0.0,-1.0,-0.0,0.0,0.0,1.0,0.0,-1.0,-0.0
20170517,QHGN7,-1.0,-0.00156831993727,63662.5,metal,1495069307,1.0,-99.8431680063,99.8431680063,0.0,-0.0,1.0,-99.8431680063,-1,99.8431680063,1.0,-99.8431680063,-1.0,99.8431680063,0.0,-0.0,-1.0,99.8431680063,1.0,-99.8431680063,-1.0,99.8431680063,1.0,-99.8431680063,-1,99.8431680063,-1,99.8431680063,-1,99.8431680063,-1,99.8431680063,-1.0,99.8431680063,1.0,-99.8431680063,0.0,-0.0,1.0,-99.8431680063,-1.0,99.8431680063,0,-0.0,-1.0,99.8431680063,-1.0,99.8431680063,-1,99.8431680063,-1,99.8431680063,1.0,-99.8431680063,-1.0,99.8431680063,1.0,-99.8431680063,1.0,-99.8431680063,-1.0,99.8431680063,0.0,-0.0,0.0,-0.0,1.0,-99.8431680063,-1,99.8431680063,1.0,-99.8431680063,-1,99.8431680063,1.0,-99.8431680063,-1.0,99.8431680063,-1.0,99.8431680063,-1.0,99.8431680063,1.0,-99.8431680063,0.0,-0.0,0.0,-0.0,-1.0,99.8431680063,-1.0,99.8431680063,1.0,-99.8431680063,1.0,-99.8431680063,-1,99.8431680063,1,-99.8431680063,1.0,-99.8431680063,1.0,-99.8431680063,-1.0,99.8431680063,0.0,-0.0,1.0,-99.8431680063,-1.0,99.8431680063,-1.0,99.8431680063,1.0,-99.8431680063,-1.0,99.8431680063,1,-99.8431680063,0,-0.0,-1.0,99.8431680063,0,-0.0,-1.0,99.8431680063,1.0,-99.8431680063,-1,99.8431680063,1.0,-99.8431680063,0.0,-0.0,1,-99.8431680063,1,-99.8431680063,-1.0,99.8431680063,-1.0,99.8431680063,1.0,-99.8431680063,1.0,-99.8431680063,1.0,-99.8431680063,1.0,-99.8431680063,1.0,-99.8431680063,-1,99.8431680063,0,-0.0,1,-99.8431680063,1,-99.8431680063,-1,99.8431680063,1.0,-99.8431680063,-1.0,99.8431680063,1,-99.8431680063,1,-99.8431680063,1.0,-99.8431680063,0.0,-0.0,1.0,-99.8431680063,-1.0,99.8431680063
20170517,@EUM7,1.0,0.00481439820022,139575.0,currency,1495069307,1.0,671.969628796,671.969628796,0.0,0.0,1.0,671.969628796,-1,-671.969628796,1.0,671.969628796,-1.0,-671.969628796,0.0,0.0,-1.0,-671.969628796,1.0,671.969628796,-1.0,-671.969628796,1.0,671.969628796,-1,-671.969628796,-1,-671.969628796,-1,-671.969628796,-1,-671.969628796,-1.0,-671.969628796,1.0,671.969628796,0.0,0.0,1.0,671.969628796,-1.0,-671.969628796,0,0.0,-1.0,-671.969628796,-1.0,-671.969628796,-1,-671.969628796,-1,-671.969628796,1.0,671.969628796,-1.0,-671.969628796,1.0,671.969628796,1.0,671.969628796,-1.0,-671.969628796,0.0,0.0,0.0,0.0,1.0,671.969628796,-1,-671.969628796,1.0,671.969628796,-1,-671.969628796,1.0,671.969628796,-1.0,-671.969628796,-1.0,-671.969628796,-1.0,-671.969628796,1.0,671.969628796,0.0,0.0,0.0,0.0,-1.0,-671.969628796,-1.0,-671.969628796,1.0,671.969628796,1.0,671.969628796,-1,-671.969628796,1,671.969628796,1.0,671.969628796,1.0,671.969628796,-1.0,-671.969628796,0.0,0.0,1.0,671.969628796,-1.0,-671.969628796,-1.0,-671.969628796,1.0,671.969628796,-1.0,-671.969628796,1,671.969628796,0,0.0,-1.0,-671.969628796,0,0.0,-1.0,-671.969628796,1.0,671.969628796,-1,-671.969628796,1.0,671.969628796,0.0,0.0,1,671.969628796,1,671.969628796,-1.0,-671.969628796,-1.0,-671.969628796,1.0,671.969628796,1.0,671.969628796,1.0,671.969628796,1.0,671.969628796,1.0,671.969628796,-1,-671.969628796,0,0.0,1,671.969628796,1,671.969628796,-1,-671.969628796,1.0,671.969628796,-1.0,-671.969628796,1,671.969628796,1,671.969628796,1.0,671.969628796,0.0,0.0,1.0,671.969628796,-1.0,-671.969628796
20170517,@TYM7,1.0,0.00696950840075,126421.875,rates,1495069307,1.0,881.098319851,881.098319851,0.0,0.0,-1.0,-881.098319851,1,881.098319851,-1.0,-881.098319851,1.0,881.098319851,0.0,0.0,-1.0,-881.098319851,1.0,881.098319851,-1.0,-881.098319851,1.0,881.098319851,1,881.098319851,1,881.098319851,1,881.098319851,1,881.098319851,-1.0,-881.098319851,-1.0,-881.098319851,0.0,0.0,1.0,881.098319851,-1.0,-881.098319851,0,0.0,1.0,881.098319851,1.0,881.098319851,1,881.098319851,1,881.098319851,-1.0,-881.098319851,1.0,881.098319851,-1.0,-881.098319851,-1.0,-881.098319851,-1.0,-881.098319851,0.0,0.0,0.0,0.0,1.0,881.098319851,-1,-881.098319851,-1.0,-881.098319851,1,881.098319851,1.0,881.098319851,1.0,881.098319851,1.0,881.098319851,1.0,881.098319851,1.0,881.098319851,0.0,0.0,0.0,0.0,-1.0,-881.098319851,-1.0,-881.098319851,1.0,881.098319851,1.0,881.098319851,1,881.098319851,-1,-881.098319851,-1.0,-881.098319851,-1.0,-881.098319851,-1.0,-881.098319851,0.0,0.0,1.0,881.098319851,1.0,881.098319851,1.0,881.098319851,-1.0,-881.098319851,-1.0,-881.098319851,1,881.098319851,0,0.0,1.0,881.098319851,0,0.0,1.0,881.098319851,1.0,881.098319851,1,881.098319851,-1.0,-881.098319851,0.0,0.0,-1,-881.098319851,-1,-881.098319851,1.0,881.098319851,1.0,881.098319851,-1.0,-881.098319851,-1.0,-881.098319851,-1.0,-881.098319851,-1.0,-881.098319851,1.0,881.098319851,-1,-881.098319851,0,0.0,-1,-881.098319851,-1,-881.098319851,-1,-881.098319851,1.0,881.098319851,-1.0,-881.098319851,-1,-881.098319851,-1,-881.098319851,-1.0,-881.098319851,0.0,0.0,1.0,881.098319851,-1.0,-881.098319851
20170517,@USM7,1.0,0.01443001443,153781.25,rates,1495069307,1.0,0.0,0.0,0.0,0.0,-1.0,-0.0,1,0.0,1.0,0.0,1.0,0.0,0.0,0.0,-1.0,-0.0,1.0,0.0,-1.0,-0.0,1.0,0.0,1,0.0,1,0.0,1,0.0,1,0.0,-1.0,-0.0,-1.0,-0.0,1.0,0.0,1.0,0.0,-1.0,-0.0,0,0.0,1.0,0.0,1.0,0.0,-1,-0.0,0,0.0,-1.0,-0.0,1.0,0.0,-1.0,-0.0,-1.0,-0.0,-1.0,-0.0,0.0,0.0,0.0,0.0,1.0,0.0,-1,-0.0,-1.0,-0.0,-1,-0.0,1.0,0.0,0.0,0.0,-1.0,-0.0,1.0,0.0,-1.0,-0.0,-1.0,-0.0,1.0,0.0,-1.0,-0.0,1.0,0.0,1.0,0.0,1.0,0.0,1,0.0,-1,-0.0,0.0,0.0,1.0,0.0,1.0,0.0,-1.0,-0.0,-1.0,-0.0,1.0,0.0,1.0,0.0,-1.0,-0.0,-1.0,-0.0,1,0.0,0,0.0,1.0,0.0,0,0.0,1.0,0.0,1.0,0.0,1,0.0,-1.0,-0.0,0.0,0.0,1,0.0,0,0.0,1.0,0.0,1.0,0.0,-1.0,-0.0,-1.0,-0.0,-1.0,-0.0,-1.0,-0.0,1.0,0.0,-1,-0.0,0,0.0,-1,-0.0,-1,-0.0,-1,-0.0,1.0,0.0,-1.0,-0.0,-1,-0.0,-1,-0.0,-1.0,-0.0,0.0,0.0,1.0,0.0,-1.0,-0.0
20170518,@WN7,1.0,0.00117096018735,21375.0,grain,1495131396,1.0,25.0292740047,25.0292740047,-1.0,-25.0292740047,-1.0,-25.0292740047,-1,-25.0292740047,1.0,25.0292740047,1.0,25.0292740047,1.0,25.0292740047,1.0,25.0292740047,1.0,25.0292740047,1.0,25.0292740047,1.0,25.0292740047,0,0.0,-1,-25.0292740047,-1,-25.0292740047,0,0.0,1.0,25.0292740047,1.0,25.0292740047,0.0,0.0,1.0,25.0292740047,-1.0,-25.0292740047,0,0.0,-1.0,-25.0292740047,1.0,25.0292740047,-1,-25.0292740047,-1,-25.0292740047,0.0,0.0,-1.0,-25.0292740047,1.0,25.0292740047,-1.0,-25.0292740047,-1.0,-25.0292740047,-1.0,-25.0292740047,1.0,25.0292740047,-1.0,-25.0292740047,-1,-25.0292740047,1.0,25.0292740047,-1,-25.0292740047,1.0,25.0292740047,-1.0,-25.0292740047,-1.0,-25.0292740047,-1.0,-25.0292740047,1.0,25.0292740047,0.0,0.0,0.0,0.0,-1.0,-25.0292740047,-1.0,-25.0292740047,1.0,25.0292740047,1.0,25.0292740047,1,25.0292740047,1,25.0292740047,1.0,25.0292740047,1.0,25.0292740047,-1.0,-25.0292740047,0.0,0.0,1.0,25.0292740047,-1.0,-25.0292740047,-1.0,-25.0292740047,-1.0,-25.0292740047,-1.0,-25.0292740047,1,25.0292740047,0,0.0,-1.0,-25.0292740047,0,0.0,1.0,25.0292740047,1.0,25.0292740047,1,25.0292740047,-1.0,-25.0292740047,1.0,25.0292740047,1,25.0292740047,1,25.0292740047,0.0,0.0,-1.0,-25.0292740047,1.0,25.0292740047,1.0,25.0292740047,1.0,25.0292740047,1.0,25.0292740047,1.0,25.0292740047,-1,-25.0292740047,0,0.0,0,0.0,1,25.0292740047,-1,-25.0292740047,-1.0,-25.0292740047,-1.0,-25.0292740047,0,0.0,1,25.0292740047,-1.0,-25.0292740047,-1.0,-25.0292740047,-1.0,-25.0292740047,-1.0,-25.0292740047
20170518,QHGN7,-1.0,-0.00589043785588,63287.5,metal,1495140174,1.0,-372.791085804,372.791085804,-1.0,372.791085804,-1.0,372.791085804,1,-372.791085804,-1.0,372.791085804,-1.0,372.791085804,1.0,-372.791085804,1.0,-372.791085804,1.0,-372.791085804,1.0,-372.791085804,1.0,-372.791085804,0,-0.0,1,-372.791085804,-1,372.791085804,0,-0.0,1.0,-372.791085804,1.0,-372.791085804,-1.0,372.791085804,-1.0,372.791085804,1.0,-372.791085804,0,-0.0,-1.0,372.791085804,-1.0,372.791085804,1,-372.791085804,0,-0.0,0.0,-0.0,-1.0,372.791085804,-1.0,372.791085804,1.0,-372.791085804,-1.0,372.791085804,-1.0,372.791085804,1.0,-372.791085804,-1.0,372.791085804,-1,372.791085804,1.0,-372.791085804,1,-372.791085804,-1.0,372.791085804,0.0,-0.0,1.0,-372.791085804,-1.0,372.791085804,1.0,-372.791085804,1.0,-372.791085804,-1.0,372.791085804,1.0,-372.791085804,-1.0,372.791085804,-1.0,372.791085804,1.0,-372.791085804,1,-372.791085804,1,-372.791085804,0.0,-0.0,-1.0,372.791085804,-1.0,372.791085804,1.0,-372.791085804,1.0,-372.791085804,-1.0,372.791085804,-1.0,372.791085804,1.0,-372.791085804,1.0,-372.791085804,-1,372.791085804,0,-0.0,1.0,-372.791085804,0,-0.0,-1.0,372.791085804,1.0,-372.791085804,1,-372.791085804,-1.0,372.791085804,1.0,-372.791085804,-1,372.791085804,0,-0.0,0.0,-0.0,-1.0,372.791085804,1.0,-372.791085804,1.0,-372.791085804,1.0,-372.791085804,1.0,-372.791085804,-1.0,372.791085804,1,-372.791085804,0,-0.0,0,-0.0,-1,372.791085804,1,-372.791085804,-1.0,372.791085804,-1.0,372.791085804,0,-0.0,-1,372.791085804,1.0,-372.791085804,-1.0,372.791085804,-1.0,372.791085804,-1.0,372.791085804
20170518,QGCM7,-1.0,-0.00889806943672,124750.0,metal,1495140174,1.0,-0.0,0.0,1.0,-0.0,1.0,-0.0,-1,0.0,1.0,-0.0,1.0,-0.0,-1.0,0.0,-1.0,0.0,-1.0,0.0,-1.0,0.0,-1.0,0.0,0,-0.0,-1,0.0,1,-0.0,0,-0.0,-1.0,0.0,-1.0,0.0,1.0,-0.0,1.0,-0.0,-1.0,0.0,0,-0.0,-1.0,0.0,1.0,-0.0,-1,0.0,0,-0.0,0.0,-0.0,1.0,-0.0,1.0,-0.0,-1.0,0.0,1.0,-0.0,1.0,-0.0,-1.0,0.0,1.0,-0.0,-1,0.0,-1.0,0.0,-1,0.0,1.0,-0.0,0.0,-0.0,-1.0,0.0,1.0,-0.0,-1.0,0.0,-1.0,0.0,1.0,-0.0,-1.0,0.0,1.0,-0.0,1.0,-0.0,1.0,-0.0,-1,0.0,1,-0.0,0.0,-0.0,1.0,-0.0,1.0,-0.0,-1.0,0.0,-1.0,0.0,1.0,-0.0,0.0,-0.0,-1.0,0.0,-1.0,0.0,-1,0.0,-1,0.0,-1.0,0.0,0,-0.0,1.0,-0.0,-1.0,0.0,-1,0.0,1.0,-0.0,-1.0,0.0,1,-0.0,0,-0.0,0.0,-0.0,-1.0,0.0,1.0,-0.0,-1.0,0.0,0.0,-0.0,-1.0,0.0,1.0,-0.0,1,-0.0,1,-0.0,0,-0.0,1,-0.0,-1,0.0,1.0,-0.0,1.0,-0.0,0,-0.0,1,-0.0,-1.0,0.0,1.0,-0.0,1.0,-0.0,1.0,-0.0
20170518,@FVM7,-1.0,-0.000920568122041,118703.125,rates,1495140174,1.0,-0.0,0.0,1.0,-0.0,1.0,-0.0,-1,0.0,-1.0,0.0,1.0,-0.0,-1.0,0.0,-1.0,0.0,-1.0,0.0,-1.0,0.0,-1.0,0.0,0,-0.0,-1,0.0,1,-0.0,0,-0.0,-1.0,0.0,-1.0,0.0,0.0,-0.0,1.0,-0.0,-1.0,0.0,0,-0.0,1.0,-0.0,1.0,-0.0,1,-0.0,1,-0.0,0.0,-0.0,1.0,-0.0,1.0,-0.0,-1.0,0.0,1.0,-0.0,1.0,-0.0,-1.0,0.0,1.0,-0.0,-1,0.0,-1.0,0.0,1,-0.0,1.0,-0.0,1.0,-0.0,1.0,-0.0,1.0,-0.0,1.0,-0.0,0.0,-0.0,0.0,-0.0,-1.0,0.0,-1.0,0.0,1.0,-0.0,1.0,-0.0,-1,0.0,-1,0.0,-1.0,0.0,-1.0,0.0,-1.0,0.0,0.0,-0.0,1.0,-0.0,1.0,-0.0,1.0,-0.0,-1.0,0.0,-1.0,0.0,1,-0.0,0,-0.0,-1.0,0.0,0,-0.0,1.0,-0.0,-1.0,0.0,-1,0.0,1.0,-0.0,-1.0,0.0,-1,0.0,-1,0.0,0.0,-0.0,1.0,-0.0,-1.0,0.0,-1.0,0.0,-1.0,0.0,-1.0,0.0,1.0,-0.0,-1,0.0,0,-0.0,0,-0.0,1,-0.0,-1,0.0,1.0,-0.0,1.0,-0.0,0,-0.0,1,-0.0,-1.0,0.0,1.0,-0.0,1.0,-0.0,1.0,-0.0
20170518,@GFQ7,1.0,0.0125232695888,74787.5,meat,1495130391,1.0,0.0,0.0,-1.0,-0.0,-1.0,-0.0,-1,-0.0,1.0,0.0,1.0,0.0,1.0,0.0,1.0,0.0,1.0,0.0,1.0,0.0,1.0,0.0,0,0.0,-1,-0.0,-1,-0.0,0,0.0,1.0,0.0,1.0,0.0,0.0,0.0,1.0,0.0,-1.0,-0.0,0,0.0,-1.0,-0.0,1.0,0.0,-1,-0.0,-1,-0.0,0.0,0.0,-1.0,-0.0,1.0,0.0,-1.0,-0.0,-1.0,-0.0,-1.0,-0.0,1.0,0.0,-1.0,-0.0,1,0.0,1.0,0.0,-1,-0.0,1.0,0.0,-1.0,-0.0,-1.0,-0.0,-1.0,-0.0,1.0,0.0,0.0,0.0,0.0,0.0,-1.0,-0.0,-1.0,-0.0,1.0,0.0,-1.0,-0.0,1,0.0,-1,-0.0,1.0,0.0,1.0,0.0,-1.0,-0.0,0.0,0.0,1.0,0.0,1.0,0.0,0.0,0.0,-1.0,-0.0,1.0,0.0,1,0.0,1,0.0,-1.0,-0.0,0,0.0,1.0,0.0,1.0,0.0,1,0.0,-1.0,-0.0,1.0,0.0,1,0.0,1,0.0,0.0,0.0,1.0,0.0,1.0,0.0,-1.0,-0.0,0.0,0.0,1.0,0.0,-1.0,-0.0,-1,-0.0,-1,-0.0,0,0.0,1,0.0,-1,-0.0,-1.0,-0.0,-1.0,-0.0,0,0.0,1,0.0,-1.0,-0.0,-1.0,-0.0,-1.0,-0.0,-1.0,-0.0
20170518,@ESM7,1.0,0.00190880169671,118100.0,index,1495140174,1.0,225.429480382,225.429480382,-1.0,-225.429480382,1.0,225.429480382,-1,-225.429480382,1.0,225.429480382,-1.0,-225.429480382,0.0,0.0,1.0,225.429480382,-1.0,-225.429480382,1.0,225.429480382,1.0,225.429480382,0,0.0,1,225.429480382,-1,-225.429480382,-1,-225.429480382,1.0,225.429480382,1.0,225.429480382,0.0,0.0,-1.0,-225.429480382,1.0,225.429480382,1,190.880169671,-1.0,-225.429480382,-1.0,-225.429480382,-1,-225.429480382,-1,-225.429480382,0.0,0.0,-1.0,-225.429480382,-1.0,-225.429480382,1.0,225.429480382,-1.0,-225.429480382,-1.0,-225.429480382,1.0,225.429480382,-1.0,-225.429480382,-1,-225.429480382,1.0,225.429480382,-1,-225.429480382,-1.0,-225.429480382,-1.0,-225.429480382,-1.0,-225.429480382,-1.0,-225.429480382,-1.0,-225.429480382,0.0,0.0,0.0,0.0,1.0,225.429480382,1.0,225.429480382,-1.0,-225.429480382,1.0,225.429480382,1,225.429480382,1,225.429480382,1.0,225.429480382,1.0,225.429480382,1.0,225.429480382,0.0,0.0,-1.0,-225.429480382,-1.0,-225.429480382,-1.0,-225.429480382,1.0,225.429480382,1.0,225.429480382,-1,-225.429480382,0,0.0,1.0,225.429480382,0,0.0,-1.0,-225.429480382,1.0,225.429480382,-1,-225.429480382,-1.0,-225.429480382,1.0,225.429480382,1,225.429480382,1,225.429480382,0.0,0.0,-1.0,-225.429480382,1.0,225.429480382,1.0,225.429480382,1.0,225.429480382,1.0,225.429480382,-1.0,-225.429480382,1,225.429480382,0,0.0,1,225.429480382,1,225.429480382,1,225.429480382,-1.0,-225.429480382,-1.0,-225.429480382,0,0.0,-1,-225.429480382,1.0,225.429480382,0.0,0.0,-1.0,-225.429480382,1.0,225.429480382
20170518,@EMDM7,1.0,5.90876861262e-05,169250.0,index,1495140174,1.0,10.0005908769,10.0005908769,-1.0,-10.0005908769,-1.0,-10.0005908769,1,10.0005908769,1.0,10.0005908769,-1.0,-10.0005908769,1.0,10.0005908769,1.0,10.0005908769,1.0,10.0005908769,1.0,10.0005908769,1.0,10.0005908769,0,0.0,1,10.0005908769,-1,-10.0005908769,0,0.0,1.0,10.0005908769,1.0,10.0005908769,0.0,0.0,-1.0,-10.0005908769,1.0,10.0005908769,0,0.0,-1.0,-10.0005908769,-1.0,-10.0005908769,-1,-10.0005908769,-1,-10.0005908769,0.0,0.0,-1.0,-10.0005908769,-1.0,-10.0005908769,1.0,10.0005908769,-1.0,-10.0005908769,-1.0,-10.0005908769,1.0,10.0005908769,-1.0,-10.0005908769,-1,-10.0005908769,1.0,10.0005908769,-1,-10.0005908769,-1.0,-10.0005908769,-1.0,-10.0005908769,-1.0,-10.0005908769,-1.0,-10.0005908769,-1.0,-10.0005908769,0.0,0.0,0.0,0.0,1.0,10.0005908769,1.0,10.0005908769,-1.0,-10.0005908769,1.0,10.0005908769,1,10.0005908769,1,10.0005908769,1.0,10.0005908769,1.0,10.0005908769,1.0,10.0005908769,0.0,0.0,-1.0,-10.0005908769,-1.0,-10.0005908769,-1.0,-10.0005908769,1.0,10.0005908769,1.0,10.0005908769,-1,-10.0005908769,0,0.0,1.0,10.0005908769,0,0.0,-1.0,-10.0005908769,1.0,10.0005908769,1,10.0005908769,-1.0,-10.0005908769,1.0,10.0005908769,1,10.0005908769,1,10.0005908769,0.0,0.0,-1.0,-10.0005908769,1.0,10.0005908769,1.0,10.0005908769,1.0,10.0005908769,1.0,10.0005908769,-1.0,-10.0005908769,1,10.0005908769,0,0.0,0,0.0,-1,-10.0005908769,1,10.0005908769,-1.0,-10.0005908769,-1.0,-10.0005908769,0,0.0,-1,-10.0005908769,1.0,10.0005908769,-1.0,-10.0005908769,-1.0,-10.0005908769,-1.0,-10.0005908769
20170518,QHON7,1.0,0.00740355890375,65150.4,energy,1495140174,1.0,0.0,0.0,0.0,0.0,-1.0,-0.0,-1,-0.0,-1.0,-0.0,-1.0,-0.0,1.0,0.0,1.0,0.0,1.0,0.0,-1.0,-0.0,1.0,0.0,-1,-0.0,-1,-0.0,-1,-0.0,0,0.0,-1.0,-0.0,-1.0,-0.0,-1.0,-0.0,-1.0,-0.0,1.0,0.0,0,0.0,-1.0,-0.0,1.0,0.0,-1,-0.0,0,0.0,1.0,0.0,1.0,0.0,1.0,0.0,1.0,0.0,-1.0,-0.0,0.0,0.0,0.0,0.0,1.0,0.0,-1,-0.0,1.0,0.0,1,0.0,1.0,0.0,0.0,0.0,-1.0,-0.0,1.0,0.0,1.0,0.0,1.0,0.0,-1.0,-0.0,1.0,0.0,-1.0,-0.0,-1.0,-0.0,1.0,0.0,-1,-0.0,1,0.0,0.0,0.0,1.0,0.0,-1.0,-0.0,1.0,0.0,1.0,0.0,-1.0,-0.0,-1.0,-0.0,-1.0,-0.0,-1.0,-0.0,1,0.0,0,0.0,-1.0,-0.0,0,0.0,-1.0,-0.0,1.0,0.0,1,0.0,1.0,0.0,0.0,0.0,1,0.0,0,0.0,-1.0,-0.0,-1.0,-0.0,1.0,0.0,1.0,0.0,1.0,0.0,-1.0,-0.0,1.0,0.0,-1,-0.0,0,0.0,0,0.0,1,0.0,-1,-0.0,1.0,0.0,-1.0,-0.0,1,0.0,1,0.0,1.0,0.0,-1.0,-0.0,-1.0,-0.0,-1.0,-0.0
20170518,@EUM7,-1.0,-0.00371663979939,139056.25,currency,1495140174,1.0,-516.821993104,516.821993104,0.0,-0.0,1.0,-516.821993104,-1,516.821993104,1.0,-516.821993104,-1.0,516.821993104,0.0,-0.0,-1.0,516.821993104,1.0,-516.821993104,-1.0,516.821993104,1.0,-516.821993104,-1,516.821993104,-1,516.821993104,-1,516.821993104,-1,516.821993104,-1.0,516.821993104,1.0,-516.821993104,0.0,-0.0,1.0,-516.821993104,-1.0,516.821993104,0,-0.0,-1.0,516.821993104,-1.0,516.821993104,-1,516.821993104,-1,516.821993104,1.0,-516.821993104,-1.0,516.821993104,1.0,-516.821993104,1.0,-516.821993104,-1.0,516.821993104,0.0,-0.0,0.0,-0.0,1.0,-516.821993104,-1,516.821993104,1.0,-516.821993104,-1,516.821993104,1.0,-516.821993104,-1.0,516.821993104,-1.0,516.821993104,-1.0,516.821993104,1.0,-516.821993104,0.0,-0.0,0.0,-0.0,-1.0,516.821993104,-1.0,516.821993104,1.0,-516.821993104,1.0,-516.821993104,-1,516.821993104,1,-516.821993104,1.0,-516.821993104,1.0,-516.821993104,-1.0,516.821993104,0.0,-0.0,1.0,-516.821993104,-1.0,516.821993104,-1.0,516.821993104,1.0,-516.821993104,-1.0,516.821993104,1,-516.821993104,0,-0.0,-1.0,516.821993104,0,-0.0,-1.0,516.821993104,1.0,-516.821993104,-1,516.821993104,1.0,-516.821993104,0.0,-0.0,1,-516.821993104,1,-516.821993104,-1.0,516.821993104,-1.0,516.821993104,1.0,-516.821993104,1.0,-516.821993104,1.0,-516.821993104,1.0,-516.821993104,1.0,-516.821993104,-1,516.821993104,0,-0.0,1,-516.821993104,1,-516.821993104,-1,516.821993104,1.0,-516.821993104,-1.0,516.821993104,1,-516.821993104,1,-516.821993104,1.0,-516.821993104,0.0,-0.0,1.0,-516.821993104,-1.0,516.821993104
20170518,@CDM7,1.0,0.00122574055158,73515.0,currency,1495140174,1.0,0.0,0.0,-1.0,-0.0,1.0,0.0,-1,-0.0,1.0,0.0,-1.0,-0.0,0.0,0.0,1.0,0.0,-1.0,-0.0,1.0,0.0,1.0,0.0,0,0.0,1,0.0,-1,-0.0,-1,-0.0,1.0,0.0,1.0,0.0,0.0,0.0,-1.0,-0.0,1.0,0.0,0,0.0,-1.0,-0.0,-1.0,-0.0,-1,-0.0,-1,-0.0,0.0,0.0,-1.0,-0.0,-1.0,-0.0,1.0,0.0,-1.0,-0.0,-1.0,-0.0,1.0,0.0,-1.0,-0.0,-1,-0.0,1.0,0.0,-1,-0.0,-1.0,-0.0,-1.0,-0.0,-1.0,-0.0,-1.0,-0.0,-1.0,-0.0,0.0,0.0,0.0,0.0,1.0,0.0,1.0,0.0,-1.0,-0.0,1.0,0.0,1,0.0,1,0.0,1.0,0.0,1.0,0.0,1.0,0.0,0.0,0.0,-1.0,-0.0,-1.0,-0.0,-1.0,-0.0,1.0,0.0,1.0,0.0,-1,-0.0,0,0.0,1.0,0.0,0,0.0,-1.0,-0.0,1.0,0.0,-1,-0.0,-1.0,-0.0,1.0,0.0,1,0.0,1,0.0,0.0,0.0,-1.0,-0.0,1.0,0.0,1.0,0.0,1.0,0.0,1.0,0.0,-1.0,-0.0,1,0.0,0,0.0,1,0.0,1,0.0,1,0.0,-1.0,-0.0,-1.0,-0.0,0,0.0,-1,-0.0,1.0,0.0,0.0,0.0,-1.0,-0.0,1.0,0.0
20170518,@CN7,-1.0,-0.0114401076716,18362.5,grain,1495131396,1.0,-210.06897712,210.06897712,-1.0,210.06897712,-1.0,210.06897712,-1,210.06897712,1.0,-210.06897712,1.0,-210.06897712,1.0,-210.06897712,1.0,-210.06897712,1.0,-210.06897712,1.0,-210.06897712,1.0,-210.06897712,0,-0.0,-1,210.06897712,-1,210.06897712,0,-0.0,1.0,-210.06897712,1.0,-210.06897712,0.0,-0.0,1.0,-210.06897712,-1.0,210.06897712,0,-0.0,-1.0,210.06897712,1.0,-210.06897712,-1,210.06897712,-1,210.06897712,0.0,-0.0,-1.0,210.06897712,1.0,-210.06897712,-1.0,210.06897712,-1.0,210.06897712,-1.0,210.06897712,1.0,-210.06897712,-1.0,210.06897712,-1,210.06897712,1.0,-210.06897712,-1,210.06897712,1.0,-210.06897712,-1.0,210.06897712,-1.0,210.06897712,-1.0,210.06897712,1.0,-210.06897712,0.0,-0.0,0.0,-0.0,-1.0,210.06897712,-1.0,210.06897712,1.0,-210.06897712,1.0,-210.06897712,1,-210.06897712,1,-210.06897712,1.0,-210.06897712,1.0,-210.06897712,-1.0,210.06897712,0.0,-0.0,1.0,-210.06897712,-1.0,210.06897712,-1.0,210.06897712,-1.0,210.06897712,-1.0,210.06897712,1,-210.06897712,0,-0.0,-1.0,210.06897712,0,-0.0,1.0,-210.06897712,1.0,-210.06897712,1,-210.06897712,-1.0,210.06897712,1.0,-210.06897712,1,-210.06897712,1,-210.06897712,0.0,-0.0,-1.0,210.06897712,1.0,-210.06897712,1.0,-210.06897712,1.0,-210.06897712,1.0,-210.06897712,1.0,-210.06897712,-1,210.06897712,0,-0.0,0,-0.0,1,-210.06897712,-1,210.06897712,-1.0,210.06897712,-1.0,210.06897712,0,-0.0,1,-210.06897712,-1.0,210.06897712,-1.0,210.06897712,-1.0,210.06897712,-1.0,210.06897712
20170518,@BPM7,-1.0,-0.00131102028225,80937.5,currency,1495140174,1.0,-0.0,0.0,0.0,-0.0,1.0,-0.0,-1,0.0,1.0,-0.0,-1.0,0.0,0.0,-0.0,-1.0,0.0,1.0,-0.0,-1.0,0.0,1.0,-0.0,-1,0.0,-1,0.0,-1,0.0,-1,0.0,-1.0,0.0,1.0,-0.0,0.0,-0.0,1.0,-0.0,-1.0,0.0,0,-0.0,-1.0,0.0,-1.0,0.0,-1,0.0,-1,0.0,1.0,-0.0,-1.0,0.0,1.0,-0.0,1.0,-0.0,-1.0,0.0,0.0,-0.0,0.0,-0.0,1.0,-0.0,-1,0.0,1.0,-0.0,-1,0.0,1.0,-0.0,-1.0,0.0,-1.0,0.0,-1.0,0.0,1.0,-0.0,0.0,-0.0,0.0,-0.0,-1.0,0.0,-1.0,0.0,1.0,-0.0,1.0,-0.0,-1,0.0,1,-0.0,1.0,-0.0,1.0,-0.0,-1.0,0.0,0.0,-0.0,1.0,-0.0,-1.0,0.0,-1.0,0.0,1.0,-0.0,-1.0,0.0,1,-0.0,0,-0.0,-1.0,0.0,0,-0.0,-1.0,0.0,1.0,-0.0,-1,0.0,1.0,-0.0,0.0,-0.0,1,-0.0,1,-0.0,-1.0,0.0,-1.0,0.0,1.0,-0.0,1.0,-0.0,1.0,-0.0,1.0,-0.0,1.0,-0.0,-1,0.0,0,-0.0,1,-0.0,1,-0.0,-1,0.0,1.0,-0.0,-1.0,0.0,1,-0.0,1,-0.0,1.0,-0.0,0.0,-0.0,1.0,-0.0,-1.0,0.0
20170518,@BON7,-1.0,-0.0196078431373,19500.0,grain,1495131396,1.0,-0.0,0.0,0.0,-0.0,1.0,-0.0,-1,0.0,-1.0,0.0,-1.0,0.0,0.0,-0.0,-1.0,0.0,1.0,-0.0,-1.0,0.0,1.0,-0.0,-1,0.0,-1,0.0,-1,0.0,-1,0.0,-1.0,0.0,-1.0,0.0,-1.0,0.0,-1.0,0.0,1.0,-0.0,0,-0.0,-1.0,0.0,-1.0,0.0,-1,0.0,0,-0.0,1.0,-0.0,1.0,-0.0,1.0,-0.0,1.0,-0.0,-1.0,0.0,0.0,-0.0,0.0,-0.0,1.0,-0.0,-1,0.0,1.0,-0.0,1,-0.0,1.0,-0.0,0.0,-0.0,-1.0,0.0,1.0,-0.0,1.0,-0.0,1.0,-0.0,-1.0,0.0,1.0,-0.0,-1.0,0.0,-1.0,0.0,1.0,-0.0,-1,0.0,1,-0.0,0.0,-0.0,1.0,-0.0,-1.0,0.0,1.0,-0.0,1.0,-0.0,-1.0,0.0,-1.0,0.0,1.0,-0.0,-1.0,0.0,1,-0.0,0,-0.0,-1.0,0.0,0,-0.0,-1.0,0.0,1.0,-0.0,-1,0.0,1.0,-0.0,0.0,-0.0,1,-0.0,0,-0.0,-1.0,0.0,-1.0,0.0,1.0,-0.0,1.0,-0.0,1.0,-0.0,-1.0,0.0,1.0,-0.0,-1,0.0,0,-0.0,1,-0.0,1,-0.0,-1,0.0,1.0,-0.0,-1.0,0.0,1,-0.0,1,-0.0,1.0,-0.0,0.0,-0.0,1.0,-0.0,-1.0,0.0
20170518,@ADM7,-1.0,-0.000539083557951,74160.0,currency,1495140174,1.0,-0.0,0.0,0.0,-0.0,1.0,-0.0,-1,0.0,1.0,-0.0,-1.0,0.0,0.0,-0.0,1.0,-0.0,-1.0,0.0,1.0,-0.0,-1.0,0.0,-1,0.0,-1,0.0,-1,0.0,-1,0.0,1.0,-0.0,1.0,-0.0,0.0,-0.0,-1.0,0.0,1.0,-0.0,0,-0.0,-1.0,0.0,-1.0,0.0,-1,0.0,-1,0.0,1.0,-0.0,-1.0,0.0,1.0,-0.0,1.0,-0.0,1.0,-0.0,0.0,-0.0,0.0,-0.0,-1.0,0.0,-1,0.0,1.0,-0.0,-1,0.0,-1.0,0.0,-1.0,0.0,-1.0,0.0,-1.0,0.0,-1.0,0.0,0.0,-0.0,0.0,-0.0,1.0,-0.0,1.0,-0.0,-1.0,0.0,1.0,-0.0,-1,0.0,1,-0.0,1.0,-0.0,1.0,-0.0,1.0,-0.0,0.0,-0.0,-1.0,0.0,-1.0,0.0,-1.0,0.0,1.0,-0.0,1.0,-0.0,-1,0.0,0,-0.0,-1.0,0.0,0,-0.0,-1.0,0.0,-1.0,0.0,-1,0.0,1.0,-0.0,0.0,-0.0,1,-0.0,1,-0.0,-1.0,0.0,-1.0,0.0,1.0,-0.0,1.0,-0.0,1.0,-0.0,1.0,-0.0,-1.0,0.0,1,-0.0,0,-0.0,1,-0.0,1,-0.0,1,-0.0,-1.0,0.0,1.0,-0.0,1,-0.0,1,-0.0,1.0,-0.0,0.0,-0.0,-1.0,0.0,1.0,-0.0
20170518,@YMM7,1.0,0.00135889347246,103165.0,index,1495140174,1.0,0.0,0.0,-1.0,-0.0,-1.0,-0.0,1,0.0,-1.0,-0.0,-1.0,-0.0,1.0,0.0,1.0,0.0,1.0,0.0,1.0,0.0,1.0,0.0,0,0.0,1,0.0,-1,-0.0,0,0.0,1.0,0.0,1.0,0.0,-1.0,-0.0,-1.0,-0.0,1.0,0.0,0,0.0,-1.0,-0.0,-1.0,-0.0,1,0.0,0,0.0,0.0,0.0,-1.0,-0.0,-1.0,-0.0,1.0,0.0,-1.0,-0.0,-1.0,-0.0,1.0,0.0,-1.0,-0.0,-1,-0.0,1.0,0.0,1,0.0,-1.0,-0.0,0.0,0.0,1.0,0.0,-1.0,-0.0,1.0,0.0,1.0,0.0,-1.0,-0.0,1.0,0.0,-1.0,-0.0,-1.0,-0.0,1.0,0.0,1,0.0,1,0.0,0.0,0.0,-1.0,-0.0,-1.0,-0.0,1.0,0.0,1.0,0.0,-1.0,-0.0,-1.0,-0.0,1.0,0.0,1.0,0.0,-1,-0.0,0,0.0,1.0,0.0,0,0.0,-1.0,-0.0,1.0,0.0,1,0.0,-1.0,-0.0,1.0,0.0,-1,-0.0,0,0.0,0.0,0.0,-1.0,-0.0,1.0,0.0,1.0,0.0,1.0,0.0,1.0,0.0,-1.0,-0.0,1,0.0,0,0.0,0,0.0,-1,-0.0,1,0.0,-1.0,-0.0,-1.0,-0.0,0,0.0,-1,-0.0,1.0,0.0,-1.0,-0.0,-1.0,-0.0,-1.0,-0.0
20170518,QCLN7,1.0,0.00404776361061,49610.0,energy,1495140174,1.0,200.809552722,200.809552722,0.0,0.0,1.0,200.809552722,-1,-200.809552722,-1.0,-200.809552722,-1.0,-200.809552722,0.0,0.0,-1.0,-200.809552722,1.0,200.809552722,-1.0,-200.809552722,1.0,200.809552722,-1,-200.809552722,-1,-200.809552722,-1,-200.809552722,-1,-200.809552722,-1.0,-200.809552722,-1.0,-200.809552722,-1.0,-200.809552722,-1.0,-200.809552722,1.0,200.809552722,0,0.0,-1.0,-200.809552722,-1.0,-200.809552722,-1,-200.809552722,0,0.0,1.0,200.809552722,1.0,200.809552722,1.0,200.809552722,1.0,200.809552722,-1.0,-200.809552722,0.0,0.0,0.0,0.0,1.0,200.809552722,-1,-200.809552722,1.0,200.809552722,1,200.809552722,1.0,200.809552722,0.0,0.0,-1.0,-200.809552722,1.0,200.809552722,1.0,200.809552722,1.0,200.809552722,-1.0,-200.809552722,1.0,200.809552722,-1.0,-200.809552722,-1.0,-200.809552722,1.0,200.809552722,-1,-200.809552722,1,200.809552722,0.0,0.0,1.0,200.809552722,-1.0,-200.809552722,1.0,200.809552722,1.0,200.809552722,-1.0,-200.809552722,-1.0,-200.809552722,1.0,200.809552722,-1.0,-200.809552722,1,200.809552722,0,0.0,-1.0,-200.809552722,0,0.0,-1.0,-200.809552722,1.0,200.809552722,-1,-200.809552722,1.0,200.809552722,0.0,0.0,1,200.809552722,0,0.0,-1.0,-200.809552722,-1.0,-200.809552722,1.0,200.809552722,1.0,200.809552722,1.0,200.809552722,-1.0,-200.809552722,1.0,200.809552722,-1,-200.809552722,0,0.0,1,200.809552722,1,200.809552722,-1,-200.809552722,1.0,200.809552722,-1.0,-200.809552722,1,200.809552722,1,200.809552722,1.0,200.809552722,0.0,0.0,1.0,200.809552722,-1.0,-200.809552722
20170518,@JYM7,-1.0,-0.00327413984462,112256.25,currency,1495140174,1.0,-367.542660932,367.542660932,1.0,-367.542660932,1.0,-367.542660932,-1,367.542660932,1.0,-367.542660932,1.0,-367.542660932,-1.0,367.542660932,-1.0,367.542660932,-1.0,367.542660932,-1.0,367.542660932,-1.0,367.542660932,0,-0.0,-1,367.542660932,1,-367.542660932,0,-0.0,-1.0,367.542660932,-1.0,367.542660932,1.0,-367.542660932,1.0,-367.542660932,-1.0,367.542660932,0,-0.0,1.0,-367.542660932,1.0,-367.542660932,-1,367.542660932,0,-0.0,0.0,-0.0,1.0,-367.542660932,1.0,-367.542660932,-1.0,367.542660932,1.0,-367.542660932,1.0,-367.542660932,-1.0,367.542660932,1.0,-367.542660932,-1,367.542660932,-1.0,367.542660932,-1,367.542660932,1.0,-367.542660932,0.0,-0.0,-1.0,367.542660932,1.0,-367.542660932,-1.0,367.542660932,-1.0,367.542660932,1.0,-367.542660932,-1.0,367.542660932,1.0,-367.542660932,1.0,-367.542660932,1.0,-367.542660932,-1,367.542660932,-1,367.542660932,0.0,-0.0,1.0,-367.542660932,1.0,-367.542660932,-1.0,367.542660932,-1.0,367.542660932,1.0,-367.542660932,1.0,-367.542660932,-1.0,367.542660932,-1.0,367.542660932,1,-367.542660932,0,-0.0,-1.0,367.542660932,0,-0.0,1.0,-367.542660932,-1.0,367.542660932,-1,367.542660932,1.0,-367.542660932,-1.0,367.542660932,1,-367.542660932,0,-0.0,0.0,-0.0,1.0,-367.542660932,-1.0,367.542660932,-1.0,367.542660932,-1.0,367.542660932,-1.0,367.542660932,1.0,-367.542660932,-1,367.542660932,0,-0.0,0,-0.0,1,-367.542660932,-1,367.542660932,1.0,-367.542660932,1.0,-367.542660932,0,-0.0,1,-367.542660932,-1.0,367.542660932,1.0,-367.542660932,1.0,-367.542660932,1.0,-367.542660932
20170518,@PXM7,-1.0,-0.00751597143931,26410.0,currency,1495140174,1.0,-0.0,0.0,-1.0,0.0,-1.0,0.0,1,-0.0,1.0,-0.0,-1.0,0.0,1.0,-0.0,1.0,-0.0,1.0,-0.0,1.0,-0.0,1.0,-0.0,0,-0.0,1,-0.0,-1,0.0,0,-0.0,1.0,-0.0,1.0,-0.0,0.0,-0.0,-1.0,0.0,1.0,-0.0,0,-0.0,-1.0,0.0,-1.0,0.0,-1,0.0,-1,0.0,0.0,-0.0,-1.0,0.0,-1.0,0.0,1.0,-0.0,-1.0,0.0,-1.0,0.0,1.0,-0.0,-1.0,0.0,-1,0.0,1.0,-0.0,-1,0.0,-1.0,0.0,-1.0,0.0,-1.0,0.0,-1.0,0.0,-1.0,0.0,0.0,-0.0,0.0,-0.0,1.0,-0.0,1.0,-0.0,-1.0,0.0,1.0,-0.0,1,-0.0,1,-0.0,1.0,-0.0,1.0,-0.0,1.0,-0.0,0.0,-0.0,-1.0,0.0,-1.0,0.0,-1.0,0.0,1.0,-0.0,1.0,-0.0,-1,0.0,0,-0.0,1.0,-0.0,0,-0.0,-1.0,0.0,1.0,-0.0,1,-0.0,-1.0,0.0,1.0,-0.0,1,-0.0,1,-0.0,0.0,-0.0,-1.0,0.0,1.0,-0.0,1.0,-0.0,1.0,-0.0,1.0,-0.0,-1.0,0.0,1,-0.0,0,-0.0,0,-0.0,-1,0.0,1,-0.0,-1.0,0.0,-1.0,0.0,0,-0.0,-1,0.0,1.0,-0.0,-1.0,0.0,-1.0,0.0,-1.0,0.0
20170518,@HEN7,-1.0,-0.000632911392405,31580.0,meat,1495130391,1.0,-0.0,0.0,0.0,-0.0,1.0,-0.0,-1,0.0,-1.0,0.0,-1.0,0.0,0.0,-0.0,1.0,-0.0,-1.0,0.0,1.0,-0.0,-1.0,0.0,-1,0.0,-1,0.0,-1,0.0,-1,0.0,1.0,-0.0,1.0,-0.0,-1.0,0.0,-1.0,0.0,1.0,-0.0,0,-0.0,-1.0,0.0,-1.0,0.0,1,-0.0,0,-0.0,1.0,-0.0,-1.0,0.0,1.0,-0.0,1.0,-0.0,1.0,-0.0,0.0,-0.0,0.0,-0.0,-1.0,0.0,1,-0.0,1.0,-0.0,1,-0.0,-1.0,0.0,0.0,-0.0,1.0,-0.0,-1.0,0.0,1.0,-0.0,1.0,-0.0,-1.0,0.0,1.0,-0.0,-1.0,0.0,-1.0,0.0,-1.0,0.0,-1,0.0,1,-0.0,0.0,-0.0,-1.0,0.0,-1.0,0.0,1.0,-0.0,1.0,-0.0,-1.0,0.0,-1.0,0.0,1.0,-0.0,1.0,-0.0,-1,0.0,0,-0.0,-1.0,0.0,0,-0.0,-1.0,0.0,-1.0,0.0,-1,0.0,1.0,-0.0,0.0,-0.0,-1,0.0,0,-0.0,-1.0,0.0,-1.0,0.0,1.0,-0.0,1.0,-0.0,1.0,-0.0,1.0,-0.0,-1.0,0.0,1,-0.0,0,-0.0,1,-0.0,1,-0.0,1,-0.0,-1.0,0.0,1.0,-0.0,1,-0.0,1,-0.0,1.0,-0.0,0.0,-0.0,-1.0,0.0,1.0,-0.0
20170518,@LEQ7,1.0,0.00820534399327,47920.0,meat,1495130391,1.0,0.0,0.0,0.0,0.0,1.0,0.0,-1,-0.0,-1.0,-0.0,-1.0,-0.0,0.0,0.0,-1.0,-0.0,1.0,0.0,-1.0,-0.0,1.0,0.0,-1,-0.0,-1,-0.0,-1,-0.0,-1,-0.0,-1.0,-0.0,-1.0,-0.0,-1.0,-0.0,-1.0,-0.0,1.0,0.0,0,0.0,-1.0,-0.0,-1.0,-0.0,-1,-0.0,0,0.0,1.0,0.0,1.0,0.0,1.0,0.0,1.0,0.0,-1.0,-0.0,0.0,0.0,0.0,0.0,1.0,0.0,1,0.0,1.0,0.0,1,0.0,1.0,0.0,0.0,0.0,-1.0,-0.0,1.0,0.0,1.0,0.0,1.0,0.0,-1.0,-0.0,1.0,0.0,-1.0,-0.0,-1.0,-0.0,-1.0,-0.0,-1,-0.0,1,0.0,0.0,0.0,1.0,0.0,-1.0,-0.0,1.0,0.0,1.0,0.0,-1.0,-0.0,-1.0,-0.0,1.0,0.0,-1.0,-0.0,1,0.0,0,0.0,-1.0,-0.0,0,0.0,-1.0,-0.0,1.0,0.0,-1,-0.0,1.0,0.0,0.0,0.0,1,0.0,0,0.0,-1.0,-0.0,-1.0,-0.0,1.0,0.0,1.0,0.0,1.0,0.0,-1.0,-0.0,1.0,0.0,-1,-0.0,0,0.0,1,0.0,1,0.0,-1,-0.0,1.0,0.0,-1.0,-0.0,1,0.0,1,0.0,1.0,0.0,0.0,0.0,1.0,0.0,-1.0,-0.0
20170518,@TYM7,-1.0,-0.00098875293536,126296.875,rates,1495140174,1.0,-124.876405883,124.876405883,1.0,-124.876405883,1.0,-124.876405883,-1,124.876405883,-1.0,124.876405883,1.0,-124.876405883,-1.0,124.876405883,-1.0,124.876405883,-1.0,124.876405883,-1.0,124.876405883,-1.0,124.876405883,0,-0.0,-1,124.876405883,1,-124.876405883,0,-0.0,-1.0,124.876405883,-1.0,124.876405883,0.0,-0.0,1.0,-124.876405883,-1.0,124.876405883,0,-0.0,1.0,-124.876405883,1.0,-124.876405883,1,-124.876405883,1,-124.876405883,0.0,-0.0,1.0,-124.876405883,1.0,-124.876405883,-1.0,124.876405883,1.0,-124.876405883,1.0,-124.876405883,-1.0,124.876405883,1.0,-124.876405883,-1,124.876405883,-1.0,124.876405883,1,-124.876405883,1.0,-124.876405883,1.0,-124.876405883,1.0,-124.876405883,1.0,-124.876405883,1.0,-124.876405883,0.0,-0.0,0.0,-0.0,-1.0,124.876405883,-1.0,124.876405883,1.0,-124.876405883,1.0,-124.876405883,-1,124.876405883,-1,124.876405883,-1.0,124.876405883,-1.0,124.876405883,-1.0,124.876405883,0.0,-0.0,1.0,-124.876405883,1.0,-124.876405883,1.0,-124.876405883,-1.0,124.876405883,-1.0,124.876405883,1,-124.876405883,0,-0.0,-1.0,124.876405883,0,-0.0,1.0,-124.876405883,-1.0,124.876405883,-1,124.876405883,1.0,-124.876405883,-1.0,124.876405883,-1,124.876405883,-1,124.876405883,0.0,-0.0,1.0,-124.876405883,-1.0,124.876405883,-1.0,124.876405883,-1.0,124.876405883,-1.0,124.876405883,1.0,-124.876405883,-1,124.876405883,0,-0.0,0,-0.0,1,-124.876405883,-1,124.876405883,1.0,-124.876405883,1.0,-124.876405883,0,-0.0,1,-124.876405883,-1.0,124.876405883,1.0,-124.876405883,1.0,-124.876405883,1.0,-124.876405883
20170518,@TUM7,-1.0,-0.00050454086781,216671.875,rates,1495140174,2.0,-218.639631685,218.639631685,0.0,-0.0,-1.0,218.639631685,1,-218.639631685,-1.0,218.639631685,1.0,-218.639631685,0.0,-0.0,-1.0,218.639631685,1.0,-218.639631685,-1.0,218.639631685,1.0,-218.639631685,1,-218.639631685,1,-218.639631685,1,-218.639631685,1,-218.639631685,-1.0,218.639631685,-1.0,218.639631685,0.0,-0.0,1.0,-218.639631685,-1.0,218.639631685,0,-0.0,1.0,-218.639631685,1.0,-218.639631685,1,-218.639631685,1,-218.639631685,-1.0,218.639631685,1.0,-218.639631685,-1.0,218.639631685,-1.0,218.639631685,-1.0,218.639631685,0.0,-0.0,0.0,-0.0,1.0,-218.639631685,-1,218.639631685,-1.0,218.639631685,1,-218.639631685,1.0,-218.639631685,1.0,-218.639631685,1.0,-218.639631685,1.0,-218.639631685,1.0,-218.639631685,0.0,-0.0,0.0,-0.0,-1.0,218.639631685,-1.0,218.639631685,1.0,-218.639631685,1.0,-218.639631685,1,-218.639631685,-1,218.639631685,-1.0,218.639631685,-1.0,218.639631685,-1.0,218.639631685,0.0,-0.0,1.0,-218.639631685,1.0,-218.639631685,1.0,-218.639631685,-1.0,218.639631685,-1.0,218.639631685,1,-218.639631685,0,-0.0,1.0,-218.639631685,0,-0.0,1.0,-218.639631685,1.0,-218.639631685,1,-218.639631685,-1.0,218.639631685,0.0,-0.0,-1,218.639631685,-1,218.639631685,1.0,-218.639631685,1.0,-218.639631685,-1.0,218.639631685,-1.0,218.639631685,-1.0,218.639631685,-1.0,218.639631685,1.0,-218.639631685,-1,218.639631685,0,-0.0,-1,218.639631685,-1,218.639631685,-1,218.639631685,1.0,-218.639631685,-1.0,218.639631685,-1,218.639631685,-1,218.639631685,-1.0,218.639631685,0.0,-0.0,1.0,-218.639631685,-1.0,218.639631685
20170518,@SMN7,-1.0,-0.0222010783381,30830.0,grain,1495131396,1.0,-684.459245163,684.459245163,-1.0,684.459245163,-1.0,684.459245163,1,-684.459245163,1.0,-684.459245163,-1.0,684.459245163,1.0,-684.459245163,1.0,-684.459245163,1.0,-684.459245163,1.0,-684.459245163,1.0,-684.459245163,0,-0.0,1,-684.459245163,-1,684.459245163,0,-0.0,1.0,-684.459245163,1.0,-684.459245163,0.0,-0.0,-1.0,684.459245163,1.0,-684.459245163,0,-0.0,-1.0,684.459245163,-1.0,684.459245163,-1,684.459245163,-1,684.459245163,0.0,-0.0,-1.0,684.459245163,-1.0,684.459245163,1.0,-684.459245163,-1.0,684.459245163,-1.0,684.459245163,1.0,-684.459245163,-1.0,684.459245163,1,-684.459245163,1.0,-684.459245163,-1,684.459245163,-1.0,684.459245163,-1.0,684.459245163,-1.0,684.459245163,-1.0,684.459245163,-1.0,684.459245163,0.0,-0.0,0.0,-0.0,1.0,-684.459245163,1.0,-684.459245163,-1.0,684.459245163,-1.0,684.459245163,1,-684.459245163,1,-684.459245163,1.0,-684.459245163,1.0,-684.459245163,1.0,-684.459245163,0.0,-0.0,-1.0,684.459245163,-1.0,684.459245163,-1.0,684.459245163,1.0,-684.459245163,1.0,-684.459245163,-1,684.459245163,0,-0.0,1.0,-684.459245163,0,-0.0,-1.0,684.459245163,1.0,-684.459245163,1,-684.459245163,-1.0,684.459245163,1.0,-684.459245163,1,-684.459245163,1,-684.459245163,0.0,-0.0,-1.0,684.459245163,1.0,-684.459245163,1.0,-684.459245163,1.0,-684.459245163,1.0,-684.459245163,-1.0,684.459245163,1,-684.459245163,0,-0.0,0,-0.0,-1,684.459245163,1,-684.459245163,-1.0,684.459245163,-1.0,684.459245163,0,-0.0,-1,684.459245163,1.0,-684.459245163,-1.0,684.459245163,-1.0,684.459245163,-1.0,684.459245163
20170518,QSIN7,-1.0,-0.0189873417722,82925.0,metal,1495140174,1.0,-0.0,0.0,1.0,-0.0,-1.0,0.0,1,-0.0,-1.0,0.0,1.0,-0.0,0.0,-0.0,-1.0,0.0,1.0,-0.0,-1.0,0.0,-1.0,0.0,0,-0.0,-1,0.0,1,-0.0,1,-0.0,-1.0,0.0,-1.0,0.0,0.0,-0.0,1.0,-0.0,-1.0,0.0,0,-0.0,-1.0,0.0,1.0,-0.0,1,-0.0,1,-0.0,0.0,-0.0,1.0,-0.0,1.0,-0.0,-1.0,0.0,1.0,-0.0,1.0,-0.0,-1.0,0.0,1.0,-0.0,-1,0.0,-1.0,0.0,1,-0.0,1.0,-0.0,1.0,-0.0,1.0,-0.0,1.0,-0.0,1.0,-0.0,0.0,-0.0,0.0,-0.0,-1.0,0.0,-1.0,0.0,1.0,-0.0,1.0,-0.0,-1,0.0,1,-0.0,-1.0,0.0,-1.0,0.0,-1.0,0.0,0.0,-0.0,1.0,-0.0,1.0,-0.0,0.0,-0.0,-1.0,0.0,-1.0,0.0,-1,0.0,-1,0.0,-1.0,0.0,0,-0.0,1.0,-0.0,-1.0,0.0,1,-0.0,1.0,-0.0,-1.0,0.0,-1,0.0,-1,0.0,0.0,-0.0,-1.0,0.0,1.0,-0.0,-1.0,0.0,0.0,-0.0,-1.0,0.0,1.0,-0.0,1,-0.0,1,-0.0,-1,0.0,-1,0.0,-1,0.0,1.0,-0.0,1.0,-0.0,0,-0.0,1,-0.0,-1.0,0.0,0.0,-0.0,1.0,-0.0,-1.0,0.0
20170518,@SFM7,-1.0,-0.000488615264341,127850.0,currency,1495140174,1.0,-0.0,0.0,0.0,-0.0,-1.0,0.0,-1,0.0,-1.0,0.0,-1.0,0.0,1.0,-0.0,1.0,-0.0,1.0,-0.0,-1.0,0.0,1.0,-0.0,-1,0.0,-1,0.0,-1,0.0,0,-0.0,-1.0,0.0,-1.0,0.0,-1.0,0.0,-1.0,0.0,1.0,-0.0,0,-0.0,-1.0,0.0,1.0,-0.0,-1,0.0,0,-0.0,1.0,-0.0,1.0,-0.0,1.0,-0.0,1.0,-0.0,-1.0,0.0,0.0,-0.0,0.0,-0.0,1.0,-0.0,-1,0.0,1.0,-0.0,1,-0.0,1.0,-0.0,0.0,-0.0,-1.0,0.0,1.0,-0.0,1.0,-0.0,1.0,-0.0,-1.0,0.0,1.0,-0.0,-1.0,0.0,-1.0,0.0,1.0,-0.0,-1,0.0,1,-0.0,0.0,-0.0,1.0,-0.0,-1.0,0.0,1.0,-0.0,1.0,-0.0,-1.0,0.0,-1.0,0.0,-1.0,0.0,-1.0,0.0,1,-0.0,0,-0.0,-1.0,0.0,0,-0.0,-1.0,0.0,1.0,-0.0,1,-0.0,1.0,-0.0,0.0,-0.0,1,-0.0,0,-0.0,-1.0,0.0,-1.0,0.0,1.0,-0.0,1.0,-0.0,1.0,-0.0,-1.0,0.0,1.0,-0.0,-1,0.0,0,-0.0,0,-0.0,1,-0.0,-1,0.0,1.0,-0.0,-1.0,0.0,1,-0.0,1,-0.0,1.0,-0.0,-1.0,0.0,-1.0,0.0,-1.0,0.0
20170518,@SN7,-1.0,-0.0289520881373,47375.0,grain,1495131396,1.0,-0.0,0.0,-1.0,0.0,-1.0,0.0,1,-0.0,-1.0,0.0,-1.0,0.0,1.0,-0.0,1.0,-0.0,1.0,-0.0,1.0,-0.0,1.0,-0.0,0,-0.0,1,-0.0,-1,0.0,0,-0.0,1.0,-0.0,1.0,-0.0,-1.0,0.0,-1.0,0.0,1.0,-0.0,0,-0.0,-1.0,0.0,-1.0,0.0,1,-0.0,0,-0.0,0.0,-0.0,-1.0,0.0,-1.0,0.0,1.0,-0.0,-1.0,0.0,-1.0,0.0,1.0,-0.0,-1.0,0.0,1,-0.0,1.0,-0.0,1,-0.0,-1.0,0.0,0.0,-0.0,1.0,-0.0,-1.0,0.0,1.0,-0.0,1.0,-0.0,-1.0,0.0,1.0,-0.0,-1.0,0.0,-1.0,0.0,-1.0,0.0,1,-0.0,1,-0.0,0.0,-0.0,-1.0,0.0,-1.0,0.0,1.0,-0.0,1.0,-0.0,-1.0,0.0,-1.0,0.0,1.0,-0.0,1.0,-0.0,-1,0.0,0,-0.0,1.0,-0.0,0,-0.0,-1.0,0.0,1.0,-0.0,1,-0.0,-1.0,0.0,1.0,-0.0,-1,0.0,0,-0.0,0.0,-0.0,-1.0,0.0,1.0,-0.0,1.0,-0.0,1.0,-0.0,1.0,-0.0,-1.0,0.0,1,-0.0,0,-0.0,0,-0.0,-1,0.0,1,-0.0,-1.0,0.0,-1.0,0.0,0,-0.0,-1,0.0,1.0,-0.0,-1.0,0.0,-1.0,0.0,-1.0,0.0
20170518,@USM7,1.0,0.000203210729526,153812.5,rates,1495140174,1.0,0.0,0.0,1.0,0.0,1.0,0.0,-1,-0.0,1.0,0.0,1.0,0.0,-1.0,-0.0,-1.0,-0.0,-1.0,-0.0,-1.0,-0.0,-1.0,-0.0,0,0.0,-1,-0.0,1,0.0,0,0.0,-1.0,-0.0,-1.0,-0.0,1.0,0.0,1.0,0.0,-1.0,-0.0,0,0.0,1.0,0.0,1.0,0.0,-1,-0.0,0,0.0,0.0,0.0,1.0,0.0,1.0,0.0,-1.0,-0.0,1.0,0.0,1.0,0.0,-1.0,-0.0,1.0,0.0,-1,-0.0,-1.0,-0.0,-1,-0.0,1.0,0.0,0.0,0.0,-1.0,-0.0,1.0,0.0,-1.0,-0.0,-1.0,-0.0,1.0,0.0,-1.0,-0.0,1.0,0.0,1.0,0.0,1.0,0.0,-1,-0.0,-1,-0.0,0.0,0.0,1.0,0.0,1.0,0.0,-1.0,-0.0,-1.0,-0.0,1.0,0.0,1.0,0.0,-1.0,-0.0,-1.0,-0.0,1,0.0,0,0.0,-1.0,-0.0,0,0.0,1.0,0.0,-1.0,-0.0,-1,-0.0,1.0,0.0,-1.0,-0.0,1,0.0,0,0.0,0.0,0.0,1.0,0.0,-1.0,-0.0,-1.0,-0.0,-1.0,-0.0,-1.0,-0.0,1.0,0.0,-1,-0.0,0,0.0,0,0.0,1,0.0,-1,-0.0,1.0,0.0,1.0,0.0,0,0.0,1,0.0,-1.0,-0.0,1.0,0.0,1.0,0.0,1.0,0.0
20170518,QPLN7,-1.0,-0.0132121340239,46680.0,metal,1495140174,1.0,-0.0,0.0,1.0,-0.0,-1.0,0.0,1,-0.0,-1.0,0.0,1.0,-0.0,0.0,-0.0,-1.0,0.0,1.0,-0.0,-1.0,0.0,-1.0,0.0,0,-0.0,-1,0.0,1,-0.0,1,-0.0,-1.0,0.0,-1.0,0.0,0.0,-0.0,1.0,-0.0,-1.0,0.0,0,-0.0,-1.0,0.0,1.0,-0.0,1,-0.0,1,-0.0,0.0,-0.0,1.0,-0.0,1.0,-0.0,-1.0,0.0,1.0,-0.0,1.0,-0.0,-1.0,0.0,1.0,-0.0,-1,0.0,-1.0,0.0,1,-0.0,1.0,-0.0,1.0,-0.0,1.0,-0.0,1.0,-0.0,1.0,-0.0,0.0,-0.0,0.0,-0.0,-1.0,0.0,-1.0,0.0,1.0,-0.0,1.0,-0.0,-1,0.0,1,-0.0,-1.0,0.0,-1.0,0.0,-1.0,0.0,0.0,-0.0,1.0,-0.0,1.0,-0.0,0.0,-0.0,-1.0,0.0,-1.0,0.0,-1,0.0,-1,0.0,-1.0,0.0,0,-0.0,1.0,-0.0,-1.0,0.0,1,-0.0,1.0,-0.0,-1.0,0.0,-1,0.0,-1,0.0,0.0,-0.0,-1.0,0.0,1.0,-0.0,-1.0,0.0,0.0,-0.0,-1.0,0.0,1.0,-0.0,1,-0.0,1,-0.0,-1,0.0,-1,0.0,-1,0.0,1.0,-0.0,1.0,-0.0,0,-0.0,1,-0.0,-1.0,0.0,0.0,-0.0,1.0,-0.0,-1.0,0.0
20170518,QPAM7,-1.0,-0.0199485199485,76150.0,metal,1495140174,1.0,-0.0,0.0,0.0,-0.0,1.0,-0.0,-1,0.0,1.0,-0.0,-1.0,0.0,0.0,-0.0,1.0,-0.0,-1.0,0.0,1.0,-0.0,-1.0,0.0,-1,0.0,-1,0.0,-1,0.0,-1,0.0,1.0,-0.0,1.0,-0.0,0.0,-0.0,-1.0,0.0,1.0,-0.0,0,-0.0,-1.0,0.0,-1.0,0.0,-1,0.0,-1,0.0,1.0,-0.0,-1.0,0.0,1.0,-0.0,1.0,-0.0,1.0,-0.0,0.0,-0.0,0.0,-0.0,-1.0,0.0,-1,0.0,1.0,-0.0,-1,0.0,-1.0,0.0,-1.0,0.0,-1.0,0.0,-1.0,0.0,-1.0,0.0,0.0,-0.0,0.0,-0.0,1.0,-0.0,1.0,-0.0,-1.0,0.0,1.0,-0.0,-1,0.0,1,-0.0,1.0,-0.0,1.0,-0.0,1.0,-0.0,0.0,-0.0,-1.0,0.0,-1.0,0.0,-1.0,0.0,1.0,-0.0,1.0,-0.0,-1,0.0,0,-0.0,-1.0,0.0,0,-0.0,-1.0,0.0,-1.0,0.0,-1,0.0,1.0,-0.0,0.0,-0.0,1,-0.0,1,-0.0,-1.0,0.0,-1.0,0.0,1.0,-0.0,1.0,-0.0,1.0,-0.0,1.0,-0.0,-1.0,0.0,1,-0.0,0,-0.0,1,-0.0,1,-0.0,1,-0.0,-1.0,0.0,1.0,-0.0,1,-0.0,1,-0.0,1.0,-0.0,0.0,-0.0,-1.0,0.0,1.0,-0.0
20170518,@NQM7,1.0,0.00891776831728,112570.0,index,1495140174,1.0,0.0,0.0,0.0,0.0,1.0,0.0,-1,-0.0,1.0,0.0,-1.0,-0.0,0.0,0.0,1.0,0.0,-1.0,-0.0,1.0,0.0,-1.0,-0.0,-1,-0.0,-1,-0.0,-1,-0.0,-1,-0.0,1.0,0.0,1.0,0.0,0.0,0.0,-1.0,-0.0,1.0,0.0,0,0.0,-1.0,-0.0,-1.0,-0.0,-1,-0.0,-1,-0.0,1.0,0.0,-1.0,-0.0,1.0,0.0,1.0,0.0,1.0,0.0,0.0,0.0,0.0,0.0,-1.0,-0.0,-1,-0.0,1.0,0.0,-1,-0.0,-1.0,-0.0,-1.0,-0.0,-1.0,-0.0,-1.0,-0.0,-1.0,-0.0,0.0,0.0,0.0,0.0,1.0,0.0,1.0,0.0,-1.0,-0.0,1.0,0.0,-1,-0.0,1,0.0,1.0,0.0,1.0,0.0,1.0,0.0,0.0,0.0,-1.0,-0.0,-1.0,-0.0,-1.0,-0.0,1.0,0.0,1.0,0.0,-1,-0.0,0,0.0,-1.0,-0.0,0,0.0,-1.0,-0.0,-1.0,-0.0,-1,-0.0,1.0,0.0,0.0,0.0,1,0.0,1,0.0,-1.0,-0.0,-1.0,-0.0,1.0,0.0,1.0,0.0,1.0,0.0,1.0,0.0,-1.0,-0.0,1,0.0,0,0.0,1,0.0,1,0.0,1,0.0,-1.0,-0.0,1.0,0.0,1,0.0,1,0.0,1.0,0.0,0.0,0.0,-1.0,-0.0,1.0,0.0
20170518,@NKDM7,1.0,0.00745309689026,88312.1564387,index,1495140174,1.0,0.0,0.0,-1.0,-0.0,-1.0,-0.0,1,0.0,-1.0,-0.0,-1.0,-0.0,1.0,0.0,1.0,0.0,1.0,0.0,1.0,0.0,1.0,0.0,0,0.0,1,0.0,-1,-0.0,0,0.0,1.0,0.0,1.0,0.0,-1.0,-0.0,-1.0,-0.0,1.0,0.0,0,0.0,-1.0,-0.0,-1.0,-0.0,1,0.0,0,0.0,0.0,0.0,-1.0,-0.0,-1.0,-0.0,1.0,0.0,-1.0,-0.0,-1.0,-0.0,1.0,0.0,-1.0,-0.0,1,0.0,1.0,0.0,1,0.0,-1.0,-0.0,0.0,0.0,1.0,0.0,-1.0,-0.0,1.0,0.0,1.0,0.0,-1.0,-0.0,1.0,0.0,-1.0,-0.0,-1.0,-0.0,-1.0,-0.0,1,0.0,1,0.0,0.0,0.0,-1.0,-0.0,-1.0,-0.0,1.0,0.0,1.0,0.0,-1.0,-0.0,-1.0,-0.0,1.0,0.0,1.0,0.0,-1,-0.0,0,0.0,1.0,0.0,0,0.0,-1.0,-0.0,1.0,0.0,1,0.0,-1.0,-0.0,1.0,0.0,-1,-0.0,0,0.0,0.0,0.0,-1.0,-0.0,1.0,0.0,1.0,0.0,1.0,0.0,1.0,0.0,-1.0,-0.0,1,0.0,0,0.0,0,0.0,-1,-0.0,1,0.0,-1.0,-0.0,-1.0,-0.0,0,0.0,-1,-0.0,1.0,0.0,-1.0,-0.0,-1.0,-0.0,-1.0,-0.0
20170518,QNGN7,1.0,0.000304599451721,32840.0,energy,1495140174,1.0,10.0030459945,10.0030459945,0.0,0.0,1.0,10.0030459945,-1,-10.0030459945,1.0,10.0030459945,-1.0,-10.0030459945,0.0,0.0,1.0,10.0030459945,-1.0,-10.0030459945,1.0,10.0030459945,-1.0,-10.0030459945,-1,-10.0030459945,-1,-10.0030459945,-1,-10.0030459945,-1,-10.0030459945,1.0,10.0030459945,1.0,10.0030459945,0.0,0.0,-1.0,-10.0030459945,1.0,10.0030459945,0,0.0,1.0,10.0030459945,-1.0,-10.0030459945,-1,-10.0030459945,-1,-10.0030459945,1.0,10.0030459945,-1.0,-10.0030459945,1.0,10.0030459945,1.0,10.0030459945,1.0,10.0030459945,0.0,0.0,0.0,0.0,-1.0,-10.0030459945,-1,-10.0030459945,1.0,10.0030459945,-1,-10.0030459945,-1.0,-10.0030459945,-1.0,-10.0030459945,-1.0,-10.0030459945,-1.0,-10.0030459945,-1.0,-10.0030459945,0.0,0.0,0.0,0.0,1.0,10.0030459945,1.0,10.0030459945,-1.0,-10.0030459945,1.0,10.0030459945,-1,-10.0030459945,-1,-10.0030459945,1.0,10.0030459945,1.0,10.0030459945,1.0,10.0030459945,0.0,0.0,-1.0,-10.0030459945,-1.0,-10.0030459945,0.0,0.0,1.0,10.0030459945,1.0,10.0030459945,1,10.0030459945,1,10.0030459945,-1.0,-10.0030459945,0,0.0,-1.0,-10.0030459945,-1.0,-10.0030459945,-1,-10.0030459945,1.0,10.0030459945,0.0,0.0,1,10.0030459945,1,10.0030459945,-1.0,-10.0030459945,1.0,10.0030459945,-1.0,-10.0030459945,1.0,10.0030459945,0.0,0.0,1.0,10.0030459945,-1.0,-10.0030459945,-1,-10.0030459945,-1,-10.0030459945,1,10.0030459945,1,10.0030459945,1,10.0030459945,-1.0,-10.0030459945,1.0,10.0030459945,1,10.0030459945,1,10.0030459945,1.0,10.0030459945,0.0,0.0,-1.0,-10.0030459945,1.0,10.0030459945
20170518,@NEM7,-1.0,-0.00562608193883,68930.0,currency,1495140174,1.0,-0.0,0.0,0.0,-0.0,1.0,-0.0,-1,0.0,-1.0,0.0,-1.0,0.0,0.0,-0.0,-1.0,0.0,1.0,-0.0,-1.0,0.0,1.0,-0.0,-1,0.0,-1,0.0,-1,0.0,-1,0.0,-1.0,0.0,-1.0,0.0,-1.0,0.0,-1.0,0.0,1.0,-0.0,0,-0.0,-1.0,0.0,-1.0,0.0,-1,0.0,0,-0.0,1.0,-0.0,1.0,-0.0,1.0,-0.0,1.0,-0.0,-1.0,0.0,0.0,-0.0,0.0,-0.0,1.0,-0.0,-1,0.0,1.0,-0.0,1,-0.0,1.0,-0.0,0.0,-0.0,-1.0,0.0,1.0,-0.0,1.0,-0.0,1.0,-0.0,-1.0,0.0,1.0,-0.0,-1.0,0.0,-1.0,0.0,1.0,-0.0,-1,0.0,1,-0.0,0.0,-0.0,1.0,-0.0,-1.0,0.0,1.0,-0.0,1.0,-0.0,-1.0,0.0,-1.0,0.0,1.0,-0.0,-1.0,0.0,1,-0.0,0,-0.0,-1.0,0.0,0,-0.0,-1.0,0.0,1.0,-0.0,-1,0.0,1.0,-0.0,0.0,-0.0,1,-0.0,0,-0.0,-1.0,0.0,-1.0,0.0,1.0,-0.0,1.0,-0.0,1.0,-0.0,-1.0,0.0,1.0,-0.0,-1,0.0,0,-0.0,1,-0.0,1,-0.0,-1,0.0,1.0,-0.0,-1.0,0.0,1,-0.0,1,-0.0,1.0,-0.0,0.0,-0.0,1.0,-0.0,-1.0,0.0
20170518,QRBN7,1.0,0.00162449234614,67330.2,energy,1495140174,1.0,0.0,0.0,0.0,0.0,-1.0,-0.0,1,0.0,-1.0,-0.0,-1.0,-0.0,1.0,0.0,1.0,0.0,1.0,0.0,1.0,0.0,-1.0,-0.0,-1,-0.0,-1,-0.0,-1,-0.0,0,0.0,1.0,0.0,1.0,0.0,-1.0,-0.0,-1.0,-0.0,1.0,0.0,0,0.0,-1.0,-0.0,-1.0,-0.0,1,0.0,0,0.0,1.0,0.0,-1.0,-0.0,1.0,0.0,1.0,0.0,1.0,0.0,0.0,0.0,0.0,0.0,-1.0,-0.0,-1,-0.0,1.0,0.0,1,0.0,-1.0,-0.0,0.0,0.0,1.0,0.0,-1.0,-0.0,1.0,0.0,1.0,0.0,-1.0,-0.0,1.0,0.0,-1.0,-0.0,-1.0,-0.0,1.0,0.0,-1,-0.0,1,0.0,0.0,0.0,-1.0,-0.0,-1.0,-0.0,1.0,0.0,1.0,0.0,-1.0,-0.0,-1.0,-0.0,1.0,0.0,1.0,0.0,-1,-0.0,0,0.0,-1.0,-0.0,0,0.0,-1.0,-0.0,-1.0,-0.0,1,0.0,1.0,0.0,0.0,0.0,-1,-0.0,0,0.0,-1.0,-0.0,-1.0,-0.0,1.0,0.0,1.0,0.0,1.0,0.0,1.0,0.0,-1.0,-0.0,1,0.0,0,0.0,0,0.0,-1,-0.0,1,0.0,-1.0,-0.0,1.0,0.0,1,0.0,1,0.0,1.0,0.0,-1.0,-0.0,-1.0,-0.0,-1.0,-0.0
20170519,@NKDM7,1.0,0.00433562866616,88319.7272809,index,1495226630,1.0,0.0,0.0,0.0,0.0,1.0,0.0,-1,-0.0,-1.0,-0.0,-1.0,-0.0,0.0,0.0,-1.0,-0.0,1.0,0.0,-1.0,-0.0,1.0,0.0,-1,-0.0,-1,-0.0,-1,-0.0,-1,-0.0,-1.0,-0.0,-1.0,-0.0,-1.0,-0.0,-1.0,-0.0,1.0,0.0,0,0.0,-1.0,-0.0,-1.0,-0.0,-1,-0.0,0,0.0,1.0,0.0,1.0,0.0,1.0,0.0,1.0,0.0,-1.0,-0.0,0.0,0.0,0.0,0.0,1.0,0.0,1,0.0,1.0,0.0,1,0.0,1.0,0.0,0.0,0.0,-1.0,-0.0,1.0,0.0,1.0,0.0,1.0,0.0,-1.0,-0.0,1.0,0.0,-1.0,-0.0,-1.0,-0.0,-1.0,-0.0,-1,-0.0,1,0.0,0.0,0.0,1.0,0.0,-1.0,-0.0,1.0,0.0,1.0,0.0,-1.0,-0.0,-1.0,-0.0,1.0,0.0,-1.0,-0.0,1,0.0,0,0.0,-1.0,-0.0,0,0.0,-1.0,-0.0,1.0,0.0,-1,-0.0,1.0,0.0,0.0,0.0,1,0.0,0,0.0,-1.0,-0.0,-1.0,-0.0,1.0,0.0,1.0,0.0,1.0,0.0,-1.0,-0.0,1.0,0.0,-1,-0.0,0,0.0,1,0.0,1,0.0,-1,-0.0,1.0,0.0,-1.0,-0.0,1,0.0,1,0.0,1.0,0.0,0.0,0.0,1.0,0.0,-1.0,-0.0
20170519,@NQM7,1.0,0.00404049373945,113065.0,index,1495226630,1.0,0.0,0.0,-1.0,-0.0,-1.0,-0.0,-1,-0.0,-1.0,-0.0,1.0,0.0,1.0,0.0,1.0,0.0,1.0,0.0,1.0,0.0,1.0,0.0,0,0.0,-1,-0.0,-1,-0.0,0,0.0,1.0,0.0,-1.0,-0.0,-1.0,-0.0,-1.0,-0.0,1.0,0.0,0,0.0,-1.0,-0.0,1.0,0.0,-1,-0.0,0,0.0,0.0,0.0,1.0,0.0,1.0,0.0,-1.0,-0.0,-1.0,-0.0,-1.0,-0.0,1.0,0.0,-1.0,-0.0,-1,-0.0,1.0,0.0,1,0.0,1.0,0.0,0.0,0.0,-1.0,-0.0,1.0,0.0,1.0,0.0,1.0,0.0,-1.0,-0.0,1.0,0.0,-1.0,-0.0,-1.0,-0.0,1.0,0.0,1,0.0,1,0.0,0.0,0.0,1.0,0.0,-1.0,-0.0,1.0,0.0,1.0,0.0,-1.0,-0.0,-1.0,-0.0,-1.0,-0.0,-1.0,-0.0,1,0.0,0,0.0,-1.0,-0.0,0,0.0,1.0,0.0,1.0,0.0,1,0.0,-1.0,-0.0,1.0,0.0,1,0.0,0,0.0,0.0,0.0,-1.0,-0.0,1.0,0.0,1.0,0.0,1.0,0.0,-1.0,-0.0,1.0,0.0,-1,-0.0,0,0.0,0,0.0,1,0.0,-1,-0.0,-1.0,-0.0,-1.0,-0.0,0,0.0,1,0.0,-1.0,-0.0,-1.0,-0.0,-1.0,-0.0,-1.0,-0.0
20170519,QPAM7,-1.0,-0.0120190737475,75625.0,metal,1495226630,1.0,-0.0,0.0,-1.0,0.0,-1.0,0.0,1,-0.0,1.0,-0.0,-1.0,0.0,1.0,-0.0,1.0,-0.0,1.0,-0.0,1.0,-0.0,1.0,-0.0,0,-0.0,1,-0.0,-1,0.0,0,-0.0,1.0,-0.0,1.0,-0.0,0.0,-0.0,-1.0,0.0,1.0,-0.0,0,-0.0,-1.0,0.0,-1.0,0.0,-1,0.0,-1,0.0,0.0,-0.0,-1.0,0.0,-1.0,0.0,1.0,-0.0,-1.0,0.0,-1.0,0.0,1.0,-0.0,-1.0,0.0,-1,0.0,1.0,-0.0,-1,0.0,-1.0,0.0,-1.0,0.0,-1.0,0.0,-1.0,0.0,-1.0,0.0,0.0,-0.0,0.0,-0.0,1.0,-0.0,1.0,-0.0,-1.0,0.0,1.0,-0.0,1,-0.0,1,-0.0,1.0,-0.0,1.0,-0.0,1.0,-0.0,0.0,-0.0,-1.0,0.0,-1.0,0.0,-1.0,0.0,1.0,-0.0,1.0,-0.0,-1,0.0,0,-0.0,1.0,-0.0,0,-0.0,-1.0,0.0,1.0,-0.0,1,-0.0,-1.0,0.0,1.0,-0.0,1,-0.0,1,-0.0,0.0,-0.0,-1.0,0.0,1.0,-0.0,1.0,-0.0,1.0,-0.0,1.0,-0.0,-1.0,0.0,1,-0.0,0,-0.0,0,-0.0,-1,0.0,1,-0.0,-1.0,0.0,-1.0,0.0,0,-0.0,-1,0.0,1.0,-0.0,-1.0,0.0,-1.0,0.0,-1.0,0.0
20170519,QRBN7,1.0,0.0266816283274,69169.8,energy,1495226630,1.0,0.0,0.0,0.0,0.0,1.0,0.0,-1,-0.0,1.0,0.0,-1.0,-0.0,0.0,0.0,-1.0,-0.0,1.0,0.0,-1.0,-0.0,1.0,0.0,-1,-0.0,-1,-0.0,-1,-0.0,-1,-0.0,-1.0,-0.0,1.0,0.0,0.0,0.0,1.0,0.0,-1.0,-0.0,0,0.0,-1.0,-0.0,-1.0,-0.0,-1,-0.0,-1,-0.0,1.0,0.0,-1.0,-0.0,1.0,0.0,1.0,0.0,-1.0,-0.0,0.0,0.0,0.0,0.0,1.0,0.0,-1,-0.0,1.0,0.0,-1,-0.0,1.0,0.0,-1.0,-0.0,-1.0,-0.0,-1.0,-0.0,1.0,0.0,0.0,0.0,0.0,0.0,-1.0,-0.0,-1.0,-0.0,1.0,0.0,1.0,0.0,-1,-0.0,1,0.0,1.0,0.0,1.0,0.0,-1.0,-0.0,0.0,0.0,1.0,0.0,-1.0,-0.0,-1.0,-0.0,1.0,0.0,-1.0,-0.0,1,0.0,0,0.0,-1.0,-0.0,0,0.0,-1.0,-0.0,1.0,0.0,-1,-0.0,1.0,0.0,0.0,0.0,1,0.0,1,0.0,-1.0,-0.0,-1.0,-0.0,1.0,0.0,1.0,0.0,1.0,0.0,1.0,0.0,1.0,0.0,-1,-0.0,0,0.0,1,0.0,1,0.0,-1,-0.0,1.0,0.0,-1.0,-0.0,1,0.0,1,0.0,1.0,0.0,0.0,0.0,1.0,0.0,-1.0,-0.0
20170519,@SN7,1.0,0.00767398782747,47600.0,grain,1495217818,1.0,0.0,0.0,-1.0,-0.0,-1.0,-0.0,1,0.0,1.0,0.0,-1.0,-0.0,1.0,0.0,1.0,0.0,1.0,0.0,1.0,0.0,1.0,0.0,0,0.0,1,0.0,-1,-0.0,0,0.0,1.0,0.0,1.0,0.0,0.0,0.0,-1.0,-0.0,1.0,0.0,0,0.0,-1.0,-0.0,-1.0,-0.0,-1,-0.0,-1,-0.0,0.0,0.0,-1.0,-0.0,-1.0,-0.0,1.0,0.0,-1.0,-0.0,-1.0,-0.0,1.0,0.0,-1.0,-0.0,1,0.0,1.0,0.0,-1,-0.0,-1.0,-0.0,-1.0,-0.0,-1.0,-0.0,-1.0,-0.0,-1.0,-0.0,0.0,0.0,0.0,0.0,1.0,0.0,1.0,0.0,-1.0,-0.0,-1.0,-0.0,1,0.0,1,0.0,1.0,0.0,1.0,0.0,1.0,0.0,0.0,0.0,-1.0,-0.0,-1.0,-0.0,-1.0,-0.0,1.0,0.0,1.0,0.0,-1,-0.0,0,0.0,1.0,0.0,0,0.0,-1.0,-0.0,1.0,0.0,1,0.0,-1.0,-0.0,1.0,0.0,1,0.0,1,0.0,0.0,0.0,-1.0,-0.0,1.0,0.0,1.0,0.0,1.0,0.0,1.0,0.0,-1.0,-0.0,1,0.0,0,0.0,0,0.0,-1,-0.0,1,0.0,-1.0,-0.0,-1.0,-0.0,0,0.0,-1,-0.0,1.0,0.0,-1.0,-0.0,-1.0,-0.0,-1.0,-0.0
20170519,@SFM7,1.0,0.00674948645212,128650.0,currency,1495226630,1.0,0.0,0.0,0.0,0.0,-1.0,-0.0,1,0.0,-1.0,-0.0,-1.0,-0.0,1.0,0.0,1.0,0.0,1.0,0.0,1.0,0.0,-1.0,-0.0,-1,-0.0,-1,-0.0,-1,-0.0,0,0.0,1.0,0.0,1.0,0.0,-1.0,-0.0,-1.0,-0.0,1.0,0.0,0,0.0,-1.0,-0.0,-1.0,-0.0,1,0.0,0,0.0,1.0,0.0,-1.0,-0.0,1.0,0.0,1.0,0.0,1.0,0.0,0.0,0.0,0.0,0.0,-1.0,-0.0,-1,-0.0,1.0,0.0,1,0.0,-1.0,-0.0,0.0,0.0,1.0,0.0,-1.0,-0.0,1.0,0.0,1.0,0.0,-1.0,-0.0,1.0,0.0,-1.0,-0.0,-1.0,-0.0,1.0,0.0,-1,-0.0,1,0.0,0.0,0.0,-1.0,-0.0,-1.0,-0.0,1.0,0.0,1.0,0.0,-1.0,-0.0,-1.0,-0.0,1.0,0.0,1.0,0.0,-1,-0.0,0,0.0,-1.0,-0.0,0,0.0,-1.0,-0.0,-1.0,-0.0,1,0.0,1.0,0.0,0.0,0.0,-1,-0.0,0,0.0,-1.0,-0.0,-1.0,-0.0,1.0,0.0,1.0,0.0,1.0,0.0,1.0,0.0,-1.0,-0.0,1,0.0,0,0.0,0,0.0,-1,-0.0,1,0.0,-1.0,-0.0,1.0,0.0,1,0.0,1,0.0,1.0,0.0,-1.0,-0.0,-1.0,-0.0,-1.0,-0.0
20170519,QSIN7,1.0,0.0101979604079,84200.0,metal,1495226630,1.0,0.0,0.0,1.0,0.0,1.0,0.0,1,0.0,1.0,0.0,-1.0,-0.0,-1.0,-0.0,-1.0,-0.0,-1.0,-0.0,-1.0,-0.0,-1.0,-0.0,0,0.0,1,0.0,1,0.0,0,0.0,-1.0,-0.0,1.0,0.0,1.0,0.0,1.0,0.0,-1.0,-0.0,0,0.0,1.0,0.0,-1.0,-0.0,1,0.0,0,0.0,0.0,0.0,-1.0,-0.0,-1.0,-0.0,1.0,0.0,1.0,0.0,1.0,0.0,-1.0,-0.0,1.0,0.0,-1,-0.0,-1.0,-0.0,-1,-0.0,-1.0,-0.0,0.0,0.0,1.0,0.0,-1.0,-0.0,-1.0,-0.0,-1.0,-0.0,1.0,0.0,-1.0,-0.0,1.0,0.0,1.0,0.0,1.0,0.0,-1,-0.0,1,0.0,0.0,0.0,-1.0,-0.0,1.0,0.0,-1.0,-0.0,-1.0,-0.0,-1.0,-0.0,0.0,0.0,1.0,0.0,-1.0,-0.0,-1,-0.0,-1,-0.0,1.0,0.0,0,0.0,-1.0,-0.0,-1.0,-0.0,-1,-0.0,1.0,0.0,-1.0,-0.0,-1,-0.0,0,0.0,0.0,0.0,-1.0,-0.0,-1.0,-0.0,1.0,0.0,0.0,0.0,1.0,0.0,1.0,0.0,1,0.0,1,0.0,0,0.0,-1,-0.0,1,0.0,1.0,0.0,1.0,0.0,0,0.0,-1,-0.0,1.0,0.0,1.0,0.0,1.0,0.0,1.0,0.0
20170519,@TYM7,-1.0,-0.000247463499134,126250.0,rates,1495226630,1.0,-31.2422667656,31.2422667656,1.0,-31.2422667656,1.0,-31.2422667656,1,-31.2422667656,-1.0,31.2422667656,-1.0,31.2422667656,-1.0,31.2422667656,-1.0,31.2422667656,-1.0,31.2422667656,-1.0,31.2422667656,-1.0,31.2422667656,0,-0.0,1,-31.2422667656,1,-31.2422667656,0,-0.0,-1.0,31.2422667656,-1.0,31.2422667656,0.0,-0.0,-1.0,31.2422667656,1.0,-31.2422667656,0,-0.0,1.0,-31.2422667656,-1.0,31.2422667656,1,-31.2422667656,1,-31.2422667656,0.0,-0.0,1.0,-31.2422667656,-1.0,31.2422667656,1.0,-31.2422667656,1.0,-31.2422667656,1.0,-31.2422667656,-1.0,31.2422667656,1.0,-31.2422667656,-1,31.2422667656,-1.0,31.2422667656,1,-31.2422667656,-1.0,31.2422667656,1.0,-31.2422667656,1.0,-31.2422667656,1.0,-31.2422667656,-1.0,31.2422667656,0.0,-0.0,0.0,-0.0,1.0,-31.2422667656,1.0,-31.2422667656,-1.0,31.2422667656,1.0,-31.2422667656,-1,31.2422667656,-1,31.2422667656,-1.0,31.2422667656,-1.0,31.2422667656,1.0,-31.2422667656,0.0,-0.0,-1.0,31.2422667656,1.0,-31.2422667656,1.0,-31.2422667656,1.0,-31.2422667656,1.0,-31.2422667656,-1,31.2422667656,0,-0.0,1.0,-31.2422667656,0,-0.0,-1.0,31.2422667656,-1.0,31.2422667656,-1,31.2422667656,1.0,-31.2422667656,-1.0,31.2422667656,-1,31.2422667656,-1,31.2422667656,0.0,-0.0,1.0,-31.2422667656,-1.0,31.2422667656,-1.0,31.2422667656,-1.0,31.2422667656,-1.0,31.2422667656,-1.0,31.2422667656,1,-31.2422667656,0,-0.0,0,-0.0,-1,31.2422667656,1,-31.2422667656,1.0,-31.2422667656,1.0,-31.2422667656,0,-0.0,-1,31.2422667656,1.0,-31.2422667656,1.0,-31.2422667656,1.0,-31.2422667656,1.0,-31.2422667656
20170519,@TUM7,1.0,0.0,216703.125,rates,1495226630,2.0,0.0,0.0,0.0,0.0,-1.0,-0.0,1,0.0,-1.0,-0.0,1.0,0.0,0.0,0.0,1.0,0.0,-1.0,-0.0,1.0,0.0,-1.0,-0.0,1,0.0,1,0.0,1,0.0,1,0.0,1.0,0.0,-1.0,-0.0,0.0,0.0,-1.0,-0.0,1.0,0.0,0,0.0,1.0,0.0,1.0,0.0,1,0.0,1,0.0,-1.0,-0.0,1.0,0.0,-1.0,-0.0,-1.0,-0.0,1.0,0.0,0.0,0.0,0.0,0.0,-1.0,-0.0,-1,-0.0,-1.0,-0.0,1,0.0,-1.0,-0.0,1.0,0.0,1.0,0.0,1.0,0.0,-1.0,-0.0,0.0,0.0,0.0,0.0,1.0,0.0,1.0,0.0,-1.0,-0.0,1.0,0.0,1,0.0,-1,-0.0,-1.0,-0.0,-1.0,-0.0,1.0,0.0,0.0,0.0,-1.0,-0.0,1.0,0.0,1.0,0.0,-1.0,-0.0,1.0,0.0,-1,-0.0,0,0.0,1.0,0.0,0,0.0,1.0,0.0,-1.0,-0.0,1,0.0,-1.0,-0.0,0.0,0.0,-1,-0.0,-1,-0.0,1.0,0.0,1.0,0.0,-1.0,-0.0,-1.0,-0.0,-1.0,-0.0,-1.0,-0.0,-1.0,-0.0,1,0.0,0,0.0,-1,-0.0,-1,-0.0,1,0.0,-1.0,-0.0,1.0,0.0,-1,-0.0,-1,-0.0,-1.0,-0.0,0.0,0.0,-1.0,-0.0,1.0,0.0
20170519,QNGN7,1.0,0.0201219512195,33460.0,energy,1495226630,1.0,673.280487805,673.280487805,0.0,0.0,1.0,673.280487805,-1,-673.280487805,-1.0,-673.280487805,-1.0,-673.280487805,0.0,0.0,-1.0,-673.280487805,1.0,673.280487805,-1.0,-673.280487805,1.0,673.280487805,-1,-673.280487805,-1,-673.280487805,-1,-673.280487805,-1,-673.280487805,-1.0,-673.280487805,-1.0,-673.280487805,-1.0,-673.280487805,-1.0,-673.280487805,1.0,673.280487805,0,0.0,-1.0,-673.280487805,-1.0,-673.280487805,-1,-673.280487805,0,0.0,1.0,673.280487805,1.0,673.280487805,1.0,673.280487805,1.0,673.280487805,-1.0,-673.280487805,0.0,0.0,0.0,0.0,1.0,673.280487805,-1,-673.280487805,1.0,673.280487805,1,673.280487805,1.0,673.280487805,0.0,0.0,-1.0,-673.280487805,1.0,673.280487805,1.0,673.280487805,1.0,673.280487805,-1.0,-673.280487805,1.0,673.280487805,-1.0,-673.280487805,-1.0,-673.280487805,1.0,673.280487805,-1,-673.280487805,-1,-673.280487805,0.0,0.0,1.0,673.280487805,-1.0,-673.280487805,1.0,673.280487805,1.0,673.280487805,1.0,673.280487805,0.0,0.0,1.0,673.280487805,1.0,673.280487805,1,673.280487805,1,673.280487805,-1.0,-673.280487805,0,0.0,-1.0,-673.280487805,1.0,673.280487805,-1,-673.280487805,1.0,673.280487805,0.0,0.0,1,673.280487805,0,0.0,-1.0,-673.280487805,1.0,673.280487805,1.0,673.280487805,-1.0,-673.280487805,0.0,0.0,-1.0,-673.280487805,-1.0,-673.280487805,-1,-673.280487805,-1,-673.280487805,1,673.280487805,1,673.280487805,-1,-673.280487805,1.0,673.280487805,-1.0,-673.280487805,1,673.280487805,1,673.280487805,1.0,673.280487805,0.0,0.0,1.0,673.280487805,-1.0,-673.280487805
20170519,@USM7,1.0,0.00101584721658,153968.75,rates,1495226630,1.0,0.0,0.0,1.0,0.0,1.0,0.0,-1,-0.0,-1.0,-0.0,1.0,0.0,-1.0,-0.0,-1.0,-0.0,-1.0,-0.0,-1.0,-0.0,-1.0,-0.0,0,0.0,-1,-0.0,1,0.0,0,0.0,-1.0,-0.0,-1.0,-0.0,0.0,0.0,1.0,0.0,-1.0,-0.0,0,0.0,1.0,0.0,1.0,0.0,1,0.0,1,0.0,0.0,0.0,1.0,0.0,1.0,0.0,-1.0,-0.0,1.0,0.0,1.0,0.0,-1.0,-0.0,1.0,0.0,-1,-0.0,-1.0,-0.0,1,0.0,1.0,0.0,1.0,0.0,1.0,0.0,1.0,0.0,1.0,0.0,0.0,0.0,0.0,0.0,-1.0,-0.0,-1.0,-0.0,1.0,0.0,1.0,0.0,-1,-0.0,-1,-0.0,-1.0,-0.0,-1.0,-0.0,-1.0,-0.0,0.0,0.0,1.0,0.0,1.0,0.0,1.0,0.0,-1.0,-0.0,-1.0,-0.0,1,0.0,0,0.0,-1.0,-0.0,0,0.0,1.0,0.0,-1.0,-0.0,-1,-0.0,1.0,0.0,-1.0,-0.0,-1,-0.0,-1,-0.0,0.0,0.0,1.0,0.0,-1.0,-0.0,-1.0,-0.0,-1.0,-0.0,-1.0,-0.0,1.0,0.0,-1,-0.0,0,0.0,0,0.0,1,0.0,-1,-0.0,1.0,0.0,1.0,0.0,0,0.0,1,0.0,-1.0,-0.0,1.0,0.0,1.0,0.0,1.0,0.0
20170519,@WN7,1.0,0.0211391661773,21737.5,grain,1495217818,1.0,459.51262478,459.51262478,-1.0,-459.51262478,-1.0,-459.51262478,-1,-459.51262478,1.0,459.51262478,1.0,459.51262478,1.0,459.51262478,1.0,459.51262478,1.0,459.51262478,1.0,459.51262478,1.0,459.51262478,0,0.0,-1,-459.51262478,-1,-459.51262478,0,0.0,1.0,459.51262478,1.0,459.51262478,0.0,0.0,1.0,459.51262478,-1.0,-459.51262478,0,0.0,-1.0,-459.51262478,1.0,459.51262478,-1,-459.51262478,-1,-459.51262478,0.0,0.0,-1.0,-459.51262478,1.0,459.51262478,-1.0,-459.51262478,-1.0,-459.51262478,-1.0,-459.51262478,1.0,459.51262478,-1.0,-459.51262478,-1,-459.51262478,1.0,459.51262478,-1,-459.51262478,1.0,459.51262478,-1.0,-459.51262478,-1.0,-459.51262478,-1.0,-459.51262478,1.0,459.51262478,0.0,0.0,0.0,0.0,-1.0,-459.51262478,-1.0,-459.51262478,1.0,459.51262478,1.0,459.51262478,1,459.51262478,1,459.51262478,1.0,459.51262478,1.0,459.51262478,-1.0,-459.51262478,0.0,0.0,1.0,459.51262478,-1.0,-459.51262478,-1.0,-459.51262478,-1.0,-459.51262478,-1.0,-459.51262478,1,459.51262478,0,0.0,-1.0,-459.51262478,0,0.0,1.0,459.51262478,1.0,459.51262478,1,459.51262478,-1.0,-459.51262478,1.0,459.51262478,1,459.51262478,1,459.51262478,0.0,0.0,-1.0,-459.51262478,1.0,459.51262478,1.0,459.51262478,1.0,459.51262478,1.0,459.51262478,1.0,459.51262478,-1,-459.51262478,0,0.0,0,0.0,1,459.51262478,-1,-459.51262478,-1.0,-459.51262478,-1.0,-459.51262478,0,0.0,1,459.51262478,-1.0,-459.51262478,-1.0,-459.51262478,-1.0,-459.51262478,-1.0,-459.51262478
20170519,@YMM7,1.0,0.00697539236582,103940.0,index,1495226630,1.0,0.0,0.0,-1.0,-0.0,-1.0,-0.0,-1,-0.0,-1.0,-0.0,1.0,0.0,1.0,0.0,1.0,0.0,1.0,0.0,1.0,0.0,1.0,0.0,0,0.0,-1,-0.0,-1,-0.0,0,0.0,1.0,0.0,-1.0,-0.0,-1.0,-0.0,-1.0,-0.0,1.0,0.0,0,0.0,-1.0,-0.0,1.0,0.0,-1,-0.0,0,0.0,0.0,0.0,1.0,0.0,1.0,0.0,-1.0,-0.0,-1.0,-0.0,-1.0,-0.0,1.0,0.0,-1.0,-0.0,-1,-0.0,1.0,0.0,1,0.0,1.0,0.0,0.0,0.0,-1.0,-0.0,1.0,0.0,1.0,0.0,1.0,0.0,-1.0,-0.0,1.0,0.0,-1.0,-0.0,-1.0,-0.0,1.0,0.0,1,0.0,1,0.0,0.0,0.0,1.0,0.0,-1.0,-0.0,1.0,0.0,1.0,0.0,-1.0,-0.0,-1.0,-0.0,-1.0,-0.0,-1.0,-0.0,1,0.0,0,0.0,-1.0,-0.0,0,0.0,1.0,0.0,1.0,0.0,1,0.0,-1.0,-0.0,1.0,0.0,1,0.0,0,0.0,0.0,0.0,-1.0,-0.0,1.0,0.0,1.0,0.0,1.0,0.0,-1.0,-0.0,1.0,0.0,-1,-0.0,0,0.0,0,0.0,1,0.0,-1,-0.0,-1.0,-0.0,-1.0,-0.0,0,0.0,1,0.0,-1.0,-0.0,-1.0,-0.0,-1.0,-0.0,-1.0,-0.0
20170519,@ADM7,1.0,0.00566725138308,74530.0,currency,1495226630,1.0,0.0,0.0,0.0,0.0,1.0,0.0,-1,-0.0,1.0,0.0,-1.0,-0.0,0.0,0.0,1.0,0.0,-1.0,-0.0,1.0,0.0,-1.0,-0.0,-1,-0.0,-1,-0.0,-1,-0.0,-1,-0.0,1.0,0.0,1.0,0.0,0.0,0.0,-1.0,-0.0,1.0,0.0,0,0.0,-1.0,-0.0,-1.0,-0.0,-1,-0.0,-1,-0.0,1.0,0.0,-1.0,-0.0,1.0,0.0,1.0,0.0,1.0,0.0,0.0,0.0,0.0,0.0,-1.0,-0.0,-1,-0.0,1.0,0.0,-1,-0.0,-1.0,-0.0,-1.0,-0.0,-1.0,-0.0,-1.0,-0.0,-1.0,-0.0,0.0,0.0,0.0,0.0,1.0,0.0,1.0,0.0,-1.0,-0.0,1.0,0.0,-1,-0.0,1,0.0,1.0,0.0,1.0,0.0,1.0,0.0,0.0,0.0,-1.0,-0.0,-1.0,-0.0,-1.0,-0.0,1.0,0.0,1.0,0.0,-1,-0.0,0,0.0,-1.0,-0.0,0,0.0,-1.0,-0.0,-1.0,-0.0,-1,-0.0,1.0,0.0,0.0,0.0,1,0.0,1,0.0,-1.0,-0.0,-1.0,-0.0,1.0,0.0,1.0,0.0,1.0,0.0,1.0,0.0,-1.0,-0.0,1,0.0,0,0.0,1,0.0,1,0.0,1,0.0,-1.0,-0.0,1.0,0.0,1,0.0,1,0.0,1.0,0.0,0.0,0.0,-1.0,-0.0,1.0,0.0
20170519,@SMN7,-1.0,-0.000975609756098,30720.0,grain,1495217818,1.0,-29.9707317073,29.9707317073,0.0,-0.0,1.0,-29.9707317073,-1,29.9707317073,1.0,-29.9707317073,-1.0,29.9707317073,0.0,-0.0,1.0,-29.9707317073,-1.0,29.9707317073,1.0,-29.9707317073,-1.0,29.9707317073,-1,29.9707317073,-1,29.9707317073,-1,29.9707317073,-1,29.9707317073,1.0,-29.9707317073,1.0,-29.9707317073,0.0,-0.0,-1.0,29.9707317073,1.0,-29.9707317073,0,-0.0,-1.0,29.9707317073,-1.0,29.9707317073,-1,29.9707317073,-1,29.9707317073,1.0,-29.9707317073,-1.0,29.9707317073,1.0,-29.9707317073,1.0,-29.9707317073,1.0,-29.9707317073,0.0,-0.0,0.0,-0.0,-1.0,29.9707317073,1,-29.9707317073,1.0,-29.9707317073,-1,29.9707317073,-1.0,29.9707317073,-1.0,29.9707317073,-1.0,29.9707317073,-1.0,29.9707317073,-1.0,29.9707317073,0.0,-0.0,0.0,-0.0,1.0,-29.9707317073,1.0,-29.9707317073,-1.0,29.9707317073,-1.0,29.9707317073,-1,29.9707317073,1,-29.9707317073,1.0,-29.9707317073,1.0,-29.9707317073,1.0,-29.9707317073,0.0,-0.0,-1.0,29.9707317073,-1.0,29.9707317073,-1.0,29.9707317073,1.0,-29.9707317073,1.0,-29.9707317073,-1,29.9707317073,0,-0.0,-1.0,29.9707317073,0,-0.0,-1.0,29.9707317073,-1.0,29.9707317073,-1,29.9707317073,1.0,-29.9707317073,0.0,-0.0,1,-29.9707317073,1,-29.9707317073,-1.0,29.9707317073,-1.0,29.9707317073,1.0,-29.9707317073,1.0,-29.9707317073,1.0,-29.9707317073,1.0,-29.9707317073,-1.0,29.9707317073,1,-29.9707317073,0,-0.0,1,-29.9707317073,1,-29.9707317073,1,-29.9707317073,-1.0,29.9707317073,1.0,-29.9707317073,1,-29.9707317073,1,-29.9707317073,1.0,-29.9707317073,0.0,-0.0,-1.0,29.9707317073,1.0,-29.9707317073
20170519,@NEM7,1.0,0.00595410978798,69270.0,currency,1495226630,1.0,0.0,0.0,-1.0,-0.0,-1.0,-0.0,1,0.0,-1.0,-0.0,-1.0,-0.0,1.0,0.0,1.0,0.0,1.0,0.0,1.0,0.0,1.0,0.0,0,0.0,1,0.0,-1,-0.0,0,0.0,1.0,0.0,1.0,0.0,-1.0,-0.0,-1.0,-0.0,1.0,0.0,0,0.0,-1.0,-0.0,-1.0,-0.0,1,0.0,0,0.0,0.0,0.0,-1.0,-0.0,-1.0,-0.0,1.0,0.0,-1.0,-0.0,-1.0,-0.0,1.0,0.0,-1.0,-0.0,-1,-0.0,1.0,0.0,1,0.0,-1.0,-0.0,0.0,0.0,1.0,0.0,-1.0,-0.0,1.0,0.0,1.0,0.0,-1.0,-0.0,1.0,0.0,-1.0,-0.0,-1.0,-0.0,1.0,0.0,1,0.0,1,0.0,0.0,0.0,-1.0,-0.0,-1.0,-0.0,1.0,0.0,1.0,0.0,-1.0,-0.0,-1.0,-0.0,1.0,0.0,1.0,0.0,-1,-0.0,0,0.0,1.0,0.0,0,0.0,-1.0,-0.0,1.0,0.0,1,0.0,-1.0,-0.0,1.0,0.0,-1,-0.0,0,0.0,0.0,0.0,-1.0,-0.0,1.0,0.0,1.0,0.0,1.0,0.0,1.0,0.0,-1.0,-0.0,1,0.0,0,0.0,0,0.0,-1,-0.0,1,0.0,-1.0,-0.0,-1.0,-0.0,0,0.0,-1,-0.0,1.0,0.0,-1.0,-0.0,-1.0,-0.0,-1.0,-0.0
20170519,QPLN7,1.0,0.00373612297182,47015.0,metal,1495226630,1.0,0.0,0.0,0.0,0.0,1.0,0.0,1,0.0,1.0,0.0,1.0,0.0,-1.0,-0.0,-1.0,-0.0,-1.0,-0.0,1.0,0.0,-1.0,-0.0,1,0.0,1,0.0,1,0.0,0,0.0,1.0,0.0,1.0,0.0,1.0,0.0,1.0,0.0,-1.0,-0.0,0,0.0,1.0,0.0,-1.0,-0.0,1,0.0,0,0.0,-1.0,-0.0,-1.0,-0.0,-1.0,-0.0,-1.0,-0.0,1.0,0.0,0.0,0.0,0.0,0.0,-1.0,-0.0,-1,-0.0,-1.0,-0.0,-1,-0.0,-1.0,-0.0,0.0,0.0,1.0,0.0,-1.0,-0.0,-1.0,-0.0,-1.0,-0.0,1.0,0.0,-1.0,-0.0,1.0,0.0,1.0,0.0,1.0,0.0,1,0.0,1,0.0,0.0,0.0,-1.0,-0.0,1.0,0.0,-1.0,-0.0,-1.0,-0.0,-1.0,-0.0,0.0,0.0,1.0,0.0,-1.0,-0.0,-1,-0.0,-1,-0.0,1.0,0.0,0,0.0,1.0,0.0,-1.0,-0.0,-1,-0.0,-1.0,-0.0,0.0,0.0,-1,-0.0,0,0.0,1.0,0.0,-1.0,-0.0,-1.0,-0.0,1.0,0.0,0.0,0.0,1.0,0.0,1.0,0.0,1,0.0,1,0.0,0,0.0,-1,-0.0,1,0.0,-1.0,-0.0,1.0,0.0,-1,-0.0,-1,-0.0,-1.0,-0.0,1.0,0.0,1.0,0.0,1.0,0.0
20170519,@HEN7,1.0,0.0113528855251,32070.0,meat,1495216799,1.0,0.0,0.0,0.0,0.0,1.0,0.0,-1,-0.0,-1.0,-0.0,-1.0,-0.0,0.0,0.0,1.0,0.0,-1.0,-0.0,1.0,0.0,-1.0,-0.0,-1,-0.0,-1,-0.0,-1,-0.0,-1,-0.0,1.0,0.0,1.0,0.0,-1.0,-0.0,-1.0,-0.0,1.0,0.0,0,0.0,-1.0,-0.0,-1.0,-0.0,1,0.0,0,0.0,1.0,0.0,-1.0,-0.0,1.0,0.0,1.0,0.0,1.0,0.0,0.0,0.0,0.0,0.0,-1.0,-0.0,1,0.0,1.0,0.0,1,0.0,-1.0,-0.0,0.0,0.0,1.0,0.0,-1.0,-0.0,1.0,0.0,1.0,0.0,-1.0,-0.0,1.0,0.0,-1.0,-0.0,-1.0,-0.0,-1.0,-0.0,-1,-0.0,1,0.0,0.0,0.0,-1.0,-0.0,-1.0,-0.0,1.0,0.0,1.0,0.0,-1.0,-0.0,-1.0,-0.0,1.0,0.0,1.0,0.0,-1,-0.0,0,0.0,-1.0,-0.0,0,0.0,-1.0,-0.0,-1.0,-0.0,-1,-0.0,1.0,0.0,0.0,0.0,-1,-0.0,0,0.0,-1.0,-0.0,-1.0,-0.0,1.0,0.0,1.0,0.0,1.0,0.0,1.0,0.0,-1.0,-0.0,1,0.0,0,0.0,1,0.0,1,0.0,1,0.0,-1.0,-0.0,1.0,0.0,1,0.0,1,0.0,1.0,0.0,0.0,0.0,-1.0,-0.0,1.0,0.0
20170519,@BON7,1.0,0.0154130702836,19764.0,grain,1495217818,1.0,0.0,0.0,0.0,0.0,1.0,0.0,-1,-0.0,1.0,0.0,-1.0,-0.0,0.0,0.0,1.0,0.0,-1.0,-0.0,1.0,0.0,-1.0,-0.0,-1,-0.0,-1,-0.0,-1,-0.0,-1,-0.0,1.0,0.0,1.0,0.0,0.0,0.0,-1.0,-0.0,1.0,0.0,0,0.0,-1.0,-0.0,-1.0,-0.0,-1,-0.0,-1,-0.0,1.0,0.0,-1.0,-0.0,1.0,0.0,1.0,0.0,1.0,0.0,0.0,0.0,0.0,0.0,-1.0,-0.0,-1,-0.0,1.0,0.0,-1,-0.0,-1.0,-0.0,-1.0,-0.0,-1.0,-0.0,-1.0,-0.0,-1.0,-0.0,0.0,0.0,0.0,0.0,1.0,0.0,1.0,0.0,-1.0,-0.0,1.0,0.0,-1,-0.0,1,0.0,1.0,0.0,1.0,0.0,1.0,0.0,0.0,0.0,-1.0,-0.0,-1.0,-0.0,-1.0,-0.0,1.0,0.0,1.0,0.0,-1,-0.0,0,0.0,-1.0,-0.0,0,0.0,-1.0,-0.0,-1.0,-0.0,-1,-0.0,1.0,0.0,0.0,0.0,1,0.0,1,0.0,-1.0,-0.0,-1.0,-0.0,1.0,0.0,1.0,0.0,1.0,0.0,1.0,0.0,-1.0,-0.0,1,0.0,0,0.0,1,0.0,1,0.0,1,0.0,-1.0,-0.0,1.0,0.0,1,0.0,1,0.0,1.0,0.0,0.0,0.0,-1.0,-0.0,1.0,0.0
20170519,@PXM7,1.0,0.00604686318972,26620.0,currency,1495226630,1.0,0.0,0.0,-1.0,-0.0,-1.0,-0.0,1,0.0,1.0,0.0,-1.0,-0.0,1.0,0.0,1.0,0.0,1.0,0.0,1.0,0.0,1.0,0.0,0,0.0,1,0.0,-1,-0.0,0,0.0,1.0,0.0,1.0,0.0,0.0,0.0,-1.0,-0.0,1.0,0.0,0,0.0,-1.0,-0.0,-1.0,-0.0,-1,-0.0,-1,-0.0,0.0,0.0,-1.0,-0.0,-1.0,-0.0,1.0,0.0,-1.0,-0.0,-1.0,-0.0,1.0,0.0,-1.0,-0.0,-1,-0.0,1.0,0.0,-1,-0.0,-1.0,-0.0,-1.0,-0.0,-1.0,-0.0,-1.0,-0.0,-1.0,-0.0,0.0,0.0,0.0,0.0,1.0,0.0,1.0,0.0,-1.0,-0.0,1.0,0.0,1,0.0,1,0.0,1.0,0.0,1.0,0.0,1.0,0.0,0.0,0.0,-1.0,-0.0,-1.0,-0.0,-1.0,-0.0,1.0,0.0,1.0,0.0,-1,-0.0,0,0.0,1.0,0.0,0,0.0,-1.0,-0.0,1.0,0.0,1,0.0,-1.0,-0.0,1.0,0.0,1,0.0,1,0.0,0.0,0.0,-1.0,-0.0,1.0,0.0,1.0,0.0,1.0,0.0,1.0,0.0,-1.0,-0.0,1,0.0,0,0.0,0,0.0,-1,-0.0,1,0.0,-1.0,-0.0,-1.0,-0.0,0,0.0,-1,-0.0,1.0,0.0,-1.0,-0.0,-1.0,-0.0,-1.0,-0.0
20170519,@BPM7,1.0,0.00694873378629,81512.5,currency,1495226630,1.0,0.0,0.0,-1.0,-0.0,-1.0,-0.0,1,0.0,-1.0,-0.0,-1.0,-0.0,1.0,0.0,1.0,0.0,1.0,0.0,1.0,0.0,1.0,0.0,0,0.0,1,0.0,-1,-0.0,0,0.0,1.0,0.0,1.0,0.0,-1.0,-0.0,-1.0,-0.0,1.0,0.0,0,0.0,-1.0,-0.0,-1.0,-0.0,1,0.0,0,0.0,0.0,0.0,-1.0,-0.0,-1.0,-0.0,1.0,0.0,-1.0,-0.0,-1.0,-0.0,1.0,0.0,-1.0,-0.0,-1,-0.0,1.0,0.0,1,0.0,-1.0,-0.0,0.0,0.0,1.0,0.0,-1.0,-0.0,1.0,0.0,1.0,0.0,-1.0,-0.0,1.0,0.0,-1.0,-0.0,-1.0,-0.0,1.0,0.0,1,0.0,1,0.0,0.0,0.0,-1.0,-0.0,-1.0,-0.0,1.0,0.0,1.0,0.0,-1.0,-0.0,-1.0,-0.0,1.0,0.0,1.0,0.0,-1,-0.0,0,0.0,1.0,0.0,0,0.0,-1.0,-0.0,1.0,0.0,1,0.0,-1.0,-0.0,1.0,0.0,-1,-0.0,0,0.0,0.0,0.0,-1.0,-0.0,1.0,0.0,1.0,0.0,1.0,0.0,1.0,0.0,-1.0,-0.0,1,0.0,0,0.0,0,0.0,-1,-0.0,1,0.0,-1.0,-0.0,-1.0,-0.0,0,0.0,-1,-0.0,1.0,0.0,-1.0,-0.0,-1.0,-0.0,-1.0,-0.0
20170519,@CN7,1.0,0.0157103825137,18587.5,grain,1495217818,1.0,292.016734973,292.016734973,-1.0,-292.016734973,-1.0,-292.016734973,1,292.016734973,-1.0,-292.016734973,-1.0,-292.016734973,1.0,292.016734973,1.0,292.016734973,1.0,292.016734973,1.0,292.016734973,1.0,292.016734973,0,0.0,1,292.016734973,-1,-292.016734973,0,0.0,1.0,292.016734973,1.0,292.016734973,-1.0,-292.016734973,-1.0,-292.016734973,1.0,292.016734973,0,0.0,-1.0,-292.016734973,-1.0,-292.016734973,1,292.016734973,0,0.0,0.0,0.0,-1.0,-292.016734973,-1.0,-292.016734973,1.0,292.016734973,-1.0,-292.016734973,-1.0,-292.016734973,1.0,292.016734973,-1.0,-292.016734973,-1,-292.016734973,1.0,292.016734973,1,292.016734973,-1.0,-292.016734973,0.0,0.0,1.0,292.016734973,-1.0,-292.016734973,1.0,292.016734973,1.0,292.016734973,-1.0,-292.016734973,1.0,292.016734973,-1.0,-292.016734973,-1.0,-292.016734973,1.0,292.016734973,1,292.016734973,1,292.016734973,0.0,0.0,-1.0,-292.016734973,-1.0,-292.016734973,1.0,292.016734973,1.0,292.016734973,-1.0,-292.016734973,-1.0,-292.016734973,1.0,292.016734973,1.0,292.016734973,-1,-292.016734973,0,0.0,1.0,292.016734973,0,0.0,-1.0,-292.016734973,1.0,292.016734973,1,292.016734973,-1.0,-292.016734973,1.0,292.016734973,-1,-292.016734973,0,0.0,0.0,0.0,-1.0,-292.016734973,1.0,292.016734973,1.0,292.016734973,1.0,292.016734973,1.0,292.016734973,-1.0,-292.016734973,1,292.016734973,0,0.0,0,0.0,-1,-292.016734973,1,292.016734973,-1.0,-292.016734973,-1.0,-292.016734973,0,0.0,-1,-292.016734973,1.0,292.016734973,-1.0,-292.016734973,-1.0,-292.016734973,-1.0,-292.016734973
20170519,@CDM7,1.0,0.00762371519978,74015.0,currency,1495226630,1.0,0.0,0.0,-1.0,-0.0,-1.0,-0.0,-1,-0.0,-1.0,-0.0,1.0,0.0,1.0,0.0,1.0,0.0,1.0,0.0,1.0,0.0,1.0,0.0,0,0.0,-1,-0.0,-1,-0.0,0,0.0,1.0,0.0,-1.0,-0.0,-1.0,-0.0,-1.0,-0.0,1.0,0.0,0,0.0,-1.0,-0.0,1.0,0.0,-1,-0.0,0,0.0,0.0,0.0,1.0,0.0,1.0,0.0,-1.0,-0.0,-1.0,-0.0,-1.0,-0.0,1.0,0.0,-1.0,-0.0,-1,-0.0,1.0,0.0,1,0.0,1.0,0.0,0.0,0.0,-1.0,-0.0,1.0,0.0,1.0,0.0,1.0,0.0,-1.0,-0.0,1.0,0.0,-1.0,-0.0,-1.0,-0.0,1.0,0.0,1,0.0,1,0.0,0.0,0.0,1.0,0.0,-1.0,-0.0,1.0,0.0,1.0,0.0,-1.0,-0.0,-1.0,-0.0,-1.0,-0.0,-1.0,-0.0,1,0.0,0,0.0,-1.0,-0.0,0,0.0,1.0,0.0,1.0,0.0,1,0.0,-1.0,-0.0,1.0,0.0,1,0.0,0,0.0,0.0,0.0,-1.0,-0.0,1.0,0.0,1.0,0.0,1.0,0.0,-1.0,-0.0,1.0,0.0,-1,-0.0,0,0.0,0,0.0,1,0.0,-1,-0.0,-1.0,-0.0,-1.0,-0.0,0,0.0,1,0.0,-1.0,-0.0,-1.0,-0.0,-1.0,-0.0,-1.0,-0.0
20170519,QCLN7,1.0,0.0223519935562,50770.0,energy,1495226630,1.0,1134.81071285,1134.81071285,0.0,0.0,1.0,1134.81071285,-1,-1134.81071285,-1.0,-1134.81071285,-1.0,-1134.81071285,0.0,0.0,-1.0,-1134.81071285,1.0,1134.81071285,-1.0,-1134.81071285,1.0,1134.81071285,-1,-1134.81071285,-1,-1134.81071285,-1,-1134.81071285,-1,-1134.81071285,-1.0,-1134.81071285,-1.0,-1134.81071285,-1.0,-1134.81071285,-1.0,-1134.81071285,1.0,1134.81071285,0,0.0,-1.0,-1134.81071285,-1.0,-1134.81071285,-1,-1134.81071285,0,0.0,1.0,1134.81071285,1.0,1134.81071285,1.0,1134.81071285,1.0,1134.81071285,-1.0,-1134.81071285,0.0,0.0,0.0,0.0,1.0,1134.81071285,-1,-1134.81071285,1.0,1134.81071285,1,1134.81071285,1.0,1134.81071285,0.0,0.0,-1.0,-1134.81071285,1.0,1134.81071285,1.0,1134.81071285,1.0,1134.81071285,-1.0,-1134.81071285,1.0,1134.81071285,-1.0,-1134.81071285,-1.0,-1134.81071285,1.0,1134.81071285,-1,-1134.81071285,1,1134.81071285,0.0,0.0,1.0,1134.81071285,-1.0,-1134.81071285,1.0,1134.81071285,1.0,1134.81071285,-1.0,-1134.81071285,-1.0,-1134.81071285,1.0,1134.81071285,-1.0,-1134.81071285,1,1134.81071285,0,0.0,-1.0,-1134.81071285,0,0.0,-1.0,-1134.81071285,1.0,1134.81071285,-1,-1134.81071285,1.0,1134.81071285,0.0,0.0,1,1134.81071285,0,0.0,-1.0,-1134.81071285,-1.0,-1134.81071285,1.0,1134.81071285,1.0,1134.81071285,1.0,1134.81071285,-1.0,-1134.81071285,1.0,1134.81071285,-1,-1134.81071285,0,0.0,1,1134.81071285,1,1134.81071285,-1,-1134.81071285,1.0,1134.81071285,-1.0,-1134.81071285,1,1134.81071285,1,1134.81071285,1.0,1134.81071285,0.0,0.0,1.0,1134.81071285,-1.0,-1134.81071285
20170519,@EMDM7,1.0,0.0111032364753,171200.0,index,1495226630,1.0,1900.87408457,1900.87408457,0.0,0.0,1.0,1900.87408457,-1,-1900.87408457,-1.0,-1900.87408457,-1.0,-1900.87408457,0.0,0.0,-1.0,-1900.87408457,1.0,1900.87408457,-1.0,-1900.87408457,1.0,1900.87408457,-1,-1900.87408457,-1,-1900.87408457,-1,-1900.87408457,-1,-1900.87408457,-1.0,-1900.87408457,-1.0,-1900.87408457,-1.0,-1900.87408457,-1.0,-1900.87408457,1.0,1900.87408457,0,0.0,-1.0,-1900.87408457,-1.0,-1900.87408457,-1,-1900.87408457,0,0.0,1.0,1900.87408457,1.0,1900.87408457,1.0,1900.87408457,1.0,1900.87408457,-1.0,-1900.87408457,0.0,0.0,0.0,0.0,1.0,1900.87408457,-1,-1900.87408457,1.0,1900.87408457,1,1900.87408457,1.0,1900.87408457,0.0,0.0,-1.0,-1900.87408457,1.0,1900.87408457,1.0,1900.87408457,1.0,1900.87408457,-1.0,-1900.87408457,1.0,1900.87408457,-1.0,-1900.87408457,-1.0,-1900.87408457,1.0,1900.87408457,-1,-1900.87408457,1,1900.87408457,0.0,0.0,1.0,1900.87408457,-1.0,-1900.87408457,1.0,1900.87408457,1.0,1900.87408457,-1.0,-1900.87408457,-1.0,-1900.87408457,1.0,1900.87408457,-1.0,-1900.87408457,1,1900.87408457,0,0.0,-1.0,-1900.87408457,0,0.0,-1.0,-1900.87408457,1.0,1900.87408457,-1,-1900.87408457,1.0,1900.87408457,0.0,0.0,1,1900.87408457,0,0.0,-1.0,-1900.87408457,-1.0,-1900.87408457,1.0,1900.87408457,1.0,1900.87408457,1.0,1900.87408457,-1.0,-1900.87408457,1.0,1900.87408457,-1,-1900.87408457,0,0.0,1,1900.87408457,1,1900.87408457,-1,-1900.87408457,1.0,1900.87408457,-1.0,-1900.87408457,1,1900.87408457,1,1900.87408457,1.0,1900.87408457,0.0,0.0,1.0,1900.87408457,-1.0,-1900.87408457
20170519,@ESM7,1.0,0.00772159932304,119087.5,index,1495226630,1.0,919.545959382,919.545959382,0.0,0.0,1.0,919.545959382,-1,-919.545959382,1.0,919.545959382,-1.0,-919.545959382,0.0,0.0,-1.0,-919.545959382,1.0,919.545959382,-1.0,-919.545959382,1.0,919.545959382,-1,-919.545959382,-1,-919.545959382,-1,-919.545959382,-1,-919.545959382,-1.0,-919.545959382,1.0,919.545959382,0.0,0.0,1.0,919.545959382,-1.0,-919.545959382,1,772.159932304,-1.0,-919.545959382,-1.0,-919.545959382,-1,-919.545959382,-1,-919.545959382,1.0,919.545959382,-1.0,-919.545959382,1.0,919.545959382,1.0,919.545959382,-1.0,-919.545959382,0.0,0.0,0.0,0.0,1.0,919.545959382,-1,-919.545959382,1.0,919.545959382,-1,-919.545959382,1.0,919.545959382,-1.0,-919.545959382,-1.0,-919.545959382,-1.0,-919.545959382,1.0,919.545959382,0.0,0.0,0.0,0.0,-1.0,-919.545959382,-1.0,-919.545959382,1.0,919.545959382,1.0,919.545959382,-1,-919.545959382,1,919.545959382,1.0,919.545959382,1.0,919.545959382,-1.0,-919.545959382,0.0,0.0,1.0,919.545959382,-1.0,-919.545959382,-1.0,-919.545959382,1.0,919.545959382,-1.0,-919.545959382,1,919.545959382,0,0.0,-1.0,-919.545959382,0,0.0,-1.0,-919.545959382,1.0,919.545959382,-1,-919.545959382,1.0,919.545959382,0.0,0.0,1,919.545959382,1,919.545959382,-1.0,-919.545959382,-1.0,-919.545959382,1.0,919.545959382,1.0,919.545959382,1.0,919.545959382,1.0,919.545959382,1.0,919.545959382,-1,-919.545959382,0,0.0,1,919.545959382,1,919.545959382,-1,-919.545959382,1.0,919.545959382,-1.0,-919.545959382,1,919.545959382,1,919.545959382,1.0,919.545959382,0.0,0.0,1.0,919.545959382,-1.0,-919.545959382
20170519,@EUM7,1.0,0.00908273381295,140262.5,currency,1495226630,1.0,1273.96695144,1273.96695144,0.0,0.0,1.0,1273.96695144,-1,-1273.96695144,-1.0,-1273.96695144,-1.0,-1273.96695144,0.0,0.0,1.0,1273.96695144,-1.0,-1273.96695144,1.0,1273.96695144,-1.0,-1273.96695144,-1,-1273.96695144,-1,-1273.96695144,-1,-1273.96695144,-1,-1273.96695144,1.0,1273.96695144,1.0,1273.96695144,-1.0,-1273.96695144,-1.0,-1273.96695144,1.0,1273.96695144,0,0.0,-1.0,-1273.96695144,-1.0,-1273.96695144,1,1273.96695144,0,0.0,1.0,1273.96695144,-1.0,-1273.96695144,1.0,1273.96695144,1.0,1273.96695144,1.0,1273.96695144,0.0,0.0,0.0,0.0,-1.0,-1273.96695144,-1,-1273.96695144,1.0,1273.96695144,1,1273.96695144,-1.0,-1273.96695144,0.0,0.0,1.0,1273.96695144,-1.0,-1273.96695144,1.0,1273.96695144,1.0,1273.96695144,-1.0,-1273.96695144,1.0,1273.96695144,-1.0,-1273.96695144,-1.0,-1273.96695144,1.0,1273.96695144,-1,-1273.96695144,1,1273.96695144,0.0,0.0,-1.0,-1273.96695144,-1.0,-1273.96695144,1.0,1273.96695144,1.0,1273.96695144,-1.0,-1273.96695144,-1.0,-1273.96695144,1.0,1273.96695144,1.0,1273.96695144,-1,-1273.96695144,0,0.0,-1.0,-1273.96695144,0,0.0,-1.0,-1273.96695144,-1.0,-1273.96695144,-1,-1273.96695144,1.0,1273.96695144,0.0,0.0,-1,-1273.96695144,0,0.0,-1.0,-1273.96695144,-1.0,-1273.96695144,1.0,1273.96695144,1.0,1273.96695144,1.0,1273.96695144,1.0,1273.96695144,-1.0,-1273.96695144,1,1273.96695144,0,0.0,1,1273.96695144,1,1273.96695144,1,1273.96695144,-1.0,-1273.96695144,1.0,1273.96695144,1,1273.96695144,1,1273.96695144,1.0,1273.96695144,0.0,0.0,-1.0,-1273.96695144,1.0,1273.96695144
20170519,@FVM7,-1.0,-0.000197459356282,118671.875,rates,1495226630,1.0,-0.0,0.0,0.0,-0.0,-1.0,0.0,1,-0.0,1.0,-0.0,1.0,-0.0,0.0,-0.0,1.0,-0.0,-1.0,0.0,1.0,-0.0,-1.0,0.0,1,-0.0,1,-0.0,1,-0.0,1,-0.0,1.0,-0.0,1.0,-0.0,1.0,-0.0,1.0,-0.0,-1.0,0.0,0,-0.0,1.0,-0.0,1.0,-0.0,1,-0.0,0,-0.0,-1.0,0.0,-1.0,0.0,-1.0,0.0,-1.0,0.0,1.0,-0.0,0.0,-0.0,0.0,-0.0,-1.0,0.0,-1,0.0,-1.0,0.0,-1,0.0,-1.0,0.0,0.0,-0.0,1.0,-0.0,-1.0,0.0,-1.0,0.0,-1.0,0.0,1.0,-0.0,-1.0,0.0,1.0,-0.0,1.0,-0.0,1.0,-0.0,1,-0.0,-1,0.0,0.0,-0.0,-1.0,0.0,1.0,-0.0,-1.0,0.0,-1.0,0.0,1.0,-0.0,1.0,-0.0,-1.0,0.0,1.0,-0.0,-1,0.0,0,-0.0,1.0,-0.0,0,-0.0,1.0,-0.0,-1.0,0.0,1,-0.0,-1.0,0.0,0.0,-0.0,-1,0.0,0,-0.0,1.0,-0.0,1.0,-0.0,-1.0,0.0,-1.0,0.0,-1.0,0.0,1.0,-0.0,-1.0,0.0,1,-0.0,0,-0.0,-1,0.0,-1,0.0,1,-0.0,-1.0,0.0,1.0,-0.0,-1,0.0,-1,0.0,-1.0,0.0,0.0,-0.0,-1.0,0.0,1.0,-0.0
20170519,QGCM7,1.0,0.00175606641124,125500.0,metal,1495226630,1.0,0.0,0.0,1.0,0.0,1.0,0.0,1,0.0,1.0,0.0,-1.0,-0.0,-1.0,-0.0,-1.0,-0.0,-1.0,-0.0,-1.0,-0.0,-1.0,-0.0,0,0.0,1,0.0,1,0.0,0,0.0,-1.0,-0.0,1.0,0.0,1.0,0.0,1.0,0.0,-1.0,-0.0,0,0.0,1.0,0.0,-1.0,-0.0,1,0.0,0,0.0,0.0,0.0,-1.0,-0.0,-1.0,-0.0,1.0,0.0,1.0,0.0,1.0,0.0,-1.0,-0.0,1.0,0.0,-1,-0.0,-1.0,-0.0,-1,-0.0,-1.0,-0.0,0.0,0.0,1.0,0.0,-1.0,-0.0,-1.0,-0.0,-1.0,-0.0,1.0,0.0,-1.0,-0.0,1.0,0.0,1.0,0.0,1.0,0.0,-1,-0.0,1,0.0,0.0,0.0,-1.0,-0.0,1.0,0.0,-1.0,-0.0,-1.0,-0.0,-1.0,-0.0,0.0,0.0,1.0,0.0,-1.0,-0.0,-1,-0.0,-1,-0.0,1.0,0.0,0,0.0,-1.0,-0.0,-1.0,-0.0,-1,-0.0,1.0,0.0,-1.0,-0.0,-1,-0.0,0,0.0,0.0,0.0,-1.0,-0.0,-1.0,-0.0,1.0,0.0,0.0,0.0,1.0,0.0,1.0,0.0,1,0.0,1,0.0,0,0.0,-1,-0.0,1,0.0,1.0,0.0,1.0,0.0,0,0.0,-1,-0.0,1.0,0.0,1.0,0.0,1.0,0.0,1.0,0.0
20170519,QHGN7,1.0,0.0219237606162,64675.0,metal,1495226630,1.0,1417.91921786,1417.91921786,-1.0,-1417.91921786,-1.0,-1417.91921786,1,1417.91921786,-1.0,-1417.91921786,-1.0,-1417.91921786,1.0,1417.91921786,1.0,1417.91921786,1.0,1417.91921786,1.0,1417.91921786,1.0,1417.91921786,0,0.0,1,1417.91921786,-1,-1417.91921786,0,0.0,1.0,1417.91921786,1.0,1417.91921786,-1.0,-1417.91921786,-1.0,-1417.91921786,1.0,1417.91921786,0,0.0,-1.0,-1417.91921786,-1.0,-1417.91921786,1,1417.91921786,0,0.0,0.0,0.0,-1.0,-1417.91921786,-1.0,-1417.91921786,1.0,1417.91921786,-1.0,-1417.91921786,-1.0,-1417.91921786,1.0,1417.91921786,-1.0,-1417.91921786,-1,-1417.91921786,1.0,1417.91921786,1,1417.91921786,-1.0,-1417.91921786,0.0,0.0,1.0,1417.91921786,-1.0,-1417.91921786,1.0,1417.91921786,1.0,1417.91921786,-1.0,-1417.91921786,1.0,1417.91921786,-1.0,-1417.91921786,-1.0,-1417.91921786,1.0,1417.91921786,1,1417.91921786,1,1417.91921786,0.0,0.0,-1.0,-1417.91921786,-1.0,-1417.91921786,1.0,1417.91921786,1.0,1417.91921786,-1.0,-1417.91921786,-1.0,-1417.91921786,1.0,1417.91921786,1.0,1417.91921786,-1,-1417.91921786,0,0.0,1.0,1417.91921786,0,0.0,-1.0,-1417.91921786,1.0,1417.91921786,1,1417.91921786,-1.0,-1417.91921786,1.0,1417.91921786,-1,-1417.91921786,0,0.0,0.0,0.0,-1.0,-1417.91921786,1.0,1417.91921786,1.0,1417.91921786,1.0,1417.91921786,1.0,1417.91921786,-1.0,-1417.91921786,1,1417.91921786,0,0.0,0,0.0,-1,-1417.91921786,1,1417.91921786,-1.0,-1417.91921786,-1.0,-1417.91921786,0,0.0,-1,-1417.91921786,1.0,1417.91921786,-1.0,-1417.91921786,-1.0,-1417.91921786,-1.0,-1417.91921786
20170519,QHON7,1.0,0.0251466890193,66775.8,energy,1495226630,1.0,0.0,0.0,0.0,0.0,-1.0,-0.0,-1,-0.0,-1.0,-0.0,-1.0,-0.0,1.0,0.0,1.0,0.0,1.0,0.0,-1.0,-0.0,1.0,0.0,-1,-0.0,-1,-0.0,-1,-0.0,0,0.0,-1.0,-0.0,-1.0,-0.0,-1.0,-0.0,-1.0,-0.0,1.0,0.0,0,0.0,-1.0,-0.0,1.0,0.0,-1,-0.0,0,0.0,1.0,0.0,1.0,0.0,1.0,0.0,1.0,0.0,-1.0,-0.0,0.0,0.0,0.0,0.0,1.0,0.0,-1,-0.0,1.0,0.0,1,0.0,1.0,0.0,0.0,0.0,-1.0,-0.0,1.0,0.0,1.0,0.0,1.0,0.0,-1.0,-0.0,1.0,0.0,-1.0,-0.0,-1.0,-0.0,1.0,0.0,-1,-0.0,1,0.0,0.0,0.0,1.0,0.0,-1.0,-0.0,1.0,0.0,1.0,0.0,-1.0,-0.0,-1.0,-0.0,-1.0,-0.0,-1.0,-0.0,1,0.0,0,0.0,-1.0,-0.0,0,0.0,-1.0,-0.0,1.0,0.0,1,0.0,1.0,0.0,0.0,0.0,1,0.0,0,0.0,-1.0,-0.0,-1.0,-0.0,1.0,0.0,1.0,0.0,1.0,0.0,-1.0,-0.0,1.0,0.0,-1,-0.0,0,0.0,0,0.0,1,0.0,-1,-0.0,1.0,0.0,-1.0,-0.0,1,0.0,1,0.0,1.0,0.0,-1.0,-0.0,-1.0,-0.0,-1.0,-0.0
20170519,@JYM7,1.0,0.00217040458568,112550.0,currency,1495226630,1.0,244.279036118,244.279036118,1.0,244.279036118,1.0,244.279036118,1,244.279036118,-1.0,-244.279036118,-1.0,-244.279036118,-1.0,-244.279036118,-1.0,-244.279036118,-1.0,-244.279036118,-1.0,-244.279036118,-1.0,-244.279036118,0,0.0,1,244.279036118,1,244.279036118,0,0.0,-1.0,-244.279036118,-1.0,-244.279036118,0.0,0.0,-1.0,-244.279036118,1.0,244.279036118,0,0.0,1.0,244.279036118,-1.0,-244.279036118,1,244.279036118,1,244.279036118,0.0,0.0,1.0,244.279036118,-1.0,-244.279036118,1.0,244.279036118,1.0,244.279036118,1.0,244.279036118,-1.0,-244.279036118,1.0,244.279036118,-1,-244.279036118,-1.0,-244.279036118,1,244.279036118,-1.0,-244.279036118,1.0,244.279036118,1.0,244.279036118,1.0,244.279036118,-1.0,-244.279036118,0.0,0.0,0.0,0.0,1.0,244.279036118,1.0,244.279036118,-1.0,-244.279036118,1.0,244.279036118,-1,-244.279036118,-1,-244.279036118,-1.0,-244.279036118,-1.0,-244.279036118,1.0,244.279036118,0.0,0.0,-1.0,-244.279036118,1.0,244.279036118,1.0,244.279036118,1.0,244.279036118,1.0,244.279036118,-1,-244.279036118,0,0.0,1.0,244.279036118,0,0.0,-1.0,-244.279036118,-1.0,-244.279036118,-1,-244.279036118,1.0,244.279036118,-1.0,-244.279036118,-1,-244.279036118,-1,-244.279036118,0.0,0.0,1.0,244.279036118,-1.0,-244.279036118,-1.0,-244.279036118,-1.0,-244.279036118,-1.0,-244.279036118,-1.0,-244.279036118,1,244.279036118,0,0.0,0,0.0,-1,-244.279036118,1,244.279036118,1.0,244.279036118,1.0,244.279036118,0,0.0,-1,-244.279036118,1.0,244.279036118,1.0,244.279036118,1.0,244.279036118,1.0,244.279036118
20170519,@LEQ7,1.0,0.0112829084831,48400.0,meat,1495216799,1.0,0.0,0.0,0.0,0.0,1.0,0.0,-1,-0.0,-1.0,-0.0,-1.0,-0.0,0.0,0.0,-1.0,-0.0,1.0,0.0,-1.0,-0.0,1.0,0.0,-1,-0.0,-1,-0.0,-1,-0.0,-1,-0.0,-1.0,-0.0,-1.0,-0.0,-1.0,-0.0,-1.0,-0.0,1.0,0.0,0,0.0,-1.0,-0.0,-1.0,-0.0,-1,-0.0,0,0.0,1.0,0.0,1.0,0.0,1.0,0.0,1.0,0.0,-1.0,-0.0,0.0,0.0,0.0,0.0,1.0,0.0,1,0.0,1.0,0.0,1,0.0,1.0,0.0,0.0,0.0,-1.0,-0.0,1.0,0.0,1.0,0.0,1.0,0.0,-1.0,-0.0,1.0,0.0,-1.0,-0.0,-1.0,-0.0,-1.0,-0.0,-1,-0.0,1,0.0,0.0,0.0,1.0,0.0,-1.0,-0.0,1.0,0.0,1.0,0.0,-1.0,-0.0,-1.0,-0.0,1.0,0.0,-1.0,-0.0,1,0.0,0,0.0,-1.0,-0.0,0,0.0,-1.0,-0.0,1.0,0.0,-1,-0.0,1.0,0.0,0.0,0.0,1,0.0,0,0.0,-1.0,-0.0,-1.0,-0.0,1.0,0.0,1.0,0.0,1.0,0.0,-1.0,-0.0,1.0,0.0,-1,-0.0,0,0.0,1,0.0,1,0.0,-1,-0.0,1.0,0.0,-1.0,-0.0,1,0.0,1,0.0,1.0,0.0,0.0,0.0,1.0,0.0,-1.0,-0.0
20170519,@GFQ7,1.0,0.00602611315701,75125.0,meat,1495216799,1.0,0.0,0.0,0.0,0.0,1.0,0.0,-1,-0.0,-1.0,-0.0,-1.0,-0.0,0.0,0.0,-1.0,-0.0,1.0,0.0,-1.0,-0.0,1.0,0.0,-1,-0.0,-1,-0.0,-1,-0.0,-1,-0.0,-1.0,-0.0,-1.0,-0.0,-1.0,-0.0,-1.0,-0.0,1.0,0.0,0,0.0,-1.0,-0.0,-1.0,-0.0,-1,-0.0,0,0.0,1.0,0.0,1.0,0.0,1.0,0.0,1.0,0.0,-1.0,-0.0,0.0,0.0,0.0,0.0,1.0,0.0,1,0.0,1.0,0.0,1,0.0,1.0,0.0,0.0,0.0,-1.0,-0.0,1.0,0.0,1.0,0.0,1.0,0.0,-1.0,-0.0,1.0,0.0,-1.0,-0.0,-1.0,-0.0,-1.0,-0.0,-1,-0.0,-1,-0.0,0.0,0.0,1.0,0.0,-1.0,-0.0,1.0,0.0,1.0,0.0,1.0,0.0,0.0,0.0,1.0,0.0,1.0,0.0,1,0.0,1,0.0,-1.0,-0.0,0,0.0,-1.0,-0.0,1.0,0.0,-1,-0.0,1.0,0.0,0.0,0.0,1,0.0,0,0.0,-1.0,-0.0,1.0,0.0,1.0,0.0,-1.0,-0.0,0.0,0.0,-1.0,-0.0,-1.0,-0.0,-1,-0.0,-1,-0.0,1,0.0,1,0.0,-1,-0.0,1.0,0.0,-1.0,-0.0,1,0.0,1,0.0,1.0,0.0,0.0,0.0,1.0,0.0,-1.0,-0.0
20170522,@SN7,1.0,0.00419727177335,47850.0,grain,1495477025,1.0,0.0,0.0,-1.0,-0.0,-1.0,-0.0,-1,-0.0,1.0,0.0,1.0,0.0,1.0,0.0,1.0,0.0,1.0,0.0,1.0,0.0,1.0,0.0,0,0.0,-1,-0.0,-1,-0.0,0,0.0,1.0,0.0,1.0,0.0,0.0,0.0,1.0,0.0,-1.0,-0.0,0,0.0,-1.0,-0.0,1.0,0.0,-1,-0.0,-1,-0.0,0.0,0.0,-1.0,-0.0,1.0,0.0,-1.0,-0.0,-1.0,-0.0,-1.0,-0.0,1.0,0.0,-1.0,-0.0,1,0.0,1.0,0.0,-1,-0.0,1.0,0.0,-1.0,-0.0,-1.0,-0.0,-1.0,-0.0,1.0,0.0,0.0,0.0,0.0,0.0,-1.0,-0.0,-1.0,-0.0,1.0,0.0,-1.0,-0.0,1,0.0,1,0.0,1.0,0.0,1.0,0.0,-1.0,-0.0,0.0,0.0,1.0,0.0,-1.0,-0.0,-1.0,-0.0,-1.0,-0.0,-1.0,-0.0,1,0.0,0,0.0,-1.0,-0.0,0,0.0,1.0,0.0,1.0,0.0,1,0.0,-1.0,-0.0,1.0,0.0,1,0.0,1,0.0,0.0,0.0,-1.0,-0.0,1.0,0.0,1.0,0.0,1.0,0.0,1.0,0.0,1.0,0.0,-1,-0.0,0,0.0,0,0.0,1,0.0,-1,-0.0,-1.0,-0.0,-1.0,-0.0,0,0.0,1,0.0,-1.0,-0.0,-1.0,-0.0,-1.0,-0.0,-1.0,-0.0
20170522,@NKDM7,1.0,0.000762001524003,88523.4115215,index,1495485805,1.0,0.0,0.0,0.0,0.0,-1.0,-0.0,-1,-0.0,-1.0,-0.0,-1.0,-0.0,1.0,0.0,1.0,0.0,1.0,0.0,-1.0,-0.0,1.0,0.0,-1,-0.0,-1,-0.0,-1,-0.0,0,0.0,-1.0,-0.0,-1.0,-0.0,-1.0,-0.0,-1.0,-0.0,1.0,0.0,0,0.0,-1.0,-0.0,1.0,0.0,-1,-0.0,0,0.0,1.0,0.0,1.0,0.0,1.0,0.0,1.0,0.0,-1.0,-0.0,0.0,0.0,0.0,0.0,1.0,0.0,1,0.0,1.0,0.0,1,0.0,1.0,0.0,0.0,0.0,-1.0,-0.0,1.0,0.0,1.0,0.0,1.0,0.0,-1.0,-0.0,1.0,0.0,-1.0,-0.0,-1.0,-0.0,-1.0,-0.0,-1,-0.0,1,0.0,0.0,0.0,1.0,0.0,-1.0,-0.0,1.0,0.0,1.0,0.0,-1.0,-0.0,-1.0,-0.0,-1.0,-0.0,-1.0,-0.0,1,0.0,0,0.0,-1.0,-0.0,0,0.0,-1.0,-0.0,1.0,0.0,1,0.0,1.0,0.0,0.0,0.0,1,0.0,0,0.0,-1.0,-0.0,-1.0,-0.0,1.0,0.0,1.0,0.0,1.0,0.0,-1.0,-0.0,1.0,0.0,-1,-0.0,0,0.0,0,0.0,1,0.0,-1,-0.0,1.0,0.0,-1.0,-0.0,1,0.0,1,0.0,1.0,0.0,-1.0,-0.0,-1.0,-0.0,-1.0,-0.0
20170522,@NQM7,1.0,0.00862335824526,114040.0,index,1495485805,1.0,0.0,0.0,0.0,0.0,1.0,0.0,-1,-0.0,1.0,0.0,-1.0,-0.0,0.0,0.0,-1.0,-0.0,1.0,0.0,-1.0,-0.0,1.0,0.0,-1,-0.0,-1,-0.0,-1,-0.0,-1,-0.0,-1.0,-0.0,1.0,0.0,0.0,0.0,1.0,0.0,-1.0,-0.0,0,0.0,-1.0,-0.0,-1.0,-0.0,-1,-0.0,-1,-0.0,1.0,0.0,-1.0,-0.0,1.0,0.0,1.0,0.0,-1.0,-0.0,0.0,0.0,0.0,0.0,1.0,0.0,-1,-0.0,1.0,0.0,-1,-0.0,1.0,0.0,-1.0,-0.0,-1.0,-0.0,-1.0,-0.0,1.0,0.0,0.0,0.0,0.0,0.0,-1.0,-0.0,-1.0,-0.0,1.0,0.0,1.0,0.0,-1,-0.0,1,0.0,1.0,0.0,1.0,0.0,-1.0,-0.0,0.0,0.0,1.0,0.0,-1.0,-0.0,-1.0,-0.0,1.0,0.0,-1.0,-0.0,1,0.0,0,0.0,-1.0,-0.0,0,0.0,-1.0,-0.0,1.0,0.0,-1,-0.0,1.0,0.0,0.0,0.0,1,0.0,1,0.0,-1.0,-0.0,-1.0,-0.0,1.0,0.0,1.0,0.0,1.0,0.0,1.0,0.0,1.0,0.0,-1,-0.0,0,0.0,1,0.0,1,0.0,-1,-0.0,1.0,0.0,-1.0,-0.0,1,0.0,1,0.0,1.0,0.0,0.0,0.0,1.0,0.0,-1.0,-0.0
20170522,QPAM7,1.0,0.0116997502301,76960.0,metal,1495485805,1.0,0.0,0.0,-1.0,-0.0,-1.0,-0.0,1,0.0,1.0,0.0,-1.0,-0.0,1.0,0.0,1.0,0.0,1.0,0.0,1.0,0.0,1.0,0.0,0,0.0,1,0.0,-1,-0.0,0,0.0,1.0,0.0,1.0,0.0,0.0,0.0,-1.0,-0.0,1.0,0.0,0,0.0,-1.0,-0.0,-1.0,-0.0,-1,-0.0,-1,-0.0,0.0,0.0,-1.0,-0.0,-1.0,-0.0,1.0,0.0,-1.0,-0.0,-1.0,-0.0,1.0,0.0,-1.0,-0.0,-1,-0.0,1.0,0.0,-1,-0.0,-1.0,-0.0,-1.0,-0.0,-1.0,-0.0,-1.0,-0.0,-1.0,-0.0,0.0,0.0,0.0,0.0,1.0,0.0,1.0,0.0,-1.0,-0.0,1.0,0.0,1,0.0,1,0.0,1.0,0.0,1.0,0.0,1.0,0.0,0.0,0.0,-1.0,-0.0,-1.0,-0.0,-1.0,-0.0,1.0,0.0,1.0,0.0,-1,-0.0,0,0.0,1.0,0.0,0,0.0,-1.0,-0.0,1.0,0.0,1,0.0,-1.0,-0.0,1.0,0.0,1,0.0,1,0.0,0.0,0.0,-1.0,-0.0,1.0,0.0,1.0,0.0,1.0,0.0,1.0,0.0,-1.0,-0.0,1,0.0,0,0.0,0,0.0,-1,-0.0,1,0.0,-1.0,-0.0,-1.0,-0.0,0,0.0,-1,-0.0,1.0,0.0,-1.0,-0.0,-1.0,-0.0,-1.0,-0.0
20170522,QPLN7,1.0,0.00989151244416,47475.0,metal,1495485805,1.0,0.0,0.0,1.0,0.0,-1.0,-0.0,1,0.0,-1.0,-0.0,1.0,0.0,0.0,0.0,-1.0,-0.0,1.0,0.0,-1.0,-0.0,-1.0,-0.0,0,0.0,-1,-0.0,1,0.0,1,0.0,-1.0,-0.0,-1.0,-0.0,0.0,0.0,1.0,0.0,-1.0,-0.0,0,0.0,-1.0,-0.0,1.0,0.0,1,0.0,1,0.0,0.0,0.0,1.0,0.0,1.0,0.0,-1.0,-0.0,1.0,0.0,1.0,0.0,-1.0,-0.0,1.0,0.0,-1,-0.0,-1.0,-0.0,1,0.0,1.0,0.0,1.0,0.0,1.0,0.0,1.0,0.0,1.0,0.0,0.0,0.0,0.0,0.0,-1.0,-0.0,-1.0,-0.0,1.0,0.0,1.0,0.0,-1,-0.0,1,0.0,-1.0,-0.0,-1.0,-0.0,-1.0,-0.0,0.0,0.0,1.0,0.0,1.0,0.0,0.0,0.0,-1.0,-0.0,-1.0,-0.0,-1,-0.0,-1,-0.0,-1.0,-0.0,0,0.0,1.0,0.0,-1.0,-0.0,1,0.0,1.0,0.0,-1.0,-0.0,-1,-0.0,-1,-0.0,0.0,0.0,-1.0,-0.0,1.0,0.0,-1.0,-0.0,0.0,0.0,-1.0,-0.0,1.0,0.0,1,0.0,1,0.0,-1,-0.0,-1,-0.0,-1,-0.0,1.0,0.0,1.0,0.0,0,0.0,1,0.0,-1.0,-0.0,0.0,0.0,1.0,0.0,-1.0,-0.0
20170522,QRBN7,1.0,0.00540114091516,69581.4,energy,1495485805,1.0,0.0,0.0,0.0,0.0,-1.0,-0.0,-1,-0.0,-1.0,-0.0,-1.0,-0.0,1.0,0.0,1.0,0.0,1.0,0.0,-1.0,-0.0,1.0,0.0,-1,-0.0,-1,-0.0,-1,-0.0,0,0.0,-1.0,-0.0,-1.0,-0.0,-1.0,-0.0,-1.0,-0.0,1.0,0.0,0,0.0,-1.0,-0.0,1.0,0.0,-1,-0.0,0,0.0,1.0,0.0,1.0,0.0,1.0,0.0,1.0,0.0,-1.0,-0.0,0.0,0.0,0.0,0.0,1.0,0.0,-1,-0.0,1.0,0.0,1,0.0,1.0,0.0,0.0,0.0,-1.0,-0.0,1.0,0.0,1.0,0.0,1.0,0.0,-1.0,-0.0,1.0,0.0,-1.0,-0.0,-1.0,-0.0,1.0,0.0,-1,-0.0,1,0.0,0.0,0.0,1.0,0.0,-1.0,-0.0,1.0,0.0,1.0,0.0,-1.0,-0.0,-1.0,-0.0,-1.0,-0.0,-1.0,-0.0,1,0.0,0,0.0,-1.0,-0.0,0,0.0,-1.0,-0.0,1.0,0.0,1,0.0,1.0,0.0,0.0,0.0,1,0.0,0,0.0,-1.0,-0.0,-1.0,-0.0,1.0,0.0,1.0,0.0,1.0,0.0,-1.0,-0.0,1.0,0.0,-1,-0.0,0,0.0,0,0.0,1,0.0,-1,-0.0,1.0,0.0,-1.0,-0.0,1,0.0,1,0.0,1.0,0.0,-1.0,-0.0,-1.0,-0.0,-1.0,-0.0
20170522,@SFM7,1.0,0.000194363459669,128650.0,currency,1495485805,1.0,0.0,0.0,0.0,0.0,1.0,0.0,-1,-0.0,-1.0,-0.0,-1.0,-0.0,0.0,0.0,-1.0,-0.0,1.0,0.0,-1.0,-0.0,1.0,0.0,-1,-0.0,-1,-0.0,-1,-0.0,-1,-0.0,-1.0,-0.0,-1.0,-0.0,-1.0,-0.0,-1.0,-0.0,1.0,0.0,0,0.0,-1.0,-0.0,-1.0,-0.0,-1,-0.0,0,0.0,1.0,0.0,1.0,0.0,1.0,0.0,1.0,0.0,-1.0,-0.0,0.0,0.0,0.0,0.0,1.0,0.0,-1,-0.0,1.0,0.0,1,0.0,1.0,0.0,0.0,0.0,-1.0,-0.0,1.0,0.0,1.0,0.0,1.0,0.0,-1.0,-0.0,1.0,0.0,-1.0,-0.0,-1.0,-0.0,1.0,0.0,-1,-0.0,1,0.0,0.0,0.0,1.0,0.0,-1.0,-0.0,1.0,0.0,1.0,0.0,-1.0,-0.0,-1.0,-0.0,1.0,0.0,-1.0,-0.0,1,0.0,0,0.0,-1.0,-0.0,0,0.0,-1.0,-0.0,1.0,0.0,-1,-0.0,1.0,0.0,0.0,0.0,1,0.0,0,0.0,-1.0,-0.0,-1.0,-0.0,1.0,0.0,1.0,0.0,1.0,0.0,-1.0,-0.0,1.0,0.0,-1,-0.0,0,0.0,1,0.0,1,0.0,-1,-0.0,1.0,0.0,-1.0,-0.0,1,0.0,1,0.0,1.0,0.0,0.0,0.0,1.0,0.0,-1.0,-0.0
20170522,@YMM7,1.0,0.00432962909511,104385.0,index,1495485805,1.0,0.0,0.0,-1.0,-0.0,-1.0,-0.0,-1,-0.0,1.0,0.0,1.0,0.0,1.0,0.0,1.0,0.0,1.0,0.0,1.0,0.0,1.0,0.0,0,0.0,-1,-0.0,-1,-0.0,0,0.0,1.0,0.0,1.0,0.0,0.0,0.0,1.0,0.0,-1.0,-0.0,0,0.0,-1.0,-0.0,1.0,0.0,-1,-0.0,-1,-0.0,0.0,0.0,-1.0,-0.0,1.0,0.0,-1.0,-0.0,-1.0,-0.0,-1.0,-0.0,1.0,0.0,-1.0,-0.0,-1,-0.0,1.0,0.0,-1,-0.0,1.0,0.0,-1.0,-0.0,-1.0,-0.0,-1.0,-0.0,1.0,0.0,0.0,0.0,0.0,0.0,-1.0,-0.0,-1.0,-0.0,1.0,0.0,1.0,0.0,1,0.0,1,0.0,1.0,0.0,1.0,0.0,-1.0,-0.0,0.0,0.0,1.0,0.0,-1.0,-0.0,-1.0,-0.0,-1.0,-0.0,-1.0,-0.0,1,0.0,0,0.0,-1.0,-0.0,0,0.0,1.0,0.0,1.0,0.0,1,0.0,-1.0,-0.0,1.0,0.0,1,0.0,1,0.0,0.0,0.0,-1.0,-0.0,1.0,0.0,1.0,0.0,1.0,0.0,1.0,0.0,1.0,0.0,-1,-0.0,0,0.0,0,0.0,1,0.0,-1,-0.0,-1.0,-0.0,-1.0,-0.0,0,0.0,1,0.0,-1.0,-0.0,-1.0,-0.0,-1.0,-0.0,-1.0,-0.0
20170522,@SMN7,1.0,0.00325732899023,30800.0,grain,1495477025,1.0,100.325732899,100.325732899,0.0,0.0,1.0,100.325732899,-1,-100.325732899,1.0,100.325732899,-1.0,-100.325732899,0.0,0.0,1.0,100.325732899,-1.0,-100.325732899,1.0,100.325732899,-1.0,-100.325732899,-1,-100.325732899,-1,-100.325732899,-1,-100.325732899,-1,-100.325732899,1.0,100.325732899,1.0,100.325732899,0.0,0.0,-1.0,-100.325732899,1.0,100.325732899,0,0.0,-1.0,-100.325732899,-1.0,-100.325732899,-1,-100.325732899,-1,-100.325732899,1.0,100.325732899,-1.0,-100.325732899,1.0,100.325732899,1.0,100.325732899,1.0,100.325732899,0.0,0.0,0.0,0.0,-1.0,-100.325732899,1,100.325732899,1.0,100.325732899,-1,-100.325732899,-1.0,-100.325732899,-1.0,-100.325732899,-1.0,-100.325732899,-1.0,-100.325732899,-1.0,-100.325732899,0.0,0.0,0.0,0.0,1.0,100.325732899,1.0,100.325732899,-1.0,-100.325732899,-1.0,-100.325732899,-1,-100.325732899,1,100.325732899,1.0,100.325732899,1.0,100.325732899,1.0,100.325732899,0.0,0.0,-1.0,-100.325732899,-1.0,-100.325732899,-1.0,-100.325732899,1.0,100.325732899,1.0,100.325732899,-1,-100.325732899,0,0.0,-1.0,-100.325732899,0,0.0,-1.0,-100.325732899,-1.0,-100.325732899,-1,-100.325732899,1.0,100.325732899,0.0,0.0,1,100.325732899,1,100.325732899,-1.0,-100.325732899,-1.0,-100.325732899,1.0,100.325732899,1.0,100.325732899,1.0,100.325732899,1.0,100.325732899,-1.0,-100.325732899,1,100.325732899,0,0.0,1,100.325732899,1,100.325732899,1,100.325732899,-1.0,-100.325732899,1.0,100.325732899,1,100.325732899,1,100.325732899,1.0,100.325732899,0.0,0.0,-1.0,-100.325732899,1.0,100.325732899
20170522,@TUM7,1.0,7.21084511104e-05,216703.125,rates,1495485805,2.0,31.2522533891,31.2522533891,1.0,31.2522533891,1.0,31.2522533891,-1,-31.2522533891,-1.0,-31.2522533891,1.0,31.2522533891,-1.0,-31.2522533891,-1.0,-31.2522533891,-1.0,-31.2522533891,-1.0,-31.2522533891,-1.0,-31.2522533891,0,0.0,-1,-31.2522533891,1,31.2522533891,0,0.0,-1.0,-31.2522533891,-1.0,-31.2522533891,0.0,0.0,1.0,31.2522533891,-1.0,-31.2522533891,0,0.0,1.0,31.2522533891,1.0,31.2522533891,1,31.2522533891,1,31.2522533891,0.0,0.0,1.0,31.2522533891,1.0,31.2522533891,-1.0,-31.2522533891,1.0,31.2522533891,1.0,31.2522533891,-1.0,-31.2522533891,1.0,31.2522533891,-1,-31.2522533891,-1.0,-31.2522533891,1,31.2522533891,1.0,31.2522533891,1.0,31.2522533891,1.0,31.2522533891,1.0,31.2522533891,1.0,31.2522533891,0.0,0.0,0.0,0.0,-1.0,-31.2522533891,-1.0,-31.2522533891,1.0,31.2522533891,1.0,31.2522533891,-1,-31.2522533891,-1,-31.2522533891,-1.0,-31.2522533891,-1.0,-31.2522533891,-1.0,-31.2522533891,0.0,0.0,1.0,31.2522533891,1.0,31.2522533891,1.0,31.2522533891,-1.0,-31.2522533891,-1.0,-31.2522533891,1,31.2522533891,0,0.0,-1.0,-31.2522533891,0,0.0,1.0,31.2522533891,-1.0,-31.2522533891,-1,-31.2522533891,1.0,31.2522533891,-1.0,-31.2522533891,-1,-31.2522533891,-1,-31.2522533891,0.0,0.0,1.0,31.2522533891,-1.0,-31.2522533891,-1.0,-31.2522533891,-1.0,-31.2522533891,-1.0,-31.2522533891,1.0,31.2522533891,-1,-31.2522533891,0,0.0,0,0.0,1,31.2522533891,-1,-31.2522533891,1.0,31.2522533891,1.0,31.2522533891,0,0.0,1,31.2522533891,-1.0,-31.2522533891,1.0,31.2522533891,1.0,31.2522533891,1.0,31.2522533891
20170522,@TYM7,-1.0,-0.00037147102526,126140.625,rates,1495485805,1.0,-46.8575872957,46.8575872957,1.0,-46.8575872957,-1.0,46.8575872957,1,-46.8575872957,-1.0,46.8575872957,-1.0,46.8575872957,0.0,-0.0,1.0,-46.8575872957,-1.0,46.8575872957,-1.0,46.8575872957,-1.0,46.8575872957,0,-0.0,1,-46.8575872957,1,-46.8575872957,1,-46.8575872957,-1.0,46.8575872957,-1.0,46.8575872957,0.0,-0.0,-1.0,46.8575872957,1.0,-46.8575872957,0,-0.0,1.0,-46.8575872957,1.0,-46.8575872957,1,-46.8575872957,1,-46.8575872957,0.0,-0.0,1.0,-46.8575872957,-1.0,46.8575872957,1.0,-46.8575872957,1.0,-46.8575872957,1.0,-46.8575872957,-1.0,46.8575872957,1.0,-46.8575872957,-1,46.8575872957,-1.0,46.8575872957,1,-46.8575872957,-1.0,46.8575872957,1.0,-46.8575872957,1.0,-46.8575872957,1.0,-46.8575872957,-1.0,46.8575872957,0.0,-0.0,0.0,-0.0,1.0,-46.8575872957,1.0,-46.8575872957,-1.0,46.8575872957,1.0,-46.8575872957,-1,46.8575872957,-1,46.8575872957,-1.0,46.8575872957,-1.0,46.8575872957,1.0,-46.8575872957,0.0,-0.0,-1.0,46.8575872957,1.0,-46.8575872957,1.0,-46.8575872957,-1.0,46.8575872957,1.0,-46.8575872957,-1,46.8575872957,0,-0.0,1.0,-46.8575872957,0,-0.0,-1.0,46.8575872957,-1.0,46.8575872957,1,-46.8575872957,1.0,-46.8575872957,-1.0,46.8575872957,-1,46.8575872957,-1,46.8575872957,0.0,-0.0,1.0,-46.8575872957,-1.0,46.8575872957,-1.0,46.8575872957,-1.0,46.8575872957,-1.0,46.8575872957,-1.0,46.8575872957,1,-46.8575872957,0,-0.0,-1,46.8575872957,-1,46.8575872957,1,-46.8575872957,1.0,-46.8575872957,1.0,-46.8575872957,0,-0.0,-1,46.8575872957,1.0,-46.8575872957,0.0,-0.0,-1.0,46.8575872957,1.0,-46.8575872957
20170522,@USM7,1.0,0.000203128173878,153875.0,rates,1495485805,1.0,0.0,0.0,1.0,0.0,1.0,0.0,-1,-0.0,-1.0,-0.0,1.0,0.0,-1.0,-0.0,-1.0,-0.0,-1.0,-0.0,-1.0,-0.0,-1.0,-0.0,0,0.0,-1,-0.0,1,0.0,0,0.0,-1.0,-0.0,-1.0,-0.0,0.0,0.0,1.0,0.0,-1.0,-0.0,0,0.0,1.0,0.0,1.0,0.0,1,0.0,1,0.0,0.0,0.0,1.0,0.0,1.0,0.0,-1.0,-0.0,1.0,0.0,1.0,0.0,-1.0,-0.0,1.0,0.0,-1,-0.0,-1.0,-0.0,1,0.0,1.0,0.0,1.0,0.0,1.0,0.0,1.0,0.0,1.0,0.0,0.0,0.0,0.0,0.0,-1.0,-0.0,-1.0,-0.0,1.0,0.0,1.0,0.0,-1,-0.0,-1,-0.0,-1.0,-0.0,-1.0,-0.0,-1.0,-0.0,0.0,0.0,1.0,0.0,1.0,0.0,1.0,0.0,-1.0,-0.0,-1.0,-0.0,1,0.0,0,0.0,-1.0,-0.0,0,0.0,1.0,0.0,-1.0,-0.0,-1,-0.0,1.0,0.0,-1.0,-0.0,-1,-0.0,-1,-0.0,0.0,0.0,1.0,0.0,-1.0,-0.0,-1.0,-0.0,-1.0,-0.0,-1.0,-0.0,1.0,0.0,-1,-0.0,0,0.0,0,0.0,1,0.0,-1,-0.0,1.0,0.0,1.0,0.0,0,0.0,1,0.0,-1.0,-0.0,1.0,0.0,1.0,0.0,1.0,0.0
20170522,@WN7,-1.0,-0.000574382538771,21750.0,grain,1495477025,1.0,-12.4928202183,12.4928202183,0.0,-0.0,1.0,-12.4928202183,-1,12.4928202183,1.0,-12.4928202183,-1.0,12.4928202183,0.0,-0.0,-1.0,12.4928202183,1.0,-12.4928202183,-1.0,12.4928202183,1.0,-12.4928202183,-1,12.4928202183,-1,12.4928202183,-1,12.4928202183,-1,12.4928202183,-1.0,12.4928202183,1.0,-12.4928202183,0.0,-0.0,1.0,-12.4928202183,-1.0,12.4928202183,0,-0.0,-1.0,12.4928202183,-1.0,12.4928202183,-1,12.4928202183,-1,12.4928202183,1.0,-12.4928202183,-1.0,12.4928202183,1.0,-12.4928202183,1.0,-12.4928202183,-1.0,12.4928202183,0.0,-0.0,0.0,-0.0,1.0,-12.4928202183,-1,12.4928202183,1.0,-12.4928202183,-1,12.4928202183,1.0,-12.4928202183,-1.0,12.4928202183,-1.0,12.4928202183,-1.0,12.4928202183,1.0,-12.4928202183,0.0,-0.0,0.0,-0.0,-1.0,12.4928202183,-1.0,12.4928202183,1.0,-12.4928202183,1.0,-12.4928202183,-1,12.4928202183,1,-12.4928202183,1.0,-12.4928202183,1.0,-12.4928202183,-1.0,12.4928202183,0.0,-0.0,1.0,-12.4928202183,-1.0,12.4928202183,-1.0,12.4928202183,1.0,-12.4928202183,-1.0,12.4928202183,1,-12.4928202183,0,-0.0,-1.0,12.4928202183,0,-0.0,-1.0,12.4928202183,1.0,-12.4928202183,-1,12.4928202183,1.0,-12.4928202183,0.0,-0.0,1,-12.4928202183,1,-12.4928202183,-1.0,12.4928202183,-1.0,12.4928202183,1.0,-12.4928202183,1.0,-12.4928202183,1.0,-12.4928202183,1.0,-12.4928202183,1.0,-12.4928202183,-1,12.4928202183,0,-0.0,1,-12.4928202183,1,-12.4928202183,-1,12.4928202183,1.0,-12.4928202183,-1.0,12.4928202183,1,-12.4928202183,1,-12.4928202183,1.0,-12.4928202183,0.0,-0.0,1.0,-12.4928202183,-1.0,12.4928202183
20170522,QNGN7,1.0,0.0193856248136,34180.0,energy,1495485805,1.0,662.600656129,662.600656129,0.0,0.0,-1.0,-662.600656129,-1,-662.600656129,-1.0,-662.600656129,-1.0,-662.600656129,1.0,662.600656129,1.0,662.600656129,1.0,662.600656129,-1.0,-662.600656129,1.0,662.600656129,-1,-662.600656129,-1,-662.600656129,-1,-662.600656129,0,0.0,-1.0,-662.600656129,-1.0,-662.600656129,-1.0,-662.600656129,-1.0,-662.600656129,1.0,662.600656129,0,0.0,-1.0,-662.600656129,1.0,662.600656129,-1,-662.600656129,0,0.0,1.0,662.600656129,1.0,662.600656129,1.0,662.600656129,1.0,662.600656129,-1.0,-662.600656129,0.0,0.0,0.0,0.0,1.0,662.600656129,-1,-662.600656129,1.0,662.600656129,1,662.600656129,1.0,662.600656129,0.0,0.0,-1.0,-662.600656129,1.0,662.600656129,1.0,662.600656129,1.0,662.600656129,-1.0,-662.600656129,1.0,662.600656129,-1.0,-662.600656129,-1.0,-662.600656129,1.0,662.600656129,-1,-662.600656129,-1,-662.600656129,0.0,0.0,1.0,662.600656129,-1.0,-662.600656129,1.0,662.600656129,1.0,662.600656129,1.0,662.600656129,0.0,0.0,-1.0,-662.600656129,1.0,662.600656129,1,662.600656129,1,662.600656129,-1.0,-662.600656129,0,0.0,-1.0,-662.600656129,1.0,662.600656129,1,662.600656129,1.0,662.600656129,0.0,0.0,1,662.600656129,0,0.0,-1.0,-662.600656129,1.0,662.600656129,1.0,662.600656129,-1.0,-662.600656129,0.0,0.0,-1.0,-662.600656129,-1.0,-662.600656129,-1,-662.600656129,-1,-662.600656129,0,0.0,1,662.600656129,-1,-662.600656129,1.0,662.600656129,-1.0,-662.600656129,1,662.600656129,1,662.600656129,1.0,662.600656129,-1.0,-662.600656129,-1.0,-662.600656129,-1.0,-662.600656129
20170522,QSIN7,1.0,0.0213741366992,85775.0,metal,1495485805,1.0,0.0,0.0,1.0,0.0,-1.0,-0.0,1,0.0,-1.0,-0.0,1.0,0.0,0.0,0.0,-1.0,-0.0,1.0,0.0,-1.0,-0.0,-1.0,-0.0,0,0.0,-1,-0.0,1,0.0,1,0.0,-1.0,-0.0,-1.0,-0.0,0.0,0.0,1.0,0.0,-1.0,-0.0,0,0.0,-1.0,-0.0,1.0,0.0,1,0.0,1,0.0,0.0,0.0,1.0,0.0,1.0,0.0,-1.0,-0.0,1.0,0.0,1.0,0.0,-1.0,-0.0,1.0,0.0,-1,-0.0,-1.0,-0.0,1,0.0,1.0,0.0,1.0,0.0,1.0,0.0,1.0,0.0,1.0,0.0,0.0,0.0,0.0,0.0,-1.0,-0.0,-1.0,-0.0,1.0,0.0,1.0,0.0,-1,-0.0,1,0.0,-1.0,-0.0,-1.0,-0.0,-1.0,-0.0,0.0,0.0,1.0,0.0,1.0,0.0,0.0,0.0,-1.0,-0.0,-1.0,-0.0,-1,-0.0,-1,-0.0,-1.0,-0.0,0,0.0,1.0,0.0,-1.0,-0.0,1,0.0,1.0,0.0,-1.0,-0.0,-1,-0.0,-1,-0.0,0.0,0.0,-1.0,-0.0,1.0,0.0,-1.0,-0.0,0.0,0.0,-1.0,-0.0,1.0,0.0,1,0.0,1,0.0,-1,-0.0,-1,-0.0,-1,-0.0,1.0,0.0,1.0,0.0,0,0.0,1,0.0,-1.0,-0.0,0.0,0.0,1.0,0.0,-1.0,-0.0
20170522,@NEM7,1.0,0.00822036342659,69910.0,currency,1495485805,1.0,0.0,0.0,-1.0,-0.0,-1.0,-0.0,-1,-0.0,-1.0,-0.0,1.0,0.0,1.0,0.0,1.0,0.0,1.0,0.0,1.0,0.0,1.0,0.0,0,0.0,-1,-0.0,-1,-0.0,0,0.0,1.0,0.0,-1.0,-0.0,-1.0,-0.0,-1.0,-0.0,1.0,0.0,0,0.0,-1.0,-0.0,1.0,0.0,-1,-0.0,0,0.0,0.0,0.0,1.0,0.0,1.0,0.0,-1.0,-0.0,-1.0,-0.0,-1.0,-0.0,1.0,0.0,-1.0,-0.0,-1,-0.0,1.0,0.0,1,0.0,1.0,0.0,0.0,0.0,-1.0,-0.0,1.0,0.0,1.0,0.0,1.0,0.0,-1.0,-0.0,1.0,0.0,-1.0,-0.0,-1.0,-0.0,1.0,0.0,1,0.0,1,0.0,0.0,0.0,1.0,0.0,-1.0,-0.0,1.0,0.0,1.0,0.0,-1.0,-0.0,-1.0,-0.0,-1.0,-0.0,-1.0,-0.0,1,0.0,0,0.0,-1.0,-0.0,0,0.0,1.0,0.0,1.0,0.0,1,0.0,-1.0,-0.0,1.0,0.0,1,0.0,0,0.0,0.0,0.0,-1.0,-0.0,1.0,0.0,1.0,0.0,1.0,0.0,-1.0,-0.0,1.0,0.0,-1,-0.0,0,0.0,0,0.0,1,0.0,-1,-0.0,-1.0,-0.0,-1.0,-0.0,0,0.0,1,0.0,-1.0,-0.0,-1.0,-0.0,-1.0,-0.0,-1.0,-0.0
20170522,QCLN7,1.0,0.00749950661141,51050.0,energy,1495485805,1.0,382.849812512,382.849812512,0.0,0.0,1.0,382.849812512,-1,-382.849812512,-1.0,-382.849812512,-1.0,-382.849812512,0.0,0.0,-1.0,-382.849812512,1.0,382.849812512,-1.0,-382.849812512,1.0,382.849812512,-1,-382.849812512,-1,-382.849812512,-1,-382.849812512,-1,-382.849812512,-1.0,-382.849812512,-1.0,-382.849812512,-1.0,-382.849812512,-1.0,-382.849812512,1.0,382.849812512,0,0.0,-1.0,-382.849812512,-1.0,-382.849812512,-1,-382.849812512,0,0.0,1.0,382.849812512,1.0,382.849812512,1.0,382.849812512,1.0,382.849812512,-1.0,-382.849812512,0.0,0.0,0.0,0.0,1.0,382.849812512,-1,-382.849812512,1.0,382.849812512,1,382.849812512,1.0,382.849812512,0.0,0.0,-1.0,-382.849812512,1.0,382.849812512,1.0,382.849812512,1.0,382.849812512,-1.0,-382.849812512,1.0,382.849812512,-1.0,-382.849812512,-1.0,-382.849812512,1.0,382.849812512,-1,-382.849812512,1,382.849812512,0.0,0.0,1.0,382.849812512,-1.0,-382.849812512,1.0,382.849812512,1.0,382.849812512,-1.0,-382.849812512,-1.0,-382.849812512,1.0,382.849812512,-1.0,-382.849812512,1,382.849812512,0,0.0,-1.0,-382.849812512,0,0.0,-1.0,-382.849812512,1.0,382.849812512,-1,-382.849812512,1.0,382.849812512,0.0,0.0,1,382.849812512,0,0.0,-1.0,-382.849812512,-1.0,-382.849812512,1.0,382.849812512,1.0,382.849812512,1.0,382.849812512,-1.0,-382.849812512,1.0,382.849812512,-1,-382.849812512,0,0.0,1,382.849812512,1,382.849812512,-1,-382.849812512,1.0,382.849812512,-1.0,-382.849812512,1,382.849812512,1,382.849812512,1.0,382.849812512,0.0,0.0,1.0,382.849812512,-1.0,-382.849812512
20170522,@HEN7,-1.0,-0.000311817898347,32060.0,meat,1495475998,1.0,-0.0,0.0,0.0,-0.0,1.0,-0.0,-1,0.0,-1.0,0.0,-1.0,0.0,0.0,-0.0,-1.0,0.0,1.0,-0.0,-1.0,0.0,1.0,-0.0,-1,0.0,-1,0.0,-1,0.0,-1,0.0,-1.0,0.0,-1.0,0.0,-1.0,0.0,-1.0,0.0,1.0,-0.0,0,-0.0,-1.0,0.0,-1.0,0.0,-1,0.0,0,-0.0,1.0,-0.0,1.0,-0.0,1.0,-0.0,1.0,-0.0,-1.0,0.0,0.0,-0.0,0.0,-0.0,1.0,-0.0,1,-0.0,1.0,-0.0,1,-0.0,1.0,-0.0,0.0,-0.0,-1.0,0.0,1.0,-0.0,1.0,-0.0,1.0,-0.0,-1.0,0.0,1.0,-0.0,-1.0,0.0,-1.0,0.0,-1.0,0.0,-1,0.0,1,-0.0,0.0,-0.0,1.0,-0.0,-1.0,0.0,1.0,-0.0,1.0,-0.0,-1.0,0.0,-1.0,0.0,1.0,-0.0,-1.0,0.0,1,-0.0,0,-0.0,-1.0,0.0,0,-0.0,-1.0,0.0,1.0,-0.0,-1,0.0,1.0,-0.0,0.0,-0.0,1,-0.0,0,-0.0,-1.0,0.0,-1.0,0.0,1.0,-0.0,1.0,-0.0,1.0,-0.0,-1.0,0.0,1.0,-0.0,-1,0.0,0,-0.0,1,-0.0,1,-0.0,-1,0.0,1.0,-0.0,-1.0,0.0,1,-0.0,1,-0.0,1.0,-0.0,0.0,-0.0,1.0,-0.0,-1.0,0.0
20170522,@ADM7,1.0,0.00254930900309,74720.0,currency,1495485805,1.0,0.0,0.0,-1.0,-0.0,-1.0,-0.0,-1,-0.0,-1.0,-0.0,1.0,0.0,1.0,0.0,1.0,0.0,1.0,0.0,1.0,0.0,1.0,0.0,0,0.0,-1,-0.0,-1,-0.0,0,0.0,1.0,0.0,-1.0,-0.0,-1.0,-0.0,-1.0,-0.0,1.0,0.0,0,0.0,-1.0,-0.0,1.0,0.0,-1,-0.0,0,0.0,0.0,0.0,1.0,0.0,1.0,0.0,-1.0,-0.0,-1.0,-0.0,-1.0,-0.0,1.0,0.0,-1.0,-0.0,-1,-0.0,1.0,0.0,1,0.0,1.0,0.0,0.0,0.0,-1.0,-0.0,1.0,0.0,1.0,0.0,1.0,0.0,-1.0,-0.0,1.0,0.0,-1.0,-0.0,-1.0,-0.0,1.0,0.0,1,0.0,1,0.0,0.0,0.0,1.0,0.0,-1.0,-0.0,1.0,0.0,1.0,0.0,-1.0,-0.0,-1.0,-0.0,-1.0,-0.0,-1.0,-0.0,1,0.0,0,0.0,-1.0,-0.0,0,0.0,1.0,0.0,1.0,0.0,1,0.0,-1.0,-0.0,1.0,0.0,1,0.0,0,0.0,0.0,0.0,-1.0,-0.0,1.0,0.0,1.0,0.0,1.0,0.0,-1.0,-0.0,1.0,0.0,-1,-0.0,0,0.0,0,0.0,1,0.0,-1,-0.0,-1.0,-0.0,-1.0,-0.0,0,0.0,1,0.0,-1.0,-0.0,-1.0,-0.0,-1.0,-0.0,-1.0,-0.0
20170522,@PXM7,-1.0,-0.0013113525665,26655.0,currency,1495485805,1.0,-0.0,0.0,-1.0,0.0,1.0,-0.0,-1,0.0,1.0,-0.0,1.0,-0.0,0.0,-0.0,-1.0,0.0,1.0,-0.0,1.0,-0.0,1.0,-0.0,0,-0.0,-1,0.0,-1,0.0,-1,0.0,1.0,-0.0,1.0,-0.0,0.0,-0.0,1.0,-0.0,-1.0,0.0,0,-0.0,-1.0,0.0,-1.0,0.0,-1,0.0,-1,0.0,0.0,-0.0,-1.0,0.0,1.0,-0.0,-1.0,0.0,-1.0,0.0,-1.0,0.0,1.0,-0.0,-1.0,0.0,-1,0.0,1.0,-0.0,-1,0.0,1.0,-0.0,-1.0,0.0,-1.0,0.0,-1.0,0.0,1.0,-0.0,0.0,-0.0,0.0,-0.0,-1.0,0.0,-1.0,0.0,1.0,-0.0,1.0,-0.0,1,-0.0,1,-0.0,1.0,-0.0,1.0,-0.0,-1.0,0.0,0.0,-0.0,1.0,-0.0,-1.0,0.0,-1.0,0.0,1.0,-0.0,-1.0,0.0,1,-0.0,0,-0.0,-1.0,0.0,0,-0.0,1.0,-0.0,1.0,-0.0,-1,0.0,-1.0,0.0,1.0,-0.0,1,-0.0,1,-0.0,0.0,-0.0,-1.0,0.0,1.0,-0.0,1.0,-0.0,1.0,-0.0,1.0,-0.0,1.0,-0.0,-1,0.0,0,-0.0,1,-0.0,1,-0.0,-1,0.0,-1.0,0.0,-1.0,0.0,0,-0.0,1,-0.0,-1.0,0.0,0.0,-0.0,1.0,-0.0,-1.0,0.0
20170522,@BPM7,-1.0,-0.00260676224795,81306.25,currency,1495485805,1.0,-0.0,0.0,-1.0,0.0,-1.0,0.0,-1,0.0,-1.0,0.0,1.0,-0.0,1.0,-0.0,1.0,-0.0,1.0,-0.0,1.0,-0.0,1.0,-0.0,0,-0.0,-1,0.0,-1,0.0,0,-0.0,1.0,-0.0,-1.0,0.0,-1.0,0.0,-1.0,0.0,1.0,-0.0,0,-0.0,-1.0,0.0,1.0,-0.0,-1,0.0,0,-0.0,0.0,-0.0,1.0,-0.0,1.0,-0.0,-1.0,0.0,-1.0,0.0,-1.0,0.0,1.0,-0.0,-1.0,0.0,-1,0.0,1.0,-0.0,1,-0.0,1.0,-0.0,0.0,-0.0,-1.0,0.0,1.0,-0.0,1.0,-0.0,1.0,-0.0,-1.0,0.0,1.0,-0.0,-1.0,0.0,-1.0,0.0,1.0,-0.0,1,-0.0,1,-0.0,0.0,-0.0,1.0,-0.0,-1.0,0.0,1.0,-0.0,1.0,-0.0,-1.0,0.0,-1.0,0.0,-1.0,0.0,-1.0,0.0,1,-0.0,0,-0.0,-1.0,0.0,0,-0.0,1.0,-0.0,1.0,-0.0,1,-0.0,-1.0,0.0,1.0,-0.0,1,-0.0,0,-0.0,0.0,-0.0,-1.0,0.0,1.0,-0.0,1.0,-0.0,1.0,-0.0,-1.0,0.0,1.0,-0.0,-1,0.0,0,-0.0,0,-0.0,1,-0.0,-1,0.0,-1.0,0.0,-1.0,0.0,0,-0.0,1,-0.0,-1.0,0.0,-1.0,0.0,-1.0,0.0,-1.0,0.0
20170522,@CN7,1.0,0.00604026845638,18737.5,grain,1495477025,1.0,113.179530201,113.179530201,-1.0,-113.179530201,-1.0,-113.179530201,-1,-113.179530201,1.0,113.179530201,1.0,113.179530201,1.0,113.179530201,1.0,113.179530201,1.0,113.179530201,1.0,113.179530201,1.0,113.179530201,0,0.0,-1,-113.179530201,-1,-113.179530201,0,0.0,1.0,113.179530201,1.0,113.179530201,0.0,0.0,1.0,113.179530201,-1.0,-113.179530201,0,0.0,-1.0,-113.179530201,1.0,113.179530201,-1,-113.179530201,-1,-113.179530201,0.0,0.0,-1.0,-113.179530201,1.0,113.179530201,-1.0,-113.179530201,-1.0,-113.179530201,-1.0,-113.179530201,1.0,113.179530201,-1.0,-113.179530201,-1,-113.179530201,1.0,113.179530201,-1,-113.179530201,1.0,113.179530201,-1.0,-113.179530201,-1.0,-113.179530201,-1.0,-113.179530201,1.0,113.179530201,0.0,0.0,0.0,0.0,-1.0,-113.179530201,-1.0,-113.179530201,1.0,113.179530201,1.0,113.179530201,1,113.179530201,1,113.179530201,1.0,113.179530201,1.0,113.179530201,-1.0,-113.179530201,0.0,0.0,1.0,113.179530201,-1.0,-113.179530201,-1.0,-113.179530201,-1.0,-113.179530201,-1.0,-113.179530201,1,113.179530201,0,0.0,-1.0,-113.179530201,0,0.0,1.0,113.179530201,1.0,113.179530201,1,113.179530201,-1.0,-113.179530201,1.0,113.179530201,1,113.179530201,1,113.179530201,0.0,0.0,-1.0,-113.179530201,1.0,113.179530201,1.0,113.179530201,1.0,113.179530201,1.0,113.179530201,1.0,113.179530201,-1,-113.179530201,0,0.0,0,0.0,1,113.179530201,-1,-113.179530201,-1.0,-113.179530201,-1.0,-113.179530201,0,0.0,1,113.179530201,-1.0,-113.179530201,-1.0,-113.179530201,-1.0,-113.179530201,-1.0,-113.179530201
20170522,@CDM7,1.0,0.000945562609753,74100.0,currency,1495485805,1.0,0.0,0.0,0.0,0.0,1.0,0.0,-1,-0.0,1.0,0.0,-1.0,-0.0,0.0,0.0,-1.0,-0.0,1.0,0.0,-1.0,-0.0,1.0,0.0,-1,-0.0,-1,-0.0,-1,-0.0,-1,-0.0,-1.0,-0.0,1.0,0.0,0.0,0.0,1.0,0.0,-1.0,-0.0,0,0.0,-1.0,-0.0,-1.0,-0.0,-1,-0.0,-1,-0.0,1.0,0.0,-1.0,-0.0,1.0,0.0,1.0,0.0,-1.0,-0.0,0.0,0.0,0.0,0.0,1.0,0.0,-1,-0.0,1.0,0.0,-1,-0.0,1.0,0.0,-1.0,-0.0,-1.0,-0.0,-1.0,-0.0,1.0,0.0,0.0,0.0,0.0,0.0,-1.0,-0.0,-1.0,-0.0,1.0,0.0,1.0,0.0,-1,-0.0,1,0.0,1.0,0.0,1.0,0.0,-1.0,-0.0,0.0,0.0,1.0,0.0,-1.0,-0.0,-1.0,-0.0,1.0,0.0,-1.0,-0.0,1,0.0,0,0.0,-1.0,-0.0,0,0.0,-1.0,-0.0,1.0,0.0,-1,-0.0,1.0,0.0,0.0,0.0,1,0.0,1,0.0,-1.0,-0.0,-1.0,-0.0,1.0,0.0,1.0,0.0,1.0,0.0,1.0,0.0,1.0,0.0,-1,-0.0,0,0.0,1,0.0,1,0.0,-1,-0.0,1.0,0.0,-1.0,-0.0,1,0.0,1,0.0,1.0,0.0,0.0,0.0,1.0,0.0,-1.0,-0.0
20170522,@EUM7,1.0,0.00303016799608,140681.25,currency,1495485805,1.0,426.287821398,426.287821398,0.0,0.0,-1.0,-426.287821398,-1,-426.287821398,-1.0,-426.287821398,-1.0,-426.287821398,1.0,426.287821398,1.0,426.287821398,1.0,426.287821398,-1.0,-426.287821398,1.0,426.287821398,-1,-426.287821398,-1,-426.287821398,-1,-426.287821398,0,0.0,-1.0,-426.287821398,-1.0,-426.287821398,-1.0,-426.287821398,-1.0,-426.287821398,1.0,426.287821398,0,0.0,-1.0,-426.287821398,1.0,426.287821398,-1,-426.287821398,0,0.0,1.0,426.287821398,1.0,426.287821398,1.0,426.287821398,1.0,426.287821398,-1.0,-426.287821398,0.0,0.0,0.0,0.0,1.0,426.287821398,-1,-426.287821398,1.0,426.287821398,1,426.287821398,1.0,426.287821398,0.0,0.0,-1.0,-426.287821398,1.0,426.287821398,1.0,426.287821398,1.0,426.287821398,-1.0,-426.287821398,1.0,426.287821398,-1.0,-426.287821398,-1.0,-426.287821398,1.0,426.287821398,-1,-426.287821398,1,426.287821398,0.0,0.0,1.0,426.287821398,-1.0,-426.287821398,1.0,426.287821398,1.0,426.287821398,-1.0,-426.287821398,-1.0,-426.287821398,-1.0,-426.287821398,-1.0,-426.287821398,1,426.287821398,0,0.0,-1.0,-426.287821398,0,0.0,-1.0,-426.287821398,1.0,426.287821398,1,426.287821398,1.0,426.287821398,0.0,0.0,1,426.287821398,0,0.0,-1.0,-426.287821398,-1.0,-426.287821398,1.0,426.287821398,1.0,426.287821398,1.0,426.287821398,-1.0,-426.287821398,1.0,426.287821398,-1,-426.287821398,0,0.0,0,0.0,1,426.287821398,-1,-426.287821398,1.0,426.287821398,-1.0,-426.287821398,1,426.287821398,1,426.287821398,1.0,426.287821398,-1.0,-426.287821398,-1.0,-426.287821398,-1.0,-426.287821398
20170522,@EMDM7,1.0,0.00467590157227,171890.0,index,1495485805,1.0,803.740721258,803.740721258,0.0,0.0,1.0,803.740721258,-1,-803.740721258,1.0,803.740721258,-1.0,-803.740721258,0.0,0.0,-1.0,-803.740721258,1.0,803.740721258,-1.0,-803.740721258,1.0,803.740721258,-1,-803.740721258,-1,-803.740721258,-1,-803.740721258,-1,-803.740721258,-1.0,-803.740721258,1.0,803.740721258,0.0,0.0,1.0,803.740721258,-1.0,-803.740721258,0,0.0,-1.0,-803.740721258,-1.0,-803.740721258,-1,-803.740721258,-1,-803.740721258,1.0,803.740721258,-1.0,-803.740721258,1.0,803.740721258,1.0,803.740721258,-1.0,-803.740721258,0.0,0.0,0.0,0.0,1.0,803.740721258,-1,-803.740721258,1.0,803.740721258,-1,-803.740721258,1.0,803.740721258,-1.0,-803.740721258,-1.0,-803.740721258,-1.0,-803.740721258,1.0,803.740721258,0.0,0.0,0.0,0.0,-1.0,-803.740721258,-1.0,-803.740721258,1.0,803.740721258,1.0,803.740721258,-1,-803.740721258,1,803.740721258,1.0,803.740721258,1.0,803.740721258,-1.0,-803.740721258,0.0,0.0,1.0,803.740721258,-1.0,-803.740721258,-1.0,-803.740721258,1.0,803.740721258,-1.0,-803.740721258,1,803.740721258,0,0.0,-1.0,-803.740721258,0,0.0,-1.0,-803.740721258,1.0,803.740721258,-1,-803.740721258,1.0,803.740721258,0.0,0.0,1,803.740721258,1,803.740721258,-1.0,-803.740721258,-1.0,-803.740721258,1.0,803.740721258,1.0,803.740721258,1.0,803.740721258,1.0,803.740721258,1.0,803.740721258,-1,-803.740721258,0,0.0,1,803.740721258,1,803.740721258,-1,-803.740721258,1.0,803.740721258,-1.0,-803.740721258,1,803.740721258,1,803.740721258,1.0,803.740721258,0.0,0.0,1.0,803.740721258,-1.0,-803.740721258
20170522,@BON7,-1.0,-0.00090799031477,19806.0,grain,1495477025,1.0,-0.0,0.0,0.0,-0.0,-1.0,0.0,-1,0.0,-1.0,0.0,-1.0,0.0,1.0,-0.0,1.0,-0.0,1.0,-0.0,-1.0,0.0,1.0,-0.0,-1,0.0,-1,0.0,-1,0.0,0,-0.0,-1.0,0.0,-1.0,0.0,-1.0,0.0,-1.0,0.0,1.0,-0.0,0,-0.0,-1.0,0.0,1.0,-0.0,-1,0.0,0,-0.0,1.0,-0.0,1.0,-0.0,1.0,-0.0,1.0,-0.0,-1.0,0.0,0.0,-0.0,0.0,-0.0,1.0,-0.0,-1,0.0,1.0,-0.0,1,-0.0,1.0,-0.0,0.0,-0.0,-1.0,0.0,1.0,-0.0,1.0,-0.0,1.0,-0.0,-1.0,0.0,1.0,-0.0,-1.0,0.0,-1.0,0.0,1.0,-0.0,-1,0.0,1,-0.0,0.0,-0.0,1.0,-0.0,-1.0,0.0,1.0,-0.0,1.0,-0.0,-1.0,0.0,-1.0,0.0,-1.0,0.0,-1.0,0.0,1,-0.0,0,-0.0,-1.0,0.0,0,-0.0,-1.0,0.0,1.0,-0.0,1,-0.0,1.0,-0.0,0.0,-0.0,1,-0.0,0,-0.0,-1.0,0.0,-1.0,0.0,1.0,-0.0,1.0,-0.0,1.0,-0.0,-1.0,0.0,1.0,-0.0,-1,0.0,0,-0.0,0,-0.0,1,-0.0,-1,0.0,1.0,-0.0,-1.0,0.0,1,-0.0,1,-0.0,1.0,-0.0,-1.0,0.0,-1.0,0.0,-1.0,0.0
20170522,@GFQ7,1.0,0.0177799933533,76562.5,meat,1495475998,1.0,0.0,0.0,0.0,0.0,1.0,0.0,-1,-0.0,-1.0,-0.0,-1.0,-0.0,0.0,0.0,-1.0,-0.0,1.0,0.0,-1.0,-0.0,1.0,0.0,-1,-0.0,-1,-0.0,-1,-0.0,-1,-0.0,-1.0,-0.0,-1.0,-0.0,-1.0,-0.0,-1.0,-0.0,1.0,0.0,0,0.0,-1.0,-0.0,-1.0,-0.0,-1,-0.0,0,0.0,1.0,0.0,1.0,0.0,1.0,0.0,1.0,0.0,-1.0,-0.0,0.0,0.0,0.0,0.0,1.0,0.0,1,0.0,1.0,0.0,1,0.0,1.0,0.0,0.0,0.0,-1.0,-0.0,1.0,0.0,1.0,0.0,1.0,0.0,-1.0,-0.0,1.0,0.0,-1.0,-0.0,-1.0,-0.0,-1.0,-0.0,-1,-0.0,-1,-0.0,0.0,0.0,1.0,0.0,-1.0,-0.0,1.0,0.0,1.0,0.0,1.0,0.0,0.0,0.0,1.0,0.0,1.0,0.0,1,0.0,1,0.0,-1.0,-0.0,0,0.0,-1.0,-0.0,1.0,0.0,-1,-0.0,1.0,0.0,0.0,0.0,1,0.0,0,0.0,-1.0,-0.0,1.0,0.0,1.0,0.0,-1.0,-0.0,0.0,0.0,-1.0,-0.0,-1.0,-0.0,-1,-0.0,-1,-0.0,1,0.0,1,0.0,-1,-0.0,1.0,0.0,-1.0,-0.0,1,0.0,1,0.0,1.0,0.0,0.0,0.0,1.0,0.0,-1.0,-0.0
20170522,@FVM7,-1.0,-0.000131691578324,118632.8125,rates,1495485805,1.0,-0.0,0.0,0.0,-0.0,1.0,-0.0,1,-0.0,1.0,-0.0,1.0,-0.0,-1.0,0.0,-1.0,0.0,-1.0,0.0,1.0,-0.0,-1.0,0.0,1,-0.0,1,-0.0,1,-0.0,0,-0.0,1.0,-0.0,1.0,-0.0,1.0,-0.0,1.0,-0.0,-1.0,0.0,0,-0.0,1.0,-0.0,-1.0,0.0,1,-0.0,0,-0.0,-1.0,0.0,-1.0,0.0,-1.0,0.0,-1.0,0.0,1.0,-0.0,0.0,-0.0,0.0,-0.0,-1.0,0.0,-1,0.0,-1.0,0.0,-1,0.0,-1.0,0.0,0.0,-0.0,1.0,-0.0,-1.0,0.0,-1.0,0.0,-1.0,0.0,1.0,-0.0,-1.0,0.0,1.0,-0.0,1.0,-0.0,1.0,-0.0,1,-0.0,-1,0.0,0.0,-0.0,-1.0,0.0,1.0,-0.0,-1.0,0.0,-1.0,0.0,1.0,-0.0,1.0,-0.0,1.0,-0.0,1.0,-0.0,-1,0.0,0,-0.0,1.0,-0.0,0,-0.0,1.0,-0.0,-1.0,0.0,-1,0.0,-1.0,0.0,0.0,-0.0,-1,0.0,0,-0.0,1.0,-0.0,1.0,-0.0,-1.0,0.0,-1.0,0.0,-1.0,0.0,1.0,-0.0,-1.0,0.0,1,-0.0,0,-0.0,0,-0.0,-1,0.0,1,-0.0,-1.0,0.0,1.0,-0.0,-1,0.0,-1,0.0,-1.0,0.0,1.0,-0.0,1.0,-0.0,1.0,-0.0
20170522,QGCM7,1.0,0.00526483726867,126020.0,metal,1495485805,1.0,0.0,0.0,1.0,0.0,1.0,0.0,-1,-0.0,1.0,0.0,1.0,0.0,-1.0,-0.0,-1.0,-0.0,-1.0,-0.0,-1.0,-0.0,-1.0,-0.0,0,0.0,-1,-0.0,1,0.0,0,0.0,-1.0,-0.0,-1.0,-0.0,1.0,0.0,1.0,0.0,-1.0,-0.0,0,0.0,-1.0,-0.0,1.0,0.0,-1,-0.0,0,0.0,0.0,0.0,1.0,0.0,1.0,0.0,-1.0,-0.0,1.0,0.0,1.0,0.0,-1.0,-0.0,1.0,0.0,-1,-0.0,-1.0,-0.0,-1,-0.0,1.0,0.0,0.0,0.0,-1.0,-0.0,1.0,0.0,-1.0,-0.0,-1.0,-0.0,1.0,0.0,-1.0,-0.0,1.0,0.0,1.0,0.0,1.0,0.0,-1,-0.0,1,0.0,0.0,0.0,1.0,0.0,1.0,0.0,-1.0,-0.0,-1.0,-0.0,1.0,0.0,0.0,0.0,-1.0,-0.0,-1.0,-0.0,-1,-0.0,-1,-0.0,-1.0,-0.0,0,0.0,1.0,0.0,-1.0,-0.0,-1,-0.0,1.0,0.0,-1.0,-0.0,1,0.0,0,0.0,0.0,0.0,-1.0,-0.0,1.0,0.0,-1.0,-0.0,0.0,0.0,-1.0,-0.0,1.0,0.0,1,0.0,1,0.0,0,0.0,1,0.0,-1,-0.0,1.0,0.0,1.0,0.0,0,0.0,1,0.0,-1.0,-0.0,1.0,0.0,1.0,0.0,1.0,0.0
20170522,QHGN7,1.0,0.00852217702886,65087.5,metal,1495485805,1.0,554.687197366,554.687197366,0.0,0.0,1.0,554.687197366,-1,-554.687197366,1.0,554.687197366,-1.0,-554.687197366,0.0,0.0,-1.0,-554.687197366,1.0,554.687197366,-1.0,-554.687197366,1.0,554.687197366,-1,-554.687197366,-1,-554.687197366,-1,-554.687197366,-1,-554.687197366,-1.0,-554.687197366,1.0,554.687197366,0.0,0.0,1.0,554.687197366,-1.0,-554.687197366,0,0.0,-1.0,-554.687197366,-1.0,-554.687197366,-1,-554.687197366,-1,-554.687197366,1.0,554.687197366,-1.0,-554.687197366,1.0,554.687197366,1.0,554.687197366,-1.0,-554.687197366,0.0,0.0,0.0,0.0,1.0,554.687197366,-1,-554.687197366,1.0,554.687197366,-1,-554.687197366,1.0,554.687197366,-1.0,-554.687197366,-1.0,-554.687197366,-1.0,-554.687197366,1.0,554.687197366,0.0,0.0,0.0,0.0,-1.0,-554.687197366,-1.0,-554.687197366,1.0,554.687197366,1.0,554.687197366,-1,-554.687197366,1,554.687197366,1.0,554.687197366,1.0,554.687197366,-1.0,-554.687197366,0.0,0.0,1.0,554.687197366,-1.0,-554.687197366,-1.0,-554.687197366,1.0,554.687197366,-1.0,-554.687197366,1,554.687197366,0,0.0,-1.0,-554.687197366,0,0.0,-1.0,-554.687197366,1.0,554.687197366,-1,-554.687197366,1.0,554.687197366,0.0,0.0,1,554.687197366,1,554.687197366,-1.0,-554.687197366,-1.0,-554.687197366,1.0,554.687197366,1.0,554.687197366,1.0,554.687197366,1.0,554.687197366,1.0,554.687197366,-1,-554.687197366,0,0.0,1,554.687197366,1,554.687197366,-1,-554.687197366,1.0,554.687197366,-1.0,-554.687197366,1,554.687197366,1,554.687197366,1.0,554.687197366,0.0,0.0,1.0,554.687197366,-1.0,-554.687197366
20170522,QHON7,1.0,0.0113951145807,67473.0,energy,1495485805,1.0,0.0,0.0,0.0,0.0,-1.0,-0.0,-1,-0.0,-1.0,-0.0,-1.0,-0.0,1.0,0.0,1.0,0.0,1.0,0.0,-1.0,-0.0,1.0,0.0,-1,-0.0,-1,-0.0,-1,-0.0,0,0.0,-1.0,-0.0,-1.0,-0.0,-1.0,-0.0,-1.0,-0.0,1.0,0.0,0,0.0,-1.0,-0.0,1.0,0.0,-1,-0.0,0,0.0,1.0,0.0,1.0,0.0,1.0,0.0,1.0,0.0,-1.0,-0.0,0.0,0.0,0.0,0.0,1.0,0.0,-1,-0.0,1.0,0.0,1,0.0,1.0,0.0,0.0,0.0,-1.0,-0.0,1.0,0.0,1.0,0.0,1.0,0.0,-1.0,-0.0,1.0,0.0,-1.0,-0.0,-1.0,-0.0,1.0,0.0,-1,-0.0,1,0.0,0.0,0.0,1.0,0.0,-1.0,-0.0,1.0,0.0,1.0,0.0,-1.0,-0.0,-1.0,-0.0,-1.0,-0.0,-1.0,-0.0,1,0.0,0,0.0,-1.0,-0.0,0,0.0,-1.0,-0.0,1.0,0.0,1,0.0,1.0,0.0,0.0,0.0,1,0.0,0,0.0,-1.0,-0.0,-1.0,-0.0,1.0,0.0,1.0,0.0,1.0,0.0,-1.0,-0.0,1.0,0.0,-1,-0.0,0,0.0,0,0.0,1,0.0,-1,-0.0,1.0,0.0,-1.0,-0.0,1,0.0,1,0.0,1.0,0.0,-1.0,-0.0,-1.0,-0.0,-1.0,-0.0
20170522,@JYM7,1.0,0.00111271837098,112462.5,currency,1495485805,1.0,125.139089796,125.139089796,1.0,125.139089796,1.0,125.139089796,-1,-125.139089796,-1.0,-125.139089796,1.0,125.139089796,-1.0,-125.139089796,-1.0,-125.139089796,-1.0,-125.139089796,-1.0,-125.139089796,-1.0,-125.139089796,0,0.0,-1,-125.139089796,1,125.139089796,0,0.0,-1.0,-125.139089796,-1.0,-125.139089796,0.0,0.0,1.0,125.139089796,-1.0,-125.139089796,0,0.0,1.0,125.139089796,1.0,125.139089796,1,125.139089796,1,125.139089796,0.0,0.0,1.0,125.139089796,1.0,125.139089796,-1.0,-125.139089796,1.0,125.139089796,1.0,125.139089796,-1.0,-125.139089796,1.0,125.139089796,-1,-125.139089796,-1.0,-125.139089796,1,125.139089796,1.0,125.139089796,1.0,125.139089796,1.0,125.139089796,1.0,125.139089796,1.0,125.139089796,0.0,0.0,0.0,0.0,-1.0,-125.139089796,-1.0,-125.139089796,1.0,125.139089796,1.0,125.139089796,-1,-125.139089796,-1,-125.139089796,-1.0,-125.139089796,-1.0,-125.139089796,-1.0,-125.139089796,0.0,0.0,1.0,125.139089796,1.0,125.139089796,1.0,125.139089796,-1.0,-125.139089796,-1.0,-125.139089796,1,125.139089796,0,0.0,-1.0,-125.139089796,0,0.0,1.0,125.139089796,-1.0,-125.139089796,-1,-125.139089796,1.0,125.139089796,-1.0,-125.139089796,-1,-125.139089796,-1,-125.139089796,0.0,0.0,1.0,125.139089796,-1.0,-125.139089796,-1.0,-125.139089796,-1.0,-125.139089796,-1.0,-125.139089796,1.0,125.139089796,-1,-125.139089796,0,0.0,0,0.0,1,125.139089796,-1,-125.139089796,1.0,125.139089796,1.0,125.139089796,0,0.0,1,125.139089796,-1.0,-125.139089796,1.0,125.139089796,1.0,125.139089796,1.0,125.139089796
20170522,@ESM7,1.0,0.00461893764434,119625.0,index,1495485805,1.0,552.540415704,552.540415704,-1.0,-552.540415704,-1.0,-552.540415704,-1,-552.540415704,-1.0,-552.540415704,1.0,552.540415704,1.0,552.540415704,1.0,552.540415704,1.0,552.540415704,1.0,552.540415704,1.0,552.540415704,0,0.0,-1,-552.540415704,-1,-552.540415704,0,0.0,1.0,552.540415704,-1.0,-552.540415704,-1.0,-552.540415704,-1.0,-552.540415704,1.0,552.540415704,1,461.893764434,-1.0,-552.540415704,1.0,552.540415704,-1,-552.540415704,0,0.0,0.0,0.0,1.0,552.540415704,1.0,552.540415704,-1.0,-552.540415704,-1.0,-552.540415704,-1.0,-552.540415704,1.0,552.540415704,-1.0,-552.540415704,-1,-552.540415704,1.0,552.540415704,1,552.540415704,1.0,552.540415704,0.0,0.0,-1.0,-552.540415704,1.0,552.540415704,1.0,552.540415704,1.0,552.540415704,-1.0,-552.540415704,1.0,552.540415704,-1.0,-552.540415704,-1.0,-552.540415704,1.0,552.540415704,1,552.540415704,1,552.540415704,0.0,0.0,1.0,552.540415704,-1.0,-552.540415704,1.0,552.540415704,1.0,552.540415704,-1.0,-552.540415704,-1.0,-552.540415704,-1.0,-552.540415704,-1.0,-552.540415704,1,552.540415704,0,0.0,-1.0,-552.540415704,0,0.0,1.0,552.540415704,1.0,552.540415704,1,552.540415704,-1.0,-552.540415704,1.0,552.540415704,1,552.540415704,0,0.0,0.0,0.0,-1.0,-552.540415704,1.0,552.540415704,1.0,552.540415704,1.0,552.540415704,-1.0,-552.540415704,1.0,552.540415704,-1,-552.540415704,0,0.0,0,0.0,1,552.540415704,-1,-552.540415704,-1.0,-552.540415704,-1.0,-552.540415704,0,0.0,1,552.540415704,-1.0,-552.540415704,-1.0,-552.540415704,-1.0,-552.540415704,-1.0,-552.540415704
20170522,@LEQ7,1.0,0.0113589425857,48970.0,meat,1495475998,1.0,0.0,0.0,0.0,0.0,-1.0,-0.0,-1,-0.0,-1.0,-0.0,-1.0,-0.0,1.0,0.0,1.0,0.0,1.0,0.0,-1.0,-0.0,1.0,0.0,-1,-0.0,-1,-0.0,-1,-0.0,0,0.0,-1.0,-0.0,-1.0,-0.0,-1.0,-0.0,-1.0,-0.0,1.0,0.0,0,0.0,-1.0,-0.0,1.0,0.0,-1,-0.0,0,0.0,1.0,0.0,1.0,0.0,1.0,0.0,1.0,0.0,-1.0,-0.0,0.0,0.0,0.0,0.0,1.0,0.0,1,0.0,1.0,0.0,1,0.0,1.0,0.0,0.0,0.0,-1.0,-0.0,1.0,0.0,1.0,0.0,1.0,0.0,-1.0,-0.0,1.0,0.0,-1.0,-0.0,-1.0,-0.0,-1.0,-0.0,-1,-0.0,1,0.0,0.0,0.0,1.0,0.0,-1.0,-0.0,1.0,0.0,1.0,0.0,-1.0,-0.0,-1.0,-0.0,-1.0,-0.0,-1.0,-0.0,1,0.0,0,0.0,-1.0,-0.0,0,0.0,-1.0,-0.0,1.0,0.0,1,0.0,1.0,0.0,0.0,0.0,1,0.0,0,0.0,-1.0,-0.0,-1.0,-0.0,1.0,0.0,1.0,0.0,1.0,0.0,-1.0,-0.0,1.0,0.0,-1,-0.0,0,0.0,0,0.0,1,0.0,-1,-0.0,1.0,0.0,-1.0,-0.0,1,0.0,1,0.0,1.0,0.0,-1.0,-0.0,-1.0,-0.0,-1.0,-0.0
20170523,QNGN7,-1.0,-0.0289135514019,33250.0,energy,1495572194,1.0,-961.375584112,961.375584112,0.0,-0.0,-1.0,961.375584112,-1,961.375584112,-1.0,961.375584112,-1.0,961.375584112,1.0,-961.375584112,1.0,-961.375584112,1.0,-961.375584112,-1.0,961.375584112,1.0,-961.375584112,-1,961.375584112,-1,961.375584112,-1,961.375584112,0,-0.0,-1.0,961.375584112,-1.0,961.375584112,-1.0,961.375584112,-1.0,961.375584112,1.0,-961.375584112,0,-0.0,-1.0,961.375584112,1.0,-961.375584112,-1,961.375584112,0,-0.0,1.0,-961.375584112,1.0,-961.375584112,1.0,-961.375584112,1.0,-961.375584112,-1.0,961.375584112,0.0,-0.0,0.0,-0.0,1.0,-961.375584112,-1,961.375584112,1.0,-961.375584112,1,-961.375584112,1.0,-961.375584112,0.0,-0.0,-1.0,961.375584112,1.0,-961.375584112,1.0,-961.375584112,1.0,-961.375584112,-1.0,961.375584112,1.0,-961.375584112,-1.0,961.375584112,-1.0,961.375584112,1.0,-961.375584112,-1,961.375584112,-1,961.375584112,0.0,-0.0,1.0,-961.375584112,-1.0,961.375584112,1.0,-961.375584112,1.0,-961.375584112,1.0,-961.375584112,0.0,-0.0,-1.0,961.375584112,1.0,-961.375584112,1,-961.375584112,1,-961.375584112,-1.0,961.375584112,0,-0.0,-1.0,961.375584112,1.0,-961.375584112,1,-961.375584112,1.0,-961.375584112,0.0,-0.0,1,-961.375584112,0,-0.0,-1.0,961.375584112,1.0,-961.375584112,1.0,-961.375584112,-1.0,961.375584112,0.0,-0.0,-1.0,961.375584112,-1.0,961.375584112,-1,961.375584112,-1,961.375584112,0,-0.0,1,-961.375584112,-1,961.375584112,1.0,-961.375584112,-1.0,961.375584112,1,-961.375584112,1,-961.375584112,1.0,-961.375584112,-1.0,961.375584112,-1.0,961.375584112,-1.0,961.375584112
20170523,@NKDM7,1.0,0.00431800863602,88814.0161725,index,1495572194,1.0,0.0,0.0,-1.0,-0.0,-1.0,-0.0,-1,-0.0,-1.0,-0.0,1.0,0.0,1.0,0.0,1.0,0.0,1.0,0.0,1.0,0.0,1.0,0.0,0,0.0,-1,-0.0,-1,-0.0,0,0.0,1.0,0.0,-1.0,-0.0,-1.0,-0.0,-1.0,-0.0,1.0,0.0,0,0.0,-1.0,-0.0,1.0,0.0,-1,-0.0,0,0.0,0.0,0.0,1.0,0.0,1.0,0.0,-1.0,-0.0,-1.0,-0.0,-1.0,-0.0,1.0,0.0,-1.0,-0.0,1,0.0,1.0,0.0,1,0.0,1.0,0.0,0.0,0.0,-1.0,-0.0,1.0,0.0,1.0,0.0,1.0,0.0,-1.0,-0.0,1.0,0.0,-1.0,-0.0,-1.0,-0.0,-1.0,-0.0,1,0.0,1,0.0,0.0,0.0,1.0,0.0,-1.0,-0.0,1.0,0.0,1.0,0.0,-1.0,-0.0,-1.0,-0.0,-1.0,-0.0,-1.0,-0.0,1,0.0,0,0.0,-1.0,-0.0,0,0.0,1.0,0.0,1.0,0.0,1,0.0,-1.0,-0.0,1.0,0.0,1,0.0,0,0.0,0.0,0.0,-1.0,-0.0,1.0,0.0,1.0,0.0,1.0,0.0,-1.0,-0.0,1.0,0.0,-1,-0.0,0,0.0,0,0.0,1,0.0,-1,-0.0,-1.0,-0.0,-1.0,-0.0,0,0.0,1,0.0,-1.0,-0.0,-1.0,-0.0,-1.0,-0.0,-1.0,-0.0
20170523,@NQM7,1.0,0.0013153279551,114190.0,index,1495572194,1.0,0.0,0.0,0.0,0.0,1.0,0.0,-1,-0.0,1.0,0.0,-1.0,-0.0,0.0,0.0,-1.0,-0.0,1.0,0.0,-1.0,-0.0,1.0,0.0,-1,-0.0,-1,-0.0,-1,-0.0,-1,-0.0,-1.0,-0.0,1.0,0.0,0.0,0.0,1.0,0.0,-1.0,-0.0,0,0.0,-1.0,-0.0,-1.0,-0.0,-1,-0.0,-1,-0.0,1.0,0.0,-1.0,-0.0,1.0,0.0,1.0,0.0,-1.0,-0.0,0.0,0.0,0.0,0.0,1.0,0.0,-1,-0.0,1.0,0.0,-1,-0.0,1.0,0.0,-1.0,-0.0,-1.0,-0.0,-1.0,-0.0,1.0,0.0,0.0,0.0,0.0,0.0,-1.0,-0.0,-1.0,-0.0,1.0,0.0,1.0,0.0,-1,-0.0,1,0.0,1.0,0.0,1.0,0.0,-1.0,-0.0,0.0,0.0,1.0,0.0,-1.0,-0.0,-1.0,-0.0,1.0,0.0,-1.0,-0.0,1,0.0,0,0.0,-1.0,-0.0,0,0.0,-1.0,-0.0,1.0,0.0,-1,-0.0,1.0,0.0,0.0,0.0,1,0.0,1,0.0,-1.0,-0.0,-1.0,-0.0,1.0,0.0,1.0,0.0,1.0,0.0,1.0,0.0,1.0,0.0,-1,-0.0,0,0.0,1,0.0,1,0.0,-1,-0.0,1.0,0.0,-1.0,-0.0,1,0.0,1,0.0,1.0,0.0,0.0,0.0,1.0,0.0,-1.0,-0.0
20170523,QPAM7,1.0,0.0177183506784,77255.0,metal,1495572194,1.0,0.0,0.0,-1.0,-0.0,-1.0,-0.0,-1,-0.0,1.0,0.0,1.0,0.0,1.0,0.0,1.0,0.0,1.0,0.0,1.0,0.0,1.0,0.0,0,0.0,-1,-0.0,-1,-0.0,0,0.0,1.0,0.0,1.0,0.0,0.0,0.0,1.0,0.0,-1.0,-0.0,0,0.0,-1.0,-0.0,1.0,0.0,-1,-0.0,-1,-0.0,0.0,0.0,-1.0,-0.0,1.0,0.0,-1.0,-0.0,-1.0,-0.0,-1.0,-0.0,1.0,0.0,-1.0,-0.0,-1,-0.0,1.0,0.0,-1,-0.0,1.0,0.0,-1.0,-0.0,-1.0,-0.0,-1.0,-0.0,1.0,0.0,0.0,0.0,0.0,0.0,-1.0,-0.0,-1.0,-0.0,1.0,0.0,1.0,0.0,1,0.0,1,0.0,1.0,0.0,1.0,0.0,-1.0,-0.0,0.0,0.0,1.0,0.0,-1.0,-0.0,-1.0,-0.0,-1.0,-0.0,-1.0,-0.0,1,0.0,0,0.0,-1.0,-0.0,0,0.0,1.0,0.0,1.0,0.0,1,0.0,-1.0,-0.0,1.0,0.0,1,0.0,1,0.0,0.0,0.0,-1.0,-0.0,1.0,0.0,1.0,0.0,1.0,0.0,1.0,0.0,1.0,0.0,-1,-0.0,0,0.0,0,0.0,1,0.0,-1,-0.0,-1.0,-0.0,-1.0,-0.0,0,0.0,1,0.0,-1.0,-0.0,-1.0,-0.0,-1.0,-0.0,-1.0,-0.0
20170523,QPLN7,-1.0,-0.00547195622435,47255.0,metal,1495572194,1.0,-0.0,0.0,1.0,-0.0,-1.0,0.0,1,-0.0,-1.0,0.0,1.0,-0.0,0.0,-0.0,-1.0,0.0,1.0,-0.0,-1.0,0.0,-1.0,0.0,0,-0.0,-1,0.0,1,-0.0,1,-0.0,-1.0,0.0,-1.0,0.0,0.0,-0.0,1.0,-0.0,-1.0,0.0,0,-0.0,-1.0,0.0,1.0,-0.0,1,-0.0,1,-0.0,0.0,-0.0,1.0,-0.0,1.0,-0.0,-1.0,0.0,1.0,-0.0,1.0,-0.0,-1.0,0.0,1.0,-0.0,-1,0.0,-1.0,0.0,1,-0.0,1.0,-0.0,1.0,-0.0,1.0,-0.0,1.0,-0.0,1.0,-0.0,0.0,-0.0,0.0,-0.0,-1.0,0.0,-1.0,0.0,1.0,-0.0,1.0,-0.0,-1,0.0,1,-0.0,-1.0,0.0,-1.0,0.0,-1.0,0.0,0.0,-0.0,1.0,-0.0,1.0,-0.0,0.0,-0.0,-1.0,0.0,-1.0,0.0,-1,0.0,-1,0.0,-1.0,0.0,0,-0.0,1.0,-0.0,-1.0,0.0,1,-0.0,1.0,-0.0,-1.0,0.0,-1,0.0,-1,0.0,0.0,-0.0,-1.0,0.0,1.0,-0.0,-1.0,0.0,0.0,-0.0,-1.0,0.0,1.0,-0.0,1,-0.0,1,-0.0,-1,0.0,-1,0.0,-1,0.0,1.0,-0.0,1.0,-0.0,0,-0.0,1,-0.0,-1.0,0.0,0.0,-0.0,1.0,-0.0,-1.0,0.0
20170523,QRBN7,-1.0,-0.00192968702889,69514.2,energy,1495572194,1.0,-0.0,0.0,0.0,-0.0,-1.0,0.0,-1,0.0,-1.0,0.0,-1.0,0.0,1.0,-0.0,1.0,-0.0,1.0,-0.0,-1.0,0.0,1.0,-0.0,-1,0.0,-1,0.0,-1,0.0,0,-0.0,-1.0,0.0,-1.0,0.0,-1.0,0.0,-1.0,0.0,1.0,-0.0,0,-0.0,-1.0,0.0,1.0,-0.0,-1,0.0,0,-0.0,1.0,-0.0,1.0,-0.0,1.0,-0.0,1.0,-0.0,-1.0,0.0,0.0,-0.0,0.0,-0.0,1.0,-0.0,-1,0.0,1.0,-0.0,1,-0.0,1.0,-0.0,0.0,-0.0,-1.0,0.0,1.0,-0.0,1.0,-0.0,1.0,-0.0,-1.0,0.0,1.0,-0.0,-1.0,0.0,-1.0,0.0,1.0,-0.0,-1,0.0,1,-0.0,0.0,-0.0,1.0,-0.0,-1.0,0.0,1.0,-0.0,1.0,-0.0,-1.0,0.0,-1.0,0.0,-1.0,0.0,-1.0,0.0,1,-0.0,0,-0.0,-1.0,0.0,0,-0.0,-1.0,0.0,1.0,-0.0,1,-0.0,1.0,-0.0,0.0,-0.0,1,-0.0,0,-0.0,-1.0,0.0,-1.0,0.0,1.0,-0.0,1.0,-0.0,1.0,-0.0,-1.0,0.0,1.0,-0.0,-1,0.0,0,-0.0,0,-0.0,1,-0.0,-1,0.0,1.0,-0.0,-1.0,0.0,1,-0.0,1,-0.0,1.0,-0.0,-1.0,0.0,-1.0,0.0,-1.0,0.0
20170523,@SMN7,-1.0,-0.00552306692658,30610.0,grain,1495563428,1.0,-169.061078622,169.061078622,0.0,-0.0,1.0,-169.061078622,-1,169.061078622,1.0,-169.061078622,-1.0,169.061078622,0.0,-0.0,-1.0,169.061078622,1.0,-169.061078622,-1.0,169.061078622,1.0,-169.061078622,-1,169.061078622,-1,169.061078622,-1,169.061078622,-1,169.061078622,-1.0,169.061078622,1.0,-169.061078622,0.0,-0.0,1.0,-169.061078622,-1.0,169.061078622,0,-0.0,-1.0,169.061078622,-1.0,169.061078622,-1,169.061078622,-1,169.061078622,1.0,-169.061078622,-1.0,169.061078622,1.0,-169.061078622,1.0,-169.061078622,-1.0,169.061078622,0.0,-0.0,0.0,-0.0,1.0,-169.061078622,1,-169.061078622,1.0,-169.061078622,-1,169.061078622,1.0,-169.061078622,-1.0,169.061078622,-1.0,169.061078622,-1.0,169.061078622,1.0,-169.061078622,0.0,-0.0,0.0,-0.0,-1.0,169.061078622,-1.0,169.061078622,1.0,-169.061078622,-1.0,169.061078622,-1,169.061078622,1,-169.061078622,1.0,-169.061078622,1.0,-169.061078622,-1.0,169.061078622,0.0,-0.0,1.0,-169.061078622,-1.0,169.061078622,-1.0,169.061078622,1.0,-169.061078622,-1.0,169.061078622,1,-169.061078622,0,-0.0,-1.0,169.061078622,0,-0.0,-1.0,169.061078622,1.0,-169.061078622,-1,169.061078622,1.0,-169.061078622,0.0,-0.0,1,-169.061078622,1,-169.061078622,-1.0,169.061078622,-1.0,169.061078622,1.0,-169.061078622,1.0,-169.061078622,1.0,-169.061078622,1.0,-169.061078622,1.0,-169.061078622,-1,169.061078622,0,-0.0,1,-169.061078622,1,-169.061078622,-1,169.061078622,1.0,-169.061078622,-1.0,169.061078622,1,-169.061078622,1,-169.061078622,1.0,-169.061078622,0.0,-0.0,1.0,-169.061078622,-1.0,169.061078622
20170523,QSIN7,-1.0,-0.00762026641847,85300.0,metal,1495572194,1.0,-0.0,0.0,1.0,-0.0,-1.0,0.0,1,-0.0,-1.0,0.0,1.0,-0.0,0.0,-0.0,-1.0,0.0,1.0,-0.0,-1.0,0.0,-1.0,0.0,0,-0.0,-1,0.0,1,-0.0,1,-0.0,-1.0,0.0,-1.0,0.0,0.0,-0.0,1.0,-0.0,-1.0,0.0,0,-0.0,-1.0,0.0,1.0,-0.0,1,-0.0,1,-0.0,0.0,-0.0,1.0,-0.0,1.0,-0.0,-1.0,0.0,1.0,-0.0,1.0,-0.0,-1.0,0.0,1.0,-0.0,-1,0.0,-1.0,0.0,1,-0.0,1.0,-0.0,1.0,-0.0,1.0,-0.0,1.0,-0.0,1.0,-0.0,0.0,-0.0,0.0,-0.0,-1.0,0.0,-1.0,0.0,1.0,-0.0,1.0,-0.0,-1,0.0,1,-0.0,-1.0,0.0,-1.0,0.0,-1.0,0.0,0.0,-0.0,1.0,-0.0,1.0,-0.0,0.0,-0.0,-1.0,0.0,-1.0,0.0,-1,0.0,-1,0.0,-1.0,0.0,0,-0.0,1.0,-0.0,-1.0,0.0,1,-0.0,1.0,-0.0,-1.0,0.0,-1,0.0,-1,0.0,0.0,-0.0,-1.0,0.0,1.0,-0.0,-1.0,0.0,0.0,-0.0,-1.0,0.0,1.0,-0.0,1,-0.0,1,-0.0,-1,0.0,-1,0.0,-1,0.0,1.0,-0.0,1.0,-0.0,0,-0.0,1,-0.0,-1.0,0.0,0.0,-0.0,1.0,-0.0,-1.0,0.0
20170523,@TUM7,-1.0,-0.000576867608884,216562.5,rates,1495572194,2.0,-249.855783098,249.855783098,1.0,-249.855783098,-1.0,249.855783098,1,-249.855783098,-1.0,249.855783098,1.0,-249.855783098,0.0,-0.0,-1.0,249.855783098,1.0,-249.855783098,-1.0,249.855783098,-1.0,249.855783098,0,-0.0,-1,249.855783098,1,-249.855783098,1,-249.855783098,-1.0,249.855783098,-1.0,249.855783098,0.0,-0.0,1.0,-249.855783098,-1.0,249.855783098,0,-0.0,1.0,-249.855783098,1.0,-249.855783098,1,-249.855783098,1,-249.855783098,0.0,-0.0,1.0,-249.855783098,1.0,-249.855783098,-1.0,249.855783098,1.0,-249.855783098,1.0,-249.855783098,-1.0,249.855783098,1.0,-249.855783098,-1,249.855783098,-1.0,249.855783098,1,-249.855783098,1.0,-249.855783098,1.0,-249.855783098,1.0,-249.855783098,1.0,-249.855783098,1.0,-249.855783098,0.0,-0.0,0.0,-0.0,-1.0,249.855783098,-1.0,249.855783098,1.0,-249.855783098,1.0,-249.855783098,-1,249.855783098,-1,249.855783098,-1.0,249.855783098,-1.0,249.855783098,-1.0,249.855783098,0.0,-0.0,1.0,-249.855783098,1.0,-249.855783098,1.0,-249.855783098,-1.0,249.855783098,-1.0,249.855783098,1,-249.855783098,0,-0.0,-1.0,249.855783098,0,-0.0,1.0,-249.855783098,-1.0,249.855783098,1,-249.855783098,1.0,-249.855783098,-1.0,249.855783098,-1,249.855783098,-1,249.855783098,0.0,-0.0,1.0,-249.855783098,-1.0,249.855783098,-1.0,249.855783098,-1.0,249.855783098,-1.0,249.855783098,1.0,-249.855783098,-1,249.855783098,0,-0.0,-1,249.855783098,-1,249.855783098,-1,249.855783098,1.0,-249.855783098,1.0,-249.855783098,0,-0.0,1,-249.855783098,-1.0,249.855783098,0.0,-0.0,1.0,-249.855783098,-1.0,249.855783098
20170523,@TYM7,-1.0,-0.00185827552032,125890.625,rates,1495572194,1.0,-233.939466675,233.939466675,1.0,-233.939466675,-1.0,233.939466675,1,-233.939466675,-1.0,233.939466675,-1.0,233.939466675,0.0,-0.0,1.0,-233.939466675,-1.0,233.939466675,-1.0,233.939466675,-1.0,233.939466675,0,-0.0,1,-233.939466675,1,-233.939466675,1,-233.939466675,-1.0,233.939466675,-1.0,233.939466675,0.0,-0.0,-1.0,233.939466675,1.0,-233.939466675,0,-0.0,1.0,-233.939466675,1.0,-233.939466675,1,-233.939466675,1,-233.939466675,0.0,-0.0,1.0,-233.939466675,-1.0,233.939466675,1.0,-233.939466675,1.0,-233.939466675,1.0,-233.939466675,-1.0,233.939466675,1.0,-233.939466675,-1,233.939466675,-1.0,233.939466675,1,-233.939466675,-1.0,233.939466675,1.0,-233.939466675,1.0,-233.939466675,1.0,-233.939466675,-1.0,233.939466675,0.0,-0.0,0.0,-0.0,1.0,-233.939466675,1.0,-233.939466675,-1.0,233.939466675,1.0,-233.939466675,-1,233.939466675,-1,233.939466675,-1.0,233.939466675,-1.0,233.939466675,1.0,-233.939466675,0.0,-0.0,-1.0,233.939466675,1.0,-233.939466675,1.0,-233.939466675,-1.0,233.939466675,1.0,-233.939466675,-1,233.939466675,0,-0.0,1.0,-233.939466675,0,-0.0,-1.0,233.939466675,-1.0,233.939466675,1,-233.939466675,1.0,-233.939466675,-1.0,233.939466675,-1,233.939466675,-1,233.939466675,0.0,-0.0,1.0,-233.939466675,-1.0,233.939466675,-1.0,233.939466675,-1.0,233.939466675,-1.0,233.939466675,-1.0,233.939466675,1,-233.939466675,0,-0.0,-1,233.939466675,-1,233.939466675,1,-233.939466675,1.0,-233.939466675,1.0,-233.939466675,0,-0.0,-1,233.939466675,1.0,-233.939466675,0.0,-0.0,-1.0,233.939466675,1.0,-233.939466675
20170523,@USM7,-1.0,-0.00325137167242,153281.25,rates,1495572194,1.0,-0.0,0.0,1.0,-0.0,1.0,-0.0,-1,0.0,1.0,-0.0,1.0,-0.0,-1.0,0.0,-1.0,0.0,-1.0,0.0,-1.0,0.0,-1.0,0.0,0,-0.0,-1,0.0,1,-0.0,0,-0.0,-1.0,0.0,-1.0,0.0,1.0,-0.0,1.0,-0.0,-1.0,0.0,0,-0.0,1.0,-0.0,1.0,-0.0,-1,0.0,0,-0.0,0.0,-0.0,1.0,-0.0,1.0,-0.0,-1.0,0.0,1.0,-0.0,1.0,-0.0,-1.0,0.0,1.0,-0.0,-1,0.0,-1.0,0.0,-1,0.0,1.0,-0.0,0.0,-0.0,-1.0,0.0,1.0,-0.0,-1.0,0.0,-1.0,0.0,1.0,-0.0,-1.0,0.0,1.0,-0.0,1.0,-0.0,1.0,-0.0,-1,0.0,-1,0.0,0.0,-0.0,1.0,-0.0,1.0,-0.0,-1.0,0.0,-1.0,0.0,1.0,-0.0,1.0,-0.0,-1.0,0.0,-1.0,0.0,1,-0.0,0,-0.0,-1.0,0.0,0,-0.0,1.0,-0.0,-1.0,0.0,-1,0.0,1.0,-0.0,-1.0,0.0,1,-0.0,0,-0.0,0.0,-0.0,1.0,-0.0,-1.0,0.0,-1.0,0.0,-1.0,0.0,-1.0,0.0,1.0,-0.0,-1,0.0,0,-0.0,0,-0.0,1,-0.0,-1,0.0,1.0,-0.0,1.0,-0.0,0,-0.0,1,-0.0,-1.0,0.0,1.0,-0.0,1.0,-0.0,1.0,-0.0
20170523,@WN7,-1.0,-0.0120898100173,21450.0,grain,1495563428,1.0,-259.32642487,259.32642487,-1.0,259.32642487,-1.0,259.32642487,1,-259.32642487,-1.0,259.32642487,-1.0,259.32642487,1.0,-259.32642487,1.0,-259.32642487,1.0,-259.32642487,1.0,-259.32642487,1.0,-259.32642487,0,-0.0,1,-259.32642487,-1,259.32642487,0,-0.0,1.0,-259.32642487,1.0,-259.32642487,-1.0,259.32642487,-1.0,259.32642487,1.0,-259.32642487,0,-0.0,-1.0,259.32642487,-1.0,259.32642487,1,-259.32642487,0,-0.0,0.0,-0.0,-1.0,259.32642487,-1.0,259.32642487,1.0,-259.32642487,-1.0,259.32642487,-1.0,259.32642487,1.0,-259.32642487,-1.0,259.32642487,-1,259.32642487,1.0,-259.32642487,1,-259.32642487,-1.0,259.32642487,0.0,-0.0,1.0,-259.32642487,-1.0,259.32642487,1.0,-259.32642487,1.0,-259.32642487,-1.0,259.32642487,1.0,-259.32642487,-1.0,259.32642487,-1.0,259.32642487,1.0,-259.32642487,1,-259.32642487,1,-259.32642487,0.0,-0.0,-1.0,259.32642487,-1.0,259.32642487,1.0,-259.32642487,1.0,-259.32642487,-1.0,259.32642487,-1.0,259.32642487,1.0,-259.32642487,1.0,-259.32642487,-1,259.32642487,0,-0.0,1.0,-259.32642487,0,-0.0,-1.0,259.32642487,1.0,-259.32642487,1,-259.32642487,-1.0,259.32642487,1.0,-259.32642487,-1,259.32642487,0,-0.0,0.0,-0.0,-1.0,259.32642487,1.0,-259.32642487,1.0,-259.32642487,1.0,-259.32642487,1.0,-259.32642487,-1.0,259.32642487,1,-259.32642487,0,-0.0,0,-0.0,-1,259.32642487,1,-259.32642487,-1.0,259.32642487,-1.0,259.32642487,0,-0.0,-1,259.32642487,1.0,-259.32642487,-1.0,259.32642487,-1.0,259.32642487,-1.0,259.32642487
20170523,@NEM7,1.0,0.00257584430452,70060.0,currency,1495572194,1.0,0.0,0.0,0.0,0.0,-1.0,-0.0,-1,-0.0,-1.0,-0.0,-1.0,-0.0,1.0,0.0,1.0,0.0,1.0,0.0,-1.0,-0.0,1.0,0.0,-1,-0.0,-1,-0.0,-1,-0.0,0,0.0,-1.0,-0.0,-1.0,-0.0,-1.0,-0.0,-1.0,-0.0,1.0,0.0,0,0.0,-1.0,-0.0,1.0,0.0,-1,-0.0,0,0.0,1.0,0.0,1.0,0.0,1.0,0.0,1.0,0.0,-1.0,-0.0,0.0,0.0,0.0,0.0,1.0,0.0,-1,-0.0,1.0,0.0,1,0.0,1.0,0.0,0.0,0.0,-1.0,-0.0,1.0,0.0,1.0,0.0,1.0,0.0,-1.0,-0.0,1.0,0.0,-1.0,-0.0,-1.0,-0.0,1.0,0.0,-1,-0.0,1,0.0,0.0,0.0,1.0,0.0,-1.0,-0.0,1.0,0.0,1.0,0.0,-1.0,-0.0,-1.0,-0.0,-1.0,-0.0,-1.0,-0.0,1,0.0,0,0.0,-1.0,-0.0,0,0.0,-1.0,-0.0,1.0,0.0,1,0.0,1.0,0.0,0.0,0.0,1,0.0,0,0.0,-1.0,-0.0,-1.0,-0.0,1.0,0.0,1.0,0.0,1.0,0.0,-1.0,-0.0,1.0,0.0,-1,-0.0,0,0.0,0,0.0,1,0.0,-1,-0.0,1.0,0.0,-1.0,-0.0,1,0.0,1,0.0,1.0,0.0,-1.0,-0.0,-1.0,-0.0,-1.0,-0.0
20170523,@SN7,-1.0,-0.00914793518034,47387.5,grain,1495563428,1.0,-0.0,0.0,-1.0,0.0,-1.0,0.0,-1,0.0,1.0,-0.0,1.0,-0.0,1.0,-0.0,1.0,-0.0,1.0,-0.0,1.0,-0.0,1.0,-0.0,0,-0.0,-1,0.0,-1,0.0,0,-0.0,1.0,-0.0,1.0,-0.0,0.0,-0.0,1.0,-0.0,-1.0,0.0,0,-0.0,-1.0,0.0,1.0,-0.0,-1,0.0,-1,0.0,0.0,-0.0,-1.0,0.0,1.0,-0.0,-1.0,0.0,-1.0,0.0,-1.0,0.0,1.0,-0.0,-1.0,0.0,1,-0.0,1.0,-0.0,-1,0.0,1.0,-0.0,-1.0,0.0,-1.0,0.0,-1.0,0.0,1.0,-0.0,0.0,-0.0,0.0,-0.0,-1.0,0.0,-1.0,0.0,1.0,-0.0,-1.0,0.0,1,-0.0,1,-0.0,1.0,-0.0,1.0,-0.0,-1.0,0.0,0.0,-0.0,1.0,-0.0,-1.0,0.0,-1.0,0.0,-1.0,0.0,-1.0,0.0,1,-0.0,0,-0.0,-1.0,0.0,0,-0.0,1.0,-0.0,1.0,-0.0,1,-0.0,-1.0,0.0,1.0,-0.0,1,-0.0,1,-0.0,0.0,-0.0,-1.0,0.0,1.0,-0.0,1.0,-0.0,1.0,-0.0,1.0,-0.0,1.0,-0.0,-1,0.0,0,-0.0,0,-0.0,1,-0.0,-1,0.0,-1.0,0.0,-1.0,0.0,0,-0.0,1,-0.0,-1.0,0.0,-1.0,0.0,-1.0,0.0,-1.0,0.0
20170523,@YMM7,1.0,0.00158061116965,104555.0,index,1495572194,1.0,0.0,0.0,-1.0,-0.0,-1.0,-0.0,-1,-0.0,1.0,0.0,1.0,0.0,1.0,0.0,1.0,0.0,1.0,0.0,1.0,0.0,1.0,0.0,0,0.0,-1,-0.0,-1,-0.0,0,0.0,1.0,0.0,1.0,0.0,0.0,0.0,1.0,0.0,-1.0,-0.0,0,0.0,-1.0,-0.0,1.0,0.0,-1,-0.0,-1,-0.0,0.0,0.0,-1.0,-0.0,1.0,0.0,-1.0,-0.0,-1.0,-0.0,-1.0,-0.0,1.0,0.0,-1.0,-0.0,-1,-0.0,1.0,0.0,-1,-0.0,1.0,0.0,-1.0,-0.0,-1.0,-0.0,-1.0,-0.0,1.0,0.0,0.0,0.0,0.0,0.0,-1.0,-0.0,-1.0,-0.0,1.0,0.0,1.0,0.0,1,0.0,1,0.0,1.0,0.0,1.0,0.0,-1.0,-0.0,0.0,0.0,1.0,0.0,-1.0,-0.0,-1.0,-0.0,-1.0,-0.0,-1.0,-0.0,1,0.0,0,0.0,-1.0,-0.0,0,0.0,1.0,0.0,1.0,0.0,1,0.0,-1.0,-0.0,1.0,0.0,1,0.0,1,0.0,0.0,0.0,-1.0,-0.0,1.0,0.0,1.0,0.0,1.0,0.0,1.0,0.0,1.0,0.0,-1,-0.0,0,0.0,0,0.0,1,0.0,-1,-0.0,-1.0,-0.0,-1.0,-0.0,0,0.0,1,0.0,-1.0,-0.0,-1.0,-0.0,-1.0,-0.0,-1.0,-0.0
20170523,@SFM7,-1.0,-0.00262390670554,128287.5,currency,1495572194,1.0,-0.0,0.0,0.0,-0.0,1.0,-0.0,-1,0.0,-1.0,0.0,-1.0,0.0,0.0,-0.0,-1.0,0.0,1.0,-0.0,-1.0,0.0,1.0,-0.0,-1,0.0,-1,0.0,-1,0.0,-1,0.0,-1.0,0.0,-1.0,0.0,-1.0,0.0,-1.0,0.0,1.0,-0.0,0,-0.0,-1.0,0.0,-1.0,0.0,-1,0.0,0,-0.0,1.0,-0.0,1.0,-0.0,1.0,-0.0,1.0,-0.0,-1.0,0.0,0.0,-0.0,0.0,-0.0,1.0,-0.0,-1,0.0,1.0,-0.0,1,-0.0,1.0,-0.0,0.0,-0.0,-1.0,0.0,1.0,-0.0,1.0,-0.0,1.0,-0.0,-1.0,0.0,1.0,-0.0,-1.0,0.0,-1.0,0.0,1.0,-0.0,-1,0.0,1,-0.0,0.0,-0.0,1.0,-0.0,-1.0,0.0,1.0,-0.0,1.0,-0.0,-1.0,0.0,-1.0,0.0,1.0,-0.0,-1.0,0.0,1,-0.0,0,-0.0,-1.0,0.0,0,-0.0,-1.0,0.0,1.0,-0.0,-1,0.0,1.0,-0.0,0.0,-0.0,1,-0.0,0,-0.0,-1.0,0.0,-1.0,0.0,1.0,-0.0,1.0,-0.0,1.0,-0.0,-1.0,0.0,1.0,-0.0,-1,0.0,0,-0.0,1,-0.0,1,-0.0,-1,0.0,1.0,-0.0,-1.0,0.0,1,-0.0,1,-0.0,1.0,-0.0,0.0,-0.0,1.0,-0.0,-1.0,0.0
20170523,@LEQ7,-1.0,-0.00430239704978,48600.0,meat,1495562341,1.0,-0.0,0.0,0.0,-0.0,-1.0,0.0,-1,0.0,-1.0,0.0,-1.0,0.0,1.0,-0.0,1.0,-0.0,1.0,-0.0,-1.0,0.0,1.0,-0.0,-1,0.0,-1,0.0,-1,0.0,0,-0.0,-1.0,0.0,-1.0,0.0,-1.0,0.0,-1.0,0.0,1.0,-0.0,0,-0.0,-1.0,0.0,1.0,-0.0,-1,0.0,0,-0.0,1.0,-0.0,1.0,-0.0,1.0,-0.0,1.0,-0.0,-1.0,0.0,0.0,-0.0,0.0,-0.0,1.0,-0.0,1,-0.0,1.0,-0.0,1,-0.0,1.0,-0.0,0.0,-0.0,-1.0,0.0,1.0,-0.0,1.0,-0.0,1.0,-0.0,-1.0,0.0,1.0,-0.0,-1.0,0.0,-1.0,0.0,-1.0,0.0,-1,0.0,1,-0.0,0.0,-0.0,1.0,-0.0,-1.0,0.0,1.0,-0.0,1.0,-0.0,-1.0,0.0,-1.0,0.0,-1.0,0.0,-1.0,0.0,1,-0.0,0,-0.0,-1.0,0.0,0,-0.0,-1.0,0.0,1.0,-0.0,1,-0.0,1.0,-0.0,0.0,-0.0,1,-0.0,0,-0.0,-1.0,0.0,-1.0,0.0,1.0,-0.0,1.0,-0.0,1.0,-0.0,-1.0,0.0,1.0,-0.0,-1,0.0,0,-0.0,0,-0.0,1,-0.0,-1,0.0,1.0,-0.0,-1.0,0.0,1,-0.0,1,-0.0,1.0,-0.0,-1.0,0.0,-1.0,0.0,-1.0,0.0
20170523,@HEN7,1.0,0.00156152404747,32070.0,meat,1495562341,1.0,0.0,0.0,0.0,0.0,1.0,0.0,-1,-0.0,-1.0,-0.0,-1.0,-0.0,0.0,0.0,1.0,0.0,-1.0,-0.0,1.0,0.0,-1.0,-0.0,-1,-0.0,-1,-0.0,-1,-0.0,-1,-0.0,1.0,0.0,1.0,0.0,-1.0,-0.0,-1.0,-0.0,1.0,0.0,0,0.0,-1.0,-0.0,-1.0,-0.0,1,0.0,0,0.0,1.0,0.0,-1.0,-0.0,1.0,0.0,1.0,0.0,1.0,0.0,0.0,0.0,0.0,0.0,-1.0,-0.0,1,0.0,1.0,0.0,1,0.0,-1.0,-0.0,0.0,0.0,1.0,0.0,-1.0,-0.0,1.0,0.0,1.0,0.0,-1.0,-0.0,1.0,0.0,-1.0,-0.0,-1.0,-0.0,-1.0,-0.0,-1,-0.0,1,0.0,0.0,0.0,-1.0,-0.0,-1.0,-0.0,1.0,0.0,1.0,0.0,-1.0,-0.0,-1.0,-0.0,1.0,0.0,1.0,0.0,-1,-0.0,0,0.0,-1.0,-0.0,0,0.0,-1.0,-0.0,-1.0,-0.0,-1,-0.0,1.0,0.0,0.0,0.0,-1,-0.0,0,0.0,-1.0,-0.0,-1.0,-0.0,1.0,0.0,1.0,0.0,1.0,0.0,1.0,0.0,-1.0,-0.0,1,0.0,0,0.0,1,0.0,1,0.0,1,0.0,-1.0,-0.0,1.0,0.0,1,0.0,1,0.0,1.0,0.0,0.0,0.0,-1.0,-0.0,1.0,0.0
20170523,@ADM7,1.0,0.000401498929336,74750.0,currency,1495572194,1.0,0.0,0.0,0.0,0.0,1.0,0.0,-1,-0.0,1.0,0.0,-1.0,-0.0,0.0,0.0,-1.0,-0.0,1.0,0.0,-1.0,-0.0,1.0,0.0,-1,-0.0,-1,-0.0,-1,-0.0,-1,-0.0,-1.0,-0.0,1.0,0.0,0.0,0.0,1.0,0.0,-1.0,-0.0,0,0.0,-1.0,-0.0,-1.0,-0.0,-1,-0.0,-1,-0.0,1.0,0.0,-1.0,-0.0,1.0,0.0,1.0,0.0,-1.0,-0.0,0.0,0.0,0.0,0.0,1.0,0.0,-1,-0.0,1.0,0.0,-1,-0.0,1.0,0.0,-1.0,-0.0,-1.0,-0.0,-1.0,-0.0,1.0,0.0,0.0,0.0,0.0,0.0,-1.0,-0.0,-1.0,-0.0,1.0,0.0,1.0,0.0,-1,-0.0,1,0.0,1.0,0.0,1.0,0.0,-1.0,-0.0,0.0,0.0,1.0,0.0,-1.0,-0.0,-1.0,-0.0,1.0,0.0,-1.0,-0.0,1,0.0,0,0.0,-1.0,-0.0,0,0.0,-1.0,-0.0,1.0,0.0,-1,-0.0,1.0,0.0,0.0,0.0,1,0.0,1,0.0,-1.0,-0.0,-1.0,-0.0,1.0,0.0,1.0,0.0,1.0,0.0,1.0,0.0,1.0,0.0,-1,-0.0,0,0.0,1,0.0,1,0.0,-1,-0.0,1.0,0.0,-1.0,-0.0,1,0.0,1,0.0,1.0,0.0,0.0,0.0,1.0,0.0,-1.0,-0.0
20170523,@BON7,-1.0,-0.0170006071645,19428.0,grain,1495563428,1.0,-0.0,0.0,0.0,-0.0,-1.0,0.0,1,-0.0,-1.0,0.0,-1.0,0.0,1.0,-0.0,1.0,-0.0,1.0,-0.0,1.0,-0.0,-1.0,0.0,-1,0.0,-1,0.0,-1,0.0,0,-0.0,1.0,-0.0,1.0,-0.0,-1.0,0.0,-1.0,0.0,1.0,-0.0,0,-0.0,-1.0,0.0,-1.0,0.0,1,-0.0,0,-0.0,1.0,-0.0,-1.0,0.0,1.0,-0.0,1.0,-0.0,1.0,-0.0,0.0,-0.0,0.0,-0.0,-1.0,0.0,-1,0.0,1.0,-0.0,1,-0.0,-1.0,0.0,0.0,-0.0,1.0,-0.0,-1.0,0.0,1.0,-0.0,1.0,-0.0,-1.0,0.0,1.0,-0.0,-1.0,0.0,-1.0,0.0,1.0,-0.0,-1,0.0,1,-0.0,0.0,-0.0,-1.0,0.0,-1.0,0.0,1.0,-0.0,1.0,-0.0,-1.0,0.0,-1.0,0.0,1.0,-0.0,1.0,-0.0,-1,0.0,0,-0.0,-1.0,0.0,0,-0.0,-1.0,0.0,-1.0,0.0,1,-0.0,1.0,-0.0,0.0,-0.0,-1,0.0,0,-0.0,-1.0,0.0,-1.0,0.0,1.0,-0.0,1.0,-0.0,1.0,-0.0,1.0,-0.0,-1.0,0.0,1,-0.0,0,-0.0,0,-0.0,-1,0.0,1,-0.0,-1.0,0.0,1.0,-0.0,1,-0.0,1,-0.0,1.0,-0.0,-1.0,0.0,-1.0,0.0,-1.0,0.0
20170523,@BPM7,-1.0,-0.00238351530063,81093.75,currency,1495572194,1.0,-0.0,0.0,-1.0,0.0,-1.0,0.0,1,-0.0,-1.0,0.0,-1.0,0.0,1.0,-0.0,1.0,-0.0,1.0,-0.0,1.0,-0.0,1.0,-0.0,0,-0.0,1,-0.0,-1,0.0,0,-0.0,1.0,-0.0,1.0,-0.0,-1.0,0.0,-1.0,0.0,1.0,-0.0,0,-0.0,-1.0,0.0,-1.0,0.0,1,-0.0,0,-0.0,0.0,-0.0,-1.0,0.0,-1.0,0.0,1.0,-0.0,-1.0,0.0,-1.0,0.0,1.0,-0.0,-1.0,0.0,-1,0.0,1.0,-0.0,1,-0.0,-1.0,0.0,0.0,-0.0,1.0,-0.0,-1.0,0.0,1.0,-0.0,1.0,-0.0,-1.0,0.0,1.0,-0.0,-1.0,0.0,-1.0,0.0,1.0,-0.0,1,-0.0,1,-0.0,0.0,-0.0,-1.0,0.0,-1.0,0.0,1.0,-0.0,1.0,-0.0,-1.0,0.0,-1.0,0.0,1.0,-0.0,1.0,-0.0,-1,0.0,0,-0.0,1.0,-0.0,0,-0.0,-1.0,0.0,1.0,-0.0,1,-0.0,-1.0,0.0,1.0,-0.0,-1,0.0,0,-0.0,0.0,-0.0,-1.0,0.0,1.0,-0.0,1.0,-0.0,1.0,-0.0,1.0,-0.0,-1.0,0.0,1,-0.0,0,-0.0,0,-0.0,-1,0.0,1,-0.0,-1.0,0.0,-1.0,0.0,0,-0.0,-1,0.0,1.0,-0.0,-1.0,0.0,-1.0,0.0,-1.0,0.0
20170523,@CN7,-1.0,-0.014,18487.5,grain,1495563428,1.0,-258.825,258.825,0.0,-0.0,1.0,-258.825,-1,258.825,1.0,-258.825,-1.0,258.825,0.0,-0.0,-1.0,258.825,1.0,-258.825,-1.0,258.825,1.0,-258.825,-1,258.825,-1,258.825,-1,258.825,-1,258.825,-1.0,258.825,1.0,-258.825,0.0,-0.0,1.0,-258.825,-1.0,258.825,0,-0.0,-1.0,258.825,-1.0,258.825,-1,258.825,-1,258.825,1.0,-258.825,-1.0,258.825,1.0,-258.825,1.0,-258.825,-1.0,258.825,0.0,-0.0,0.0,-0.0,1.0,-258.825,-1,258.825,1.0,-258.825,-1,258.825,1.0,-258.825,-1.0,258.825,-1.0,258.825,-1.0,258.825,1.0,-258.825,0.0,-0.0,0.0,-0.0,-1.0,258.825,-1.0,258.825,1.0,-258.825,1.0,-258.825,-1,258.825,1,-258.825,1.0,-258.825,1.0,-258.825,-1.0,258.825,0.0,-0.0,1.0,-258.825,-1.0,258.825,-1.0,258.825,1.0,-258.825,-1.0,258.825,1,-258.825,0,-0.0,-1.0,258.825,0,-0.0,-1.0,258.825,1.0,-258.825,-1,258.825,1.0,-258.825,0.0,-0.0,1,-258.825,1,-258.825,-1.0,258.825,-1.0,258.825,1.0,-258.825,1.0,-258.825,1.0,-258.825,1.0,-258.825,1.0,-258.825,-1,258.825,0,-0.0,1,-258.825,1,-258.825,-1,258.825,1.0,-258.825,-1.0,258.825,1,-258.825,1,-258.825,1.0,-258.825,0.0,-0.0,1.0,-258.825,-1.0,258.825
20170523,@CDM7,-1.0,-0.000607615446935,74015.0,currency,1495572194,1.0,-0.0,0.0,0.0,-0.0,1.0,-0.0,-1,0.0,1.0,-0.0,-1.0,0.0,0.0,-0.0,-1.0,0.0,1.0,-0.0,-1.0,0.0,1.0,-0.0,-1,0.0,-1,0.0,-1,0.0,-1,0.0,-1.0,0.0,1.0,-0.0,0.0,-0.0,1.0,-0.0,-1.0,0.0,0,-0.0,-1.0,0.0,-1.0,0.0,-1,0.0,-1,0.0,1.0,-0.0,-1.0,0.0,1.0,-0.0,1.0,-0.0,-1.0,0.0,0.0,-0.0,0.0,-0.0,1.0,-0.0,-1,0.0,1.0,-0.0,-1,0.0,1.0,-0.0,-1.0,0.0,-1.0,0.0,-1.0,0.0,1.0,-0.0,0.0,-0.0,0.0,-0.0,-1.0,0.0,-1.0,0.0,1.0,-0.0,1.0,-0.0,-1,0.0,1,-0.0,1.0,-0.0,1.0,-0.0,-1.0,0.0,0.0,-0.0,1.0,-0.0,-1.0,0.0,-1.0,0.0,1.0,-0.0,-1.0,0.0,1,-0.0,0,-0.0,-1.0,0.0,0,-0.0,-1.0,0.0,1.0,-0.0,-1,0.0,1.0,-0.0,0.0,-0.0,1,-0.0,1,-0.0,-1.0,0.0,-1.0,0.0,1.0,-0.0,1.0,-0.0,1.0,-0.0,1.0,-0.0,1.0,-0.0,-1,0.0,0,-0.0,1,-0.0,1,-0.0,-1,0.0,1.0,-0.0,-1.0,0.0,1,-0.0,1,-0.0,1.0,-0.0,0.0,-0.0,1.0,-0.0,-1.0,0.0
20170523,QCLN7,1.0,0.00586739683161,51430.0,energy,1495572194,1.0,301.760219049,301.760219049,0.0,0.0,1.0,301.760219049,-1,-301.760219049,-1.0,-301.760219049,-1.0,-301.760219049,0.0,0.0,-1.0,-301.760219049,1.0,301.760219049,-1.0,-301.760219049,1.0,301.760219049,-1,-301.760219049,-1,-301.760219049,-1,-301.760219049,-1,-301.760219049,-1.0,-301.760219049,-1.0,-301.760219049,-1.0,-301.760219049,-1.0,-301.760219049,1.0,301.760219049,0,0.0,-1.0,-301.760219049,-1.0,-301.760219049,-1,-301.760219049,0,0.0,1.0,301.760219049,1.0,301.760219049,1.0,301.760219049,1.0,301.760219049,-1.0,-301.760219049,0.0,0.0,0.0,0.0,1.0,301.760219049,-1,-301.760219049,1.0,301.760219049,1,301.760219049,1.0,301.760219049,0.0,0.0,-1.0,-301.760219049,1.0,301.760219049,1.0,301.760219049,1.0,301.760219049,-1.0,-301.760219049,1.0,301.760219049,-1.0,-301.760219049,-1.0,-301.760219049,1.0,301.760219049,-1,-301.760219049,1,301.760219049,0.0,0.0,1.0,301.760219049,-1.0,-301.760219049,1.0,301.760219049,1.0,301.760219049,-1.0,-301.760219049,-1.0,-301.760219049,1.0,301.760219049,-1.0,-301.760219049,1,301.760219049,0,0.0,-1.0,-301.760219049,0,0.0,-1.0,-301.760219049,1.0,301.760219049,-1,-301.760219049,1.0,301.760219049,0.0,0.0,1,301.760219049,0,0.0,-1.0,-301.760219049,-1.0,-301.760219049,1.0,301.760219049,1.0,301.760219049,1.0,301.760219049,-1.0,-301.760219049,1.0,301.760219049,-1,-301.760219049,0,0.0,1,301.760219049,1,301.760219049,-1,-301.760219049,1.0,301.760219049,-1.0,-301.760219049,1,301.760219049,1,301.760219049,1.0,301.760219049,0.0,0.0,1.0,301.760219049,-1.0,-301.760219049
20170523,@EUM7,-1.0,-0.00493289485379,139943.75,currency,1495572194,1.0,-690.327804195,690.327804195,0.0,-0.0,-1.0,690.327804195,-1,690.327804195,-1.0,690.327804195,-1.0,690.327804195,1.0,-690.327804195,1.0,-690.327804195,1.0,-690.327804195,-1.0,690.327804195,1.0,-690.327804195,-1,690.327804195,-1,690.327804195,-1,690.327804195,0,-0.0,-1.0,690.327804195,-1.0,690.327804195,-1.0,690.327804195,-1.0,690.327804195,1.0,-690.327804195,0,-0.0,-1.0,690.327804195,1.0,-690.327804195,-1,690.327804195,0,-0.0,1.0,-690.327804195,1.0,-690.327804195,1.0,-690.327804195,1.0,-690.327804195,-1.0,690.327804195,0.0,-0.0,0.0,-0.0,1.0,-690.327804195,-1,690.327804195,1.0,-690.327804195,1,-690.327804195,1.0,-690.327804195,0.0,-0.0,-1.0,690.327804195,1.0,-690.327804195,1.0,-690.327804195,1.0,-690.327804195,-1.0,690.327804195,1.0,-690.327804195,-1.0,690.327804195,-1.0,690.327804195,1.0,-690.327804195,-1,690.327804195,1,-690.327804195,0.0,-0.0,1.0,-690.327804195,-1.0,690.327804195,1.0,-690.327804195,1.0,-690.327804195,-1.0,690.327804195,-1.0,690.327804195,-1.0,690.327804195,-1.0,690.327804195,1,-690.327804195,0,-0.0,-1.0,690.327804195,0,-0.0,-1.0,690.327804195,1.0,-690.327804195,1,-690.327804195,1.0,-690.327804195,0.0,-0.0,1,-690.327804195,0,-0.0,-1.0,690.327804195,-1.0,690.327804195,1.0,-690.327804195,1.0,-690.327804195,1.0,-690.327804195,-1.0,690.327804195,1.0,-690.327804195,-1,690.327804195,0,-0.0,0,-0.0,1,-690.327804195,-1,690.327804195,1.0,-690.327804195,-1.0,690.327804195,1,-690.327804195,1,-690.327804195,1.0,-690.327804195,-1.0,690.327804195,-1.0,690.327804195,-1.0,690.327804195
20170523,@PXM7,1.0,0.00187582067154,26705.0,currency,1495572194,1.0,0.0,0.0,0.0,0.0,1.0,0.0,-1,-0.0,1.0,0.0,-1.0,-0.0,0.0,0.0,1.0,0.0,-1.0,-0.0,1.0,0.0,-1.0,-0.0,-1,-0.0,-1,-0.0,-1,-0.0,-1,-0.0,1.0,0.0,1.0,0.0,0.0,0.0,-1.0,-0.0,1.0,0.0,0,0.0,-1.0,-0.0,-1.0,-0.0,-1,-0.0,-1,-0.0,1.0,0.0,-1.0,-0.0,1.0,0.0,1.0,0.0,1.0,0.0,0.0,0.0,0.0,0.0,-1.0,-0.0,-1,-0.0,1.0,0.0,-1,-0.0,-1.0,-0.0,-1.0,-0.0,-1.0,-0.0,-1.0,-0.0,-1.0,-0.0,0.0,0.0,0.0,0.0,1.0,0.0,1.0,0.0,-1.0,-0.0,1.0,0.0,-1,-0.0,1,0.0,1.0,0.0,1.0,0.0,1.0,0.0,0.0,0.0,-1.0,-0.0,-1.0,-0.0,-1.0,-0.0,1.0,0.0,1.0,0.0,-1,-0.0,0,0.0,-1.0,-0.0,0,0.0,-1.0,-0.0,-1.0,-0.0,-1,-0.0,1.0,0.0,0.0,0.0,1,0.0,1,0.0,-1.0,-0.0,-1.0,-0.0,1.0,0.0,1.0,0.0,1.0,0.0,1.0,0.0,-1.0,-0.0,1,0.0,0,0.0,1,0.0,1,0.0,1,0.0,-1.0,-0.0,1.0,0.0,1,0.0,1,0.0,1.0,0.0,0.0,0.0,-1.0,-0.0,1.0,0.0
20170523,@ESM7,1.0,0.00177619893428,119850.0,index,1495572194,1.0,212.877442274,212.877442274,0.0,0.0,1.0,212.877442274,-1,-212.877442274,1.0,212.877442274,-1.0,-212.877442274,0.0,0.0,-1.0,-212.877442274,1.0,212.877442274,-1.0,-212.877442274,1.0,212.877442274,-1,-212.877442274,-1,-212.877442274,-1,-212.877442274,-1,-212.877442274,-1.0,-212.877442274,1.0,212.877442274,0.0,0.0,1.0,212.877442274,-1.0,-212.877442274,1,177.619893428,-1.0,-212.877442274,-1.0,-212.877442274,-1,-212.877442274,-1,-212.877442274,1.0,212.877442274,-1.0,-212.877442274,1.0,212.877442274,1.0,212.877442274,-1.0,-212.877442274,0.0,0.0,0.0,0.0,1.0,212.877442274,-1,-212.877442274,1.0,212.877442274,-1,-212.877442274,1.0,212.877442274,-1.0,-212.877442274,-1.0,-212.877442274,-1.0,-212.877442274,1.0,212.877442274,0.0,0.0,0.0,0.0,-1.0,-212.877442274,-1.0,-212.877442274,1.0,212.877442274,1.0,212.877442274,-1,-212.877442274,1,212.877442274,1.0,212.877442274,1.0,212.877442274,-1.0,-212.877442274,0.0,0.0,1.0,212.877442274,-1.0,-212.877442274,-1.0,-212.877442274,1.0,212.877442274,-1.0,-212.877442274,1,212.877442274,0,0.0,-1.0,-212.877442274,0,0.0,-1.0,-212.877442274,1.0,212.877442274,-1,-212.877442274,1.0,212.877442274,0.0,0.0,1,212.877442274,1,212.877442274,-1.0,-212.877442274,-1.0,-212.877442274,1.0,212.877442274,1.0,212.877442274,1.0,212.877442274,1.0,212.877442274,1.0,212.877442274,-1,-212.877442274,0,0.0,1,212.877442274,1,212.877442274,-1,-212.877442274,1.0,212.877442274,-1.0,-212.877442274,1,212.877442274,1,212.877442274,1.0,212.877442274,0.0,0.0,1.0,212.877442274,-1.0,-212.877442274
20170523,@GFQ7,-1.0,-0.00670921289478,75875.0,meat,1495562341,1.0,-0.0,0.0,0.0,-0.0,-1.0,0.0,-1,0.0,-1.0,0.0,-1.0,0.0,1.0,-0.0,1.0,-0.0,1.0,-0.0,-1.0,0.0,1.0,-0.0,-1,0.0,-1,0.0,-1,0.0,0,-0.0,-1.0,0.0,-1.0,0.0,-1.0,0.0,-1.0,0.0,1.0,-0.0,0,-0.0,-1.0,0.0,1.0,-0.0,-1,0.0,0,-0.0,1.0,-0.0,1.0,-0.0,1.0,-0.0,1.0,-0.0,-1.0,0.0,0.0,-0.0,0.0,-0.0,1.0,-0.0,1,-0.0,1.0,-0.0,1,-0.0,1.0,-0.0,0.0,-0.0,-1.0,0.0,1.0,-0.0,1.0,-0.0,1.0,-0.0,-1.0,0.0,1.0,-0.0,-1.0,0.0,-1.0,0.0,-1.0,0.0,-1,0.0,-1,0.0,0.0,-0.0,1.0,-0.0,-1.0,0.0,1.0,-0.0,1.0,-0.0,1.0,-0.0,0.0,-0.0,-1.0,0.0,1.0,-0.0,1,-0.0,1,-0.0,-1.0,0.0,0,-0.0,-1.0,0.0,1.0,-0.0,1,-0.0,1.0,-0.0,0.0,-0.0,1,-0.0,0,-0.0,-1.0,0.0,1.0,-0.0,1.0,-0.0,-1.0,0.0,0.0,-0.0,-1.0,0.0,-1.0,0.0,-1,0.0,-1,0.0,0,-0.0,1,-0.0,-1,0.0,1.0,-0.0,-1.0,0.0,1,-0.0,1,-0.0,1.0,-0.0,-1.0,0.0,-1.0,0.0,-1.0,0.0
20170523,@FVM7,-1.0,-0.00138303477345,118460.9375,rates,1495572194,1.0,-0.0,0.0,0.0,-0.0,-1.0,0.0,1,-0.0,-1.0,0.0,1.0,-0.0,0.0,-0.0,1.0,-0.0,-1.0,0.0,1.0,-0.0,-1.0,0.0,1,-0.0,1,-0.0,1,-0.0,1,-0.0,1.0,-0.0,-1.0,0.0,0.0,-0.0,-1.0,0.0,1.0,-0.0,0,-0.0,1.0,-0.0,1.0,-0.0,1,-0.0,1,-0.0,-1.0,0.0,1.0,-0.0,-1.0,0.0,-1.0,0.0,1.0,-0.0,0.0,-0.0,0.0,-0.0,-1.0,0.0,-1,0.0,-1.0,0.0,1,-0.0,-1.0,0.0,1.0,-0.0,1.0,-0.0,1.0,-0.0,-1.0,0.0,0.0,-0.0,0.0,-0.0,1.0,-0.0,1.0,-0.0,-1.0,0.0,1.0,-0.0,1,-0.0,-1,0.0,-1.0,0.0,-1.0,0.0,1.0,-0.0,0.0,-0.0,-1.0,0.0,1.0,-0.0,1.0,-0.0,-1.0,0.0,1.0,-0.0,-1,0.0,0,-0.0,1.0,-0.0,0,-0.0,1.0,-0.0,-1.0,0.0,1,-0.0,-1.0,0.0,0.0,-0.0,-1,0.0,-1,0.0,1.0,-0.0,1.0,-0.0,-1.0,0.0,-1.0,0.0,-1.0,0.0,-1.0,0.0,-1.0,0.0,1,-0.0,0,-0.0,-1,0.0,-1,0.0,1,-0.0,-1.0,0.0,1.0,-0.0,-1,0.0,-1,0.0,-1.0,0.0,0.0,-0.0,-1.0,0.0,1.0,-0.0
20170523,QGCM7,-1.0,-0.00840336134454,125080.0,metal,1495572194,1.0,-0.0,0.0,1.0,-0.0,1.0,-0.0,-1,0.0,-1.0,0.0,1.0,-0.0,-1.0,0.0,-1.0,0.0,-1.0,0.0,-1.0,0.0,-1.0,0.0,0,-0.0,-1,0.0,1,-0.0,0,-0.0,-1.0,0.0,-1.0,0.0,0.0,-0.0,1.0,-0.0,-1.0,0.0,0,-0.0,-1.0,0.0,1.0,-0.0,1,-0.0,1,-0.0,0.0,-0.0,1.0,-0.0,1.0,-0.0,-1.0,0.0,1.0,-0.0,1.0,-0.0,-1.0,0.0,1.0,-0.0,-1,0.0,-1.0,0.0,1,-0.0,1.0,-0.0,1.0,-0.0,1.0,-0.0,1.0,-0.0,1.0,-0.0,0.0,-0.0,0.0,-0.0,-1.0,0.0,-1.0,0.0,1.0,-0.0,1.0,-0.0,-1,0.0,1,-0.0,-1.0,0.0,-1.0,0.0,-1.0,0.0,0.0,-0.0,1.0,-0.0,1.0,-0.0,0.0,-0.0,-1.0,0.0,-1.0,0.0,-1,0.0,-1,0.0,-1.0,0.0,0,-0.0,1.0,-0.0,-1.0,0.0,-1,0.0,1.0,-0.0,-1.0,0.0,-1,0.0,-1,0.0,0.0,-0.0,-1.0,0.0,1.0,-0.0,-1.0,0.0,0.0,-0.0,-1.0,0.0,1.0,-0.0,1,-0.0,1,-0.0,0,-0.0,1,-0.0,-1,0.0,1.0,-0.0,1.0,-0.0,0,-0.0,1,-0.0,-1.0,0.0,1.0,-0.0,1.0,-0.0,1.0,-0.0
20170523,QHGN7,1.0,0.00115584665768,64962.5,metal,1495572194,1.0,75.0866884993,75.0866884993,-1.0,-75.0866884993,-1.0,-75.0866884993,-1,-75.0866884993,1.0,75.0866884993,1.0,75.0866884993,1.0,75.0866884993,1.0,75.0866884993,1.0,75.0866884993,1.0,75.0866884993,1.0,75.0866884993,0,0.0,-1,-75.0866884993,-1,-75.0866884993,0,0.0,1.0,75.0866884993,1.0,75.0866884993,0.0,0.0,1.0,75.0866884993,-1.0,-75.0866884993,0,0.0,-1.0,-75.0866884993,1.0,75.0866884993,-1,-75.0866884993,-1,-75.0866884993,0.0,0.0,-1.0,-75.0866884993,1.0,75.0866884993,-1.0,-75.0866884993,-1.0,-75.0866884993,-1.0,-75.0866884993,1.0,75.0866884993,-1.0,-75.0866884993,-1,-75.0866884993,1.0,75.0866884993,-1,-75.0866884993,1.0,75.0866884993,-1.0,-75.0866884993,-1.0,-75.0866884993,-1.0,-75.0866884993,1.0,75.0866884993,0.0,0.0,0.0,0.0,-1.0,-75.0866884993,-1.0,-75.0866884993,1.0,75.0866884993,1.0,75.0866884993,1,75.0866884993,1,75.0866884993,1.0,75.0866884993,1.0,75.0866884993,-1.0,-75.0866884993,0.0,0.0,1.0,75.0866884993,-1.0,-75.0866884993,-1.0,-75.0866884993,-1.0,-75.0866884993,-1.0,-75.0866884993,1,75.0866884993,0,0.0,-1.0,-75.0866884993,0,0.0,1.0,75.0866884993,1.0,75.0866884993,1,75.0866884993,-1.0,-75.0866884993,1.0,75.0866884993,1,75.0866884993,1,75.0866884993,0.0,0.0,-1.0,-75.0866884993,1.0,75.0866884993,1.0,75.0866884993,1.0,75.0866884993,1.0,75.0866884993,1.0,75.0866884993,-1,-75.0866884993,0,0.0,0,0.0,1,75.0866884993,-1,-75.0866884993,-1.0,-75.0866884993,-1.0,-75.0866884993,0,0.0,1,75.0866884993,-1.0,-75.0866884993,-1.0,-75.0866884993,-1.0,-75.0866884993,-1.0,-75.0866884993
20170523,QHON7,1.0,0.00404178584753,67817.4,energy,1495572194,1.0,0.0,0.0,0.0,0.0,-1.0,-0.0,-1,-0.0,-1.0,-0.0,-1.0,-0.0,1.0,0.0,1.0,0.0,1.0,0.0,-1.0,-0.0,1.0,0.0,-1,-0.0,-1,-0.0,-1,-0.0,0,0.0,-1.0,-0.0,-1.0,-0.0,-1.0,-0.0,-1.0,-0.0,1.0,0.0,0,0.0,-1.0,-0.0,1.0,0.0,-1,-0.0,0,0.0,1.0,0.0,1.0,0.0,1.0,0.0,1.0,0.0,-1.0,-0.0,0.0,0.0,0.0,0.0,1.0,0.0,-1,-0.0,1.0,0.0,1,0.0,1.0,0.0,0.0,0.0,-1.0,-0.0,1.0,0.0,1.0,0.0,1.0,0.0,-1.0,-0.0,1.0,0.0,-1.0,-0.0,-1.0,-0.0,1.0,0.0,-1,-0.0,1,0.0,0.0,0.0,1.0,0.0,-1.0,-0.0,1.0,0.0,1.0,0.0,-1.0,-0.0,-1.0,-0.0,-1.0,-0.0,-1.0,-0.0,1,0.0,0,0.0,-1.0,-0.0,0,0.0,-1.0,-0.0,1.0,0.0,1,0.0,1.0,0.0,0.0,0.0,1,0.0,0,0.0,-1.0,-0.0,-1.0,-0.0,1.0,0.0,1.0,0.0,1.0,0.0,-1.0,-0.0,1.0,0.0,-1,-0.0,0,0.0,0,0.0,1,0.0,-1,-0.0,1.0,0.0,-1.0,-0.0,1,0.0,1,0.0,1.0,0.0,-1.0,-0.0,-1.0,-0.0,-1.0,-0.0
20170523,@EMDM7,1.0,0.00174520069808,172200.0,index,1495572194,1.0,300.523560209,300.523560209,-1.0,-300.523560209,-1.0,-300.523560209,-1,-300.523560209,-1.0,-300.523560209,1.0,300.523560209,1.0,300.523560209,1.0,300.523560209,1.0,300.523560209,1.0,300.523560209,1.0,300.523560209,0,0.0,-1,-300.523560209,-1,-300.523560209,0,0.0,1.0,300.523560209,-1.0,-300.523560209,-1.0,-300.523560209,-1.0,-300.523560209,1.0,300.523560209,0,0.0,-1.0,-300.523560209,1.0,300.523560209,-1,-300.523560209,0,0.0,0.0,0.0,1.0,300.523560209,1.0,300.523560209,-1.0,-300.523560209,-1.0,-300.523560209,-1.0,-300.523560209,1.0,300.523560209,-1.0,-300.523560209,-1,-300.523560209,1.0,300.523560209,1,300.523560209,1.0,300.523560209,0.0,0.0,-1.0,-300.523560209,1.0,300.523560209,1.0,300.523560209,1.0,300.523560209,-1.0,-300.523560209,1.0,300.523560209,-1.0,-300.523560209,-1.0,-300.523560209,1.0,300.523560209,1,300.523560209,1,300.523560209,0.0,0.0,1.0,300.523560209,-1.0,-300.523560209,1.0,300.523560209,1.0,300.523560209,-1.0,-300.523560209,-1.0,-300.523560209,-1.0,-300.523560209,-1.0,-300.523560209,1,300.523560209,0,0.0,-1.0,-300.523560209,0,0.0,1.0,300.523560209,1.0,300.523560209,1,300.523560209,-1.0,-300.523560209,1.0,300.523560209,1,300.523560209,0,0.0,0.0,0.0,-1.0,-300.523560209,1.0,300.523560209,1.0,300.523560209,1.0,300.523560209,-1.0,-300.523560209,1.0,300.523560209,-1,-300.523560209,0,0.0,0,0.0,1,300.523560209,-1,-300.523560209,-1.0,-300.523560209,-1.0,-300.523560209,0,0.0,1,300.523560209,-1.0,-300.523560209,-1.0,-300.523560209,-1.0,-300.523560209,-1.0,-300.523560209
20170523,@JYM7,-1.0,-0.00555432126194,111900.0,currency,1495572194,1.0,-621.528549211,621.528549211,1.0,-621.528549211,1.0,-621.528549211,-1,621.528549211,-1.0,621.528549211,1.0,-621.528549211,-1.0,621.528549211,-1.0,621.528549211,-1.0,621.528549211,-1.0,621.528549211,-1.0,621.528549211,0,-0.0,-1,621.528549211,1,-621.528549211,0,-0.0,-1.0,621.528549211,-1.0,621.528549211,0.0,-0.0,1.0,-621.528549211,-1.0,621.528549211,0,-0.0,1.0,-621.528549211,1.0,-621.528549211,1,-621.528549211,1,-621.528549211,0.0,-0.0,1.0,-621.528549211,1.0,-621.528549211,-1.0,621.528549211,1.0,-621.528549211,1.0,-621.528549211,-1.0,621.528549211,1.0,-621.528549211,-1,621.528549211,-1.0,621.528549211,1,-621.528549211,1.0,-621.528549211,1.0,-621.528549211,1.0,-621.528549211,1.0,-621.528549211,1.0,-621.528549211,0.0,-0.0,0.0,-0.0,-1.0,621.528549211,-1.0,621.528549211,1.0,-621.528549211,1.0,-621.528549211,-1,621.528549211,-1,621.528549211,-1.0,621.528549211,-1.0,621.528549211,-1.0,621.528549211,0.0,-0.0,1.0,-621.528549211,1.0,-621.528549211,1.0,-621.528549211,-1.0,621.528549211,-1.0,621.528549211,1,-621.528549211,0,-0.0,-1.0,621.528549211,0,-0.0,1.0,-621.528549211,-1.0,621.528549211,-1,621.528549211,1.0,-621.528549211,-1.0,621.528549211,-1,621.528549211,-1,621.528549211,0.0,-0.0,1.0,-621.528549211,-1.0,621.528549211,-1.0,621.528549211,-1.0,621.528549211,-1.0,621.528549211,1.0,-621.528549211,-1,621.528549211,0,-0.0,0,-0.0,1,-621.528549211,-1,621.528549211,1.0,-621.528549211,1.0,-621.528549211,0,-0.0,1,-621.528549211,-1.0,621.528549211,1.0,-621.528549211,1.0,-621.528549211,1.0,-621.528549211
20170524,@NKDM7,-1.0,-0.00252908447142,88169.5430564,index,1495658608,1.0,-0.0,0.0,-1.0,0.0,-1.0,0.0,-1,0.0,-1.0,0.0,1.0,-0.0,1.0,-0.0,1.0,-0.0,1.0,-0.0,1.0,-0.0,1.0,-0.0,0,-0.0,-1,0.0,-1,0.0,0,-0.0,1.0,-0.0,-1.0,0.0,-1.0,0.0,-1.0,0.0,1.0,-0.0,0,-0.0,-1.0,0.0,1.0,-0.0,-1,0.0,0,-0.0,0.0,-0.0,1.0,-0.0,1.0,-0.0,-1.0,0.0,-1.0,0.0,-1.0,0.0,1.0,-0.0,-1.0,0.0,1,-0.0,1.0,-0.0,1,-0.0,1.0,-0.0,0.0,-0.0,-1.0,0.0,1.0,-0.0,1.0,-0.0,1.0,-0.0,-1.0,0.0,1.0,-0.0,-1.0,0.0,-1.0,0.0,-1.0,0.0,1,-0.0,1,-0.0,0.0,-0.0,1.0,-0.0,-1.0,0.0,1.0,-0.0,1.0,-0.0,-1.0,0.0,-1.0,0.0,-1.0,0.0,-1.0,0.0,1,-0.0,0,-0.0,-1.0,0.0,0,-0.0,1.0,-0.0,1.0,-0.0,1,-0.0,-1.0,0.0,1.0,-0.0,1,-0.0,0,-0.0,0.0,-0.0,-1.0,0.0,1.0,-0.0,1.0,-0.0,1.0,-0.0,-1.0,0.0,1.0,-0.0,-1,0.0,0,-0.0,0,-0.0,1,-0.0,-1,0.0,-1.0,0.0,-1.0,0.0,0,-0.0,1,-0.0,-1.0,0.0,-1.0,0.0,-1.0,0.0,-1.0,0.0
20170524,@NQM7,1.0,0.00345793574368,114625.0,index,1495658608,1.0,0.0,0.0,0.0,0.0,1.0,0.0,-1,-0.0,1.0,0.0,-1.0,-0.0,0.0,0.0,-1.0,-0.0,1.0,0.0,-1.0,-0.0,1.0,0.0,-1,-0.0,-1,-0.0,-1,-0.0,-1,-0.0,-1.0,-0.0,1.0,0.0,0.0,0.0,1.0,0.0,-1.0,-0.0,0,0.0,-1.0,-0.0,-1.0,-0.0,-1,-0.0,-1,-0.0,1.0,0.0,-1.0,-0.0,1.0,0.0,1.0,0.0,-1.0,-0.0,0.0,0.0,0.0,0.0,1.0,0.0,-1,-0.0,1.0,0.0,-1,-0.0,1.0,0.0,-1.0,-0.0,-1.0,-0.0,-1.0,-0.0,1.0,0.0,0.0,0.0,0.0,0.0,-1.0,-0.0,-1.0,-0.0,1.0,0.0,1.0,0.0,-1,-0.0,-1,-0.0,1.0,0.0,1.0,0.0,-1.0,-0.0,0.0,0.0,1.0,0.0,1.0,0.0,0.0,0.0,1.0,0.0,1.0,0.0,1,0.0,1,0.0,-1.0,-0.0,0,0.0,-1.0,-0.0,1.0,0.0,-1,-0.0,1.0,0.0,0.0,0.0,1,0.0,1,0.0,-1.0,-0.0,1.0,0.0,1.0,0.0,-1.0,-0.0,0.0,0.0,1.0,0.0,-1.0,-0.0,-1,-0.0,-1,-0.0,1,0.0,1,0.0,-1,-0.0,1.0,0.0,-1.0,-0.0,1,0.0,1,0.0,1.0,0.0,0.0,0.0,1.0,0.0,-1.0,-0.0
20170524,QPLN7,1.0,0.000737307773331,47505.0,metal,1495658608,1.0,0.0,0.0,0.0,0.0,-1.0,-0.0,1,0.0,-1.0,-0.0,1.0,0.0,0.0,0.0,1.0,0.0,-1.0,-0.0,1.0,0.0,-1.0,-0.0,1,0.0,1,0.0,1,0.0,1,0.0,1.0,0.0,-1.0,-0.0,0.0,0.0,-1.0,-0.0,1.0,0.0,0,0.0,1.0,0.0,1.0,0.0,1,0.0,1,0.0,-1.0,-0.0,1.0,0.0,-1.0,-0.0,-1.0,-0.0,1.0,0.0,0.0,0.0,0.0,0.0,-1.0,-0.0,-1,-0.0,-1.0,-0.0,1,0.0,-1.0,-0.0,1.0,0.0,1.0,0.0,1.0,0.0,-1.0,-0.0,0.0,0.0,0.0,0.0,1.0,0.0,1.0,0.0,-1.0,-0.0,1.0,0.0,1,0.0,1,0.0,-1.0,-0.0,-1.0,-0.0,1.0,0.0,0.0,0.0,-1.0,-0.0,-1.0,-0.0,0.0,0.0,-1.0,-0.0,-1.0,-0.0,-1,-0.0,-1,-0.0,1.0,0.0,0,0.0,1.0,0.0,-1.0,-0.0,1,0.0,-1.0,-0.0,0.0,0.0,-1,-0.0,-1,-0.0,1.0,0.0,-1.0,-0.0,-1.0,-0.0,1.0,0.0,0.0,0.0,-1.0,-0.0,1.0,0.0,1,0.0,1,0.0,-1,-0.0,-1,-0.0,1,0.0,-1.0,-0.0,1.0,0.0,-1,-0.0,-1,-0.0,-1.0,-0.0,0.0,0.0,-1.0,-0.0,1.0,0.0
20170524,QRBN7,-1.0,-0.00513285024155,69195.0,energy,1495658608,1.0,-0.0,0.0,0.0,-0.0,1.0,-0.0,-1,0.0,-1.0,0.0,-1.0,0.0,0.0,-0.0,1.0,-0.0,-1.0,0.0,1.0,-0.0,-1.0,0.0,-1,0.0,-1,0.0,-1,0.0,-1,0.0,1.0,-0.0,1.0,-0.0,-1.0,0.0,-1.0,0.0,1.0,-0.0,0,-0.0,-1.0,0.0,-1.0,0.0,1,-0.0,0,-0.0,1.0,-0.0,-1.0,0.0,1.0,-0.0,1.0,-0.0,1.0,-0.0,0.0,-0.0,0.0,-0.0,-1.0,0.0,-1,0.0,1.0,-0.0,1,-0.0,-1.0,0.0,0.0,-0.0,1.0,-0.0,-1.0,0.0,1.0,-0.0,1.0,-0.0,-1.0,0.0,1.0,-0.0,-1.0,0.0,-1.0,0.0,1.0,-0.0,-1,0.0,1,-0.0,0.0,-0.0,-1.0,0.0,-1.0,0.0,1.0,-0.0,1.0,-0.0,-1.0,0.0,-1.0,0.0,1.0,-0.0,1.0,-0.0,-1,0.0,0,-0.0,-1.0,0.0,0,-0.0,-1.0,0.0,-1.0,0.0,-1,0.0,1.0,-0.0,0.0,-0.0,-1,0.0,0,-0.0,-1.0,0.0,-1.0,0.0,1.0,-0.0,1.0,-0.0,1.0,-0.0,1.0,-0.0,-1.0,0.0,1,-0.0,0,-0.0,1,-0.0,1,-0.0,1,-0.0,-1.0,0.0,1.0,-0.0,1,-0.0,1,-0.0,1.0,-0.0,0.0,-0.0,-1.0,0.0,1.0,-0.0
20170524,@SN7,-1.0,-0.000790930661745,47375.0,grain,1495649904,1.0,-0.0,0.0,-1.0,0.0,-1.0,0.0,1,-0.0,1.0,-0.0,-1.0,0.0,1.0,-0.0,1.0,-0.0,1.0,-0.0,1.0,-0.0,1.0,-0.0,0,-0.0,1,-0.0,-1,0.0,0,-0.0,1.0,-0.0,1.0,-0.0,0.0,-0.0,-1.0,0.0,1.0,-0.0,0,-0.0,-1.0,0.0,-1.0,0.0,-1,0.0,-1,0.0,0.0,-0.0,-1.0,0.0,-1.0,0.0,1.0,-0.0,-1.0,0.0,-1.0,0.0,1.0,-0.0,-1.0,0.0,1,-0.0,1.0,-0.0,-1,0.0,-1.0,0.0,-1.0,0.0,-1.0,0.0,-1.0,0.0,-1.0,0.0,0.0,-0.0,0.0,-0.0,1.0,-0.0,1.0,-0.0,-1.0,0.0,-1.0,0.0,1,-0.0,1,-0.0,1.0,-0.0,1.0,-0.0,1.0,-0.0,0.0,-0.0,-1.0,0.0,-1.0,0.0,-1.0,0.0,1.0,-0.0,1.0,-0.0,-1,0.0,0,-0.0,1.0,-0.0,0,-0.0,-1.0,0.0,1.0,-0.0,1,-0.0,-1.0,0.0,1.0,-0.0,1,-0.0,1,-0.0,0.0,-0.0,-1.0,0.0,1.0,-0.0,1.0,-0.0,1.0,-0.0,1.0,-0.0,-1.0,0.0,1,-0.0,0,-0.0,0,-0.0,-1,0.0,1,-0.0,-1.0,0.0,-1.0,0.0,0,-0.0,-1,0.0,1.0,-0.0,-1.0,0.0,-1.0,0.0,-1.0,0.0
20170524,@SFM7,1.0,0.0020451889365,128612.5,currency,1495658608,1.0,0.0,0.0,0.0,0.0,1.0,0.0,-1,-0.0,-1.0,-0.0,-1.0,-0.0,0.0,0.0,1.0,0.0,-1.0,-0.0,1.0,0.0,-1.0,-0.0,-1,-0.0,-1,-0.0,-1,-0.0,-1,-0.0,1.0,0.0,1.0,0.0,-1.0,-0.0,-1.0,-0.0,1.0,0.0,0,0.0,1.0,0.0,-1.0,-0.0,1,0.0,0,0.0,1.0,0.0,-1.0,-0.0,1.0,0.0,1.0,0.0,1.0,0.0,0.0,0.0,0.0,0.0,-1.0,-0.0,-1,-0.0,1.0,0.0,1,0.0,-1.0,-0.0,0.0,0.0,1.0,0.0,-1.0,-0.0,1.0,0.0,1.0,0.0,-1.0,-0.0,1.0,0.0,-1.0,-0.0,-1.0,-0.0,1.0,0.0,-1,-0.0,-1,-0.0,0.0,0.0,-1.0,-0.0,-1.0,-0.0,1.0,0.0,1.0,0.0,-1.0,-0.0,0.0,0.0,1.0,0.0,1.0,0.0,1,0.0,1,0.0,-1.0,-0.0,0,0.0,-1.0,-0.0,-1.0,-0.0,-1,-0.0,1.0,0.0,0.0,0.0,-1,-0.0,0,0.0,-1.0,-0.0,1.0,0.0,-1.0,-0.0,1.0,0.0,0.0,0.0,1.0,0.0,-1.0,-0.0,-1,-0.0,-1,-0.0,1,0.0,1,0.0,1,0.0,-1.0,-0.0,1.0,0.0,1,0.0,1,0.0,1.0,0.0,0.0,0.0,-1.0,-0.0,1.0,0.0
20170524,@TYM7,1.0,0.00260707635009,126187.5,rates,1495658608,1.0,328.980446927,328.980446927,1.0,328.980446927,1.0,328.980446927,1,328.980446927,1.0,328.980446927,-1.0,-328.980446927,-1.0,-328.980446927,-1.0,-328.980446927,-1.0,-328.980446927,-1.0,-328.980446927,-1.0,-328.980446927,0,0.0,1,328.980446927,1,328.980446927,0,0.0,-1.0,-328.980446927,1.0,328.980446927,1.0,328.980446927,1.0,328.980446927,-1.0,-328.980446927,0,0.0,1.0,328.980446927,-1.0,-328.980446927,1,328.980446927,0,0.0,0.0,0.0,-1.0,-328.980446927,-1.0,-328.980446927,1.0,328.980446927,1.0,328.980446927,1.0,328.980446927,-1.0,-328.980446927,1.0,328.980446927,-1,-328.980446927,-1.0,-328.980446927,-1,-328.980446927,-1.0,-328.980446927,0.0,0.0,1.0,328.980446927,-1.0,-328.980446927,-1.0,-328.980446927,-1.0,-328.980446927,1.0,328.980446927,-1.0,-328.980446927,1.0,328.980446927,1.0,328.980446927,1.0,328.980446927,-1,-328.980446927,-1,-328.980446927,0.0,0.0,-1.0,-328.980446927,1.0,328.980446927,-1.0,-328.980446927,-1.0,-328.980446927,1.0,328.980446927,1.0,328.980446927,1.0,328.980446927,1.0,328.980446927,-1,-328.980446927,0,0.0,1.0,328.980446927,0,0.0,-1.0,-328.980446927,-1.0,-328.980446927,-1,-328.980446927,1.0,328.980446927,-1.0,-328.980446927,-1,-328.980446927,0,0.0,0.0,0.0,1.0,328.980446927,-1.0,-328.980446927,-1.0,-328.980446927,-1.0,-328.980446927,1.0,328.980446927,-1.0,-328.980446927,1,328.980446927,0,0.0,0,0.0,-1,-328.980446927,1,328.980446927,1.0,328.980446927,1.0,328.980446927,0,0.0,-1,-328.980446927,1.0,328.980446927,1.0,328.980446927,1.0,328.980446927,1.0,328.980446927
20170524,@SMN7,-1.0,-0.000326477309827,30620.0,grain,1495649904,1.0,-9.9967352269,9.9967352269,0.0,-0.0,1.0,-9.9967352269,-1,9.9967352269,1.0,-9.9967352269,-1.0,9.9967352269,0.0,-0.0,1.0,-9.9967352269,-1.0,9.9967352269,1.0,-9.9967352269,-1.0,9.9967352269,-1,9.9967352269,-1,9.9967352269,-1,9.9967352269,-1,9.9967352269,1.0,-9.9967352269,1.0,-9.9967352269,0.0,-0.0,-1.0,9.9967352269,1.0,-9.9967352269,0,-0.0,-1.0,9.9967352269,-1.0,9.9967352269,-1,9.9967352269,-1,9.9967352269,1.0,-9.9967352269,-1.0,9.9967352269,1.0,-9.9967352269,1.0,-9.9967352269,1.0,-9.9967352269,0.0,-0.0,0.0,-0.0,-1.0,9.9967352269,1,-9.9967352269,1.0,-9.9967352269,-1,9.9967352269,-1.0,9.9967352269,-1.0,9.9967352269,-1.0,9.9967352269,-1.0,9.9967352269,-1.0,9.9967352269,0.0,-0.0,0.0,-0.0,1.0,-9.9967352269,1.0,-9.9967352269,-1.0,9.9967352269,-1.0,9.9967352269,-1,9.9967352269,1,-9.9967352269,1.0,-9.9967352269,1.0,-9.9967352269,1.0,-9.9967352269,0.0,-0.0,-1.0,9.9967352269,-1.0,9.9967352269,-1.0,9.9967352269,1.0,-9.9967352269,1.0,-9.9967352269,-1,9.9967352269,0,-0.0,-1.0,9.9967352269,0,-0.0,-1.0,9.9967352269,-1.0,9.9967352269,-1,9.9967352269,1.0,-9.9967352269,0.0,-0.0,1,-9.9967352269,1,-9.9967352269,-1.0,9.9967352269,-1.0,9.9967352269,1.0,-9.9967352269,1.0,-9.9967352269,1.0,-9.9967352269,1.0,-9.9967352269,-1.0,9.9967352269,1,-9.9967352269,0,-0.0,1,-9.9967352269,1,-9.9967352269,1,-9.9967352269,-1.0,9.9967352269,1.0,-9.9967352269,1,-9.9967352269,1,-9.9967352269,1.0,-9.9967352269,0.0,-0.0,-1.0,9.9967352269,1.0,-9.9967352269
20170524,@TUM7,1.0,0.000649350649351,216703.125,rates,1495658608,2.0,281.43262987,281.43262987,1.0,281.43262987,1.0,281.43262987,1,281.43262987,-1.0,-281.43262987,-1.0,-281.43262987,-1.0,-281.43262987,-1.0,-281.43262987,-1.0,-281.43262987,-1.0,-281.43262987,-1.0,-281.43262987,0,0.0,1,281.43262987,1,281.43262987,0,0.0,-1.0,-281.43262987,-1.0,-281.43262987,0.0,0.0,-1.0,-281.43262987,1.0,281.43262987,0,0.0,1.0,281.43262987,-1.0,-281.43262987,1,281.43262987,1,281.43262987,0.0,0.0,1.0,281.43262987,-1.0,-281.43262987,1.0,281.43262987,1.0,281.43262987,1.0,281.43262987,-1.0,-281.43262987,1.0,281.43262987,-1,-281.43262987,-1.0,-281.43262987,1,281.43262987,-1.0,-281.43262987,1.0,281.43262987,1.0,281.43262987,1.0,281.43262987,-1.0,-281.43262987,0.0,0.0,0.0,0.0,1.0,281.43262987,1.0,281.43262987,-1.0,-281.43262987,1.0,281.43262987,-1,-281.43262987,-1,-281.43262987,-1.0,-281.43262987,-1.0,-281.43262987,1.0,281.43262987,0.0,0.0,-1.0,-281.43262987,1.0,281.43262987,1.0,281.43262987,1.0,281.43262987,1.0,281.43262987,-1,-281.43262987,0,0.0,1.0,281.43262987,0,0.0,-1.0,-281.43262987,-1.0,-281.43262987,-1,-281.43262987,1.0,281.43262987,-1.0,-281.43262987,-1,-281.43262987,-1,-281.43262987,0.0,0.0,1.0,281.43262987,-1.0,-281.43262987,-1.0,-281.43262987,-1.0,-281.43262987,-1.0,-281.43262987,-1.0,-281.43262987,1,281.43262987,0,0.0,0,0.0,-1,-281.43262987,1,281.43262987,1.0,281.43262987,1.0,281.43262987,0,0.0,-1,-281.43262987,1.0,281.43262987,1.0,281.43262987,1.0,281.43262987,1.0,281.43262987
20170524,QNGN7,-1.0,-0.0054347826087,32940.0,energy,1495658608,1.0,-179.02173913,179.02173913,-1.0,179.02173913,1.0,-179.02173913,-1,179.02173913,1.0,-179.02173913,-1.0,179.02173913,0.0,-0.0,1.0,-179.02173913,-1.0,179.02173913,1.0,-179.02173913,1.0,-179.02173913,0,-0.0,1,-179.02173913,-1,179.02173913,-1,179.02173913,1.0,-179.02173913,1.0,-179.02173913,0.0,-0.0,-1.0,179.02173913,1.0,-179.02173913,0,-0.0,1.0,-179.02173913,-1.0,179.02173913,-1,179.02173913,-1,179.02173913,0.0,-0.0,-1.0,179.02173913,-1.0,179.02173913,1.0,-179.02173913,-1.0,179.02173913,-1.0,179.02173913,1.0,-179.02173913,-1.0,179.02173913,-1,179.02173913,1.0,-179.02173913,-1,179.02173913,-1.0,179.02173913,-1.0,179.02173913,-1.0,179.02173913,-1.0,179.02173913,-1.0,179.02173913,0.0,-0.0,0.0,-0.0,1.0,-179.02173913,1.0,-179.02173913,-1.0,179.02173913,1.0,-179.02173913,1,-179.02173913,-1,179.02173913,1.0,-179.02173913,1.0,-179.02173913,1.0,-179.02173913,0.0,-0.0,-1.0,179.02173913,-1.0,179.02173913,0.0,-0.0,1.0,-179.02173913,1.0,-179.02173913,1,-179.02173913,1,-179.02173913,1.0,-179.02173913,0,-0.0,-1.0,179.02173913,1.0,-179.02173913,-1,179.02173913,-1.0,179.02173913,1.0,-179.02173913,1,-179.02173913,1,-179.02173913,0.0,-0.0,1.0,-179.02173913,-1.0,179.02173913,1.0,-179.02173913,0.0,-0.0,1.0,-179.02173913,-1.0,179.02173913,-1,179.02173913,-1,179.02173913,1,-179.02173913,1,-179.02173913,1,-179.02173913,-1.0,179.02173913,-1.0,179.02173913,0,-0.0,-1,179.02173913,1.0,-179.02173913,0.0,-0.0,-1.0,179.02173913,1.0,-179.02173913
20170524,@USM7,1.0,0.00387359836901,153875.0,rates,1495658608,1.0,0.0,0.0,1.0,0.0,1.0,0.0,1,0.0,-1.0,-0.0,-1.0,-0.0,-1.0,-0.0,-1.0,-0.0,-1.0,-0.0,-1.0,-0.0,-1.0,-0.0,0,0.0,1,0.0,1,0.0,0,0.0,-1.0,-0.0,-1.0,-0.0,0.0,0.0,-1.0,-0.0,1.0,0.0,0,0.0,1.0,0.0,-1.0,-0.0,1,0.0,1,0.0,0.0,0.0,1.0,0.0,-1.0,-0.0,1.0,0.0,1.0,0.0,1.0,0.0,-1.0,-0.0,1.0,0.0,-1,-0.0,-1.0,-0.0,1,0.0,-1.0,-0.0,1.0,0.0,1.0,0.0,1.0,0.0,-1.0,-0.0,0.0,0.0,0.0,0.0,1.0,0.0,1.0,0.0,-1.0,-0.0,1.0,0.0,-1,-0.0,-1,-0.0,-1.0,-0.0,-1.0,-0.0,1.0,0.0,0.0,0.0,-1.0,-0.0,1.0,0.0,1.0,0.0,1.0,0.0,1.0,0.0,-1,-0.0,0,0.0,1.0,0.0,0,0.0,-1.0,-0.0,-1.0,-0.0,-1,-0.0,1.0,0.0,-1.0,-0.0,-1,-0.0,-1,-0.0,0.0,0.0,1.0,0.0,-1.0,-0.0,-1.0,-0.0,-1.0,-0.0,-1.0,-0.0,-1.0,-0.0,1,0.0,0,0.0,0,0.0,-1,-0.0,1,0.0,1.0,0.0,1.0,0.0,0,0.0,-1,-0.0,1.0,0.0,1.0,0.0,1.0,0.0,1.0,0.0
20170524,@WN7,1.0,0.0058207217695,21600.0,grain,1495649904,1.0,125.727590221,125.727590221,-1.0,-125.727590221,1.0,125.727590221,-1,-125.727590221,1.0,125.727590221,-1.0,-125.727590221,0.0,0.0,1.0,125.727590221,-1.0,-125.727590221,1.0,125.727590221,1.0,125.727590221,0,0.0,1,125.727590221,-1,-125.727590221,-1,-125.727590221,1.0,125.727590221,1.0,125.727590221,0.0,0.0,-1.0,-125.727590221,1.0,125.727590221,0,0.0,-1.0,-125.727590221,-1.0,-125.727590221,-1,-125.727590221,-1,-125.727590221,0.0,0.0,-1.0,-125.727590221,-1.0,-125.727590221,1.0,125.727590221,-1.0,-125.727590221,-1.0,-125.727590221,1.0,125.727590221,-1.0,-125.727590221,-1,-125.727590221,1.0,125.727590221,-1,-125.727590221,-1.0,-125.727590221,-1.0,-125.727590221,-1.0,-125.727590221,-1.0,-125.727590221,-1.0,-125.727590221,0.0,0.0,0.0,0.0,1.0,125.727590221,1.0,125.727590221,-1.0,-125.727590221,1.0,125.727590221,1,125.727590221,1,125.727590221,1.0,125.727590221,1.0,125.727590221,1.0,125.727590221,0.0,0.0,-1.0,-125.727590221,-1.0,-125.727590221,-1.0,-125.727590221,1.0,125.727590221,1.0,125.727590221,-1,-125.727590221,0,0.0,1.0,125.727590221,0,0.0,-1.0,-125.727590221,1.0,125.727590221,-1,-125.727590221,-1.0,-125.727590221,1.0,125.727590221,1,125.727590221,1,125.727590221,0.0,0.0,-1.0,-125.727590221,1.0,125.727590221,1.0,125.727590221,1.0,125.727590221,1.0,125.727590221,-1.0,-125.727590221,1,125.727590221,0,0.0,1,125.727590221,1,125.727590221,1,125.727590221,-1.0,-125.727590221,-1.0,-125.727590221,0,0.0,-1,-125.727590221,1.0,125.727590221,0.0,0.0,-1.0,-125.727590221,1.0,125.727590221
20170524,@YMM7,1.0,0.0033468802295,104925.0,index,1495658608,1.0,0.0,0.0,-1.0,-0.0,-1.0,-0.0,-1,-0.0,1.0,0.0,1.0,0.0,1.0,0.0,1.0,0.0,1.0,0.0,1.0,0.0,1.0,0.0,0,0.0,-1,-0.0,-1,-0.0,0,0.0,1.0,0.0,1.0,0.0,0.0,0.0,1.0,0.0,-1.0,-0.0,0,0.0,-1.0,-0.0,1.0,0.0,-1,-0.0,-1,-0.0,0.0,0.0,-1.0,-0.0,1.0,0.0,-1.0,-0.0,-1.0,-0.0,-1.0,-0.0,1.0,0.0,-1.0,-0.0,-1,-0.0,1.0,0.0,-1,-0.0,1.0,0.0,-1.0,-0.0,-1.0,-0.0,-1.0,-0.0,1.0,0.0,0.0,0.0,0.0,0.0,-1.0,-0.0,-1.0,-0.0,1.0,0.0,1.0,0.0,1,0.0,1,0.0,1.0,0.0,1.0,0.0,-1.0,-0.0,0.0,0.0,1.0,0.0,-1.0,-0.0,-1.0,-0.0,-1.0,-0.0,-1.0,-0.0,1,0.0,0,0.0,-1.0,-0.0,0,0.0,1.0,0.0,1.0,0.0,1,0.0,-1.0,-0.0,1.0,0.0,1,0.0,1,0.0,0.0,0.0,-1.0,-0.0,1.0,0.0,1.0,0.0,1.0,0.0,1.0,0.0,1.0,0.0,-1,-0.0,0,0.0,0,0.0,1,0.0,-1,-0.0,-1.0,-0.0,-1.0,-0.0,0,0.0,1,0.0,-1.0,-0.0,-1.0,-0.0,-1.0,-0.0,-1.0,-0.0
20170524,QSIN7,1.0,0.00326740183208,85975.0,metal,1495658608,1.0,0.0,0.0,1.0,0.0,-1.0,-0.0,1,0.0,-1.0,-0.0,-1.0,-0.0,0.0,0.0,1.0,0.0,-1.0,-0.0,-1.0,-0.0,-1.0,-0.0,0,0.0,1,0.0,1,0.0,1,0.0,-1.0,-0.0,-1.0,-0.0,0.0,0.0,-1.0,-0.0,1.0,0.0,0,0.0,1.0,0.0,1.0,0.0,1,0.0,1,0.0,0.0,0.0,1.0,0.0,-1.0,-0.0,1.0,0.0,1.0,0.0,1.0,0.0,-1.0,-0.0,1.0,0.0,-1,-0.0,-1.0,-0.0,1,0.0,-1.0,-0.0,1.0,0.0,1.0,0.0,1.0,0.0,-1.0,-0.0,0.0,0.0,0.0,0.0,1.0,0.0,1.0,0.0,-1.0,-0.0,1.0,0.0,-1,-0.0,1,0.0,-1.0,-0.0,-1.0,-0.0,1.0,0.0,0.0,0.0,-1.0,-0.0,-1.0,-0.0,0.0,0.0,-1.0,-0.0,-1.0,-0.0,-1,-0.0,-1,-0.0,1.0,0.0,0,0.0,-1.0,-0.0,-1.0,-0.0,1,0.0,1.0,0.0,-1.0,-0.0,-1,-0.0,-1,-0.0,0.0,0.0,-1.0,-0.0,-1.0,-0.0,1.0,0.0,0.0,0.0,-1.0,-0.0,1.0,0.0,1,0.0,1,0.0,-1,-0.0,-1,-0.0,1,0.0,1.0,0.0,1.0,0.0,0,0.0,-1,-0.0,1.0,0.0,0.0,0.0,-1.0,-0.0,1.0,0.0
20170524,@NEM7,1.0,0.0058487874465,70510.0,currency,1495658608,1.0,0.0,0.0,0.0,0.0,-1.0,-0.0,-1,-0.0,-1.0,-0.0,-1.0,-0.0,1.0,0.0,1.0,0.0,1.0,0.0,-1.0,-0.0,1.0,0.0,-1,-0.0,-1,-0.0,-1,-0.0,0,0.0,-1.0,-0.0,-1.0,-0.0,-1.0,-0.0,-1.0,-0.0,1.0,0.0,0,0.0,-1.0,-0.0,1.0,0.0,-1,-0.0,0,0.0,1.0,0.0,1.0,0.0,1.0,0.0,1.0,0.0,-1.0,-0.0,0.0,0.0,0.0,0.0,1.0,0.0,-1,-0.0,1.0,0.0,1,0.0,1.0,0.0,0.0,0.0,-1.0,-0.0,1.0,0.0,1.0,0.0,1.0,0.0,-1.0,-0.0,1.0,0.0,-1.0,-0.0,-1.0,-0.0,1.0,0.0,-1,-0.0,1,0.0,0.0,0.0,1.0,0.0,-1.0,-0.0,1.0,0.0,1.0,0.0,-1.0,-0.0,-1.0,-0.0,-1.0,-0.0,-1.0,-0.0,1,0.0,0,0.0,-1.0,-0.0,0,0.0,-1.0,-0.0,1.0,0.0,1,0.0,1.0,0.0,0.0,0.0,1,0.0,0,0.0,-1.0,-0.0,-1.0,-0.0,1.0,0.0,1.0,0.0,1.0,0.0,-1.0,-0.0,1.0,0.0,-1,-0.0,0,0.0,0,0.0,1,0.0,-1,-0.0,1.0,0.0,-1.0,-0.0,1,0.0,1,0.0,1.0,0.0,-1.0,-0.0,-1.0,-0.0,-1.0,-0.0
20170524,QPAM7,-1.0,-0.0126238104486,76260.0,metal,1495658608,1.0,-0.0,0.0,0.0,-0.0,1.0,-0.0,-1,0.0,1.0,-0.0,-1.0,0.0,0.0,-0.0,-1.0,0.0,1.0,-0.0,-1.0,0.0,1.0,-0.0,-1,0.0,-1,0.0,-1,0.0,-1,0.0,-1.0,0.0,1.0,-0.0,0.0,-0.0,1.0,-0.0,-1.0,0.0,0,-0.0,-1.0,0.0,-1.0,0.0,-1,0.0,-1,0.0,1.0,-0.0,-1.0,0.0,1.0,-0.0,1.0,-0.0,-1.0,0.0,0.0,-0.0,0.0,-0.0,1.0,-0.0,-1,0.0,1.0,-0.0,-1,0.0,1.0,-0.0,-1.0,0.0,-1.0,0.0,-1.0,0.0,1.0,-0.0,0.0,-0.0,0.0,-0.0,-1.0,0.0,-1.0,0.0,1.0,-0.0,1.0,-0.0,-1,0.0,1,-0.0,1.0,-0.0,1.0,-0.0,-1.0,0.0,0.0,-0.0,1.0,-0.0,-1.0,0.0,-1.0,0.0,1.0,-0.0,-1.0,0.0,1,-0.0,0,-0.0,-1.0,0.0,0,-0.0,-1.0,0.0,1.0,-0.0,-1,0.0,1.0,-0.0,0.0,-0.0,1,-0.0,1,-0.0,-1.0,0.0,-1.0,0.0,1.0,-0.0,1.0,-0.0,1.0,-0.0,1.0,-0.0,1.0,-0.0,-1,0.0,0,-0.0,1,-0.0,1,-0.0,-1,0.0,1.0,-0.0,-1.0,0.0,1,-0.0,1,-0.0,1.0,-0.0,0.0,-0.0,1.0,-0.0,-1.0,0.0
20170524,@HEN7,-1.0,-0.00218681661981,31940.0,meat,1495648745,1.0,-0.0,0.0,-1.0,0.0,-1.0,0.0,-1,0.0,-1.0,0.0,1.0,-0.0,1.0,-0.0,1.0,-0.0,1.0,-0.0,1.0,-0.0,1.0,-0.0,0,-0.0,-1,0.0,-1,0.0,0,-0.0,1.0,-0.0,-1.0,0.0,-1.0,0.0,-1.0,0.0,1.0,-0.0,0,-0.0,-1.0,0.0,1.0,-0.0,-1,0.0,0,-0.0,0.0,-0.0,1.0,-0.0,1.0,-0.0,-1.0,0.0,-1.0,0.0,-1.0,0.0,1.0,-0.0,-1.0,0.0,1,-0.0,1.0,-0.0,1,-0.0,1.0,-0.0,0.0,-0.0,-1.0,0.0,1.0,-0.0,1.0,-0.0,1.0,-0.0,-1.0,0.0,1.0,-0.0,-1.0,0.0,-1.0,0.0,-1.0,0.0,1,-0.0,1,-0.0,0.0,-0.0,1.0,-0.0,-1.0,0.0,1.0,-0.0,1.0,-0.0,-1.0,0.0,-1.0,0.0,-1.0,0.0,-1.0,0.0,1,-0.0,0,-0.0,-1.0,0.0,0,-0.0,1.0,-0.0,1.0,-0.0,1,-0.0,-1.0,0.0,1.0,-0.0,1,-0.0,0,-0.0,0.0,-0.0,-1.0,0.0,1.0,-0.0,1.0,-0.0,1.0,-0.0,-1.0,0.0,1.0,-0.0,-1,0.0,0,-0.0,0,-0.0,1,-0.0,-1,0.0,-1.0,0.0,-1.0,0.0,0,-0.0,1,-0.0,-1.0,0.0,-1.0,0.0,-1.0,0.0,-1.0,0.0
20170524,@ADM7,1.0,0.0024064171123,74980.0,currency,1495658608,1.0,0.0,0.0,0.0,0.0,-1.0,-0.0,-1,-0.0,-1.0,-0.0,-1.0,-0.0,1.0,0.0,1.0,0.0,1.0,0.0,-1.0,-0.0,1.0,0.0,-1,-0.0,-1,-0.0,-1,-0.0,0,0.0,-1.0,-0.0,-1.0,-0.0,-1.0,-0.0,-1.0,-0.0,1.0,0.0,0,0.0,-1.0,-0.0,1.0,0.0,-1,-0.0,0,0.0,1.0,0.0,1.0,0.0,1.0,0.0,1.0,0.0,-1.0,-0.0,0.0,0.0,0.0,0.0,1.0,0.0,-1,-0.0,1.0,0.0,1,0.0,1.0,0.0,0.0,0.0,-1.0,-0.0,1.0,0.0,1.0,0.0,1.0,0.0,-1.0,-0.0,1.0,0.0,-1.0,-0.0,-1.0,-0.0,1.0,0.0,-1,-0.0,1,0.0,0.0,0.0,1.0,0.0,-1.0,-0.0,1.0,0.0,1.0,0.0,-1.0,-0.0,-1.0,-0.0,-1.0,-0.0,-1.0,-0.0,1,0.0,0,0.0,-1.0,-0.0,0,0.0,-1.0,-0.0,1.0,0.0,1,0.0,1.0,0.0,0.0,0.0,1,0.0,0,0.0,-1.0,-0.0,-1.0,-0.0,1.0,0.0,1.0,0.0,1.0,0.0,-1.0,-0.0,1.0,0.0,-1,-0.0,0,0.0,0,0.0,1,0.0,-1,-0.0,1.0,0.0,-1.0,-0.0,1,0.0,1,0.0,1.0,0.0,-1.0,-0.0,-1.0,-0.0,-1.0,-0.0
20170524,@PXM7,1.0,0.00992137776114,26975.0,currency,1495658608,1.0,0.0,0.0,0.0,0.0,1.0,0.0,-1,-0.0,1.0,0.0,-1.0,-0.0,0.0,0.0,-1.0,-0.0,1.0,0.0,-1.0,-0.0,1.0,0.0,-1,-0.0,-1,-0.0,-1,-0.0,-1,-0.0,-1.0,-0.0,1.0,0.0,0.0,0.0,1.0,0.0,-1.0,-0.0,0,0.0,-1.0,-0.0,-1.0,-0.0,-1,-0.0,-1,-0.0,1.0,0.0,-1.0,-0.0,1.0,0.0,1.0,0.0,-1.0,-0.0,0.0,0.0,0.0,0.0,1.0,0.0,-1,-0.0,1.0,0.0,-1,-0.0,1.0,0.0,-1.0,-0.0,-1.0,-0.0,-1.0,-0.0,1.0,0.0,0.0,0.0,0.0,0.0,-1.0,-0.0,-1.0,-0.0,1.0,0.0,1.0,0.0,-1,-0.0,1,0.0,1.0,0.0,1.0,0.0,-1.0,-0.0,0.0,0.0,1.0,0.0,-1.0,-0.0,-1.0,-0.0,1.0,0.0,-1.0,-0.0,1,0.0,0,0.0,-1.0,-0.0,0,0.0,-1.0,-0.0,1.0,0.0,-1,-0.0,1.0,0.0,0.0,0.0,1,0.0,1,0.0,-1.0,-0.0,-1.0,-0.0,1.0,0.0,1.0,0.0,1.0,0.0,1.0,0.0,1.0,0.0,-1,-0.0,0,0.0,1,0.0,1,0.0,-1,-0.0,1.0,0.0,-1.0,-0.0,1,0.0,1,0.0,1.0,0.0,0.0,0.0,1.0,0.0,-1.0,-0.0
20170524,@BPM7,-1.0,-0.000154130702836,81087.5,currency,1495658608,1.0,-0.0,0.0,0.0,-0.0,1.0,-0.0,-1,0.0,1.0,-0.0,-1.0,0.0,0.0,-0.0,1.0,-0.0,-1.0,0.0,1.0,-0.0,-1.0,0.0,-1,0.0,-1,0.0,-1,0.0,-1,0.0,1.0,-0.0,1.0,-0.0,0.0,-0.0,-1.0,0.0,1.0,-0.0,0,-0.0,1.0,-0.0,-1.0,0.0,-1,0.0,-1,0.0,1.0,-0.0,-1.0,0.0,1.0,-0.0,1.0,-0.0,1.0,-0.0,0.0,-0.0,0.0,-0.0,-1.0,0.0,-1,0.0,1.0,-0.0,-1,0.0,-1.0,0.0,-1.0,0.0,-1.0,0.0,-1.0,0.0,-1.0,0.0,0.0,-0.0,0.0,-0.0,1.0,-0.0,1.0,-0.0,-1.0,0.0,1.0,-0.0,-1,0.0,-1,0.0,1.0,-0.0,1.0,-0.0,1.0,-0.0,0.0,-0.0,-1.0,0.0,-1.0,0.0,0.0,-0.0,1.0,-0.0,1.0,-0.0,1,-0.0,1,-0.0,-1.0,0.0,0,-0.0,-1.0,0.0,-1.0,0.0,-1,0.0,1.0,-0.0,0.0,-0.0,1,-0.0,1,-0.0,-1.0,0.0,1.0,-0.0,-1.0,0.0,1.0,-0.0,0.0,-0.0,1.0,-0.0,-1.0,0.0,-1,0.0,-1,0.0,1,-0.0,1,-0.0,1,-0.0,-1.0,0.0,1.0,-0.0,1,-0.0,1,-0.0,1.0,-0.0,0.0,-0.0,-1.0,0.0,1.0,-0.0
20170524,@CN7,1.0,0.00270635994587,18525.0,grain,1495649904,1.0,50.1353179973,50.1353179973,-1.0,-50.1353179973,-1.0,-50.1353179973,1,50.1353179973,1.0,50.1353179973,-1.0,-50.1353179973,1.0,50.1353179973,1.0,50.1353179973,1.0,50.1353179973,1.0,50.1353179973,1.0,50.1353179973,0,0.0,1,50.1353179973,-1,-50.1353179973,0,0.0,1.0,50.1353179973,1.0,50.1353179973,0.0,0.0,-1.0,-50.1353179973,1.0,50.1353179973,0,0.0,-1.0,-50.1353179973,-1.0,-50.1353179973,-1,-50.1353179973,-1,-50.1353179973,0.0,0.0,-1.0,-50.1353179973,-1.0,-50.1353179973,1.0,50.1353179973,-1.0,-50.1353179973,-1.0,-50.1353179973,1.0,50.1353179973,-1.0,-50.1353179973,-1,-50.1353179973,1.0,50.1353179973,-1,-50.1353179973,-1.0,-50.1353179973,-1.0,-50.1353179973,-1.0,-50.1353179973,-1.0,-50.1353179973,-1.0,-50.1353179973,0.0,0.0,0.0,0.0,1.0,50.1353179973,1.0,50.1353179973,-1.0,-50.1353179973,1.0,50.1353179973,1,50.1353179973,1,50.1353179973,1.0,50.1353179973,1.0,50.1353179973,1.0,50.1353179973,0.0,0.0,-1.0,-50.1353179973,-1.0,-50.1353179973,-1.0,-50.1353179973,1.0,50.1353179973,1.0,50.1353179973,-1,-50.1353179973,0,0.0,1.0,50.1353179973,0,0.0,-1.0,-50.1353179973,1.0,50.1353179973,1,50.1353179973,-1.0,-50.1353179973,1.0,50.1353179973,1,50.1353179973,1,50.1353179973,0.0,0.0,-1.0,-50.1353179973,1.0,50.1353179973,1.0,50.1353179973,1.0,50.1353179973,1.0,50.1353179973,-1.0,-50.1353179973,1,50.1353179973,0,0.0,0,0.0,-1,-50.1353179973,1,50.1353179973,-1.0,-50.1353179973,-1.0,-50.1353179973,0,0.0,-1,-50.1353179973,1.0,50.1353179973,-1.0,-50.1353179973,-1.0,-50.1353179973,-1.0,-50.1353179973
20170524,@CDM7,1.0,0.00783889714826,74570.0,currency,1495658608,1.0,0.0,0.0,-1.0,-0.0,-1.0,-0.0,1,0.0,1.0,0.0,-1.0,-0.0,1.0,0.0,1.0,0.0,1.0,0.0,1.0,0.0,1.0,0.0,0,0.0,1,0.0,-1,-0.0,0,0.0,1.0,0.0,1.0,0.0,0.0,0.0,-1.0,-0.0,1.0,0.0,0,0.0,-1.0,-0.0,-1.0,-0.0,-1,-0.0,-1,-0.0,0.0,0.0,-1.0,-0.0,-1.0,-0.0,1.0,0.0,-1.0,-0.0,-1.0,-0.0,1.0,0.0,-1.0,-0.0,-1,-0.0,1.0,0.0,-1,-0.0,-1.0,-0.0,-1.0,-0.0,-1.0,-0.0,-1.0,-0.0,-1.0,-0.0,0.0,0.0,0.0,0.0,1.0,0.0,1.0,0.0,-1.0,-0.0,1.0,0.0,1,0.0,1,0.0,1.0,0.0,1.0,0.0,1.0,0.0,0.0,0.0,-1.0,-0.0,-1.0,-0.0,-1.0,-0.0,1.0,0.0,1.0,0.0,-1,-0.0,0,0.0,1.0,0.0,0,0.0,-1.0,-0.0,1.0,0.0,1,0.0,-1.0,-0.0,1.0,0.0,1,0.0,1,0.0,0.0,0.0,-1.0,-0.0,1.0,0.0,1.0,0.0,1.0,0.0,1.0,0.0,-1.0,-0.0,1,0.0,0,0.0,0,0.0,-1,-0.0,1,0.0,-1.0,-0.0,-1.0,-0.0,0,0.0,-1,-0.0,1.0,0.0,-1.0,-0.0,-1.0,-0.0,-1.0,-0.0
20170524,QCLN7,-1.0,-0.0040800466291,51260.0,energy,1495658608,1.0,-209.143190208,209.143190208,0.0,-0.0,1.0,-209.143190208,-1,209.143190208,-1.0,209.143190208,-1.0,209.143190208,0.0,-0.0,-1.0,209.143190208,1.0,-209.143190208,-1.0,209.143190208,1.0,-209.143190208,-1,209.143190208,-1,209.143190208,-1,209.143190208,-1,209.143190208,-1.0,209.143190208,-1.0,209.143190208,-1.0,209.143190208,-1.0,209.143190208,1.0,-209.143190208,0,-0.0,-1.0,209.143190208,-1.0,209.143190208,-1,209.143190208,0,-0.0,1.0,-209.143190208,1.0,-209.143190208,1.0,-209.143190208,1.0,-209.143190208,-1.0,209.143190208,0.0,-0.0,0.0,-0.0,1.0,-209.143190208,-1,209.143190208,1.0,-209.143190208,1,-209.143190208,1.0,-209.143190208,0.0,-0.0,-1.0,209.143190208,1.0,-209.143190208,1.0,-209.143190208,1.0,-209.143190208,-1.0,209.143190208,1.0,-209.143190208,-1.0,209.143190208,-1.0,209.143190208,1.0,-209.143190208,-1,209.143190208,1,-209.143190208,0.0,-0.0,1.0,-209.143190208,-1.0,209.143190208,1.0,-209.143190208,1.0,-209.143190208,-1.0,209.143190208,-1.0,209.143190208,1.0,-209.143190208,-1.0,209.143190208,1,-209.143190208,0,-0.0,-1.0,209.143190208,0,-0.0,-1.0,209.143190208,1.0,-209.143190208,-1,209.143190208,1.0,-209.143190208,0.0,-0.0,1,-209.143190208,0,-0.0,-1.0,209.143190208,-1.0,209.143190208,1.0,-209.143190208,1.0,-209.143190208,1.0,-209.143190208,-1.0,209.143190208,1.0,-209.143190208,-1,209.143190208,0,-0.0,1,-209.143190208,1,-209.143190208,-1,209.143190208,1.0,-209.143190208,-1.0,209.143190208,1,-209.143190208,1,-209.143190208,1.0,-209.143190208,0.0,-0.0,1.0,-209.143190208,-1.0,209.143190208
20170524,@EMDM7,1.0,0.00255457501161,172680.0,index,1495658608,1.0,441.124013005,441.124013005,0.0,0.0,1.0,441.124013005,-1,-441.124013005,-1.0,-441.124013005,-1.0,-441.124013005,0.0,0.0,-1.0,-441.124013005,1.0,441.124013005,-1.0,-441.124013005,1.0,441.124013005,-1,-441.124013005,-1,-441.124013005,-1,-441.124013005,-1,-441.124013005,-1.0,-441.124013005,-1.0,-441.124013005,-1.0,-441.124013005,-1.0,-441.124013005,1.0,441.124013005,0,0.0,-1.0,-441.124013005,-1.0,-441.124013005,-1,-441.124013005,0,0.0,1.0,441.124013005,1.0,441.124013005,1.0,441.124013005,1.0,441.124013005,-1.0,-441.124013005,0.0,0.0,0.0,0.0,1.0,441.124013005,-1,-441.124013005,1.0,441.124013005,1,441.124013005,1.0,441.124013005,0.0,0.0,-1.0,-441.124013005,1.0,441.124013005,1.0,441.124013005,1.0,441.124013005,-1.0,-441.124013005,1.0,441.124013005,-1.0,-441.124013005,-1.0,-441.124013005,1.0,441.124013005,-1,-441.124013005,-1,-441.124013005,0.0,0.0,1.0,441.124013005,-1.0,-441.124013005,1.0,441.124013005,1.0,441.124013005,1.0,441.124013005,0.0,0.0,1.0,441.124013005,1.0,441.124013005,1,441.124013005,1,441.124013005,-1.0,-441.124013005,0,0.0,-1.0,-441.124013005,1.0,441.124013005,-1,-441.124013005,1.0,441.124013005,0.0,0.0,1,441.124013005,0,0.0,-1.0,-441.124013005,1.0,441.124013005,1.0,441.124013005,-1.0,-441.124013005,0.0,0.0,-1.0,-441.124013005,-1.0,-441.124013005,-1,-441.124013005,-1,-441.124013005,1,441.124013005,1,441.124013005,-1,-441.124013005,1.0,441.124013005,-1.0,-441.124013005,1,441.124013005,1,441.124013005,1.0,441.124013005,0.0,0.0,1.0,441.124013005,-1.0,-441.124013005
20170524,@ESM7,1.0,0.00166805671393,120100.0,index,1495658608,1.0,200.333611343,200.333611343,0.0,0.0,-1.0,-200.333611343,-1,-200.333611343,-1.0,-200.333611343,-1.0,-200.333611343,1.0,200.333611343,1.0,200.333611343,1.0,200.333611343,-1.0,-200.333611343,1.0,200.333611343,-1,-200.333611343,-1,-200.333611343,-1,-200.333611343,0,0.0,-1.0,-200.333611343,-1.0,-200.333611343,-1.0,-200.333611343,-1.0,-200.333611343,1.0,200.333611343,1,166.805671393,-1.0,-200.333611343,1.0,200.333611343,-1,-200.333611343,0,0.0,1.0,200.333611343,1.0,200.333611343,1.0,200.333611343,1.0,200.333611343,-1.0,-200.333611343,0.0,0.0,0.0,0.0,1.0,200.333611343,-1,-200.333611343,1.0,200.333611343,1,200.333611343,1.0,200.333611343,0.0,0.0,-1.0,-200.333611343,1.0,200.333611343,1.0,200.333611343,1.0,200.333611343,-1.0,-200.333611343,1.0,200.333611343,-1.0,-200.333611343,-1.0,-200.333611343,1.0,200.333611343,-1,-200.333611343,1,200.333611343,0.0,0.0,1.0,200.333611343,-1.0,-200.333611343,1.0,200.333611343,1.0,200.333611343,-1.0,-200.333611343,-1.0,-200.333611343,-1.0,-200.333611343,-1.0,-200.333611343,1,200.333611343,0,0.0,-1.0,-200.333611343,0,0.0,-1.0,-200.333611343,1.0,200.333611343,1,200.333611343,1.0,200.333611343,0.0,0.0,1,200.333611343,0,0.0,-1.0,-200.333611343,-1.0,-200.333611343,1.0,200.333611343,1.0,200.333611343,1.0,200.333611343,-1.0,-200.333611343,1.0,200.333611343,-1,-200.333611343,0,0.0,0,0.0,1,200.333611343,-1,-200.333611343,1.0,200.333611343,-1.0,-200.333611343,1,200.333611343,1,200.333611343,1.0,200.333611343,-1.0,-200.333611343,-1.0,-200.333611343,-1.0,-200.333611343
20170524,@EUM7,1.0,0.00276822788766,140368.75,currency,1495658608,1.0,388.572688306,388.572688306,0.0,0.0,1.0,388.572688306,-1,-388.572688306,1.0,388.572688306,-1.0,-388.572688306,0.0,0.0,1.0,388.572688306,-1.0,-388.572688306,1.0,388.572688306,-1.0,-388.572688306,-1,-388.572688306,-1,-388.572688306,-1,-388.572688306,-1,-388.572688306,1.0,388.572688306,1.0,388.572688306,0.0,0.0,-1.0,-388.572688306,1.0,388.572688306,0,0.0,1.0,388.572688306,-1.0,-388.572688306,-1,-388.572688306,-1,-388.572688306,1.0,388.572688306,-1.0,-388.572688306,1.0,388.572688306,1.0,388.572688306,1.0,388.572688306,0.0,0.0,0.0,0.0,-1.0,-388.572688306,-1,-388.572688306,1.0,388.572688306,-1,-388.572688306,-1.0,-388.572688306,-1.0,-388.572688306,-1.0,-388.572688306,-1.0,-388.572688306,-1.0,-388.572688306,0.0,0.0,0.0,0.0,1.0,388.572688306,1.0,388.572688306,-1.0,-388.572688306,1.0,388.572688306,-1,-388.572688306,-1,-388.572688306,1.0,388.572688306,1.0,388.572688306,1.0,388.572688306,0.0,0.0,-1.0,-388.572688306,-1.0,-388.572688306,0.0,0.0,1.0,388.572688306,1.0,388.572688306,1,388.572688306,1,388.572688306,-1.0,-388.572688306,0,0.0,-1.0,-388.572688306,-1.0,-388.572688306,-1,-388.572688306,1.0,388.572688306,0.0,0.0,1,388.572688306,1,388.572688306,-1.0,-388.572688306,1.0,388.572688306,-1.0,-388.572688306,1.0,388.572688306,0.0,0.0,1.0,388.572688306,-1.0,-388.572688306,-1,-388.572688306,-1,-388.572688306,1,388.572688306,1,388.572688306,1,388.572688306,-1.0,-388.572688306,1.0,388.572688306,1,388.572688306,1,388.572688306,1.0,388.572688306,0.0,0.0,-1.0,-388.572688306,1.0,388.572688306
20170524,@FVM7,1.0,0.00191267642791,118679.6875,rates,1495658608,1.0,0.0,0.0,0.0,0.0,-1.0,-0.0,1,0.0,-1.0,-0.0,1.0,0.0,0.0,0.0,1.0,0.0,-1.0,-0.0,1.0,0.0,-1.0,-0.0,1,0.0,1,0.0,1,0.0,1,0.0,1.0,0.0,-1.0,-0.0,0.0,0.0,-1.0,-0.0,1.0,0.0,0,0.0,1.0,0.0,1.0,0.0,1,0.0,1,0.0,-1.0,-0.0,1.0,0.0,-1.0,-0.0,-1.0,-0.0,1.0,0.0,0.0,0.0,0.0,0.0,-1.0,-0.0,-1,-0.0,-1.0,-0.0,1,0.0,-1.0,-0.0,1.0,0.0,1.0,0.0,1.0,0.0,-1.0,-0.0,0.0,0.0,0.0,0.0,1.0,0.0,1.0,0.0,-1.0,-0.0,1.0,0.0,1,0.0,-1,-0.0,-1.0,-0.0,-1.0,-0.0,1.0,0.0,0.0,0.0,-1.0,-0.0,1.0,0.0,1.0,0.0,-1.0,-0.0,1.0,0.0,-1,-0.0,0,0.0,1.0,0.0,0,0.0,1.0,0.0,-1.0,-0.0,1,0.0,-1.0,-0.0,0.0,0.0,-1,-0.0,-1,-0.0,1.0,0.0,1.0,0.0,-1.0,-0.0,-1.0,-0.0,-1.0,-0.0,-1.0,-0.0,-1.0,-0.0,1,0.0,0,0.0,-1,-0.0,-1,-0.0,1,0.0,-1.0,-0.0,1.0,0.0,-1,-0.0,-1,-0.0,-1.0,-0.0,0.0,0.0,-1.0,-0.0,1.0,0.0
20170524,QGCM7,1.0,0.00183193946635,125780.0,metal,1495658608,1.0,0.0,0.0,0.0,0.0,-1.0,-0.0,1,0.0,1.0,0.0,1.0,0.0,0.0,0.0,1.0,0.0,-1.0,-0.0,1.0,0.0,-1.0,-0.0,1,0.0,1,0.0,1,0.0,1,0.0,1.0,0.0,1.0,0.0,1.0,0.0,1.0,0.0,-1.0,-0.0,0,0.0,1.0,0.0,1.0,0.0,1,0.0,0,0.0,-1.0,-0.0,-1.0,-0.0,-1.0,-0.0,-1.0,-0.0,1.0,0.0,0.0,0.0,0.0,0.0,-1.0,-0.0,-1,-0.0,-1.0,-0.0,-1,-0.0,-1.0,-0.0,0.0,0.0,1.0,0.0,-1.0,-0.0,-1.0,-0.0,-1.0,-0.0,1.0,0.0,-1.0,-0.0,1.0,0.0,1.0,0.0,1.0,0.0,1,0.0,1,0.0,0.0,0.0,-1.0,-0.0,1.0,0.0,-1.0,-0.0,-1.0,-0.0,-1.0,-0.0,0.0,0.0,-1.0,-0.0,-1.0,-0.0,-1,-0.0,-1,-0.0,1.0,0.0,0,0.0,1.0,0.0,-1.0,-0.0,1,0.0,-1.0,-0.0,0.0,0.0,-1,-0.0,0,0.0,1.0,0.0,-1.0,-0.0,-1.0,-0.0,1.0,0.0,0.0,0.0,1.0,0.0,1.0,0.0,1,0.0,1,0.0,-1,-0.0,-1,-0.0,1,0.0,-1.0,-0.0,1.0,0.0,-1,-0.0,-1,-0.0,-1.0,-0.0,0.0,0.0,-1.0,-0.0,1.0,0.0
20170524,QHGN7,-1.0,-0.00250385208012,64737.5,metal,1495658608,1.0,-162.093124037,162.093124037,-1.0,162.093124037,-1.0,162.093124037,-1,162.093124037,1.0,-162.093124037,1.0,-162.093124037,1.0,-162.093124037,1.0,-162.093124037,1.0,-162.093124037,1.0,-162.093124037,1.0,-162.093124037,0,-0.0,-1,162.093124037,-1,162.093124037,0,-0.0,1.0,-162.093124037,1.0,-162.093124037,0.0,-0.0,1.0,-162.093124037,-1.0,162.093124037,0,-0.0,-1.0,162.093124037,1.0,-162.093124037,-1,162.093124037,-1,162.093124037,0.0,-0.0,-1.0,162.093124037,1.0,-162.093124037,-1.0,162.093124037,-1.0,162.093124037,-1.0,162.093124037,1.0,-162.093124037,-1.0,162.093124037,-1,162.093124037,1.0,-162.093124037,-1,162.093124037,1.0,-162.093124037,-1.0,162.093124037,-1.0,162.093124037,-1.0,162.093124037,1.0,-162.093124037,0.0,-0.0,0.0,-0.0,-1.0,162.093124037,-1.0,162.093124037,1.0,-162.093124037,1.0,-162.093124037,1,-162.093124037,1,-162.093124037,1.0,-162.093124037,1.0,-162.093124037,-1.0,162.093124037,0.0,-0.0,1.0,-162.093124037,-1.0,162.093124037,-1.0,162.093124037,-1.0,162.093124037,-1.0,162.093124037,1,-162.093124037,0,-0.0,-1.0,162.093124037,0,-0.0,1.0,-162.093124037,1.0,-162.093124037,1,-162.093124037,-1.0,162.093124037,1.0,-162.093124037,1,-162.093124037,1,-162.093124037,0.0,-0.0,-1.0,162.093124037,1.0,-162.093124037,1.0,-162.093124037,1.0,-162.093124037,1.0,-162.093124037,1.0,-162.093124037,-1,162.093124037,0,-0.0,0,-0.0,1,-162.093124037,-1,162.093124037,-1.0,162.093124037,-1.0,162.093124037,0,-0.0,1,-162.093124037,-1.0,162.093124037,-1.0,162.093124037,-1.0,162.093124037,-1.0,162.093124037
20170524,QHON7,-1.0,-0.00117844073684,67636.8,energy,1495658608,1.0,-0.0,0.0,0.0,-0.0,1.0,-0.0,-1,0.0,-1.0,0.0,-1.0,0.0,0.0,-0.0,-1.0,0.0,1.0,-0.0,-1.0,0.0,1.0,-0.0,-1,0.0,-1,0.0,-1,0.0,-1,0.0,-1.0,0.0,-1.0,0.0,-1.0,0.0,-1.0,0.0,1.0,-0.0,0,-0.0,-1.0,0.0,-1.0,0.0,-1,0.0,0,-0.0,1.0,-0.0,1.0,-0.0,1.0,-0.0,1.0,-0.0,-1.0,0.0,0.0,-0.0,0.0,-0.0,1.0,-0.0,-1,0.0,1.0,-0.0,1,-0.0,1.0,-0.0,0.0,-0.0,-1.0,0.0,1.0,-0.0,1.0,-0.0,1.0,-0.0,-1.0,0.0,1.0,-0.0,-1.0,0.0,-1.0,0.0,1.0,-0.0,-1,0.0,1,-0.0,0.0,-0.0,1.0,-0.0,-1.0,0.0,1.0,-0.0,1.0,-0.0,-1.0,0.0,-1.0,0.0,1.0,-0.0,-1.0,0.0,1,-0.0,0,-0.0,-1.0,0.0,0,-0.0,-1.0,0.0,1.0,-0.0,-1,0.0,1.0,-0.0,0.0,-0.0,1,-0.0,0,-0.0,-1.0,0.0,-1.0,0.0,1.0,-0.0,1.0,-0.0,1.0,-0.0,-1.0,0.0,1.0,-0.0,-1,0.0,0,-0.0,1,-0.0,1,-0.0,-1,0.0,1.0,-0.0,-1.0,0.0,1,-0.0,1,-0.0,1.0,-0.0,0.0,-0.0,1.0,-0.0,-1.0,0.0
20170524,@JYM7,1.0,0.00145129779514,112131.25,currency,1495658608,1.0,162.735835892,162.735835892,1.0,162.735835892,1.0,162.735835892,1,162.735835892,-1.0,-162.735835892,-1.0,-162.735835892,-1.0,-162.735835892,-1.0,-162.735835892,-1.0,-162.735835892,-1.0,-162.735835892,-1.0,-162.735835892,0,0.0,1,162.735835892,1,162.735835892,0,0.0,-1.0,-162.735835892,-1.0,-162.735835892,0.0,0.0,-1.0,-162.735835892,1.0,162.735835892,0,0.0,1.0,162.735835892,-1.0,-162.735835892,1,162.735835892,1,162.735835892,0.0,0.0,1.0,162.735835892,-1.0,-162.735835892,1.0,162.735835892,1.0,162.735835892,1.0,162.735835892,-1.0,-162.735835892,1.0,162.735835892,-1,-162.735835892,-1.0,-162.735835892,1,162.735835892,-1.0,-162.735835892,1.0,162.735835892,1.0,162.735835892,1.0,162.735835892,-1.0,-162.735835892,0.0,0.0,0.0,0.0,1.0,162.735835892,1.0,162.735835892,-1.0,-162.735835892,1.0,162.735835892,-1,-162.735835892,-1,-162.735835892,-1.0,-162.735835892,-1.0,-162.735835892,1.0,162.735835892,0.0,0.0,-1.0,-162.735835892,1.0,162.735835892,1.0,162.735835892,1.0,162.735835892,1.0,162.735835892,-1,-162.735835892,0,0.0,1.0,162.735835892,0,0.0,-1.0,-162.735835892,-1.0,-162.735835892,-1,-162.735835892,1.0,162.735835892,-1.0,-162.735835892,-1,-162.735835892,-1,-162.735835892,0.0,0.0,1.0,162.735835892,-1.0,-162.735835892,-1.0,-162.735835892,-1.0,-162.735835892,-1.0,-162.735835892,-1.0,-162.735835892,1,162.735835892,0,0.0,0,0.0,-1,-162.735835892,1,162.735835892,1.0,162.735835892,1.0,162.735835892,0,0.0,-1,-162.735835892,1.0,162.735835892,1.0,162.735835892,1.0,162.735835892,1.0,162.735835892
20170524,@LEQ7,-1.0,-0.0109210797445,48000.0,meat,1495648745,1.0,-0.0,0.0,0.0,-0.0,-1.0,0.0,1,-0.0,-1.0,0.0,-1.0,0.0,1.0,-0.0,1.0,-0.0,1.0,-0.0,1.0,-0.0,-1.0,0.0,-1,0.0,-1,0.0,-1,0.0,0,-0.0,1.0,-0.0,1.0,-0.0,-1.0,0.0,-1.0,0.0,1.0,-0.0,0,-0.0,1.0,-0.0,-1.0,0.0,1,-0.0,0,-0.0,1.0,-0.0,-1.0,0.0,1.0,-0.0,1.0,-0.0,1.0,-0.0,0.0,-0.0,0.0,-0.0,-1.0,0.0,1,-0.0,1.0,-0.0,1,-0.0,-1.0,0.0,0.0,-0.0,1.0,-0.0,-1.0,0.0,1.0,-0.0,1.0,-0.0,-1.0,0.0,1.0,-0.0,-1.0,0.0,-1.0,0.0,-1.0,0.0,-1,0.0,-1,0.0,0.0,-0.0,-1.0,0.0,-1.0,0.0,1.0,-0.0,1.0,-0.0,-1.0,0.0,0.0,-0.0,1.0,-0.0,1.0,-0.0,1,-0.0,1,-0.0,-1.0,0.0,0,-0.0,-1.0,0.0,-1.0,0.0,1,-0.0,1.0,-0.0,0.0,-0.0,-1,0.0,0,-0.0,-1.0,0.0,1.0,-0.0,-1.0,0.0,1.0,-0.0,0.0,-0.0,1.0,-0.0,-1.0,0.0,-1,0.0,-1,0.0,0,-0.0,-1,0.0,1,-0.0,-1.0,0.0,1.0,-0.0,1,-0.0,1,-0.0,1.0,-0.0,-1.0,0.0,-1.0,0.0,-1.0,0.0
20170524,@GFQ7,-1.0,-0.01699669967,74462.5,meat,1495648745,1.0,-0.0,0.0,0.0,-0.0,-1.0,0.0,1,-0.0,-1.0,0.0,-1.0,0.0,1.0,-0.0,1.0,-0.0,1.0,-0.0,1.0,-0.0,-1.0,0.0,-1,0.0,-1,0.0,-1,0.0,0,-0.0,1.0,-0.0,1.0,-0.0,-1.0,0.0,-1.0,0.0,1.0,-0.0,0,-0.0,1.0,-0.0,-1.0,0.0,1,-0.0,0,-0.0,1.0,-0.0,-1.0,0.0,1.0,-0.0,1.0,-0.0,1.0,-0.0,0.0,-0.0,0.0,-0.0,-1.0,0.0,1,-0.0,1.0,-0.0,1,-0.0,-1.0,0.0,0.0,-0.0,1.0,-0.0,-1.0,0.0,1.0,-0.0,1.0,-0.0,-1.0,0.0,1.0,-0.0,-1.0,0.0,-1.0,0.0,-1.0,0.0,-1,0.0,-1,0.0,0.0,-0.0,-1.0,0.0,-1.0,0.0,1.0,-0.0,1.0,-0.0,-1.0,0.0,0.0,-0.0,1.0,-0.0,1.0,-0.0,1,-0.0,1,-0.0,-1.0,0.0,0,-0.0,-1.0,0.0,-1.0,0.0,1,-0.0,1.0,-0.0,0.0,-0.0,-1,0.0,0,-0.0,-1.0,0.0,1.0,-0.0,-1.0,0.0,1.0,-0.0,0.0,-0.0,1.0,-0.0,-1.0,0.0,-1,0.0,-1,0.0,0,-0.0,-1,0.0,1,-0.0,-1.0,0.0,1.0,-0.0,1,-0.0,1,-0.0,1.0,-0.0,-1.0,0.0,-1.0,0.0,-1.0,0.0
20170524,@BON7,-1.0,-0.00309214594929,19344.0,grain,1495649904,1.0,-0.0,0.0,-1.0,0.0,-1.0,0.0,1,-0.0,1.0,-0.0,-1.0,0.0,1.0,-0.0,1.0,-0.0,1.0,-0.0,1.0,-0.0,1.0,-0.0,0,-0.0,1,-0.0,-1,0.0,0,-0.0,1.0,-0.0,1.0,-0.0,0.0,-0.0,-1.0,0.0,1.0,-0.0,0,-0.0,-1.0,0.0,-1.0,0.0,-1,0.0,-1,0.0,0.0,-0.0,-1.0,0.0,-1.0,0.0,1.0,-0.0,-1.0,0.0,-1.0,0.0,1.0,-0.0,-1.0,0.0,-1,0.0,1.0,-0.0,-1,0.0,-1.0,0.0,-1.0,0.0,-1.0,0.0,-1.0,0.0,-1.0,0.0,0.0,-0.0,0.0,-0.0,1.0,-0.0,1.0,-0.0,-1.0,0.0,1.0,-0.0,1,-0.0,1,-0.0,1.0,-0.0,1.0,-0.0,1.0,-0.0,0.0,-0.0,-1.0,0.0,-1.0,0.0,-1.0,0.0,1.0,-0.0,1.0,-0.0,-1,0.0,0,-0.0,1.0,-0.0,0,-0.0,-1.0,0.0,1.0,-0.0,1,-0.0,-1.0,0.0,1.0,-0.0,1,-0.0,1,-0.0,0.0,-0.0,-1.0,0.0,1.0,-0.0,1.0,-0.0,1.0,-0.0,1.0,-0.0,-1.0,0.0,1,-0.0,0,-0.0,0,-0.0,-1,0.0,1,-0.0,-1.0,0.0,-1.0,0.0,0,-0.0,-1,0.0,1.0,-0.0,-1.0,0.0,-1.0,0.0,-1.0,0.0
20170525,@SN7,-1.0,-0.00922752438703,46975.0,grain,1495736297,1.0,-0.0,0.0,0.0,-0.0,1.0,-0.0,-1,0.0,1.0,-0.0,-1.0,0.0,0.0,-0.0,1.0,-0.0,-1.0,0.0,1.0,-0.0,-1.0,0.0,-1,0.0,-1,0.0,-1,0.0,-1,0.0,1.0,-0.0,1.0,-0.0,0.0,-0.0,-1.0,0.0,1.0,-0.0,0,-0.0,-1.0,0.0,-1.0,0.0,-1,0.0,-1,0.0,1.0,-0.0,-1.0,0.0,1.0,-0.0,1.0,-0.0,1.0,-0.0,0.0,-0.0,0.0,-0.0,-1.0,0.0,1,-0.0,1.0,-0.0,-1,0.0,-1.0,0.0,-1.0,0.0,-1.0,0.0,-1.0,0.0,-1.0,0.0,0.0,-0.0,0.0,-0.0,1.0,-0.0,1.0,-0.0,-1.0,0.0,-1.0,0.0,-1,0.0,1,-0.0,1.0,-0.0,1.0,-0.0,1.0,-0.0,0.0,-0.0,-1.0,0.0,-1.0,0.0,-1.0,0.0,1.0,-0.0,1.0,-0.0,-1,0.0,0,-0.0,-1.0,0.0,0,-0.0,-1.0,0.0,-1.0,0.0,-1,0.0,1.0,-0.0,0.0,-0.0,1,-0.0,1,-0.0,-1.0,0.0,-1.0,0.0,1.0,-0.0,1.0,-0.0,1.0,-0.0,1.0,-0.0,-1.0,0.0,1,-0.0,0,-0.0,1,-0.0,1,-0.0,1,-0.0,-1.0,0.0,1.0,-0.0,1,-0.0,1,-0.0,1.0,-0.0,0.0,-0.0,-1.0,0.0,1.0,-0.0
20170525,@NKDM7,1.0,0.00456273764259,88832.6010939,index,1495745031,1.0,0.0,0.0,-1.0,-0.0,-1.0,-0.0,1,0.0,-1.0,-0.0,-1.0,-0.0,1.0,0.0,1.0,0.0,1.0,0.0,1.0,0.0,1.0,0.0,0,0.0,1,0.0,-1,-0.0,0,0.0,1.0,0.0,1.0,0.0,-1.0,-0.0,-1.0,-0.0,1.0,0.0,0,0.0,-1.0,-0.0,-1.0,-0.0,1,0.0,0,0.0,0.0,0.0,-1.0,-0.0,-1.0,-0.0,1.0,0.0,-1.0,-0.0,-1.0,-0.0,1.0,0.0,-1.0,-0.0,1,0.0,1.0,0.0,1,0.0,-1.0,-0.0,0.0,0.0,1.0,0.0,-1.0,-0.0,1.0,0.0,1.0,0.0,-1.0,-0.0,1.0,0.0,-1.0,-0.0,-1.0,-0.0,-1.0,-0.0,1,0.0,1,0.0,0.0,0.0,-1.0,-0.0,-1.0,-0.0,1.0,0.0,1.0,0.0,-1.0,-0.0,-1.0,-0.0,1.0,0.0,1.0,0.0,-1,-0.0,0,0.0,1.0,0.0,0,0.0,-1.0,-0.0,1.0,0.0,1,0.0,-1.0,-0.0,1.0,0.0,-1,-0.0,0,0.0,0.0,0.0,-1.0,-0.0,1.0,0.0,1.0,0.0,1.0,0.0,1.0,0.0,-1.0,-0.0,1,0.0,0,0.0,0,0.0,-1,-0.0,1,0.0,-1.0,-0.0,-1.0,-0.0,0,0.0,-1,-0.0,1.0,0.0,-1.0,-0.0,-1.0,-0.0,-1.0,-0.0
20170525,@NQM7,1.0,0.0088985823337,115645.0,index,1495745031,1.0,0.0,0.0,0.0,0.0,-1.0,-0.0,-1,-0.0,-1.0,-0.0,-1.0,-0.0,1.0,0.0,1.0,0.0,1.0,0.0,-1.0,-0.0,1.0,0.0,-1,-0.0,-1,-0.0,-1,-0.0,0,0.0,-1.0,-0.0,-1.0,-0.0,-1.0,-0.0,-1.0,-0.0,1.0,0.0,0,0.0,-1.0,-0.0,1.0,0.0,-1,-0.0,0,0.0,1.0,0.0,1.0,0.0,1.0,0.0,1.0,0.0,-1.0,-0.0,0.0,0.0,0.0,0.0,1.0,0.0,-1,-0.0,1.0,0.0,1,0.0,1.0,0.0,0.0,0.0,-1.0,-0.0,1.0,0.0,1.0,0.0,1.0,0.0,-1.0,-0.0,1.0,0.0,-1.0,-0.0,-1.0,-0.0,1.0,0.0,-1,-0.0,-1,-0.0,0.0,0.0,1.0,0.0,-1.0,-0.0,1.0,0.0,1.0,0.0,1.0,0.0,0.0,0.0,-1.0,-0.0,1.0,0.0,1,0.0,1,0.0,-1.0,-0.0,0,0.0,-1.0,-0.0,1.0,0.0,1,0.0,1.0,0.0,0.0,0.0,1,0.0,0,0.0,-1.0,-0.0,1.0,0.0,1.0,0.0,-1.0,-0.0,0.0,0.0,-1.0,-0.0,-1.0,-0.0,-1,-0.0,-1,-0.0,0,0.0,1,0.0,-1,-0.0,1.0,0.0,-1.0,-0.0,1,0.0,1,0.0,1.0,0.0,-1.0,-0.0,-1.0,-0.0,-1.0,-0.0
20170525,QPAM7,1.0,0.0076150462811,76745.0,metal,1495745031,1.0,0.0,0.0,-1.0,-0.0,-1.0,-0.0,1,0.0,1.0,0.0,-1.0,-0.0,1.0,0.0,1.0,0.0,1.0,0.0,1.0,0.0,1.0,0.0,0,0.0,1,0.0,-1,-0.0,0,0.0,1.0,0.0,1.0,0.0,0.0,0.0,-1.0,-0.0,1.0,0.0,0,0.0,-1.0,-0.0,-1.0,-0.0,-1,-0.0,-1,-0.0,0.0,0.0,-1.0,-0.0,-1.0,-0.0,1.0,0.0,-1.0,-0.0,-1.0,-0.0,1.0,0.0,-1.0,-0.0,-1,-0.0,1.0,0.0,-1,-0.0,-1.0,-0.0,-1.0,-0.0,-1.0,-0.0,-1.0,-0.0,-1.0,-0.0,0.0,0.0,0.0,0.0,1.0,0.0,1.0,0.0,-1.0,-0.0,1.0,0.0,1,0.0,1,0.0,1.0,0.0,1.0,0.0,1.0,0.0,0.0,0.0,-1.0,-0.0,-1.0,-0.0,-1.0,-0.0,1.0,0.0,1.0,0.0,-1,-0.0,0,0.0,1.0,0.0,0,0.0,-1.0,-0.0,1.0,0.0,1,0.0,-1.0,-0.0,1.0,0.0,1,0.0,1,0.0,0.0,0.0,-1.0,-0.0,1.0,0.0,1.0,0.0,1.0,0.0,1.0,0.0,-1.0,-0.0,1,0.0,0,0.0,0,0.0,-1,-0.0,1,0.0,-1.0,-0.0,-1.0,-0.0,0,0.0,-1,-0.0,1.0,0.0,-1.0,-0.0,-1.0,-0.0,-1.0,-0.0
20170525,QPLN7,1.0,0.00274464266864,47495.0,metal,1495745031,1.0,0.0,0.0,1.0,0.0,-1.0,-0.0,1,0.0,-1.0,-0.0,1.0,0.0,0.0,0.0,-1.0,-0.0,1.0,0.0,-1.0,-0.0,-1.0,-0.0,0,0.0,-1,-0.0,1,0.0,1,0.0,-1.0,-0.0,-1.0,-0.0,0.0,0.0,1.0,0.0,-1.0,-0.0,0,0.0,-1.0,-0.0,1.0,0.0,1,0.0,1,0.0,0.0,0.0,1.0,0.0,1.0,0.0,-1.0,-0.0,1.0,0.0,1.0,0.0,-1.0,-0.0,1.0,0.0,-1,-0.0,-1.0,-0.0,1,0.0,1.0,0.0,1.0,0.0,1.0,0.0,1.0,0.0,1.0,0.0,0.0,0.0,0.0,0.0,-1.0,-0.0,-1.0,-0.0,1.0,0.0,1.0,0.0,-1,-0.0,1,0.0,-1.0,-0.0,-1.0,-0.0,-1.0,-0.0,0.0,0.0,1.0,0.0,1.0,0.0,0.0,0.0,-1.0,-0.0,-1.0,-0.0,-1,-0.0,-1,-0.0,-1.0,-0.0,0,0.0,1.0,0.0,-1.0,-0.0,1,0.0,1.0,0.0,-1.0,-0.0,-1,-0.0,-1,-0.0,0.0,0.0,-1.0,-0.0,1.0,0.0,-1.0,-0.0,0.0,0.0,-1.0,-0.0,1.0,0.0,1,0.0,1,0.0,-1,-0.0,-1,-0.0,-1,-0.0,1.0,0.0,1.0,0.0,0,0.0,1,0.0,-1.0,-0.0,0.0,0.0,1.0,0.0,-1.0,-0.0
20170525,QRBN7,-1.0,-0.028951201748,67195.8,energy,1495745031,1.0,-0.0,0.0,0.0,-0.0,1.0,-0.0,-1,0.0,-1.0,0.0,-1.0,0.0,0.0,-0.0,1.0,-0.0,-1.0,0.0,1.0,-0.0,-1.0,0.0,-1,0.0,-1,0.0,-1,0.0,-1,0.0,1.0,-0.0,1.0,-0.0,-1.0,0.0,-1.0,0.0,1.0,-0.0,0,-0.0,-1.0,0.0,-1.0,0.0,1,-0.0,0,-0.0,1.0,-0.0,-1.0,0.0,1.0,-0.0,1.0,-0.0,1.0,-0.0,0.0,-0.0,0.0,-0.0,-1.0,0.0,-1,0.0,1.0,-0.0,1,-0.0,-1.0,0.0,0.0,-0.0,1.0,-0.0,-1.0,0.0,1.0,-0.0,1.0,-0.0,-1.0,0.0,1.0,-0.0,-1.0,0.0,-1.0,0.0,1.0,-0.0,-1,0.0,1,-0.0,0.0,-0.0,-1.0,0.0,-1.0,0.0,1.0,-0.0,1.0,-0.0,-1.0,0.0,-1.0,0.0,1.0,-0.0,1.0,-0.0,-1,0.0,0,-0.0,-1.0,0.0,0,-0.0,-1.0,0.0,-1.0,0.0,-1,0.0,1.0,-0.0,0.0,-0.0,-1,0.0,0,-0.0,-1.0,0.0,-1.0,0.0,1.0,-0.0,1.0,-0.0,1.0,-0.0,1.0,-0.0,-1.0,0.0,1,-0.0,0,-0.0,1,-0.0,1,-0.0,1,-0.0,-1.0,0.0,1.0,-0.0,1,-0.0,1,-0.0,1.0,-0.0,0.0,-0.0,-1.0,0.0,1.0,-0.0
20170525,@YMM7,1.0,0.00376459375745,105320.0,index,1495745031,1.0,0.0,0.0,0.0,0.0,1.0,0.0,-1,-0.0,-1.0,-0.0,-1.0,-0.0,0.0,0.0,-1.0,-0.0,1.0,0.0,-1.0,-0.0,1.0,0.0,-1,-0.0,-1,-0.0,-1,-0.0,-1,-0.0,-1.0,-0.0,-1.0,-0.0,-1.0,-0.0,-1.0,-0.0,1.0,0.0,0,0.0,-1.0,-0.0,-1.0,-0.0,-1,-0.0,0,0.0,1.0,0.0,1.0,0.0,1.0,0.0,1.0,0.0,-1.0,-0.0,0.0,0.0,0.0,0.0,1.0,0.0,-1,-0.0,1.0,0.0,1,0.0,1.0,0.0,0.0,0.0,-1.0,-0.0,1.0,0.0,1.0,0.0,1.0,0.0,-1.0,-0.0,1.0,0.0,-1.0,-0.0,-1.0,-0.0,1.0,0.0,-1,-0.0,1,0.0,0.0,0.0,1.0,0.0,-1.0,-0.0,1.0,0.0,1.0,0.0,-1.0,-0.0,-1.0,-0.0,1.0,0.0,-1.0,-0.0,1,0.0,0,0.0,-1.0,-0.0,0,0.0,-1.0,-0.0,1.0,0.0,-1,-0.0,1.0,0.0,0.0,0.0,1,0.0,0,0.0,-1.0,-0.0,-1.0,-0.0,1.0,0.0,1.0,0.0,1.0,0.0,-1.0,-0.0,1.0,0.0,-1,-0.0,0,0.0,1,0.0,1,0.0,-1,-0.0,1.0,0.0,-1.0,-0.0,1,0.0,1,0.0,1.0,0.0,0.0,0.0,1.0,0.0,-1.0,-0.0
20170525,QSIN7,1.0,0.001635800666,85725.0,metal,1495745031,1.0,0.0,0.0,1.0,0.0,1.0,0.0,-1,-0.0,-1.0,-0.0,1.0,0.0,-1.0,-0.0,-1.0,-0.0,-1.0,-0.0,-1.0,-0.0,-1.0,-0.0,0,0.0,-1,-0.0,1,0.0,0,0.0,-1.0,-0.0,-1.0,-0.0,0.0,0.0,1.0,0.0,-1.0,-0.0,0,0.0,-1.0,-0.0,1.0,0.0,1,0.0,1,0.0,0.0,0.0,1.0,0.0,1.0,0.0,-1.0,-0.0,1.0,0.0,1.0,0.0,-1.0,-0.0,1.0,0.0,-1,-0.0,-1.0,-0.0,1,0.0,1.0,0.0,1.0,0.0,1.0,0.0,1.0,0.0,1.0,0.0,0.0,0.0,0.0,0.0,-1.0,-0.0,-1.0,-0.0,1.0,0.0,1.0,0.0,-1,-0.0,1,0.0,-1.0,-0.0,-1.0,-0.0,-1.0,-0.0,0.0,0.0,1.0,0.0,1.0,0.0,0.0,0.0,-1.0,-0.0,-1.0,-0.0,-1,-0.0,-1,-0.0,-1.0,-0.0,0,0.0,1.0,0.0,-1.0,-0.0,-1,-0.0,1.0,0.0,-1.0,-0.0,-1,-0.0,-1,-0.0,0.0,0.0,-1.0,-0.0,1.0,0.0,-1.0,-0.0,0.0,0.0,-1.0,-0.0,1.0,0.0,1,0.0,1,0.0,0,0.0,1,0.0,-1,-0.0,1.0,0.0,1.0,0.0,0,0.0,1,0.0,-1.0,-0.0,1.0,0.0,1.0,0.0,1.0,0.0
20170525,@SMN7,-1.0,-0.0048955613577,30490.0,grain,1495736297,1.0,-149.265665796,149.265665796,0.0,-0.0,1.0,-149.265665796,-1,149.265665796,1.0,-149.265665796,-1.0,149.265665796,0.0,-0.0,1.0,-149.265665796,-1.0,149.265665796,1.0,-149.265665796,-1.0,149.265665796,-1,149.265665796,-1,149.265665796,-1,149.265665796,-1,149.265665796,1.0,-149.265665796,1.0,-149.265665796,0.0,-0.0,-1.0,149.265665796,1.0,-149.265665796,0,-0.0,-1.0,149.265665796,-1.0,149.265665796,-1,149.265665796,-1,149.265665796,1.0,-149.265665796,-1.0,149.265665796,1.0,-149.265665796,1.0,-149.265665796,1.0,-149.265665796,0.0,-0.0,0.0,-0.0,-1.0,149.265665796,1,-149.265665796,1.0,-149.265665796,-1,149.265665796,-1.0,149.265665796,-1.0,149.265665796,-1.0,149.265665796,-1.0,149.265665796,-1.0,149.265665796,0.0,-0.0,0.0,-0.0,1.0,-149.265665796,1.0,-149.265665796,-1.0,149.265665796,-1.0,149.265665796,-1,149.265665796,1,-149.265665796,1.0,-149.265665796,1.0,-149.265665796,1.0,-149.265665796,0.0,-0.0,-1.0,149.265665796,-1.0,149.265665796,-1.0,149.265665796,1.0,-149.265665796,1.0,-149.265665796,-1,149.265665796,0,-0.0,-1.0,149.265665796,0,-0.0,-1.0,149.265665796,-1.0,149.265665796,-1,149.265665796,1.0,-149.265665796,0.0,-0.0,1,-149.265665796,1,-149.265665796,-1.0,149.265665796,-1.0,149.265665796,1.0,-149.265665796,1.0,-149.265665796,1.0,-149.265665796,1.0,-149.265665796,-1.0,149.265665796,1,-149.265665796,0,-0.0,1,-149.265665796,1,-149.265665796,1,-149.265665796,-1.0,149.265665796,1.0,-149.265665796,1,-149.265665796,1,-149.265665796,1.0,-149.265665796,0.0,-0.0,-1.0,149.265665796,1.0,-149.265665796
20170525,@TUM7,1.0,0.0,216656.25,rates,1495745031,2.0,0.0,0.0,1.0,0.0,1.0,0.0,-1,-0.0,-1.0,-0.0,1.0,0.0,-1.0,-0.0,-1.0,-0.0,-1.0,-0.0,-1.0,-0.0,-1.0,-0.0,0,0.0,-1,-0.0,1,0.0,0,0.0,-1.0,-0.0,-1.0,-0.0,0.0,0.0,1.0,0.0,-1.0,-0.0,0,0.0,1.0,0.0,1.0,0.0,1,0.0,1,0.0,0.0,0.0,1.0,0.0,1.0,0.0,-1.0,-0.0,1.0,0.0,1.0,0.0,-1.0,-0.0,1.0,0.0,-1,-0.0,-1.0,-0.0,1,0.0,1.0,0.0,1.0,0.0,1.0,0.0,1.0,0.0,1.0,0.0,0.0,0.0,0.0,0.0,-1.0,-0.0,-1.0,-0.0,1.0,0.0,1.0,0.0,-1,-0.0,-1,-0.0,-1.0,-0.0,-1.0,-0.0,-1.0,-0.0,0.0,0.0,1.0,0.0,1.0,0.0,1.0,0.0,-1.0,-0.0,-1.0,-0.0,1,0.0,0,0.0,-1.0,-0.0,0,0.0,1.0,0.0,-1.0,-0.0,-1,-0.0,1.0,0.0,-1.0,-0.0,-1,-0.0,-1,-0.0,0.0,0.0,1.0,0.0,-1.0,-0.0,-1.0,-0.0,-1.0,-0.0,-1.0,-0.0,1.0,0.0,-1,-0.0,0,0.0,0,0.0,1,0.0,-1,-0.0,1.0,0.0,1.0,0.0,0,0.0,1,0.0,-1.0,-0.0,1.0,0.0,1.0,0.0,1.0,0.0
20170525,@TYM7,1.0,0.000743678730788,126156.25,rates,1495745031,1.0,93.819719881,93.819719881,1.0,93.819719881,-1.0,-93.819719881,1,93.819719881,-1.0,-93.819719881,1.0,93.819719881,0.0,0.0,-1.0,-93.819719881,1.0,93.819719881,-1.0,-93.819719881,-1.0,-93.819719881,0,0.0,-1,-93.819719881,1,93.819719881,1,93.819719881,-1.0,-93.819719881,-1.0,-93.819719881,0.0,0.0,1.0,93.819719881,-1.0,-93.819719881,0,0.0,1.0,93.819719881,1.0,93.819719881,1,93.819719881,1,93.819719881,0.0,0.0,1.0,93.819719881,1.0,93.819719881,-1.0,-93.819719881,1.0,93.819719881,1.0,93.819719881,-1.0,-93.819719881,1.0,93.819719881,-1,-93.819719881,-1.0,-93.819719881,1,93.819719881,1.0,93.819719881,1.0,93.819719881,1.0,93.819719881,1.0,93.819719881,1.0,93.819719881,0.0,0.0,0.0,0.0,-1.0,-93.819719881,-1.0,-93.819719881,1.0,93.819719881,1.0,93.819719881,-1,-93.819719881,-1,-93.819719881,-1.0,-93.819719881,-1.0,-93.819719881,-1.0,-93.819719881,0.0,0.0,1.0,93.819719881,1.0,93.819719881,1.0,93.819719881,-1.0,-93.819719881,-1.0,-93.819719881,1,93.819719881,0,0.0,-1.0,-93.819719881,0,0.0,1.0,93.819719881,-1.0,-93.819719881,1,93.819719881,1.0,93.819719881,-1.0,-93.819719881,-1,-93.819719881,-1,-93.819719881,0.0,0.0,1.0,93.819719881,-1.0,-93.819719881,-1.0,-93.819719881,-1.0,-93.819719881,-1.0,-93.819719881,1.0,93.819719881,-1,-93.819719881,0,0.0,-1,-93.819719881,-1,-93.819719881,-1,-93.819719881,1.0,93.819719881,1.0,93.819719881,0,0.0,1,93.819719881,-1.0,-93.819719881,0.0,0.0,1.0,93.819719881,-1.0,-93.819719881
20170525,@USM7,1.0,0.00203541624262,153843.75,rates,1495745031,1.0,0.0,0.0,1.0,0.0,1.0,0.0,-1,-0.0,-1.0,-0.0,1.0,0.0,-1.0,-0.0,-1.0,-0.0,-1.0,-0.0,-1.0,-0.0,-1.0,-0.0,0,0.0,-1,-0.0,1,0.0,0,0.0,-1.0,-0.0,-1.0,-0.0,0.0,0.0,1.0,0.0,-1.0,-0.0,0,0.0,1.0,0.0,1.0,0.0,1,0.0,1,0.0,0.0,0.0,1.0,0.0,1.0,0.0,-1.0,-0.0,1.0,0.0,1.0,0.0,-1.0,-0.0,1.0,0.0,-1,-0.0,-1.0,-0.0,1,0.0,1.0,0.0,1.0,0.0,1.0,0.0,1.0,0.0,1.0,0.0,0.0,0.0,0.0,0.0,-1.0,-0.0,-1.0,-0.0,1.0,0.0,1.0,0.0,-1,-0.0,-1,-0.0,-1.0,-0.0,-1.0,-0.0,-1.0,-0.0,0.0,0.0,1.0,0.0,1.0,0.0,1.0,0.0,-1.0,-0.0,-1.0,-0.0,1,0.0,0,0.0,-1.0,-0.0,0,0.0,1.0,0.0,-1.0,-0.0,-1,-0.0,1.0,0.0,-1.0,-0.0,-1,-0.0,-1,-0.0,0.0,0.0,1.0,0.0,-1.0,-0.0,-1.0,-0.0,-1.0,-0.0,-1.0,-0.0,1.0,0.0,-1,-0.0,0,0.0,0,0.0,1,0.0,-1,-0.0,1.0,0.0,1.0,0.0,0,0.0,1,0.0,-1.0,-0.0,1.0,0.0,1.0,0.0,1.0,0.0
20170525,@WN7,-1.0,-0.00462427745665,21525.0,grain,1495736297,1.0,-99.5375722543,99.5375722543,-1.0,99.5375722543,-1.0,99.5375722543,-1,99.5375722543,1.0,-99.5375722543,1.0,-99.5375722543,1.0,-99.5375722543,1.0,-99.5375722543,1.0,-99.5375722543,1.0,-99.5375722543,1.0,-99.5375722543,0,-0.0,-1,99.5375722543,-1,99.5375722543,0,-0.0,1.0,-99.5375722543,1.0,-99.5375722543,0.0,-0.0,1.0,-99.5375722543,-1.0,99.5375722543,0,-0.0,-1.0,99.5375722543,1.0,-99.5375722543,-1,99.5375722543,-1,99.5375722543,0.0,-0.0,-1.0,99.5375722543,1.0,-99.5375722543,-1.0,99.5375722543,-1.0,99.5375722543,-1.0,99.5375722543,1.0,-99.5375722543,-1.0,99.5375722543,-1,99.5375722543,1.0,-99.5375722543,-1,99.5375722543,1.0,-99.5375722543,-1.0,99.5375722543,-1.0,99.5375722543,-1.0,99.5375722543,1.0,-99.5375722543,0.0,-0.0,0.0,-0.0,-1.0,99.5375722543,-1.0,99.5375722543,1.0,-99.5375722543,1.0,-99.5375722543,1,-99.5375722543,1,-99.5375722543,1.0,-99.5375722543,1.0,-99.5375722543,-1.0,99.5375722543,0.0,-0.0,1.0,-99.5375722543,-1.0,99.5375722543,-1.0,99.5375722543,-1.0,99.5375722543,-1.0,99.5375722543,1,-99.5375722543,0,-0.0,-1.0,99.5375722543,0,-0.0,1.0,-99.5375722543,1.0,-99.5375722543,1,-99.5375722543,-1.0,99.5375722543,1.0,-99.5375722543,1,-99.5375722543,1,-99.5375722543,0.0,-0.0,-1.0,99.5375722543,1.0,-99.5375722543,1.0,-99.5375722543,1.0,-99.5375722543,1.0,-99.5375722543,1.0,-99.5375722543,-1,99.5375722543,0,-0.0,0,-0.0,1,-99.5375722543,-1,99.5375722543,-1.0,99.5375722543,-1.0,99.5375722543,0,-0.0,1,-99.5375722543,-1.0,99.5375722543,-1.0,99.5375722543,-1.0,99.5375722543,-1.0,99.5375722543
20170525,QNGN7,-1.0,-0.00575757575758,32810.0,energy,1495745031,1.0,-188.906060606,188.906060606,0.0,-0.0,1.0,-188.906060606,-1,188.906060606,1.0,-188.906060606,-1.0,188.906060606,0.0,-0.0,1.0,-188.906060606,-1.0,188.906060606,1.0,-188.906060606,-1.0,188.906060606,-1,188.906060606,-1,188.906060606,-1,188.906060606,-1,188.906060606,1.0,-188.906060606,1.0,-188.906060606,0.0,-0.0,-1.0,188.906060606,1.0,-188.906060606,0,-0.0,1.0,-188.906060606,-1.0,188.906060606,-1,188.906060606,-1,188.906060606,1.0,-188.906060606,-1.0,188.906060606,1.0,-188.906060606,1.0,-188.906060606,1.0,-188.906060606,0.0,-0.0,0.0,-0.0,-1.0,188.906060606,-1,188.906060606,1.0,-188.906060606,-1,188.906060606,-1.0,188.906060606,-1.0,188.906060606,-1.0,188.906060606,-1.0,188.906060606,-1.0,188.906060606,0.0,-0.0,0.0,-0.0,1.0,-188.906060606,1.0,-188.906060606,-1.0,188.906060606,1.0,-188.906060606,-1,188.906060606,-1,188.906060606,1.0,-188.906060606,1.0,-188.906060606,1.0,-188.906060606,0.0,-0.0,-1.0,188.906060606,-1.0,188.906060606,0.0,-0.0,1.0,-188.906060606,1.0,-188.906060606,1,-188.906060606,1,-188.906060606,-1.0,188.906060606,0,-0.0,-1.0,188.906060606,-1.0,188.906060606,-1,188.906060606,1.0,-188.906060606,0.0,-0.0,1,-188.906060606,1,-188.906060606,-1.0,188.906060606,1.0,-188.906060606,-1.0,188.906060606,1.0,-188.906060606,0.0,-0.0,1.0,-188.906060606,-1.0,188.906060606,-1,188.906060606,-1,188.906060606,1,-188.906060606,1,-188.906060606,1,-188.906060606,-1.0,188.906060606,1.0,-188.906060606,1,-188.906060606,1,-188.906060606,1.0,-188.906060606,0.0,-0.0,-1.0,188.906060606,1.0,-188.906060606
20170525,@SFM7,1.0,0.00185058926658,128575.0,currency,1495745031,1.0,0.0,0.0,0.0,0.0,-1.0,-0.0,-1,-0.0,-1.0,-0.0,-1.0,-0.0,1.0,0.0,1.0,0.0,1.0,0.0,-1.0,-0.0,1.0,0.0,-1,-0.0,-1,-0.0,-1,-0.0,0,0.0,-1.0,-0.0,-1.0,-0.0,-1.0,-0.0,-1.0,-0.0,1.0,0.0,0,0.0,-1.0,-0.0,1.0,0.0,-1,-0.0,0,0.0,1.0,0.0,1.0,0.0,1.0,0.0,1.0,0.0,-1.0,-0.0,0.0,0.0,0.0,0.0,1.0,0.0,-1,-0.0,1.0,0.0,1,0.0,1.0,0.0,0.0,0.0,-1.0,-0.0,1.0,0.0,1.0,0.0,1.0,0.0,-1.0,-0.0,1.0,0.0,-1.0,-0.0,-1.0,-0.0,1.0,0.0,-1,-0.0,-1,-0.0,0.0,0.0,1.0,0.0,-1.0,-0.0,1.0,0.0,1.0,0.0,1.0,0.0,0.0,0.0,-1.0,-0.0,1.0,0.0,1,0.0,1,0.0,-1.0,-0.0,0,0.0,-1.0,-0.0,1.0,0.0,1,0.0,1.0,0.0,0.0,0.0,1,0.0,0,0.0,-1.0,-0.0,1.0,0.0,1.0,0.0,-1.0,-0.0,0.0,0.0,-1.0,-0.0,-1.0,-0.0,-1,-0.0,-1,-0.0,0,0.0,1,0.0,-1,-0.0,1.0,0.0,-1.0,-0.0,1,0.0,1,0.0,1.0,0.0,-1.0,-0.0,-1.0,-0.0,-1.0,-0.0
20170525,@NEM7,-1.0,-0.000996583143508,70170.0,currency,1495745031,1.0,-0.0,0.0,0.0,-0.0,-1.0,0.0,-1,0.0,-1.0,0.0,-1.0,0.0,1.0,-0.0,1.0,-0.0,1.0,-0.0,-1.0,0.0,1.0,-0.0,-1,0.0,-1,0.0,-1,0.0,0,-0.0,-1.0,0.0,-1.0,0.0,-1.0,0.0,-1.0,0.0,1.0,-0.0,0,-0.0,-1.0,0.0,1.0,-0.0,-1,0.0,0,-0.0,1.0,-0.0,1.0,-0.0,1.0,-0.0,1.0,-0.0,-1.0,0.0,0.0,-0.0,0.0,-0.0,1.0,-0.0,-1,0.0,1.0,-0.0,1,-0.0,1.0,-0.0,0.0,-0.0,-1.0,0.0,1.0,-0.0,1.0,-0.0,1.0,-0.0,-1.0,0.0,1.0,-0.0,-1.0,0.0,-1.0,0.0,1.0,-0.0,-1,0.0,1,-0.0,0.0,-0.0,1.0,-0.0,-1.0,0.0,1.0,-0.0,1.0,-0.0,-1.0,0.0,-1.0,0.0,-1.0,0.0,-1.0,0.0,1,-0.0,0,-0.0,-1.0,0.0,0,-0.0,-1.0,0.0,1.0,-0.0,1,-0.0,1.0,-0.0,0.0,-0.0,1,-0.0,0,-0.0,-1.0,0.0,-1.0,0.0,1.0,-0.0,1.0,-0.0,1.0,-0.0,-1.0,0.0,1.0,-0.0,-1,0.0,0,-0.0,0,-0.0,1,-0.0,-1,0.0,1.0,-0.0,-1.0,0.0,1,-0.0,1,-0.0,1.0,-0.0,-1.0,0.0,-1.0,0.0,-1.0,0.0
20170525,QHON7,-1.0,-0.0360690340204,65213.4,energy,1495745031,1.0,-0.0,0.0,0.0,-0.0,1.0,-0.0,-1,0.0,-1.0,0.0,-1.0,0.0,0.0,-0.0,1.0,-0.0,-1.0,0.0,1.0,-0.0,-1.0,0.0,-1,0.0,-1,0.0,-1,0.0,-1,0.0,1.0,-0.0,1.0,-0.0,-1.0,0.0,-1.0,0.0,1.0,-0.0,0,-0.0,-1.0,0.0,-1.0,0.0,1,-0.0,0,-0.0,1.0,-0.0,-1.0,0.0,1.0,-0.0,1.0,-0.0,1.0,-0.0,0.0,-0.0,0.0,-0.0,-1.0,0.0,-1,0.0,1.0,-0.0,1,-0.0,-1.0,0.0,0.0,-0.0,1.0,-0.0,-1.0,0.0,1.0,-0.0,1.0,-0.0,-1.0,0.0,1.0,-0.0,-1.0,0.0,-1.0,0.0,1.0,-0.0,-1,0.0,1,-0.0,0.0,-0.0,-1.0,0.0,-1.0,0.0,1.0,-0.0,1.0,-0.0,-1.0,0.0,-1.0,0.0,1.0,-0.0,1.0,-0.0,-1,0.0,0,-0.0,-1.0,0.0,0,-0.0,-1.0,0.0,-1.0,0.0,-1,0.0,1.0,-0.0,0.0,-0.0,-1,0.0,0,-0.0,-1.0,0.0,-1.0,0.0,1.0,-0.0,1.0,-0.0,1.0,-0.0,1.0,-0.0,-1.0,0.0,1,-0.0,0,-0.0,1,-0.0,1,-0.0,1,-0.0,-1.0,0.0,1.0,-0.0,1,-0.0,1,-0.0,1.0,-0.0,0.0,-0.0,-1.0,0.0,1.0,-0.0
20170525,@HEN7,1.0,0.00563556668754,32120.0,meat,1495735146,1.0,0.0,0.0,0.0,0.0,1.0,0.0,-1,-0.0,-1.0,-0.0,-1.0,-0.0,0.0,0.0,1.0,0.0,-1.0,-0.0,1.0,0.0,-1.0,-0.0,-1,-0.0,-1,-0.0,-1,-0.0,-1,-0.0,1.0,0.0,1.0,0.0,-1.0,-0.0,-1.0,-0.0,1.0,0.0,0,0.0,1.0,0.0,-1.0,-0.0,1,0.0,0,0.0,1.0,0.0,-1.0,-0.0,1.0,0.0,1.0,0.0,1.0,0.0,0.0,0.0,0.0,0.0,-1.0,-0.0,1,0.0,1.0,0.0,1,0.0,-1.0,-0.0,0.0,0.0,1.0,0.0,-1.0,-0.0,1.0,0.0,1.0,0.0,-1.0,-0.0,1.0,0.0,-1.0,-0.0,-1.0,-0.0,-1.0,-0.0,-1,-0.0,-1,-0.0,0.0,0.0,-1.0,-0.0,-1.0,-0.0,1.0,0.0,1.0,0.0,-1.0,-0.0,0.0,0.0,1.0,0.0,1.0,0.0,1,0.0,1,0.0,-1.0,-0.0,0,0.0,-1.0,-0.0,-1.0,-0.0,-1,-0.0,1.0,0.0,0.0,0.0,-1,-0.0,0,0.0,-1.0,-0.0,1.0,0.0,-1.0,-0.0,1.0,0.0,0.0,0.0,1.0,0.0,-1.0,-0.0,-1,-0.0,-1,-0.0,1,0.0,1,0.0,1,0.0,-1.0,-0.0,1.0,0.0,1,0.0,1,0.0,1.0,0.0,0.0,0.0,-1.0,-0.0,1.0,0.0
20170525,@PXM7,1.0,0.000371609067261,26920.0,currency,1495745031,1.0,0.0,0.0,0.0,0.0,1.0,0.0,-1,-0.0,1.0,0.0,-1.0,-0.0,0.0,0.0,-1.0,-0.0,1.0,0.0,-1.0,-0.0,1.0,0.0,-1,-0.0,-1,-0.0,-1,-0.0,-1,-0.0,-1.0,-0.0,1.0,0.0,0.0,0.0,1.0,0.0,-1.0,-0.0,0,0.0,-1.0,-0.0,-1.0,-0.0,-1,-0.0,-1,-0.0,1.0,0.0,-1.0,-0.0,1.0,0.0,1.0,0.0,-1.0,-0.0,0.0,0.0,0.0,0.0,1.0,0.0,-1,-0.0,1.0,0.0,-1,-0.0,1.0,0.0,-1.0,-0.0,-1.0,-0.0,-1.0,-0.0,1.0,0.0,0.0,0.0,0.0,0.0,-1.0,-0.0,-1.0,-0.0,1.0,0.0,1.0,0.0,-1,-0.0,1,0.0,1.0,0.0,1.0,0.0,-1.0,-0.0,0.0,0.0,1.0,0.0,-1.0,-0.0,-1.0,-0.0,1.0,0.0,-1.0,-0.0,1,0.0,0,0.0,-1.0,-0.0,0,0.0,-1.0,-0.0,1.0,0.0,-1,-0.0,1.0,0.0,0.0,0.0,1,0.0,1,0.0,-1.0,-0.0,-1.0,-0.0,1.0,0.0,1.0,0.0,1.0,0.0,1.0,0.0,1.0,0.0,-1,-0.0,0,0.0,1,0.0,1,0.0,-1,-0.0,1.0,0.0,-1.0,-0.0,1,0.0,1,0.0,1.0,0.0,0.0,0.0,1.0,0.0,-1.0,-0.0
20170525,@ADM7,-1.0,-0.00414383103863,74500.0,currency,1495745031,1.0,-0.0,0.0,0.0,-0.0,-1.0,0.0,-1,0.0,-1.0,0.0,-1.0,0.0,1.0,-0.0,1.0,-0.0,1.0,-0.0,-1.0,0.0,1.0,-0.0,-1,0.0,-1,0.0,-1,0.0,0,-0.0,-1.0,0.0,-1.0,0.0,-1.0,0.0,-1.0,0.0,1.0,-0.0,0,-0.0,-1.0,0.0,1.0,-0.0,-1,0.0,0,-0.0,1.0,-0.0,1.0,-0.0,1.0,-0.0,1.0,-0.0,-1.0,0.0,0.0,-0.0,0.0,-0.0,1.0,-0.0,-1,0.0,1.0,-0.0,1,-0.0,1.0,-0.0,0.0,-0.0,-1.0,0.0,1.0,-0.0,1.0,-0.0,1.0,-0.0,-1.0,0.0,1.0,-0.0,-1.0,0.0,-1.0,0.0,1.0,-0.0,-1,0.0,1,-0.0,0.0,-0.0,1.0,-0.0,-1.0,0.0,1.0,-0.0,1.0,-0.0,-1.0,0.0,-1.0,0.0,-1.0,0.0,-1.0,0.0,1,-0.0,0,-0.0,-1.0,0.0,0,-0.0,-1.0,0.0,1.0,-0.0,1,-0.0,1.0,-0.0,0.0,-0.0,1,-0.0,0,-0.0,-1.0,0.0,-1.0,0.0,1.0,-0.0,1.0,-0.0,1.0,-0.0,-1.0,0.0,1.0,-0.0,-1,0.0,0,-0.0,0,-0.0,1,-0.0,-1,0.0,1.0,-0.0,-1.0,0.0,1,-0.0,1,-0.0,1.0,-0.0,-1.0,0.0,-1.0,0.0,-1.0,0.0
20170525,@BON7,-1.0,-0.00805452292441,19212.0,grain,1495736297,1.0,-0.0,0.0,0.0,-0.0,1.0,-0.0,-1,0.0,-1.0,0.0,-1.0,0.0,0.0,-0.0,1.0,-0.0,-1.0,0.0,1.0,-0.0,-1.0,0.0,-1,0.0,-1,0.0,-1,0.0,-1,0.0,1.0,-0.0,1.0,-0.0,-1.0,0.0,-1.0,0.0,1.0,-0.0,0,-0.0,-1.0,0.0,-1.0,0.0,1,-0.0,0,-0.0,1.0,-0.0,-1.0,0.0,1.0,-0.0,1.0,-0.0,1.0,-0.0,0.0,-0.0,0.0,-0.0,-1.0,0.0,-1,0.0,1.0,-0.0,1,-0.0,-1.0,0.0,0.0,-0.0,1.0,-0.0,-1.0,0.0,1.0,-0.0,1.0,-0.0,-1.0,0.0,1.0,-0.0,-1.0,0.0,-1.0,0.0,1.0,-0.0,-1,0.0,1,-0.0,0.0,-0.0,-1.0,0.0,-1.0,0.0,1.0,-0.0,1.0,-0.0,-1.0,0.0,-1.0,0.0,1.0,-0.0,1.0,-0.0,-1,0.0,0,-0.0,-1.0,0.0,0,-0.0,-1.0,0.0,-1.0,0.0,-1,0.0,1.0,-0.0,0.0,-0.0,-1,0.0,0,-0.0,-1.0,0.0,-1.0,0.0,1.0,-0.0,1.0,-0.0,1.0,-0.0,1.0,-0.0,-1.0,0.0,1,-0.0,0,-0.0,1,-0.0,1,-0.0,1,-0.0,-1.0,0.0,1.0,-0.0,1,-0.0,1,-0.0,1.0,-0.0,0.0,-0.0,-1.0,0.0,1.0,-0.0
20170525,@BPM7,-1.0,-0.000848896434635,80918.75,currency,1495745031,1.0,-0.0,0.0,0.0,-0.0,1.0,-0.0,-1,0.0,1.0,-0.0,-1.0,0.0,0.0,-0.0,1.0,-0.0,-1.0,0.0,1.0,-0.0,-1.0,0.0,-1,0.0,-1,0.0,-1,0.0,-1,0.0,1.0,-0.0,1.0,-0.0,0.0,-0.0,-1.0,0.0,1.0,-0.0,0,-0.0,1.0,-0.0,-1.0,0.0,-1,0.0,-1,0.0,1.0,-0.0,-1.0,0.0,1.0,-0.0,1.0,-0.0,1.0,-0.0,0.0,-0.0,0.0,-0.0,-1.0,0.0,-1,0.0,1.0,-0.0,-1,0.0,-1.0,0.0,-1.0,0.0,-1.0,0.0,-1.0,0.0,-1.0,0.0,0.0,-0.0,0.0,-0.0,1.0,-0.0,1.0,-0.0,-1.0,0.0,1.0,-0.0,-1,0.0,-1,0.0,1.0,-0.0,1.0,-0.0,1.0,-0.0,0.0,-0.0,-1.0,0.0,-1.0,0.0,0.0,-0.0,1.0,-0.0,1.0,-0.0,1,-0.0,1,-0.0,-1.0,0.0,0,-0.0,-1.0,0.0,-1.0,0.0,-1,0.0,1.0,-0.0,0.0,-0.0,1,-0.0,1,-0.0,-1.0,0.0,1.0,-0.0,-1.0,0.0,1.0,-0.0,0.0,-0.0,1.0,-0.0,-1.0,0.0,-1,0.0,-1,0.0,1,-0.0,1,-0.0,1,-0.0,-1.0,0.0,1.0,-0.0,1,-0.0,1,-0.0,1.0,-0.0,0.0,-0.0,-1.0,0.0,1.0,-0.0
20170525,@CN7,-1.0,-0.00606060606061,18450.0,grain,1495736297,1.0,-111.818181818,111.818181818,-1.0,111.818181818,-1.0,111.818181818,-1,111.818181818,1.0,-111.818181818,1.0,-111.818181818,1.0,-111.818181818,1.0,-111.818181818,1.0,-111.818181818,1.0,-111.818181818,1.0,-111.818181818,0,-0.0,-1,111.818181818,-1,111.818181818,0,-0.0,1.0,-111.818181818,1.0,-111.818181818,0.0,-0.0,1.0,-111.818181818,-1.0,111.818181818,0,-0.0,-1.0,111.818181818,1.0,-111.818181818,-1,111.818181818,-1,111.818181818,0.0,-0.0,-1.0,111.818181818,1.0,-111.818181818,-1.0,111.818181818,-1.0,111.818181818,-1.0,111.818181818,1.0,-111.818181818,-1.0,111.818181818,-1,111.818181818,1.0,-111.818181818,-1,111.818181818,1.0,-111.818181818,-1.0,111.818181818,-1.0,111.818181818,-1.0,111.818181818,1.0,-111.818181818,0.0,-0.0,0.0,-0.0,-1.0,111.818181818,-1.0,111.818181818,1.0,-111.818181818,1.0,-111.818181818,1,-111.818181818,1,-111.818181818,1.0,-111.818181818,1.0,-111.818181818,-1.0,111.818181818,0.0,-0.0,1.0,-111.818181818,-1.0,111.818181818,-1.0,111.818181818,-1.0,111.818181818,-1.0,111.818181818,1,-111.818181818,0,-0.0,-1.0,111.818181818,0,-0.0,1.0,-111.818181818,1.0,-111.818181818,1,-111.818181818,-1.0,111.818181818,1.0,-111.818181818,1,-111.818181818,1,-111.818181818,0.0,-0.0,-1.0,111.818181818,1.0,-111.818181818,1.0,-111.818181818,1.0,-111.818181818,1.0,-111.818181818,1.0,-111.818181818,-1,111.818181818,0,-0.0,0,-0.0,1,-111.818181818,-1,111.818181818,-1.0,111.818181818,-1.0,111.818181818,0,-0.0,1,-111.818181818,-1.0,111.818181818,-1.0,111.818181818,-1.0,111.818181818,-1.0,111.818181818
20170525,@CDM7,-1.0,-0.00375990331677,74190.0,currency,1495745031,1.0,-0.0,0.0,0.0,-0.0,1.0,-0.0,-1,0.0,-1.0,0.0,-1.0,0.0,0.0,-0.0,-1.0,0.0,1.0,-0.0,-1.0,0.0,1.0,-0.0,-1,0.0,-1,0.0,-1,0.0,-1,0.0,-1.0,0.0,-1.0,0.0,-1.0,0.0,-1.0,0.0,1.0,-0.0,0,-0.0,-1.0,0.0,-1.0,0.0,-1,0.0,0,-0.0,1.0,-0.0,1.0,-0.0,1.0,-0.0,1.0,-0.0,-1.0,0.0,0.0,-0.0,0.0,-0.0,1.0,-0.0,-1,0.0,1.0,-0.0,1,-0.0,1.0,-0.0,0.0,-0.0,-1.0,0.0,1.0,-0.0,1.0,-0.0,1.0,-0.0,-1.0,0.0,1.0,-0.0,-1.0,0.0,-1.0,0.0,1.0,-0.0,-1,0.0,-1,0.0,0.0,-0.0,1.0,-0.0,-1.0,0.0,1.0,-0.0,1.0,-0.0,1.0,-0.0,0.0,-0.0,1.0,-0.0,1.0,-0.0,1,-0.0,1,-0.0,-1.0,0.0,0,-0.0,-1.0,0.0,1.0,-0.0,-1,0.0,1.0,-0.0,0.0,-0.0,1,-0.0,0,-0.0,-1.0,0.0,1.0,-0.0,1.0,-0.0,-1.0,0.0,0.0,-0.0,-1.0,0.0,-1.0,0.0,-1,0.0,-1,0.0,1,-0.0,1,-0.0,-1,0.0,1.0,-0.0,-1.0,0.0,1,-0.0,1,-0.0,1.0,-0.0,0.0,-0.0,1.0,-0.0,-1.0,0.0
20170525,QCLN7,-1.0,-0.0523753894081,48670.0,energy,1495745031,1.0,-2549.11020249,2549.11020249,0.0,-0.0,1.0,-2549.11020249,-1,2549.11020249,-1.0,2549.11020249,-1.0,2549.11020249,0.0,-0.0,1.0,-2549.11020249,-1.0,2549.11020249,1.0,-2549.11020249,-1.0,2549.11020249,-1,2549.11020249,-1,2549.11020249,-1,2549.11020249,-1,2549.11020249,1.0,-2549.11020249,1.0,-2549.11020249,-1.0,2549.11020249,-1.0,2549.11020249,1.0,-2549.11020249,0,-0.0,-1.0,2549.11020249,-1.0,2549.11020249,1,-2549.11020249,0,-0.0,1.0,-2549.11020249,-1.0,2549.11020249,1.0,-2549.11020249,1.0,-2549.11020249,1.0,-2549.11020249,0.0,-0.0,0.0,-0.0,-1.0,2549.11020249,-1,2549.11020249,1.0,-2549.11020249,1,-2549.11020249,-1.0,2549.11020249,0.0,-0.0,1.0,-2549.11020249,-1.0,2549.11020249,1.0,-2549.11020249,1.0,-2549.11020249,-1.0,2549.11020249,1.0,-2549.11020249,-1.0,2549.11020249,-1.0,2549.11020249,1.0,-2549.11020249,-1,2549.11020249,1,-2549.11020249,0.0,-0.0,-1.0,2549.11020249,-1.0,2549.11020249,1.0,-2549.11020249,1.0,-2549.11020249,-1.0,2549.11020249,-1.0,2549.11020249,1.0,-2549.11020249,1.0,-2549.11020249,-1,2549.11020249,0,-0.0,-1.0,2549.11020249,0,-0.0,-1.0,2549.11020249,-1.0,2549.11020249,-1,2549.11020249,1.0,-2549.11020249,0.0,-0.0,-1,2549.11020249,0,-0.0,-1.0,2549.11020249,-1.0,2549.11020249,1.0,-2549.11020249,1.0,-2549.11020249,1.0,-2549.11020249,1.0,-2549.11020249,-1.0,2549.11020249,1,-2549.11020249,0,-0.0,1,-2549.11020249,1,-2549.11020249,1,-2549.11020249,-1.0,2549.11020249,1.0,-2549.11020249,1,-2549.11020249,1,-2549.11020249,1.0,-2549.11020249,0.0,-0.0,-1.0,2549.11020249,1.0,-2549.11020249
20170525,@ESM7,1.0,0.00478767693589,120675.0,index,1495745031,1.0,577.752914238,577.752914238,0.0,0.0,-1.0,-577.752914238,-1,-577.752914238,-1.0,-577.752914238,-1.0,-577.752914238,1.0,577.752914238,1.0,577.752914238,1.0,577.752914238,-1.0,-577.752914238,1.0,577.752914238,-1,-577.752914238,-1,-577.752914238,-1,-577.752914238,0,0.0,-1.0,-577.752914238,-1.0,-577.752914238,-1.0,-577.752914238,-1.0,-577.752914238,1.0,577.752914238,1,478.767693589,-1.0,-577.752914238,1.0,577.752914238,-1,-577.752914238,0,0.0,1.0,577.752914238,1.0,577.752914238,1.0,577.752914238,1.0,577.752914238,-1.0,-577.752914238,0.0,0.0,0.0,0.0,1.0,577.752914238,-1,-577.752914238,1.0,577.752914238,1,577.752914238,1.0,577.752914238,0.0,0.0,-1.0,-577.752914238,1.0,577.752914238,1.0,577.752914238,1.0,577.752914238,-1.0,-577.752914238,1.0,577.752914238,-1.0,-577.752914238,-1.0,-577.752914238,1.0,577.752914238,-1,-577.752914238,1,577.752914238,0.0,0.0,1.0,577.752914238,-1.0,-577.752914238,1.0,577.752914238,1.0,577.752914238,-1.0,-577.752914238,-1.0,-577.752914238,-1.0,-577.752914238,-1.0,-577.752914238,1,577.752914238,0,0.0,-1.0,-577.752914238,0,0.0,-1.0,-577.752914238,1.0,577.752914238,1,577.752914238,1.0,577.752914238,0.0,0.0,1,577.752914238,0,0.0,-1.0,-577.752914238,-1.0,-577.752914238,1.0,577.752914238,1.0,577.752914238,1.0,577.752914238,-1.0,-577.752914238,1.0,577.752914238,-1,-577.752914238,0,0.0,0,0.0,1,577.752914238,-1,-577.752914238,1.0,577.752914238,-1.0,-577.752914238,1,577.752914238,1,577.752914238,1.0,577.752914238,-1.0,-577.752914238,-1.0,-577.752914238,-1.0,-577.752914238
20170525,@EMDM7,1.0,0.000984479962937,172850.0,index,1495745031,1.0,170.167361594,170.167361594,-1.0,-170.167361594,-1.0,-170.167361594,-1,-170.167361594,1.0,170.167361594,1.0,170.167361594,1.0,170.167361594,1.0,170.167361594,1.0,170.167361594,1.0,170.167361594,1.0,170.167361594,0,0.0,-1,-170.167361594,-1,-170.167361594,0,0.0,1.0,170.167361594,1.0,170.167361594,0.0,0.0,1.0,170.167361594,-1.0,-170.167361594,0,0.0,-1.0,-170.167361594,1.0,170.167361594,-1,-170.167361594,-1,-170.167361594,0.0,0.0,-1.0,-170.167361594,1.0,170.167361594,-1.0,-170.167361594,-1.0,-170.167361594,-1.0,-170.167361594,1.0,170.167361594,-1.0,-170.167361594,-1,-170.167361594,1.0,170.167361594,-1,-170.167361594,1.0,170.167361594,-1.0,-170.167361594,-1.0,-170.167361594,-1.0,-170.167361594,1.0,170.167361594,0.0,0.0,0.0,0.0,-1.0,-170.167361594,-1.0,-170.167361594,1.0,170.167361594,1.0,170.167361594,1,170.167361594,-1,-170.167361594,1.0,170.167361594,1.0,170.167361594,-1.0,-170.167361594,0.0,0.0,1.0,170.167361594,1.0,170.167361594,0.0,0.0,-1.0,-170.167361594,1.0,170.167361594,1,170.167361594,1,170.167361594,-1.0,-170.167361594,0,0.0,1.0,170.167361594,1.0,170.167361594,1,170.167361594,-1.0,-170.167361594,1.0,170.167361594,1,170.167361594,1,170.167361594,0.0,0.0,1.0,170.167361594,1.0,170.167361594,-1.0,-170.167361594,0.0,0.0,1.0,170.167361594,-1.0,-170.167361594,-1,-170.167361594,-1,-170.167361594,0,0.0,1,170.167361594,-1,-170.167361594,-1.0,-170.167361594,-1.0,-170.167361594,0,0.0,1,170.167361594,-1.0,-170.167361594,-1.0,-170.167361594,-1.0,-170.167361594,-1.0,-170.167361594
20170525,@GFQ7,1.0,0.0156381368757,75500.0,meat,1495735146,1.0,0.0,0.0,-1.0,-0.0,-1.0,-0.0,1,0.0,-1.0,-0.0,-1.0,-0.0,1.0,0.0,1.0,0.0,1.0,0.0,1.0,0.0,1.0,0.0,0,0.0,1,0.0,-1,-0.0,0,0.0,1.0,0.0,1.0,0.0,-1.0,-0.0,-1.0,-0.0,1.0,0.0,0,0.0,1.0,0.0,-1.0,-0.0,1,0.0,0,0.0,0.0,0.0,-1.0,-0.0,-1.0,-0.0,1.0,0.0,-1.0,-0.0,-1.0,-0.0,1.0,0.0,-1.0,-0.0,1,0.0,1.0,0.0,1,0.0,-1.0,-0.0,0.0,0.0,1.0,0.0,-1.0,-0.0,1.0,0.0,1.0,0.0,-1.0,-0.0,1.0,0.0,-1.0,-0.0,-1.0,-0.0,-1.0,-0.0,1,0.0,-1,-0.0,0.0,0.0,-1.0,-0.0,-1.0,-0.0,1.0,0.0,1.0,0.0,-1.0,-0.0,0.0,0.0,1.0,0.0,1.0,0.0,1,0.0,1,0.0,1.0,0.0,0,0.0,-1.0,-0.0,1.0,0.0,1,0.0,-1.0,-0.0,1.0,0.0,-1,-0.0,0,0.0,0.0,0.0,1.0,0.0,-1.0,-0.0,1.0,0.0,0.0,0.0,1.0,0.0,-1.0,-0.0,-1,-0.0,-1,-0.0,0,0.0,-1,-0.0,1,0.0,-1.0,-0.0,-1.0,-0.0,0,0.0,-1,-0.0,1.0,0.0,-1.0,-0.0,-1.0,-0.0,-1.0,-0.0
20170525,@FVM7,1.0,0.000197628458498,118617.1875,rates,1495745031,1.0,0.0,0.0,1.0,0.0,-1.0,-0.0,1,0.0,-1.0,-0.0,1.0,0.0,0.0,0.0,-1.0,-0.0,1.0,0.0,-1.0,-0.0,-1.0,-0.0,0,0.0,-1,-0.0,1,0.0,1,0.0,-1.0,-0.0,-1.0,-0.0,0.0,0.0,1.0,0.0,-1.0,-0.0,0,0.0,1.0,0.0,1.0,0.0,1,0.0,1,0.0,0.0,0.0,1.0,0.0,1.0,0.0,-1.0,-0.0,1.0,0.0,1.0,0.0,-1.0,-0.0,1.0,0.0,-1,-0.0,-1.0,-0.0,1,0.0,1.0,0.0,1.0,0.0,1.0,0.0,1.0,0.0,1.0,0.0,0.0,0.0,0.0,0.0,-1.0,-0.0,-1.0,-0.0,1.0,0.0,1.0,0.0,-1,-0.0,-1,-0.0,-1.0,-0.0,-1.0,-0.0,-1.0,-0.0,0.0,0.0,1.0,0.0,1.0,0.0,1.0,0.0,-1.0,-0.0,-1.0,-0.0,1,0.0,0,0.0,-1.0,-0.0,0,0.0,1.0,0.0,-1.0,-0.0,1,0.0,1.0,0.0,-1.0,-0.0,-1,-0.0,-1,-0.0,0.0,0.0,1.0,0.0,-1.0,-0.0,-1.0,-0.0,-1.0,-0.0,-1.0,-0.0,1.0,0.0,-1,-0.0,0,0.0,-1,-0.0,-1,-0.0,-1,-0.0,1.0,0.0,1.0,0.0,0,0.0,1,0.0,-1.0,-0.0,0.0,0.0,1.0,0.0,-1.0,-0.0
20170525,QGCM7,1.0,0.00151623972548,125500.0,metal,1495745031,1.0,0.0,0.0,1.0,0.0,1.0,0.0,-1,-0.0,1.0,0.0,1.0,0.0,-1.0,-0.0,-1.0,-0.0,-1.0,-0.0,-1.0,-0.0,-1.0,-0.0,0,0.0,-1,-0.0,1,0.0,0,0.0,-1.0,-0.0,-1.0,-0.0,1.0,0.0,1.0,0.0,-1.0,-0.0,0,0.0,-1.0,-0.0,1.0,0.0,-1,-0.0,0,0.0,0.0,0.0,1.0,0.0,1.0,0.0,-1.0,-0.0,1.0,0.0,1.0,0.0,-1.0,-0.0,1.0,0.0,-1,-0.0,-1.0,-0.0,-1,-0.0,1.0,0.0,0.0,0.0,-1.0,-0.0,1.0,0.0,-1.0,-0.0,-1.0,-0.0,1.0,0.0,-1.0,-0.0,1.0,0.0,1.0,0.0,1.0,0.0,-1,-0.0,1,0.0,0.0,0.0,1.0,0.0,1.0,0.0,-1.0,-0.0,-1.0,-0.0,1.0,0.0,0.0,0.0,-1.0,-0.0,-1.0,-0.0,-1,-0.0,-1,-0.0,-1.0,-0.0,0,0.0,1.0,0.0,-1.0,-0.0,-1,-0.0,1.0,0.0,-1.0,-0.0,1,0.0,0,0.0,0.0,0.0,-1.0,-0.0,1.0,0.0,-1.0,-0.0,0.0,0.0,-1.0,-0.0,1.0,0.0,1,0.0,1,0.0,0,0.0,1,0.0,-1,-0.0,1.0,0.0,1.0,0.0,0,0.0,1,0.0,-1.0,-0.0,1.0,0.0,1.0,0.0,1.0,0.0
20170525,QHGN7,1.0,0.00464486162183,64887.5,metal,1495745031,1.0,301.393458487,301.393458487,-1.0,-301.393458487,-1.0,-301.393458487,1,301.393458487,-1.0,-301.393458487,-1.0,-301.393458487,1.0,301.393458487,1.0,301.393458487,1.0,301.393458487,1.0,301.393458487,1.0,301.393458487,0,0.0,1,301.393458487,-1,-301.393458487,0,0.0,1.0,301.393458487,1.0,301.393458487,-1.0,-301.393458487,-1.0,-301.393458487,1.0,301.393458487,0,0.0,-1.0,-301.393458487,-1.0,-301.393458487,1,301.393458487,0,0.0,0.0,0.0,-1.0,-301.393458487,-1.0,-301.393458487,1.0,301.393458487,-1.0,-301.393458487,-1.0,-301.393458487,1.0,301.393458487,-1.0,-301.393458487,-1,-301.393458487,1.0,301.393458487,1,301.393458487,-1.0,-301.393458487,0.0,0.0,1.0,301.393458487,-1.0,-301.393458487,1.0,301.393458487,1.0,301.393458487,-1.0,-301.393458487,1.0,301.393458487,-1.0,-301.393458487,-1.0,-301.393458487,1.0,301.393458487,1,301.393458487,1,301.393458487,0.0,0.0,-1.0,-301.393458487,-1.0,-301.393458487,1.0,301.393458487,1.0,301.393458487,-1.0,-301.393458487,-1.0,-301.393458487,1.0,301.393458487,1.0,301.393458487,-1,-301.393458487,0,0.0,1.0,301.393458487,0,0.0,-1.0,-301.393458487,1.0,301.393458487,1,301.393458487,-1.0,-301.393458487,1.0,301.393458487,-1,-301.393458487,0,0.0,0.0,0.0,-1.0,-301.393458487,1.0,301.393458487,1.0,301.393458487,1.0,301.393458487,1.0,301.393458487,-1.0,-301.393458487,1,301.393458487,0,0.0,0,0.0,-1,-301.393458487,1,301.393458487,-1.0,-301.393458487,-1.0,-301.393458487,0,0.0,-1,-301.393458487,1.0,301.393458487,-1.0,-301.393458487,-1.0,-301.393458487,-1.0,-301.393458487
20170525,@JYM7,-1.0,-0.00106080062531,111825.0,currency,1495745031,1.0,-118.624029926,118.624029926,1.0,-118.624029926,1.0,-118.624029926,-1,118.624029926,-1.0,118.624029926,1.0,-118.624029926,-1.0,118.624029926,-1.0,118.624029926,-1.0,118.624029926,-1.0,118.624029926,-1.0,118.624029926,0,-0.0,-1,118.624029926,1,-118.624029926,0,-0.0,-1.0,118.624029926,-1.0,118.624029926,0.0,-0.0,1.0,-118.624029926,-1.0,118.624029926,0,-0.0,1.0,-118.624029926,1.0,-118.624029926,1,-118.624029926,1,-118.624029926,0.0,-0.0,1.0,-118.624029926,1.0,-118.624029926,-1.0,118.624029926,1.0,-118.624029926,1.0,-118.624029926,-1.0,118.624029926,1.0,-118.624029926,-1,118.624029926,-1.0,118.624029926,1,-118.624029926,1.0,-118.624029926,1.0,-118.624029926,1.0,-118.624029926,1.0,-118.624029926,1.0,-118.624029926,0.0,-0.0,0.0,-0.0,-1.0,118.624029926,-1.0,118.624029926,1.0,-118.624029926,1.0,-118.624029926,-1,118.624029926,-1,118.624029926,-1.0,118.624029926,-1.0,118.624029926,-1.0,118.624029926,0.0,-0.0,1.0,-118.624029926,1.0,-118.624029926,1.0,-118.624029926,-1.0,118.624029926,-1.0,118.624029926,1,-118.624029926,0,-0.0,-1.0,118.624029926,0,-0.0,1.0,-118.624029926,-1.0,118.624029926,-1,118.624029926,1.0,-118.624029926,-1.0,118.624029926,-1,118.624029926,-1,118.624029926,0.0,-0.0,1.0,-118.624029926,-1.0,118.624029926,-1.0,118.624029926,-1.0,118.624029926,-1.0,118.624029926,1.0,-118.624029926,-1,118.624029926,0,-0.0,0,-0.0,1,-118.624029926,-1,118.624029926,1.0,-118.624029926,1.0,-118.624029926,0,-0.0,1,-118.624029926,-1.0,118.624029926,1.0,-118.624029926,1.0,-118.624029926,1.0,-118.624029926
20170525,@EUM7,1.0,0.000624331073849,140237.5,currency,1495745031,1.0,87.554628969,87.554628969,0.0,0.0,-1.0,-87.554628969,-1,-87.554628969,-1.0,-87.554628969,-1.0,-87.554628969,1.0,87.554628969,1.0,87.554628969,1.0,87.554628969,-1.0,-87.554628969,1.0,87.554628969,-1,-87.554628969,-1,-87.554628969,-1,-87.554628969,0,0.0,-1.0,-87.554628969,-1.0,-87.554628969,-1.0,-87.554628969,-1.0,-87.554628969,1.0,87.554628969,0,0.0,-1.0,-87.554628969,1.0,87.554628969,-1,-87.554628969,0,0.0,1.0,87.554628969,1.0,87.554628969,1.0,87.554628969,1.0,87.554628969,-1.0,-87.554628969,0.0,0.0,0.0,0.0,1.0,87.554628969,-1,-87.554628969,1.0,87.554628969,1,87.554628969,1.0,87.554628969,0.0,0.0,-1.0,-87.554628969,1.0,87.554628969,1.0,87.554628969,1.0,87.554628969,-1.0,-87.554628969,1.0,87.554628969,-1.0,-87.554628969,-1.0,-87.554628969,1.0,87.554628969,-1,-87.554628969,-1,-87.554628969,0.0,0.0,1.0,87.554628969,-1.0,-87.554628969,1.0,87.554628969,1.0,87.554628969,1.0,87.554628969,0.0,0.0,-1.0,-87.554628969,1.0,87.554628969,1,87.554628969,1,87.554628969,-1.0,-87.554628969,0,0.0,-1.0,-87.554628969,1.0,87.554628969,1,87.554628969,1.0,87.554628969,0.0,0.0,1,87.554628969,0,0.0,-1.0,-87.554628969,1.0,87.554628969,1.0,87.554628969,-1.0,-87.554628969,0.0,0.0,-1.0,-87.554628969,-1.0,-87.554628969,-1,-87.554628969,-1,-87.554628969,0,0.0,1,87.554628969,-1,-87.554628969,1.0,87.554628969,-1.0,-87.554628969,1,87.554628969,1,87.554628969,1.0,87.554628969,-1.0,-87.554628969,-1.0,-87.554628969,-1.0,-87.554628969
20170525,@LEQ7,1.0,0.0104231811549,48470.0,meat,1495735146,1.0,0.0,0.0,0.0,0.0,-1.0,-0.0,1,0.0,-1.0,-0.0,-1.0,-0.0,1.0,0.0,1.0,0.0,1.0,0.0,1.0,0.0,-1.0,-0.0,-1,-0.0,-1,-0.0,-1,-0.0,0,0.0,1.0,0.0,1.0,0.0,-1.0,-0.0,-1.0,-0.0,1.0,0.0,0,0.0,1.0,0.0,-1.0,-0.0,1,0.0,0,0.0,1.0,0.0,-1.0,-0.0,1.0,0.0,1.0,0.0,1.0,0.0,0.0,0.0,0.0,0.0,-1.0,-0.0,1,0.0,1.0,0.0,1,0.0,-1.0,-0.0,0.0,0.0,1.0,0.0,-1.0,-0.0,1.0,0.0,1.0,0.0,-1.0,-0.0,1.0,0.0,-1.0,-0.0,-1.0,-0.0,-1.0,-0.0,-1,-0.0,-1,-0.0,0.0,0.0,-1.0,-0.0,-1.0,-0.0,1.0,0.0,1.0,0.0,-1.0,-0.0,0.0,0.0,1.0,0.0,1.0,0.0,1,0.0,1,0.0,-1.0,-0.0,0,0.0,-1.0,-0.0,-1.0,-0.0,1,0.0,1.0,0.0,0.0,0.0,-1,-0.0,0,0.0,-1.0,-0.0,1.0,0.0,-1.0,-0.0,1.0,0.0,0.0,0.0,1.0,0.0,-1.0,-0.0,-1,-0.0,-1,-0.0,0,0.0,-1,-0.0,1,0.0,-1.0,-0.0,1.0,0.0,1,0.0,1,0.0,1.0,0.0,-1.0,-0.0,-1.0,-0.0,-1.0,-0.0
20170526,QNGN7,1.0,0.00549618320611,32930.0,energy,1495831458,1.0,180.989312977,180.989312977,0.0,0.0,1.0,180.989312977,-1,-180.989312977,1.0,180.989312977,-1.0,-180.989312977,0.0,0.0,1.0,180.989312977,-1.0,-180.989312977,1.0,180.989312977,-1.0,-180.989312977,-1,-180.989312977,-1,-180.989312977,-1,-180.989312977,-1,-180.989312977,1.0,180.989312977,1.0,180.989312977,0.0,0.0,-1.0,-180.989312977,1.0,180.989312977,0,0.0,1.0,180.989312977,-1.0,-180.989312977,-1,-180.989312977,-1,-180.989312977,1.0,180.989312977,-1.0,-180.989312977,1.0,180.989312977,1.0,180.989312977,1.0,180.989312977,0.0,0.0,0.0,0.0,-1.0,-180.989312977,-1,-180.989312977,1.0,180.989312977,-1,-180.989312977,-1.0,-180.989312977,-1.0,-180.989312977,-1.0,-180.989312977,-1.0,-180.989312977,-1.0,-180.989312977,0.0,0.0,0.0,0.0,1.0,180.989312977,1.0,180.989312977,-1.0,-180.989312977,1.0,180.989312977,-1,-180.989312977,-1,-180.989312977,1.0,180.989312977,1.0,180.989312977,1.0,180.989312977,0.0,0.0,-1.0,-180.989312977,-1.0,-180.989312977,0.0,0.0,1.0,180.989312977,1.0,180.989312977,1,180.989312977,1,180.989312977,-1.0,-180.989312977,0,0.0,-1.0,-180.989312977,-1.0,-180.989312977,-1,-180.989312977,1.0,180.989312977,0.0,0.0,1,180.989312977,1,180.989312977,-1.0,-180.989312977,1.0,180.989312977,-1.0,-180.989312977,1.0,180.989312977,0.0,0.0,1.0,180.989312977,-1.0,-180.989312977,-1,-180.989312977,-1,-180.989312977,1,180.989312977,1,180.989312977,1,180.989312977,-1.0,-180.989312977,1.0,180.989312977,1,180.989312977,1,180.989312977,1.0,180.989312977,0.0,0.0,-1.0,-180.989312977,1.0,180.989312977
20170526,@NKDM7,-1.0,-0.00479555779909,88131.426017,index,1495831458,1.0,-0.0,0.0,-1.0,0.0,-1.0,0.0,-1,0.0,-1.0,0.0,1.0,-0.0,1.0,-0.0,1.0,-0.0,1.0,-0.0,1.0,-0.0,1.0,-0.0,0,-0.0,-1,0.0,-1,0.0,0,-0.0,1.0,-0.0,-1.0,0.0,-1.0,0.0,-1.0,0.0,1.0,-0.0,0,-0.0,-1.0,0.0,1.0,-0.0,-1,0.0,0,-0.0,0.0,-0.0,1.0,-0.0,1.0,-0.0,-1.0,0.0,-1.0,0.0,-1.0,0.0,1.0,-0.0,-1.0,0.0,1,-0.0,1.0,-0.0,1,-0.0,1.0,-0.0,0.0,-0.0,-1.0,0.0,1.0,-0.0,1.0,-0.0,1.0,-0.0,-1.0,0.0,1.0,-0.0,-1.0,0.0,-1.0,0.0,-1.0,0.0,1,-0.0,1,-0.0,0.0,-0.0,1.0,-0.0,-1.0,0.0,1.0,-0.0,1.0,-0.0,-1.0,0.0,-1.0,0.0,-1.0,0.0,-1.0,0.0,1,-0.0,0,-0.0,-1.0,0.0,0,-0.0,1.0,-0.0,1.0,-0.0,1,-0.0,-1.0,0.0,1.0,-0.0,1,-0.0,0,-0.0,0.0,-0.0,-1.0,0.0,1.0,-0.0,1.0,-0.0,1.0,-0.0,-1.0,0.0,1.0,-0.0,-1,0.0,0,-0.0,0,-0.0,1,-0.0,-1,0.0,-1.0,0.0,-1.0,0.0,0,-0.0,1,-0.0,-1.0,0.0,-1.0,0.0,-1.0,0.0,-1.0,0.0
20170526,@NQM7,1.0,0.00172950536147,115840.0,index,1495831458,1.0,0.0,0.0,0.0,0.0,-1.0,-0.0,-1,-0.0,-1.0,-0.0,-1.0,-0.0,1.0,0.0,1.0,0.0,1.0,0.0,-1.0,-0.0,1.0,0.0,-1,-0.0,-1,-0.0,-1,-0.0,0,0.0,-1.0,-0.0,-1.0,-0.0,-1.0,-0.0,-1.0,-0.0,1.0,0.0,0,0.0,-1.0,-0.0,1.0,0.0,-1,-0.0,0,0.0,1.0,0.0,1.0,0.0,1.0,0.0,1.0,0.0,-1.0,-0.0,0.0,0.0,0.0,0.0,1.0,0.0,-1,-0.0,1.0,0.0,1,0.0,1.0,0.0,0.0,0.0,-1.0,-0.0,1.0,0.0,1.0,0.0,1.0,0.0,-1.0,-0.0,1.0,0.0,-1.0,-0.0,-1.0,-0.0,1.0,0.0,-1,-0.0,-1,-0.0,0.0,0.0,1.0,0.0,-1.0,-0.0,1.0,0.0,1.0,0.0,1.0,0.0,0.0,0.0,-1.0,-0.0,1.0,0.0,1,0.0,1,0.0,-1.0,-0.0,0,0.0,-1.0,-0.0,1.0,0.0,1,0.0,1.0,0.0,0.0,0.0,1,0.0,0,0.0,-1.0,-0.0,1.0,0.0,1.0,0.0,-1.0,-0.0,0.0,0.0,-1.0,-0.0,-1.0,-0.0,-1,-0.0,-1,-0.0,0,0.0,1,0.0,-1,-0.0,1.0,0.0,-1.0,-0.0,1,0.0,1,0.0,1.0,0.0,-1.0,-0.0,-1.0,-0.0,-1.0,-0.0
20170526,QPAU7,1.0,0.0254391672088,78805.0,metal,1495831458,1.0,0.0,0.0,0.0,0.0,1.0,0.0,-1,-0.0,1.0,0.0,-1.0,-0.0,0.0,0.0,-1.0,-0.0,1.0,0.0,-1.0,-0.0,1.0,0.0,-1,-0.0,-1,-0.0,-1,-0.0,-1,-0.0,-1.0,-0.0,1.0,0.0,0.0,0.0,1.0,0.0,-1.0,-0.0,0,0.0,-1.0,-0.0,-1.0,-0.0,-1,-0.0,-1,-0.0,1.0,0.0,-1.0,-0.0,1.0,0.0,1.0,0.0,-1.0,-0.0,0.0,0.0,0.0,0.0,1.0,0.0,-1,-0.0,1.0,0.0,-1,-0.0,1.0,0.0,-1.0,-0.0,-1.0,-0.0,-1.0,-0.0,1.0,0.0,0.0,0.0,0.0,0.0,-1.0,-0.0,-1.0,-0.0,1.0,0.0,1.0,0.0,-1,-0.0,1,0.0,1.0,0.0,1.0,0.0,-1.0,-0.0,0.0,0.0,1.0,0.0,-1.0,-0.0,-1.0,-0.0,1.0,0.0,-1.0,-0.0,1,0.0,0,0.0,-1.0,-0.0,0,0.0,-1.0,-0.0,1.0,0.0,-1,-0.0,1.0,0.0,0.0,0.0,1,0.0,1,0.0,-1.0,-0.0,-1.0,-0.0,1.0,0.0,1.0,0.0,1.0,0.0,1.0,0.0,1.0,0.0,-1,-0.0,0,0.0,1,0.0,1,0.0,-1,-0.0,1.0,0.0,-1.0,-0.0,1,0.0,1,0.0,1.0,0.0,0.0,0.0,1.0,0.0,-1.0,-0.0
20170526,QPLN7,1.0,0.00954979536153,48100.0,metal,1495831458,1.0,0.0,0.0,1.0,0.0,-1.0,-0.0,1,0.0,-1.0,-0.0,1.0,0.0,0.0,0.0,-1.0,-0.0,1.0,0.0,-1.0,-0.0,-1.0,-0.0,0,0.0,-1,-0.0,1,0.0,1,0.0,-1.0,-0.0,-1.0,-0.0,0.0,0.0,1.0,0.0,-1.0,-0.0,0,0.0,-1.0,-0.0,1.0,0.0,1,0.0,1,0.0,0.0,0.0,1.0,0.0,1.0,0.0,-1.0,-0.0,1.0,0.0,1.0,0.0,-1.0,-0.0,1.0,0.0,-1,-0.0,-1.0,-0.0,1,0.0,1.0,0.0,1.0,0.0,1.0,0.0,1.0,0.0,1.0,0.0,0.0,0.0,0.0,0.0,-1.0,-0.0,-1.0,-0.0,1.0,0.0,1.0,0.0,-1,-0.0,1,0.0,-1.0,-0.0,-1.0,-0.0,-1.0,-0.0,0.0,0.0,1.0,0.0,1.0,0.0,0.0,0.0,-1.0,-0.0,-1.0,-0.0,-1,-0.0,-1,-0.0,-1.0,-0.0,0,0.0,1.0,0.0,-1.0,-0.0,1,0.0,1.0,0.0,-1.0,-0.0,-1,-0.0,-1,-0.0,0.0,0.0,-1.0,-0.0,1.0,0.0,-1.0,-0.0,0.0,0.0,-1.0,-0.0,1.0,0.0,1,0.0,1,0.0,-1,-0.0,-1,-0.0,-1,-0.0,1.0,0.0,1.0,0.0,0,0.0,1,0.0,-1.0,-0.0,0.0,0.0,1.0,0.0,-1.0,-0.0
20170526,@SFM7,-1.0,-0.00155490767736,128425.0,currency,1495831458,1.0,-0.0,0.0,0.0,-0.0,-1.0,0.0,-1,0.0,-1.0,0.0,-1.0,0.0,1.0,-0.0,1.0,-0.0,1.0,-0.0,-1.0,0.0,1.0,-0.0,-1,0.0,-1,0.0,-1,0.0,0,-0.0,-1.0,0.0,-1.0,0.0,-1.0,0.0,-1.0,0.0,1.0,-0.0,0,-0.0,-1.0,0.0,1.0,-0.0,-1,0.0,0,-0.0,1.0,-0.0,1.0,-0.0,1.0,-0.0,1.0,-0.0,-1.0,0.0,0.0,-0.0,0.0,-0.0,1.0,-0.0,-1,0.0,1.0,-0.0,1,-0.0,1.0,-0.0,0.0,-0.0,-1.0,0.0,1.0,-0.0,1.0,-0.0,1.0,-0.0,-1.0,0.0,1.0,-0.0,-1.0,0.0,-1.0,0.0,1.0,-0.0,-1,0.0,-1,0.0,0.0,-0.0,1.0,-0.0,-1.0,0.0,1.0,-0.0,1.0,-0.0,1.0,-0.0,0.0,-0.0,-1.0,0.0,1.0,-0.0,1,-0.0,1,-0.0,-1.0,0.0,0,-0.0,-1.0,0.0,1.0,-0.0,1,-0.0,1.0,-0.0,0.0,-0.0,1,-0.0,0,-0.0,-1.0,0.0,1.0,-0.0,1.0,-0.0,-1.0,0.0,0.0,-0.0,-1.0,0.0,-1.0,0.0,-1,0.0,-1,0.0,0,-0.0,1,-0.0,-1,0.0,1.0,-0.0,-1.0,0.0,1,-0.0,1,-0.0,1.0,-0.0,-1.0,0.0,-1.0,0.0,-1.0,0.0
20170526,@SN7,-1.0,-0.0130388504524,46362.5,grain,1495822663,1.0,-0.0,0.0,0.0,-0.0,1.0,-0.0,-1,0.0,1.0,-0.0,-1.0,0.0,0.0,-0.0,1.0,-0.0,-1.0,0.0,1.0,-0.0,-1.0,0.0,-1,0.0,-1,0.0,-1,0.0,-1,0.0,1.0,-0.0,1.0,-0.0,0.0,-0.0,-1.0,0.0,1.0,-0.0,0,-0.0,-1.0,0.0,-1.0,0.0,-1,0.0,-1,0.0,1.0,-0.0,-1.0,0.0,1.0,-0.0,1.0,-0.0,1.0,-0.0,0.0,-0.0,0.0,-0.0,-1.0,0.0,1,-0.0,1.0,-0.0,-1,0.0,-1.0,0.0,-1.0,0.0,-1.0,0.0,-1.0,0.0,-1.0,0.0,0.0,-0.0,0.0,-0.0,1.0,-0.0,1.0,-0.0,-1.0,0.0,-1.0,0.0,-1,0.0,1,-0.0,1.0,-0.0,1.0,-0.0,1.0,-0.0,0.0,-0.0,-1.0,0.0,-1.0,0.0,-1.0,0.0,1.0,-0.0,1.0,-0.0,-1,0.0,0,-0.0,-1.0,0.0,0,-0.0,-1.0,0.0,-1.0,0.0,-1,0.0,1.0,-0.0,0.0,-0.0,1,-0.0,1,-0.0,-1.0,0.0,-1.0,0.0,1.0,-0.0,1.0,-0.0,1.0,-0.0,1.0,-0.0,-1.0,0.0,1,-0.0,0,-0.0,1,-0.0,1,-0.0,1,-0.0,-1.0,0.0,1.0,-0.0,1,-0.0,1,-0.0,1.0,-0.0,0.0,-0.0,-1.0,0.0,1.0,-0.0
20170526,@NEM7,1.0,0.00584045584046,70610.0,currency,1495831458,1.0,0.0,0.0,-1.0,-0.0,1.0,0.0,-1,-0.0,1.0,0.0,-1.0,-0.0,0.0,0.0,1.0,0.0,-1.0,-0.0,1.0,0.0,1.0,0.0,0,0.0,1,0.0,-1,-0.0,-1,-0.0,1.0,0.0,1.0,0.0,0.0,0.0,-1.0,-0.0,1.0,0.0,0,0.0,-1.0,-0.0,-1.0,-0.0,-1,-0.0,-1,-0.0,0.0,0.0,-1.0,-0.0,-1.0,-0.0,1.0,0.0,-1.0,-0.0,-1.0,-0.0,1.0,0.0,-1.0,-0.0,-1,-0.0,1.0,0.0,-1,-0.0,-1.0,-0.0,-1.0,-0.0,-1.0,-0.0,-1.0,-0.0,-1.0,-0.0,0.0,0.0,0.0,0.0,1.0,0.0,1.0,0.0,-1.0,-0.0,1.0,0.0,1,0.0,1,0.0,1.0,0.0,1.0,0.0,1.0,0.0,0.0,0.0,-1.0,-0.0,-1.0,-0.0,-1.0,-0.0,1.0,0.0,1.0,0.0,-1,-0.0,0,0.0,1.0,0.0,0,0.0,-1.0,-0.0,1.0,0.0,-1,-0.0,-1.0,-0.0,1.0,0.0,1,0.0,1,0.0,0.0,0.0,-1.0,-0.0,1.0,0.0,1.0,0.0,1.0,0.0,1.0,0.0,-1.0,-0.0,1,0.0,0,0.0,1,0.0,1,0.0,1,0.0,-1.0,-0.0,-1.0,-0.0,0,0.0,-1,-0.0,1.0,0.0,0.0,0.0,-1.0,-0.0,1.0,0.0
20170526,QSIN7,1.0,0.00825917524574,86675.0,metal,1495831458,1.0,0.0,0.0,1.0,0.0,1.0,0.0,-1,-0.0,-1.0,-0.0,1.0,0.0,-1.0,-0.0,-1.0,-0.0,-1.0,-0.0,-1.0,-0.0,-1.0,-0.0,0,0.0,-1,-0.0,1,0.0,0,0.0,-1.0,-0.0,-1.0,-0.0,0.0,0.0,1.0,0.0,-1.0,-0.0,0,0.0,-1.0,-0.0,1.0,0.0,1,0.0,1,0.0,0.0,0.0,1.0,0.0,1.0,0.0,-1.0,-0.0,1.0,0.0,1.0,0.0,-1.0,-0.0,1.0,0.0,-1,-0.0,-1.0,-0.0,1,0.0,1.0,0.0,1.0,0.0,1.0,0.0,1.0,0.0,1.0,0.0,0.0,0.0,0.0,0.0,-1.0,-0.0,-1.0,-0.0,1.0,0.0,1.0,0.0,-1,-0.0,1,0.0,-1.0,-0.0,-1.0,-0.0,-1.0,-0.0,0.0,0.0,1.0,0.0,1.0,0.0,0.0,0.0,-1.0,-0.0,-1.0,-0.0,-1,-0.0,-1,-0.0,-1.0,-0.0,0,0.0,1.0,0.0,-1.0,-0.0,-1,-0.0,1.0,0.0,-1.0,-0.0,-1,-0.0,-1,-0.0,0.0,0.0,-1.0,-0.0,1.0,0.0,-1.0,-0.0,0.0,0.0,-1.0,-0.0,1.0,0.0,1,0.0,1,0.0,0,0.0,1,0.0,-1,-0.0,1.0,0.0,1.0,0.0,0,0.0,1,0.0,-1.0,-0.0,1.0,0.0,1.0,0.0,1.0,0.0
20170526,@SMN7,-1.0,-0.00853298326223,30210.0,grain,1495822663,1.0,-257.781424352,257.781424352,0.0,-0.0,1.0,-257.781424352,-1,257.781424352,1.0,-257.781424352,-1.0,257.781424352,0.0,-0.0,1.0,-257.781424352,-1.0,257.781424352,1.0,-257.781424352,-1.0,257.781424352,-1,257.781424352,-1,257.781424352,-1,257.781424352,-1,257.781424352,1.0,-257.781424352,1.0,-257.781424352,0.0,-0.0,-1.0,257.781424352,1.0,-257.781424352,0,-0.0,-1.0,257.781424352,-1.0,257.781424352,-1,257.781424352,-1,257.781424352,1.0,-257.781424352,-1.0,257.781424352,1.0,-257.781424352,1.0,-257.781424352,1.0,-257.781424352,0.0,-0.0,0.0,-0.0,-1.0,257.781424352,1,-257.781424352,1.0,-257.781424352,-1,257.781424352,-1.0,257.781424352,-1.0,257.781424352,-1.0,257.781424352,-1.0,257.781424352,-1.0,257.781424352,0.0,-0.0,0.0,-0.0,1.0,-257.781424352,1.0,-257.781424352,-1.0,257.781424352,-1.0,257.781424352,-1,257.781424352,1,-257.781424352,1.0,-257.781424352,1.0,-257.781424352,1.0,-257.781424352,0.0,-0.0,-1.0,257.781424352,-1.0,257.781424352,-1.0,257.781424352,1.0,-257.781424352,1.0,-257.781424352,-1,257.781424352,0,-0.0,-1.0,257.781424352,0,-0.0,-1.0,257.781424352,-1.0,257.781424352,-1,257.781424352,1.0,-257.781424352,0.0,-0.0,1,-257.781424352,1,-257.781424352,-1.0,257.781424352,-1.0,257.781424352,1.0,-257.781424352,1.0,-257.781424352,1.0,-257.781424352,1.0,-257.781424352,-1.0,257.781424352,1,-257.781424352,0,-0.0,1,-257.781424352,1,-257.781424352,1,-257.781424352,-1.0,257.781424352,1.0,-257.781424352,1,-257.781424352,1,-257.781424352,1.0,-257.781424352,0.0,-0.0,-1.0,257.781424352,1.0,-257.781424352
20170526,@TUM7,-1.0,-7.21188518679e-05,216640.625,rates,1495831458,2.0,-31.2477462859,31.2477462859,1.0,-31.2477462859,1.0,-31.2477462859,-1,31.2477462859,1.0,-31.2477462859,1.0,-31.2477462859,-1.0,31.2477462859,-1.0,31.2477462859,-1.0,31.2477462859,-1.0,31.2477462859,-1.0,31.2477462859,0,-0.0,-1,31.2477462859,1,-31.2477462859,0,-0.0,-1.0,31.2477462859,-1.0,31.2477462859,1.0,-31.2477462859,1.0,-31.2477462859,-1.0,31.2477462859,0,-0.0,1.0,-31.2477462859,1.0,-31.2477462859,-1,31.2477462859,0,-0.0,0.0,-0.0,1.0,-31.2477462859,1.0,-31.2477462859,-1.0,31.2477462859,1.0,-31.2477462859,1.0,-31.2477462859,-1.0,31.2477462859,1.0,-31.2477462859,-1,31.2477462859,-1.0,31.2477462859,-1,31.2477462859,1.0,-31.2477462859,0.0,-0.0,-1.0,31.2477462859,1.0,-31.2477462859,-1.0,31.2477462859,-1.0,31.2477462859,1.0,-31.2477462859,-1.0,31.2477462859,1.0,-31.2477462859,1.0,-31.2477462859,1.0,-31.2477462859,-1,31.2477462859,-1,31.2477462859,0.0,-0.0,1.0,-31.2477462859,1.0,-31.2477462859,-1.0,31.2477462859,-1.0,31.2477462859,1.0,-31.2477462859,1.0,-31.2477462859,-1.0,31.2477462859,-1.0,31.2477462859,1,-31.2477462859,0,-0.0,-1.0,31.2477462859,0,-0.0,1.0,-31.2477462859,-1.0,31.2477462859,-1,31.2477462859,1.0,-31.2477462859,-1.0,31.2477462859,1,-31.2477462859,0,-0.0,0.0,-0.0,1.0,-31.2477462859,-1.0,31.2477462859,-1.0,31.2477462859,-1.0,31.2477462859,-1.0,31.2477462859,1.0,-31.2477462859,-1,31.2477462859,0,-0.0,0,-0.0,1,-31.2477462859,-1,31.2477462859,1.0,-31.2477462859,1.0,-31.2477462859,0,-0.0,1,-31.2477462859,-1.0,31.2477462859,1.0,-31.2477462859,1.0,-31.2477462859,1.0,-31.2477462859
20170526,@TYM7,1.0,0.000123839009288,126187.5,rates,1495831458,1.0,15.6269349845,15.6269349845,1.0,15.6269349845,-1.0,-15.6269349845,1,15.6269349845,-1.0,-15.6269349845,1.0,15.6269349845,0.0,0.0,-1.0,-15.6269349845,1.0,15.6269349845,-1.0,-15.6269349845,-1.0,-15.6269349845,0,0.0,-1,-15.6269349845,1,15.6269349845,1,15.6269349845,-1.0,-15.6269349845,-1.0,-15.6269349845,0.0,0.0,1.0,15.6269349845,-1.0,-15.6269349845,0,0.0,1.0,15.6269349845,1.0,15.6269349845,1,15.6269349845,1,15.6269349845,0.0,0.0,1.0,15.6269349845,1.0,15.6269349845,-1.0,-15.6269349845,1.0,15.6269349845,1.0,15.6269349845,-1.0,-15.6269349845,1.0,15.6269349845,-1,-15.6269349845,-1.0,-15.6269349845,1,15.6269349845,1.0,15.6269349845,1.0,15.6269349845,1.0,15.6269349845,1.0,15.6269349845,1.0,15.6269349845,0.0,0.0,0.0,0.0,-1.0,-15.6269349845,-1.0,-15.6269349845,1.0,15.6269349845,1.0,15.6269349845,-1,-15.6269349845,-1,-15.6269349845,-1.0,-15.6269349845,-1.0,-15.6269349845,-1.0,-15.6269349845,0.0,0.0,1.0,15.6269349845,1.0,15.6269349845,1.0,15.6269349845,-1.0,-15.6269349845,-1.0,-15.6269349845,1,15.6269349845,0,0.0,-1.0,-15.6269349845,0,0.0,1.0,15.6269349845,-1.0,-15.6269349845,1,15.6269349845,1.0,15.6269349845,-1.0,-15.6269349845,-1,-15.6269349845,-1,-15.6269349845,0.0,0.0,1.0,15.6269349845,-1.0,-15.6269349845,-1.0,-15.6269349845,-1.0,-15.6269349845,-1.0,-15.6269349845,1.0,15.6269349845,-1,-15.6269349845,0,0.0,-1,-15.6269349845,-1,-15.6269349845,-1,-15.6269349845,1.0,15.6269349845,1.0,15.6269349845,0,0.0,1,15.6269349845,-1.0,-15.6269349845,0.0,0.0,1.0,15.6269349845,-1.0,-15.6269349845
20170526,@USM7,1.0,0.00101564086939,154000.0,rates,1495831458,1.0,0.0,0.0,1.0,0.0,1.0,0.0,-1,-0.0,-1.0,-0.0,1.0,0.0,-1.0,-0.0,-1.0,-0.0,-1.0,-0.0,-1.0,-0.0,-1.0,-0.0,0,0.0,-1,-0.0,1,0.0,0,0.0,-1.0,-0.0,-1.0,-0.0,0.0,0.0,1.0,0.0,-1.0,-0.0,0,0.0,1.0,0.0,1.0,0.0,1,0.0,1,0.0,0.0,0.0,1.0,0.0,1.0,0.0,-1.0,-0.0,1.0,0.0,1.0,0.0,-1.0,-0.0,1.0,0.0,-1,-0.0,-1.0,-0.0,1,0.0,1.0,0.0,1.0,0.0,1.0,0.0,1.0,0.0,1.0,0.0,0.0,0.0,0.0,0.0,-1.0,-0.0,-1.0,-0.0,1.0,0.0,1.0,0.0,-1,-0.0,-1,-0.0,-1.0,-0.0,-1.0,-0.0,-1.0,-0.0,0.0,0.0,1.0,0.0,1.0,0.0,1.0,0.0,-1.0,-0.0,-1.0,-0.0,1,0.0,0,0.0,-1.0,-0.0,0,0.0,1.0,0.0,-1.0,-0.0,-1,-0.0,1.0,0.0,-1.0,-0.0,-1,-0.0,-1,-0.0,0.0,0.0,1.0,0.0,-1.0,-0.0,-1.0,-0.0,-1.0,-0.0,-1.0,-0.0,1.0,0.0,-1,-0.0,0,0.0,0,0.0,1,0.0,-1,-0.0,1.0,0.0,1.0,0.0,0,0.0,1,0.0,-1.0,-0.0,1.0,0.0,1.0,0.0,1.0,0.0
20170526,QRBN7,1.0,0.016043448405,68359.2,energy,1495831458,1.0,0.0,0.0,0.0,0.0,1.0,0.0,-1,-0.0,1.0,0.0,-1.0,-0.0,0.0,0.0,1.0,0.0,-1.0,-0.0,1.0,0.0,-1.0,-0.0,-1,-0.0,-1,-0.0,-1,-0.0,-1,-0.0,1.0,0.0,1.0,0.0,0.0,0.0,-1.0,-0.0,1.0,0.0,0,0.0,-1.0,-0.0,-1.0,-0.0,-1,-0.0,-1,-0.0,1.0,0.0,-1.0,-0.0,1.0,0.0,1.0,0.0,1.0,0.0,0.0,0.0,0.0,0.0,-1.0,-0.0,-1,-0.0,1.0,0.0,-1,-0.0,-1.0,-0.0,-1.0,-0.0,-1.0,-0.0,-1.0,-0.0,-1.0,-0.0,0.0,0.0,0.0,0.0,1.0,0.0,1.0,0.0,-1.0,-0.0,1.0,0.0,-1,-0.0,1,0.0,1.0,0.0,1.0,0.0,1.0,0.0,0.0,0.0,-1.0,-0.0,-1.0,-0.0,-1.0,-0.0,1.0,0.0,1.0,0.0,-1,-0.0,0,0.0,-1.0,-0.0,0,0.0,-1.0,-0.0,-1.0,-0.0,-1,-0.0,1.0,0.0,0.0,0.0,1,0.0,1,0.0,-1.0,-0.0,-1.0,-0.0,1.0,0.0,1.0,0.0,1.0,0.0,1.0,0.0,-1.0,-0.0,1,0.0,0,0.0,1,0.0,1,0.0,1,0.0,-1.0,-0.0,1.0,0.0,1,0.0,1,0.0,1.0,0.0,0.0,0.0,-1.0,-0.0,1.0,0.0
20170526,@PXM7,1.0,0.00167473018236,26915.0,currency,1495831458,1.0,0.0,0.0,0.0,0.0,1.0,0.0,-1,-0.0,1.0,0.0,-1.0,-0.0,0.0,0.0,-1.0,-0.0,1.0,0.0,-1.0,-0.0,1.0,0.0,-1,-0.0,-1,-0.0,-1,-0.0,-1,-0.0,-1.0,-0.0,1.0,0.0,0.0,0.0,1.0,0.0,-1.0,-0.0,0,0.0,-1.0,-0.0,-1.0,-0.0,-1,-0.0,-1,-0.0,1.0,0.0,-1.0,-0.0,1.0,0.0,1.0,0.0,-1.0,-0.0,0.0,0.0,0.0,0.0,1.0,0.0,-1,-0.0,1.0,0.0,-1,-0.0,1.0,0.0,-1.0,-0.0,-1.0,-0.0,-1.0,-0.0,1.0,0.0,0.0,0.0,0.0,0.0,-1.0,-0.0,-1.0,-0.0,1.0,0.0,1.0,0.0,-1,-0.0,1,0.0,1.0,0.0,1.0,0.0,-1.0,-0.0,0.0,0.0,1.0,0.0,-1.0,-0.0,-1.0,-0.0,1.0,0.0,-1.0,-0.0,1,0.0,0,0.0,-1.0,-0.0,0,0.0,-1.0,-0.0,1.0,0.0,-1,-0.0,1.0,0.0,0.0,0.0,1,0.0,1,0.0,-1.0,-0.0,-1.0,-0.0,1.0,0.0,1.0,0.0,1.0,0.0,1.0,0.0,1.0,0.0,-1,-0.0,0,0.0,1,0.0,1,0.0,-1,-0.0,1.0,0.0,-1.0,-0.0,1,0.0,1,0.0,1.0,0.0,0.0,0.0,1.0,0.0,-1.0,-0.0
20170526,QHON7,1.0,0.00887345679012,65898.0,energy,1495831458,1.0,0.0,0.0,-1.0,-0.0,-1.0,-0.0,1,0.0,-1.0,-0.0,-1.0,-0.0,1.0,0.0,1.0,0.0,1.0,0.0,1.0,0.0,1.0,0.0,0,0.0,1,0.0,-1,-0.0,0,0.0,1.0,0.0,1.0,0.0,-1.0,-0.0,-1.0,-0.0,1.0,0.0,0,0.0,-1.0,-0.0,-1.0,-0.0,1,0.0,0,0.0,0.0,0.0,-1.0,-0.0,-1.0,-0.0,1.0,0.0,-1.0,-0.0,-1.0,-0.0,1.0,0.0,-1.0,-0.0,-1,-0.0,1.0,0.0,1,0.0,-1.0,-0.0,0.0,0.0,1.0,0.0,-1.0,-0.0,1.0,0.0,1.0,0.0,-1.0,-0.0,1.0,0.0,-1.0,-0.0,-1.0,-0.0,1.0,0.0,1,0.0,1,0.0,0.0,0.0,-1.0,-0.0,-1.0,-0.0,1.0,0.0,1.0,0.0,-1.0,-0.0,-1.0,-0.0,1.0,0.0,1.0,0.0,-1,-0.0,0,0.0,1.0,0.0,0,0.0,-1.0,-0.0,1.0,0.0,1,0.0,-1.0,-0.0,1.0,0.0,-1,-0.0,0,0.0,0.0,0.0,-1.0,-0.0,1.0,0.0,1.0,0.0,1.0,0.0,1.0,0.0,-1.0,-0.0,1,0.0,0,0.0,0,0.0,-1,-0.0,1,0.0,-1.0,-0.0,-1.0,-0.0,0,0.0,-1,-0.0,1.0,0.0,-1.0,-0.0,-1.0,-0.0,-1.0,-0.0
20170526,@LEQ7,-1.0,-0.0207990115321,47550.0,meat,1495821553,1.0,-0.0,0.0,0.0,-0.0,-1.0,0.0,-1,0.0,-1.0,0.0,-1.0,0.0,1.0,-0.0,1.0,-0.0,1.0,-0.0,-1.0,0.0,1.0,-0.0,-1,0.0,-1,0.0,-1,0.0,0,-0.0,-1.0,0.0,-1.0,0.0,-1.0,0.0,-1.0,0.0,1.0,-0.0,0,-0.0,-1.0,0.0,1.0,-0.0,-1,0.0,0,-0.0,1.0,-0.0,1.0,-0.0,1.0,-0.0,1.0,-0.0,-1.0,0.0,0.0,-0.0,0.0,-0.0,1.0,-0.0,1,-0.0,1.0,-0.0,1,-0.0,1.0,-0.0,0.0,-0.0,-1.0,0.0,1.0,-0.0,1.0,-0.0,1.0,-0.0,-1.0,0.0,1.0,-0.0,-1.0,0.0,-1.0,0.0,-1.0,0.0,-1,0.0,-1,0.0,0.0,-0.0,1.0,-0.0,-1.0,0.0,1.0,-0.0,1.0,-0.0,1.0,-0.0,0.0,-0.0,-1.0,0.0,1.0,-0.0,1,-0.0,1,-0.0,-1.0,0.0,0,-0.0,-1.0,0.0,1.0,-0.0,1,-0.0,1.0,-0.0,0.0,-0.0,1,-0.0,0,-0.0,-1.0,0.0,1.0,-0.0,1.0,-0.0,-1.0,0.0,0.0,-0.0,-1.0,0.0,-1.0,0.0,-1,0.0,-1,0.0,0,-0.0,1,-0.0,-1,0.0,1.0,-0.0,-1.0,0.0,1,-0.0,1,-0.0,1.0,-0.0,-1.0,0.0,-1.0,0.0,-1.0,0.0
20170526,@JYM7,1.0,0.00458023794895,112406.25,currency,1495831458,1.0,514.847371949,514.847371949,1.0,514.847371949,1.0,514.847371949,1,514.847371949,-1.0,-514.847371949,-1.0,-514.847371949,-1.0,-514.847371949,-1.0,-514.847371949,-1.0,-514.847371949,-1.0,-514.847371949,-1.0,-514.847371949,0,0.0,1,514.847371949,1,514.847371949,0,0.0,-1.0,-514.847371949,-1.0,-514.847371949,0.0,0.0,-1.0,-514.847371949,1.0,514.847371949,0,0.0,1.0,514.847371949,-1.0,-514.847371949,1,514.847371949,1,514.847371949,0.0,0.0,1.0,514.847371949,-1.0,-514.847371949,1.0,514.847371949,1.0,514.847371949,1.0,514.847371949,-1.0,-514.847371949,1.0,514.847371949,-1,-514.847371949,-1.0,-514.847371949,1,514.847371949,-1.0,-514.847371949,1.0,514.847371949,1.0,514.847371949,1.0,514.847371949,-1.0,-514.847371949,0.0,0.0,0.0,0.0,1.0,514.847371949,1.0,514.847371949,-1.0,-514.847371949,1.0,514.847371949,-1,-514.847371949,-1,-514.847371949,-1.0,-514.847371949,-1.0,-514.847371949,1.0,514.847371949,0.0,0.0,-1.0,-514.847371949,1.0,514.847371949,1.0,514.847371949,1.0,514.847371949,1.0,514.847371949,-1,-514.847371949,0,0.0,1.0,514.847371949,0,0.0,-1.0,-514.847371949,-1.0,-514.847371949,-1,-514.847371949,1.0,514.847371949,-1.0,-514.847371949,-1,-514.847371949,-1,-514.847371949,0.0,0.0,1.0,514.847371949,-1.0,-514.847371949,-1.0,-514.847371949,-1.0,-514.847371949,-1.0,-514.847371949,-1.0,-514.847371949,1,514.847371949,0,0.0,0,0.0,-1,-514.847371949,1,514.847371949,1.0,514.847371949,1.0,514.847371949,0,0.0,-1,-514.847371949,1.0,514.847371949,1.0,514.847371949,1.0,514.847371949,1.0,514.847371949
20170526,QHGN7,-1.0,-0.0111645813282,64212.5,metal,1495831458,1.0,-716.905678537,716.905678537,0.0,-0.0,1.0,-716.905678537,-1,716.905678537,-1.0,716.905678537,-1.0,716.905678537,0.0,-0.0,-1.0,716.905678537,1.0,-716.905678537,-1.0,716.905678537,1.0,-716.905678537,-1,716.905678537,-1,716.905678537,-1,716.905678537,-1,716.905678537,-1.0,716.905678537,-1.0,716.905678537,-1.0,716.905678537,-1.0,716.905678537,1.0,-716.905678537,0,-0.0,-1.0,716.905678537,-1.0,716.905678537,-1,716.905678537,0,-0.0,1.0,-716.905678537,1.0,-716.905678537,1.0,-716.905678537,1.0,-716.905678537,-1.0,716.905678537,0.0,-0.0,0.0,-0.0,1.0,-716.905678537,-1,716.905678537,1.0,-716.905678537,1,-716.905678537,1.0,-716.905678537,0.0,-0.0,-1.0,716.905678537,1.0,-716.905678537,1.0,-716.905678537,1.0,-716.905678537,-1.0,716.905678537,1.0,-716.905678537,-1.0,716.905678537,-1.0,716.905678537,1.0,-716.905678537,-1,716.905678537,1,-716.905678537,0.0,-0.0,1.0,-716.905678537,-1.0,716.905678537,1.0,-716.905678537,1.0,-716.905678537,-1.0,716.905678537,-1.0,716.905678537,1.0,-716.905678537,-1.0,716.905678537,1,-716.905678537,0,-0.0,-1.0,716.905678537,0,-0.0,-1.0,716.905678537,1.0,-716.905678537,-1,716.905678537,1.0,-716.905678537,0.0,-0.0,1,-716.905678537,0,-0.0,-1.0,716.905678537,-1.0,716.905678537,1.0,-716.905678537,1.0,-716.905678537,1.0,-716.905678537,-1.0,716.905678537,1.0,-716.905678537,-1,716.905678537,0,-0.0,1,-716.905678537,1,-716.905678537,-1,716.905678537,1.0,-716.905678537,-1.0,716.905678537,1,-716.905678537,1,-716.905678537,1.0,-716.905678537,0.0,-0.0,1.0,-716.905678537,-1.0,716.905678537
20170526,QGCQ7,1.0,0.00817590093666,127010.0,metal,1495831458,1.0,0.0,0.0,0.0,0.0,-1.0,-0.0,1,0.0,1.0,0.0,1.0,0.0,0.0,0.0,-1.0,-0.0,1.0,0.0,-1.0,-0.0,1.0,0.0,1,0.0,1,0.0,1,0.0,1,0.0,-1.0,-0.0,-1.0,-0.0,1.0,0.0,1.0,0.0,-1.0,-0.0,0,0.0,-1.0,-0.0,1.0,0.0,-1,-0.0,0,0.0,-1.0,-0.0,1.0,0.0,-1.0,-0.0,-1.0,-0.0,-1.0,-0.0,0.0,0.0,0.0,0.0,1.0,0.0,-1,-0.0,-1.0,-0.0,-1,-0.0,1.0,0.0,0.0,0.0,-1.0,-0.0,1.0,0.0,-1.0,-0.0,-1.0,-0.0,1.0,0.0,-1.0,-0.0,1.0,0.0,1.0,0.0,1.0,0.0,1,0.0,1,0.0,0.0,0.0,1.0,0.0,1.0,0.0,-1.0,-0.0,-1.0,-0.0,1.0,0.0,0.0,0.0,-1.0,-0.0,-1.0,-0.0,-1,-0.0,-1,-0.0,1.0,0.0,0,0.0,1.0,0.0,1.0,0.0,1,0.0,-1.0,-0.0,0.0,0.0,1,0.0,0,0.0,1.0,0.0,-1.0,-0.0,1.0,0.0,-1.0,-0.0,0.0,0.0,-1.0,-0.0,1.0,0.0,1,0.0,1,0.0,-1,-0.0,-1,-0.0,-1,-0.0,1.0,0.0,-1.0,-0.0,-1,-0.0,-1,-0.0,-1.0,-0.0,0.0,0.0,1.0,0.0,-1.0,-0.0
20170526,@FVM7,1.0,0.0,118625.0,rates,1495831458,2.0,0.0,0.0,1.0,0.0,1.0,0.0,-1,-0.0,-1.0,-0.0,1.0,0.0,-1.0,-0.0,-1.0,-0.0,-1.0,-0.0,-1.0,-0.0,-1.0,-0.0,0,0.0,-1,-0.0,1,0.0,0,0.0,-1.0,-0.0,-1.0,-0.0,0.0,0.0,1.0,0.0,-1.0,-0.0,0,0.0,1.0,0.0,1.0,0.0,1,0.0,1,0.0,0.0,0.0,1.0,0.0,1.0,0.0,-1.0,-0.0,1.0,0.0,1.0,0.0,-1.0,-0.0,1.0,0.0,-1,-0.0,-1.0,-0.0,1,0.0,1.0,0.0,1.0,0.0,1.0,0.0,1.0,0.0,1.0,0.0,0.0,0.0,0.0,0.0,-1.0,-0.0,-1.0,-0.0,1.0,0.0,1.0,0.0,-1,-0.0,-1,-0.0,-1.0,-0.0,-1.0,-0.0,-1.0,-0.0,0.0,0.0,1.0,0.0,1.0,0.0,1.0,0.0,-1.0,-0.0,-1.0,-0.0,1,0.0,0,0.0,-1.0,-0.0,0,0.0,1.0,0.0,-1.0,-0.0,-1,-0.0,1.0,0.0,-1.0,-0.0,-1,-0.0,-1,-0.0,0.0,0.0,1.0,0.0,-1.0,-0.0,-1.0,-0.0,-1.0,-0.0,-1.0,-0.0,1.0,0.0,-1,-0.0,0,0.0,0,0.0,1,0.0,-1,-0.0,1.0,0.0,1.0,0.0,0,0.0,1,0.0,-1.0,-0.0,1.0,0.0,1.0,0.0,1.0,0.0
20170526,@ESM7,1.0,0.0,120675.0,index,1495831458,1.0,0.0,0.0,0.0,0.0,-1.0,-0.0,-1,-0.0,-1.0,-0.0,-1.0,-0.0,1.0,0.0,1.0,0.0,1.0,0.0,-1.0,-0.0,1.0,0.0,-1,-0.0,-1,-0.0,-1,-0.0,0,0.0,-1.0,-0.0,-1.0,-0.0,-1.0,-0.0,-1.0,-0.0,1.0,0.0,1,0.0,-1.0,-0.0,1.0,0.0,-1,-0.0,0,0.0,1.0,0.0,1.0,0.0,1.0,0.0,1.0,0.0,-1.0,-0.0,0.0,0.0,0.0,0.0,1.0,0.0,-1,-0.0,1.0,0.0,1,0.0,1.0,0.0,0.0,0.0,-1.0,-0.0,1.0,0.0,1.0,0.0,1.0,0.0,-1.0,-0.0,1.0,0.0,-1.0,-0.0,-1.0,-0.0,1.0,0.0,-1,-0.0,1,0.0,0.0,0.0,1.0,0.0,-1.0,-0.0,1.0,0.0,1.0,0.0,-1.0,-0.0,-1.0,-0.0,-1.0,-0.0,-1.0,-0.0,1,0.0,0,0.0,-1.0,-0.0,0,0.0,-1.0,-0.0,1.0,0.0,1,0.0,1.0,0.0,0.0,0.0,1,0.0,0,0.0,-1.0,-0.0,-1.0,-0.0,1.0,0.0,1.0,0.0,1.0,0.0,-1.0,-0.0,1.0,0.0,-1,-0.0,0,0.0,0,0.0,1,0.0,-1,-0.0,1.0,0.0,-1.0,-0.0,1,0.0,1,0.0,1.0,0.0,-1.0,-0.0,-1.0,-0.0,-1.0,-0.0
20170526,@EMDM7,-1.0,-0.00306376091104,172460.0,index,1495831458,1.0,-528.376206717,528.376206717,-1.0,528.376206717,-1.0,528.376206717,-1,528.376206717,1.0,-528.376206717,1.0,-528.376206717,1.0,-528.376206717,1.0,-528.376206717,1.0,-528.376206717,1.0,-528.376206717,1.0,-528.376206717,0,-0.0,-1,528.376206717,-1,528.376206717,0,-0.0,1.0,-528.376206717,1.0,-528.376206717,0.0,-0.0,1.0,-528.376206717,-1.0,528.376206717,0,-0.0,-1.0,528.376206717,1.0,-528.376206717,-1,528.376206717,-1,528.376206717,0.0,-0.0,-1.0,528.376206717,1.0,-528.376206717,-1.0,528.376206717,-1.0,528.376206717,-1.0,528.376206717,1.0,-528.376206717,-1.0,528.376206717,-1,528.376206717,1.0,-528.376206717,-1,528.376206717,1.0,-528.376206717,-1.0,528.376206717,-1.0,528.376206717,-1.0,528.376206717,1.0,-528.376206717,0.0,-0.0,0.0,-0.0,-1.0,528.376206717,-1.0,528.376206717,1.0,-528.376206717,1.0,-528.376206717,1,-528.376206717,-1,528.376206717,1.0,-528.376206717,1.0,-528.376206717,-1.0,528.376206717,0.0,-0.0,1.0,-528.376206717,1.0,-528.376206717,0.0,-0.0,-1.0,528.376206717,1.0,-528.376206717,1,-528.376206717,1,-528.376206717,-1.0,528.376206717,0,-0.0,1.0,-528.376206717,1.0,-528.376206717,1,-528.376206717,-1.0,528.376206717,1.0,-528.376206717,1,-528.376206717,1,-528.376206717,0.0,-0.0,1.0,-528.376206717,1.0,-528.376206717,-1.0,528.376206717,0.0,-0.0,1.0,-528.376206717,-1.0,528.376206717,-1,528.376206717,-1,528.376206717,0,-0.0,1,-528.376206717,-1,528.376206717,-1.0,528.376206717,-1.0,528.376206717,0,-0.0,1,-528.376206717,-1.0,528.376206717,-1.0,528.376206717,-1.0,528.376206717,-1.0,528.376206717
20170526,@EUM7,-1.0,-0.00258559201141,139837.5,currency,1495831458,1.0,-361.562722896,361.562722896,0.0,-0.0,1.0,-361.562722896,-1,361.562722896,-1.0,361.562722896,-1.0,361.562722896,0.0,-0.0,-1.0,361.562722896,1.0,-361.562722896,-1.0,361.562722896,1.0,-361.562722896,-1,361.562722896,-1,361.562722896,-1,361.562722896,-1,361.562722896,-1.0,361.562722896,-1.0,361.562722896,-1.0,361.562722896,-1.0,361.562722896,1.0,-361.562722896,0,-0.0,-1.0,361.562722896,-1.0,361.562722896,-1,361.562722896,0,-0.0,1.0,-361.562722896,1.0,-361.562722896,1.0,-361.562722896,1.0,-361.562722896,-1.0,361.562722896,0.0,-0.0,0.0,-0.0,1.0,-361.562722896,-1,361.562722896,1.0,-361.562722896,1,-361.562722896,1.0,-361.562722896,0.0,-0.0,-1.0,361.562722896,1.0,-361.562722896,1.0,-361.562722896,1.0,-361.562722896,-1.0,361.562722896,1.0,-361.562722896,-1.0,361.562722896,-1.0,361.562722896,1.0,-361.562722896,-1,361.562722896,-1,361.562722896,0.0,-0.0,1.0,-361.562722896,-1.0,361.562722896,1.0,-361.562722896,1.0,-361.562722896,1.0,-361.562722896,0.0,-0.0,1.0,-361.562722896,1.0,-361.562722896,1,-361.562722896,1,-361.562722896,-1.0,361.562722896,0,-0.0,-1.0,361.562722896,1.0,-361.562722896,-1,361.562722896,1.0,-361.562722896,0.0,-0.0,1,-361.562722896,0,-0.0,-1.0,361.562722896,1.0,-361.562722896,1.0,-361.562722896,-1.0,361.562722896,0.0,-0.0,-1.0,361.562722896,-1.0,361.562722896,-1,361.562722896,-1,361.562722896,1,-361.562722896,1,-361.562722896,-1,361.562722896,1.0,-361.562722896,-1.0,361.562722896,1,-361.562722896,1,-361.562722896,1.0,-361.562722896,0.0,-0.0,1.0,-361.562722896,-1.0,361.562722896
20170526,QCLN7,1.0,0.0177914110429,49770.0,energy,1495831458,1.0,885.478527607,885.478527607,0.0,0.0,1.0,885.478527607,-1,-885.478527607,-1.0,-885.478527607,-1.0,-885.478527607,0.0,0.0,1.0,885.478527607,-1.0,-885.478527607,1.0,885.478527607,-1.0,-885.478527607,-1,-885.478527607,-1,-885.478527607,-1,-885.478527607,-1,-885.478527607,1.0,885.478527607,1.0,885.478527607,-1.0,-885.478527607,-1.0,-885.478527607,1.0,885.478527607,0,0.0,-1.0,-885.478527607,-1.0,-885.478527607,1,885.478527607,0,0.0,1.0,885.478527607,-1.0,-885.478527607,1.0,885.478527607,1.0,885.478527607,1.0,885.478527607,0.0,0.0,0.0,0.0,-1.0,-885.478527607,-1,-885.478527607,1.0,885.478527607,1,885.478527607,-1.0,-885.478527607,0.0,0.0,1.0,885.478527607,-1.0,-885.478527607,1.0,885.478527607,1.0,885.478527607,-1.0,-885.478527607,1.0,885.478527607,-1.0,-885.478527607,-1.0,-885.478527607,1.0,885.478527607,-1,-885.478527607,1,885.478527607,0.0,0.0,-1.0,-885.478527607,-1.0,-885.478527607,1.0,885.478527607,1.0,885.478527607,-1.0,-885.478527607,-1.0,-885.478527607,1.0,885.478527607,1.0,885.478527607,-1,-885.478527607,0,0.0,-1.0,-885.478527607,0,0.0,-1.0,-885.478527607,-1.0,-885.478527607,-1,-885.478527607,1.0,885.478527607,0.0,0.0,-1,-885.478527607,0,0.0,-1.0,-885.478527607,-1.0,-885.478527607,1.0,885.478527607,1.0,885.478527607,1.0,885.478527607,1.0,885.478527607,-1.0,-885.478527607,1,885.478527607,0,0.0,1,885.478527607,1,885.478527607,1,885.478527607,-1.0,-885.478527607,1.0,885.478527607,1,885.478527607,1,885.478527607,1.0,885.478527607,0.0,0.0,-1.0,-885.478527607,1.0,885.478527607
20170526,@CDM7,1.0,0.00283171521036,74370.0,currency,1495831458,1.0,0.0,0.0,-1.0,-0.0,-1.0,-0.0,1,0.0,-1.0,-0.0,-1.0,-0.0,1.0,0.0,1.0,0.0,1.0,0.0,1.0,0.0,1.0,0.0,0,0.0,1,0.0,-1,-0.0,0,0.0,1.0,0.0,1.0,0.0,-1.0,-0.0,-1.0,-0.0,1.0,0.0,0,0.0,1.0,0.0,-1.0,-0.0,1,0.0,0,0.0,0.0,0.0,-1.0,-0.0,-1.0,-0.0,1.0,0.0,-1.0,-0.0,-1.0,-0.0,1.0,0.0,-1.0,-0.0,-1,-0.0,1.0,0.0,1,0.0,-1.0,-0.0,0.0,0.0,1.0,0.0,-1.0,-0.0,1.0,0.0,1.0,0.0,-1.0,-0.0,1.0,0.0,-1.0,-0.0,-1.0,-0.0,1.0,0.0,1,0.0,-1,-0.0,0.0,0.0,-1.0,-0.0,-1.0,-0.0,1.0,0.0,1.0,0.0,-1.0,-0.0,0.0,0.0,1.0,0.0,1.0,0.0,1,0.0,1,0.0,1.0,0.0,0,0.0,-1.0,-0.0,1.0,0.0,1,0.0,-1.0,-0.0,1.0,0.0,-1,-0.0,0,0.0,0.0,0.0,1.0,0.0,-1.0,-0.0,1.0,0.0,0.0,0.0,1.0,0.0,-1.0,-0.0,-1,-0.0,-1,-0.0,0,0.0,-1,-0.0,1,0.0,-1.0,-0.0,-1.0,-0.0,0,0.0,-1,-0.0,1.0,0.0,-1.0,-0.0,-1.0,-0.0,-1.0,-0.0
20170526,@CN7,1.0,0.0121868652674,18687.5,grain,1495822663,1.0,227.742044685,227.742044685,-1.0,-227.742044685,-1.0,-227.742044685,1,227.742044685,1.0,227.742044685,-1.0,-227.742044685,1.0,227.742044685,1.0,227.742044685,1.0,227.742044685,1.0,227.742044685,1.0,227.742044685,0,0.0,1,227.742044685,-1,-227.742044685,0,0.0,1.0,227.742044685,1.0,227.742044685,0.0,0.0,-1.0,-227.742044685,1.0,227.742044685,0,0.0,-1.0,-227.742044685,-1.0,-227.742044685,-1,-227.742044685,-1,-227.742044685,0.0,0.0,-1.0,-227.742044685,-1.0,-227.742044685,1.0,227.742044685,-1.0,-227.742044685,-1.0,-227.742044685,1.0,227.742044685,-1.0,-227.742044685,-1,-227.742044685,1.0,227.742044685,-1,-227.742044685,-1.0,-227.742044685,-1.0,-227.742044685,-1.0,-227.742044685,-1.0,-227.742044685,-1.0,-227.742044685,0.0,0.0,0.0,0.0,1.0,227.742044685,1.0,227.742044685,-1.0,-227.742044685,1.0,227.742044685,1,227.742044685,1,227.742044685,1.0,227.742044685,1.0,227.742044685,1.0,227.742044685,0.0,0.0,-1.0,-227.742044685,-1.0,-227.742044685,-1.0,-227.742044685,1.0,227.742044685,1.0,227.742044685,-1,-227.742044685,0,0.0,1.0,227.742044685,0,0.0,-1.0,-227.742044685,1.0,227.742044685,1,227.742044685,-1.0,-227.742044685,1.0,227.742044685,1,227.742044685,1,227.742044685,0.0,0.0,-1.0,-227.742044685,1.0,227.742044685,1.0,227.742044685,1.0,227.742044685,1.0,227.742044685,-1.0,-227.742044685,1,227.742044685,0,0.0,0,0.0,-1,-227.742044685,1,227.742044685,-1.0,-227.742044685,-1.0,-227.742044685,0,0.0,-1,-227.742044685,1.0,227.742044685,-1.0,-227.742044685,-1.0,-227.742044685,-1.0,-227.742044685
20170526,@BPM7,-1.0,-0.00988798764002,80106.25,currency,1495831458,1.0,-0.0,0.0,0.0,-0.0,1.0,-0.0,-1,0.0,1.0,-0.0,-1.0,0.0,0.0,-0.0,1.0,-0.0,-1.0,0.0,1.0,-0.0,-1.0,0.0,-1,0.0,-1,0.0,-1,0.0,-1,0.0,1.0,-0.0,1.0,-0.0,0.0,-0.0,-1.0,0.0,1.0,-0.0,0,-0.0,1.0,-0.0,-1.0,0.0,-1,0.0,-1,0.0,1.0,-0.0,-1.0,0.0,1.0,-0.0,1.0,-0.0,1.0,-0.0,0.0,-0.0,0.0,-0.0,-1.0,0.0,-1,0.0,1.0,-0.0,-1,0.0,-1.0,0.0,-1.0,0.0,-1.0,0.0,-1.0,0.0,-1.0,0.0,0.0,-0.0,0.0,-0.0,1.0,-0.0,1.0,-0.0,-1.0,0.0,1.0,-0.0,-1,0.0,-1,0.0,1.0,-0.0,1.0,-0.0,1.0,-0.0,0.0,-0.0,-1.0,0.0,-1.0,0.0,0.0,-0.0,1.0,-0.0,1.0,-0.0,1,-0.0,1,-0.0,-1.0,0.0,0,-0.0,-1.0,0.0,-1.0,0.0,-1,0.0,1.0,-0.0,0.0,-0.0,1,-0.0,1,-0.0,-1.0,0.0,1.0,-0.0,-1.0,0.0,1.0,-0.0,0.0,-0.0,1.0,-0.0,-1.0,0.0,-1,0.0,-1,0.0,1,-0.0,1,-0.0,1,-0.0,-1.0,0.0,1.0,-0.0,1,-0.0,1,-0.0,1.0,-0.0,0.0,-0.0,-1.0,0.0,1.0,-0.0
20170526,@BON7,-1.0,-0.0143570536829,18948.0,grain,1495822663,1.0,-0.0,0.0,0.0,-0.0,1.0,-0.0,-1,0.0,1.0,-0.0,-1.0,0.0,0.0,-0.0,1.0,-0.0,-1.0,0.0,1.0,-0.0,-1.0,0.0,-1,0.0,-1,0.0,-1,0.0,-1,0.0,1.0,-0.0,1.0,-0.0,0.0,-0.0,-1.0,0.0,1.0,-0.0,0,-0.0,-1.0,0.0,-1.0,0.0,-1,0.0,-1,0.0,1.0,-0.0,-1.0,0.0,1.0,-0.0,1.0,-0.0,1.0,-0.0,0.0,-0.0,0.0,-0.0,-1.0,0.0,-1,0.0,1.0,-0.0,-1,0.0,-1.0,0.0,-1.0,0.0,-1.0,0.0,-1.0,0.0,-1.0,0.0,0.0,-0.0,0.0,-0.0,1.0,-0.0,1.0,-0.0,-1.0,0.0,1.0,-0.0,-1,0.0,1,-0.0,1.0,-0.0,1.0,-0.0,1.0,-0.0,0.0,-0.0,-1.0,0.0,-1.0,0.0,-1.0,0.0,1.0,-0.0,1.0,-0.0,-1,0.0,0,-0.0,-1.0,0.0,0,-0.0,-1.0,0.0,-1.0,0.0,-1,0.0,1.0,-0.0,0.0,-0.0,1,-0.0,1,-0.0,-1.0,0.0,-1.0,0.0,1.0,-0.0,1.0,-0.0,1.0,-0.0,1.0,-0.0,-1.0,0.0,1,-0.0,0,-0.0,1,-0.0,1,-0.0,1,-0.0,-1.0,0.0,1.0,-0.0,1,-0.0,1,-0.0,1.0,-0.0,0.0,-0.0,-1.0,0.0,1.0,-0.0
20170526,@ADM7,-1.0,-0.00187869028449,74380.0,currency,1495831458,1.0,-0.0,0.0,0.0,-0.0,1.0,-0.0,-1,0.0,-1.0,0.0,-1.0,0.0,0.0,-0.0,1.0,-0.0,-1.0,0.0,1.0,-0.0,-1.0,0.0,-1,0.0,-1,0.0,-1,0.0,-1,0.0,1.0,-0.0,1.0,-0.0,-1.0,0.0,-1.0,0.0,1.0,-0.0,0,-0.0,-1.0,0.0,-1.0,0.0,1,-0.0,0,-0.0,1.0,-0.0,-1.0,0.0,1.0,-0.0,1.0,-0.0,1.0,-0.0,0.0,-0.0,0.0,-0.0,-1.0,0.0,-1,0.0,1.0,-0.0,1,-0.0,-1.0,0.0,0.0,-0.0,1.0,-0.0,-1.0,0.0,1.0,-0.0,1.0,-0.0,-1.0,0.0,1.0,-0.0,-1.0,0.0,-1.0,0.0,1.0,-0.0,-1,0.0,1,-0.0,0.0,-0.0,-1.0,0.0,-1.0,0.0,1.0,-0.0,1.0,-0.0,-1.0,0.0,-1.0,0.0,1.0,-0.0,1.0,-0.0,-1,0.0,0,-0.0,-1.0,0.0,0,-0.0,-1.0,0.0,-1.0,0.0,-1,0.0,1.0,-0.0,0.0,-0.0,-1,0.0,0,-0.0,-1.0,0.0,-1.0,0.0,1.0,-0.0,1.0,-0.0,1.0,-0.0,1.0,-0.0,-1.0,0.0,1,-0.0,0,-0.0,1,-0.0,1,-0.0,1,-0.0,-1.0,0.0,1.0,-0.0,1,-0.0,1,-0.0,1.0,-0.0,0.0,-0.0,-1.0,0.0,1.0,-0.0
20170526,@HEN7,1.0,0.0145826869376,32700.0,meat,1495821553,1.0,0.0,0.0,-1.0,-0.0,-1.0,-0.0,-1,-0.0,-1.0,-0.0,1.0,0.0,1.0,0.0,1.0,0.0,1.0,0.0,1.0,0.0,1.0,0.0,0,0.0,-1,-0.0,-1,-0.0,0,0.0,1.0,0.0,-1.0,-0.0,-1.0,-0.0,-1.0,-0.0,1.0,0.0,0,0.0,-1.0,-0.0,1.0,0.0,-1,-0.0,0,0.0,0.0,0.0,1.0,0.0,1.0,0.0,-1.0,-0.0,-1.0,-0.0,-1.0,-0.0,1.0,0.0,-1.0,-0.0,1,0.0,1.0,0.0,1,0.0,1.0,0.0,0.0,0.0,-1.0,-0.0,1.0,0.0,1.0,0.0,1.0,0.0,-1.0,-0.0,1.0,0.0,-1.0,-0.0,-1.0,-0.0,-1.0,-0.0,1,0.0,-1,-0.0,0.0,0.0,1.0,0.0,-1.0,-0.0,1.0,0.0,1.0,0.0,1.0,0.0,0.0,0.0,-1.0,-0.0,1.0,0.0,1,0.0,1,0.0,-1.0,-0.0,0,0.0,1.0,0.0,1.0,0.0,1,0.0,-1.0,-0.0,1.0,0.0,1,0.0,0,0.0,0.0,0.0,1.0,0.0,1.0,0.0,-1.0,-0.0,0.0,0.0,-1.0,-0.0,-1.0,-0.0,-1,-0.0,-1,-0.0,0,0.0,1,0.0,-1,-0.0,-1.0,-0.0,-1.0,-0.0,0,0.0,1,0.0,-1.0,-0.0,-1.0,-0.0,-1.0,-0.0,-1.0,-0.0
20170526,@GFQ7,-1.0,-0.0289495450786,73375.0,meat,1495821553,1.0,-0.0,0.0,-1.0,0.0,-1.0,0.0,-1,0.0,-1.0,0.0,1.0,-0.0,1.0,-0.0,1.0,-0.0,1.0,-0.0,1.0,-0.0,1.0,-0.0,0,-0.0,-1,0.0,-1,0.0,0,-0.0,1.0,-0.0,-1.0,0.0,-1.0,0.0,-1.0,0.0,1.0,-0.0,0,-0.0,-1.0,0.0,1.0,-0.0,-1,0.0,0,-0.0,0.0,-0.0,1.0,-0.0,1.0,-0.0,-1.0,0.0,-1.0,0.0,-1.0,0.0,1.0,-0.0,-1.0,0.0,1,-0.0,1.0,-0.0,1,-0.0,1.0,-0.0,0.0,-0.0,-1.0,0.0,1.0,-0.0,1.0,-0.0,1.0,-0.0,-1.0,0.0,1.0,-0.0,-1.0,0.0,-1.0,0.0,-1.0,0.0,1,-0.0,-1,0.0,0.0,-0.0,1.0,-0.0,-1.0,0.0,1.0,-0.0,1.0,-0.0,1.0,-0.0,0.0,-0.0,-1.0,0.0,1.0,-0.0,1,-0.0,1,-0.0,-1.0,0.0,0,-0.0,1.0,-0.0,1.0,-0.0,1,-0.0,-1.0,0.0,1.0,-0.0,1,-0.0,0,-0.0,0.0,-0.0,1.0,-0.0,1.0,-0.0,-1.0,0.0,0.0,-0.0,-1.0,0.0,-1.0,0.0,-1,0.0,-1,0.0,0,-0.0,1,-0.0,-1,0.0,-1.0,0.0,-1.0,0.0,0,-0.0,1,-0.0,-1.0,0.0,-1.0,0.0,-1.0,0.0,-1.0,0.0
20170526,@YMM7,-1.0,-0.000142429853297,105300.0,index,1495831458,1.0,-0.0,0.0,0.0,-0.0,1.0,-0.0,-1,0.0,1.0,-0.0,-1.0,0.0,0.0,-0.0,-1.0,0.0,1.0,-0.0,-1.0,0.0,1.0,-0.0,-1,0.0,-1,0.0,-1,0.0,-1,0.0,-1.0,0.0,1.0,-0.0,0.0,-0.0,1.0,-0.0,-1.0,0.0,0,-0.0,-1.0,0.0,-1.0,0.0,-1,0.0,-1,0.0,1.0,-0.0,-1.0,0.0,1.0,-0.0,1.0,-0.0,-1.0,0.0,0.0,-0.0,0.0,-0.0,1.0,-0.0,-1,0.0,1.0,-0.0,-1,0.0,1.0,-0.0,-1.0,0.0,-1.0,0.0,-1.0,0.0,1.0,-0.0,0.0,-0.0,0.0,-0.0,-1.0,0.0,-1.0,0.0,1.0,-0.0,1.0,-0.0,-1,0.0,1,-0.0,1.0,-0.0,1.0,-0.0,-1.0,0.0,0.0,-0.0,1.0,-0.0,-1.0,0.0,-1.0,0.0,1.0,-0.0,-1.0,0.0,1,-0.0,0,-0.0,-1.0,0.0,0,-0.0,-1.0,0.0,1.0,-0.0,-1,0.0,1.0,-0.0,0.0,-0.0,1,-0.0,1,-0.0,-1.0,0.0,-1.0,0.0,1.0,-0.0,1.0,-0.0,1.0,-0.0,1.0,-0.0,1.0,-0.0,-1,0.0,0,-0.0,1,-0.0,1,-0.0,-1,0.0,1.0,-0.0,-1.0,0.0,1,-0.0,1,-0.0,1.0,-0.0,0.0,-0.0,1.0,-0.0,-1.0,0.0
20170526,@WN7,1.0,0.0174114915844,21912.5,grain,1495822663,1.0,381.529309344,381.529309344,-1.0,-381.529309344,-1.0,-381.529309344,1,381.529309344,-1.0,-381.529309344,-1.0,-381.529309344,1.0,381.529309344,1.0,381.529309344,1.0,381.529309344,1.0,381.529309344,1.0,381.529309344,0,0.0,1,381.529309344,-1,-381.529309344,0,0.0,1.0,381.529309344,1.0,381.529309344,-1.0,-381.529309344,-1.0,-381.529309344,1.0,381.529309344,0,0.0,-1.0,-381.529309344,-1.0,-381.529309344,1,381.529309344,0,0.0,0.0,0.0,-1.0,-381.529309344,-1.0,-381.529309344,1.0,381.529309344,-1.0,-381.529309344,-1.0,-381.529309344,1.0,381.529309344,-1.0,-381.529309344,-1,-381.529309344,1.0,381.529309344,1,381.529309344,-1.0,-381.529309344,0.0,0.0,1.0,381.529309344,-1.0,-381.529309344,1.0,381.529309344,1.0,381.529309344,-1.0,-381.529309344,1.0,381.529309344,-1.0,-381.529309344,-1.0,-381.529309344,1.0,381.529309344,1,381.529309344,1,381.529309344,0.0,0.0,-1.0,-381.529309344,-1.0,-381.529309344,1.0,381.529309344,1.0,381.529309344,-1.0,-381.529309344,-1.0,-381.529309344,1.0,381.529309344,1.0,381.529309344,-1,-381.529309344,0,0.0,1.0,381.529309344,0,0.0,-1.0,-381.529309344,1.0,381.529309344,1,381.529309344,-1.0,-381.529309344,1.0,381.529309344,-1,-381.529309344,0,0.0,0.0,0.0,-1.0,-381.529309344,1.0,381.529309344,1.0,381.529309344,1.0,381.529309344,1.0,381.529309344,-1.0,-381.529309344,1,381.529309344,0,0.0,0,0.0,-1,-381.529309344,1,381.529309344,-1.0,-381.529309344,-1.0,-381.529309344,0,0.0,-1,-381.529309344,1.0,381.529309344,-1.0,-381.529309344,-1.0,-381.529309344,-1.0,-381.529309344
20170529,@ADM7,1.0,0.000134390538906,74420.0,currency,1496076086,1.0,0.0,0.0,0.0,0.0,1.0,0.0,-1,-0.0,1.0,0.0,-1.0,-0.0,0.0,0.0,1.0,0.0,-1.0,-0.0,1.0,0.0,-1.0,-0.0,-1,-0.0,-1,-0.0,-1,-0.0,-1,-0.0,1.0,0.0,1.0,0.0,0.0,0.0,-1.0,-0.0,1.0,0.0,0,0.0,-1.0,-0.0,-1.0,-0.0,-1,-0.0,-1,-0.0,1.0,0.0,-1.0,-0.0,1.0,0.0,1.0,0.0,1.0,0.0,0.0,0.0,0.0,0.0,-1.0,-0.0,-1,-0.0,1.0,0.0,-1,-0.0,-1.0,-0.0,-1.0,-0.0,-1.0,-0.0,-1.0,-0.0,-1.0,-0.0,0.0,0.0,0.0,0.0,1.0,0.0,1.0,0.0,-1.0,-0.0,1.0,0.0,-1,-0.0,1,0.0,1.0,0.0,1.0,0.0,1.0,0.0,0.0,0.0,-1.0,-0.0,-1.0,-0.0,-1.0,-0.0,1.0,0.0,1.0,0.0,-1,-0.0,0,0.0,-1.0,-0.0,0,0.0,-1.0,-0.0,-1.0,-0.0,-1,-0.0,1.0,0.0,0.0,0.0,1,0.0,1,0.0,-1.0,-0.0,-1.0,-0.0,1.0,0.0,1.0,0.0,1.0,0.0,1.0,0.0,-1.0,-0.0,1,0.0,0,0.0,1,0.0,1,0.0,1,0.0,-1.0,-0.0,1.0,0.0,1,0.0,1,0.0,1.0,0.0,0.0,0.0,-1.0,-0.0,1.0,0.0
20170529,@NKDM7,-1.0,-0.00126871352449,88393.8196191,index,1496076086,1.0,-0.0,0.0,-1.0,0.0,-1.0,0.0,1,-0.0,-1.0,0.0,-1.0,0.0,1.0,-0.0,1.0,-0.0,1.0,-0.0,1.0,-0.0,1.0,-0.0,0,-0.0,1,-0.0,-1,0.0,0,-0.0,1.0,-0.0,1.0,-0.0,-1.0,0.0,-1.0,0.0,1.0,-0.0,0,-0.0,-1.0,0.0,-1.0,0.0,1,-0.0,0,-0.0,0.0,-0.0,-1.0,0.0,-1.0,0.0,1.0,-0.0,-1.0,0.0,-1.0,0.0,1.0,-0.0,-1.0,0.0,1,-0.0,1.0,-0.0,1,-0.0,-1.0,0.0,0.0,-0.0,1.0,-0.0,-1.0,0.0,1.0,-0.0,1.0,-0.0,-1.0,0.0,1.0,-0.0,-1.0,0.0,-1.0,0.0,-1.0,0.0,1,-0.0,1,-0.0,0.0,-0.0,-1.0,0.0,-1.0,0.0,1.0,-0.0,1.0,-0.0,-1.0,0.0,-1.0,0.0,1.0,-0.0,1.0,-0.0,-1,0.0,0,-0.0,1.0,-0.0,0,-0.0,-1.0,0.0,1.0,-0.0,1,-0.0,-1.0,0.0,1.0,-0.0,-1,0.0,0,-0.0,0.0,-0.0,-1.0,0.0,1.0,-0.0,1.0,-0.0,1.0,-0.0,1.0,-0.0,-1.0,0.0,1,-0.0,0,-0.0,0,-0.0,-1,0.0,1,-0.0,-1.0,0.0,-1.0,0.0,0,-0.0,-1,0.0,1.0,-0.0,-1.0,0.0,-1.0,0.0,-1.0,0.0
20170529,@NQM7,1.0,0.000517933445552,115905.0,index,1496076086,1.0,0.0,0.0,0.0,0.0,1.0,0.0,-1,-0.0,-1.0,-0.0,-1.0,-0.0,0.0,0.0,-1.0,-0.0,1.0,0.0,-1.0,-0.0,1.0,0.0,-1,-0.0,-1,-0.0,-1,-0.0,-1,-0.0,-1.0,-0.0,-1.0,-0.0,-1.0,-0.0,-1.0,-0.0,1.0,0.0,0,0.0,-1.0,-0.0,-1.0,-0.0,-1,-0.0,0,0.0,1.0,0.0,1.0,0.0,1.0,0.0,1.0,0.0,-1.0,-0.0,0.0,0.0,0.0,0.0,1.0,0.0,-1,-0.0,1.0,0.0,1,0.0,1.0,0.0,0.0,0.0,-1.0,-0.0,1.0,0.0,1.0,0.0,1.0,0.0,-1.0,-0.0,1.0,0.0,-1.0,-0.0,-1.0,-0.0,1.0,0.0,-1,-0.0,-1,-0.0,0.0,0.0,1.0,0.0,-1.0,-0.0,1.0,0.0,1.0,0.0,1.0,0.0,0.0,0.0,1.0,0.0,1.0,0.0,1,0.0,1,0.0,-1.0,-0.0,0,0.0,-1.0,-0.0,1.0,0.0,-1,-0.0,1.0,0.0,0.0,0.0,1,0.0,0,0.0,-1.0,-0.0,1.0,0.0,1.0,0.0,-1.0,-0.0,0.0,0.0,-1.0,-0.0,-1.0,-0.0,-1,-0.0,-1,-0.0,1,0.0,1,0.0,-1,-0.0,1.0,0.0,-1.0,-0.0,1,0.0,1,0.0,1.0,0.0,0.0,0.0,1.0,0.0,-1.0,-0.0
20170529,QPAU7,1.0,0.0127748824202,79675.0,metal,1496076086,1.0,0.0,0.0,0.0,0.0,1.0,0.0,-1,-0.0,1.0,0.0,-1.0,-0.0,0.0,0.0,-1.0,-0.0,1.0,0.0,-1.0,-0.0,1.0,0.0,-1,-0.0,-1,-0.0,-1,-0.0,-1,-0.0,-1.0,-0.0,1.0,0.0,0.0,0.0,1.0,0.0,-1.0,-0.0,0,0.0,-1.0,-0.0,-1.0,-0.0,-1,-0.0,-1,-0.0,1.0,0.0,-1.0,-0.0,1.0,0.0,1.0,0.0,-1.0,-0.0,0.0,0.0,0.0,0.0,1.0,0.0,-1,-0.0,1.0,0.0,-1,-0.0,1.0,0.0,-1.0,-0.0,-1.0,-0.0,-1.0,-0.0,1.0,0.0,0.0,0.0,0.0,0.0,-1.0,-0.0,-1.0,-0.0,1.0,0.0,1.0,0.0,-1,-0.0,1,0.0,1.0,0.0,1.0,0.0,-1.0,-0.0,0.0,0.0,1.0,0.0,-1.0,-0.0,-1.0,-0.0,1.0,0.0,-1.0,-0.0,1,0.0,0,0.0,-1.0,-0.0,0,0.0,-1.0,-0.0,1.0,0.0,-1,-0.0,1.0,0.0,0.0,0.0,1,0.0,1,0.0,-1.0,-0.0,-1.0,-0.0,1.0,0.0,1.0,0.0,1.0,0.0,1.0,0.0,1.0,0.0,-1,-0.0,0,0.0,1,0.0,1,0.0,-1,-0.0,1.0,0.0,-1.0,-0.0,1,0.0,1,0.0,1.0,0.0,0.0,0.0,1.0,0.0,-1.0,-0.0
20170529,QPLN7,-1.0,-0.00675044137501,47820.0,metal,1496090237,1.0,-0.0,0.0,1.0,-0.0,-1.0,0.0,1,-0.0,-1.0,0.0,1.0,-0.0,0.0,-0.0,-1.0,0.0,1.0,-0.0,-1.0,0.0,-1.0,0.0,0,-0.0,-1,0.0,1,-0.0,1,-0.0,-1.0,0.0,-1.0,0.0,0.0,-0.0,1.0,-0.0,-1.0,0.0,0,-0.0,-1.0,0.0,1.0,-0.0,1,-0.0,1,-0.0,0.0,-0.0,1.0,-0.0,1.0,-0.0,-1.0,0.0,1.0,-0.0,1.0,-0.0,-1.0,0.0,1.0,-0.0,-1,0.0,-1.0,0.0,1,-0.0,1.0,-0.0,1.0,-0.0,1.0,-0.0,1.0,-0.0,1.0,-0.0,0.0,-0.0,0.0,-0.0,-1.0,0.0,-1.0,0.0,1.0,-0.0,1.0,-0.0,-1,0.0,1,-0.0,-1.0,0.0,-1.0,0.0,-1.0,0.0,0.0,-0.0,1.0,-0.0,1.0,-0.0,0.0,-0.0,-1.0,0.0,-1.0,0.0,-1,0.0,-1,0.0,-1.0,0.0,0,-0.0,1.0,-0.0,-1.0,0.0,1,-0.0,1.0,-0.0,-1.0,0.0,-1,0.0,-1,0.0,0.0,-0.0,-1.0,0.0,1.0,-0.0,-1.0,0.0,0.0,-0.0,-1.0,0.0,1.0,-0.0,1,-0.0,1,-0.0,-1,0.0,-1,0.0,-1,0.0,1.0,-0.0,1.0,-0.0,0,-0.0,1,-0.0,-1.0,0.0,0.0,-0.0,1.0,-0.0,-1.0,0.0
20170529,QRBN7,1.0,0.0060881864584,68712.0,energy,1496090237,1.0,0.0,0.0,0.0,0.0,1.0,0.0,-1,-0.0,-1.0,-0.0,-1.0,-0.0,0.0,0.0,-1.0,-0.0,1.0,0.0,-1.0,-0.0,1.0,0.0,-1,-0.0,-1,-0.0,-1,-0.0,-1,-0.0,-1.0,-0.0,-1.0,-0.0,-1.0,-0.0,-1.0,-0.0,1.0,0.0,0,0.0,-1.0,-0.0,-1.0,-0.0,-1,-0.0,0,0.0,1.0,0.0,1.0,0.0,1.0,0.0,1.0,0.0,-1.0,-0.0,0.0,0.0,0.0,0.0,1.0,0.0,-1,-0.0,1.0,0.0,1,0.0,1.0,0.0,0.0,0.0,-1.0,-0.0,1.0,0.0,1.0,0.0,1.0,0.0,-1.0,-0.0,1.0,0.0,-1.0,-0.0,-1.0,-0.0,1.0,0.0,-1,-0.0,1,0.0,0.0,0.0,1.0,0.0,-1.0,-0.0,1.0,0.0,1.0,0.0,-1.0,-0.0,-1.0,-0.0,1.0,0.0,-1.0,-0.0,1,0.0,0,0.0,-1.0,-0.0,0,0.0,-1.0,-0.0,1.0,0.0,-1,-0.0,1.0,0.0,0.0,0.0,1,0.0,0,0.0,-1.0,-0.0,-1.0,-0.0,1.0,0.0,1.0,0.0,1.0,0.0,-1.0,-0.0,1.0,0.0,-1,-0.0,0,0.0,1,0.0,1,0.0,-1,-0.0,1.0,0.0,-1.0,-0.0,1,0.0,1,0.0,1.0,0.0,0.0,0.0,1.0,0.0,-1.0,-0.0
20170529,@SN7,0.0,0.0,46362.5,grain,1495822663,1.0,0.0,0.0,-1.0,-0.0,-1.0,-0.0,1,0.0,1.0,0.0,-1.0,-0.0,1.0,0.0,1.0,0.0,1.0,0.0,1.0,0.0,1.0,0.0,0,0.0,1,0.0,-1,-0.0,0,0.0,1.0,0.0,1.0,0.0,0.0,0.0,-1.0,-0.0,1.0,0.0,0,0.0,-1.0,-0.0,-1.0,-0.0,-1,-0.0,-1,-0.0,0.0,0.0,-1.0,-0.0,-1.0,-0.0,1.0,0.0,-1.0,-0.0,-1.0,-0.0,1.0,0.0,-1.0,-0.0,1,0.0,1.0,0.0,-1,-0.0,-1.0,-0.0,-1.0,-0.0,-1.0,-0.0,-1.0,-0.0,-1.0,-0.0,0.0,0.0,0.0,0.0,1.0,0.0,1.0,0.0,-1.0,-0.0,-1.0,-0.0,1,0.0,1,0.0,1.0,0.0,1.0,0.0,1.0,0.0,0.0,0.0,-1.0,-0.0,-1.0,-0.0,-1.0,-0.0,1.0,0.0,1.0,0.0,-1,-0.0,0,0.0,1.0,0.0,0,0.0,-1.0,-0.0,1.0,0.0,1,0.0,-1.0,-0.0,1.0,0.0,1,0.0,1,0.0,0.0,0.0,-1.0,-0.0,1.0,0.0,1.0,0.0,1.0,0.0,1.0,0.0,-1.0,-0.0,1,0.0,0,0.0,0,0.0,-1,-0.0,1,0.0,-1.0,-0.0,-1.0,-0.0,0,0.0,-1,-0.0,1.0,0.0,-1.0,-0.0,-1.0,-0.0,-1.0,-0.0
20170529,@SFM7,-1.0,-0.00126520681265,128275.0,currency,1496076086,1.0,-0.0,0.0,0.0,-0.0,-1.0,0.0,1,-0.0,-1.0,0.0,-1.0,0.0,1.0,-0.0,1.0,-0.0,1.0,-0.0,1.0,-0.0,-1.0,0.0,-1,0.0,-1,0.0,-1,0.0,0,-0.0,1.0,-0.0,1.0,-0.0,-1.0,0.0,-1.0,0.0,1.0,-0.0,0,-0.0,1.0,-0.0,-1.0,0.0,1,-0.0,0,-0.0,1.0,-0.0,-1.0,0.0,1.0,-0.0,1.0,-0.0,1.0,-0.0,0.0,-0.0,0.0,-0.0,-1.0,0.0,-1,0.0,1.0,-0.0,1,-0.0,-1.0,0.0,0.0,-0.0,1.0,-0.0,-1.0,0.0,1.0,-0.0,1.0,-0.0,-1.0,0.0,1.0,-0.0,-1.0,0.0,-1.0,0.0,1.0,-0.0,-1,0.0,-1,0.0,0.0,-0.0,-1.0,0.0,-1.0,0.0,1.0,-0.0,1.0,-0.0,-1.0,0.0,0.0,-0.0,1.0,-0.0,1.0,-0.0,1,-0.0,1,-0.0,-1.0,0.0,0,-0.0,-1.0,0.0,-1.0,0.0,1,-0.0,1.0,-0.0,0.0,-0.0,-1,0.0,0,-0.0,-1.0,0.0,1.0,-0.0,-1.0,0.0,1.0,-0.0,0.0,-0.0,1.0,-0.0,-1.0,0.0,-1,0.0,-1,0.0,0,-0.0,-1,0.0,1,-0.0,-1.0,0.0,1.0,-0.0,1,-0.0,1,-0.0,1.0,-0.0,-1.0,0.0,-1.0,0.0,-1.0,0.0
20170529,QSIN7,1.0,0.00444495757086,87000.0,metal,1496090237,1.0,0.0,0.0,1.0,0.0,1.0,0.0,-1,-0.0,-1.0,-0.0,1.0,0.0,-1.0,-0.0,-1.0,-0.0,-1.0,-0.0,-1.0,-0.0,-1.0,-0.0,0,0.0,-1,-0.0,1,0.0,0,0.0,-1.0,-0.0,-1.0,-0.0,0.0,0.0,1.0,0.0,-1.0,-0.0,0,0.0,-1.0,-0.0,1.0,0.0,1,0.0,1,0.0,0.0,0.0,1.0,0.0,1.0,0.0,-1.0,-0.0,1.0,0.0,1.0,0.0,-1.0,-0.0,1.0,0.0,-1,-0.0,-1.0,-0.0,1,0.0,1.0,0.0,1.0,0.0,1.0,0.0,1.0,0.0,1.0,0.0,0.0,0.0,0.0,0.0,-1.0,-0.0,-1.0,-0.0,1.0,0.0,1.0,0.0,-1,-0.0,1,0.0,-1.0,-0.0,-1.0,-0.0,-1.0,-0.0,0.0,0.0,1.0,0.0,1.0,0.0,0.0,0.0,-1.0,-0.0,-1.0,-0.0,-1,-0.0,-1,-0.0,-1.0,-0.0,0,0.0,1.0,0.0,-1.0,-0.0,-1,-0.0,1.0,0.0,-1.0,-0.0,-1,-0.0,-1,-0.0,0.0,0.0,-1.0,-0.0,1.0,0.0,-1.0,-0.0,0.0,0.0,-1.0,-0.0,1.0,0.0,1,0.0,1,0.0,0,0.0,1,0.0,-1,-0.0,1.0,0.0,1.0,0.0,0,0.0,1,0.0,-1.0,-0.0,1.0,0.0,1.0,0.0,1.0,0.0
20170529,@SMN7,0.0,0.0,30210.0,grain,1495822663,1.0,0.0,0.0,0.0,0.0,1.0,0.0,-1,-0.0,1.0,0.0,-1.0,-0.0,0.0,0.0,1.0,0.0,-1.0,-0.0,1.0,0.0,-1.0,-0.0,-1,-0.0,-1,-0.0,-1,-0.0,-1,-0.0,1.0,0.0,1.0,0.0,0.0,0.0,-1.0,-0.0,1.0,0.0,0,0.0,-1.0,-0.0,-1.0,-0.0,-1,-0.0,-1,-0.0,1.0,0.0,-1.0,-0.0,1.0,0.0,1.0,0.0,1.0,0.0,0.0,0.0,0.0,0.0,-1.0,-0.0,1,0.0,1.0,0.0,-1,-0.0,-1.0,-0.0,-1.0,-0.0,-1.0,-0.0,-1.0,-0.0,-1.0,-0.0,0.0,0.0,0.0,0.0,1.0,0.0,1.0,0.0,-1.0,-0.0,-1.0,-0.0,-1,-0.0,1,0.0,1.0,0.0,1.0,0.0,1.0,0.0,0.0,0.0,-1.0,-0.0,-1.0,-0.0,-1.0,-0.0,1.0,0.0,1.0,0.0,-1,-0.0,0,0.0,-1.0,-0.0,0,0.0,-1.0,-0.0,-1.0,-0.0,-1,-0.0,1.0,0.0,0.0,0.0,1,0.0,1,0.0,-1.0,-0.0,-1.0,-0.0,1.0,0.0,1.0,0.0,1.0,0.0,1.0,0.0,-1.0,-0.0,1,0.0,0,0.0,1,0.0,1,0.0,1,0.0,-1.0,-0.0,1.0,0.0,1,0.0,1,0.0,1.0,0.0,0.0,0.0,-1.0,-0.0,1.0,0.0
20170529,@TUM7,1.0,7.21292556261e-05,216640.625,rates,1496076086,2.0,31.2522540392,31.2522540392,1.0,31.2522540392,1.0,31.2522540392,1,31.2522540392,-1.0,-31.2522540392,-1.0,-31.2522540392,-1.0,-31.2522540392,-1.0,-31.2522540392,-1.0,-31.2522540392,-1.0,-31.2522540392,-1.0,-31.2522540392,0,0.0,1,31.2522540392,1,31.2522540392,0,0.0,-1.0,-31.2522540392,-1.0,-31.2522540392,0.0,0.0,-1.0,-31.2522540392,1.0,31.2522540392,0,0.0,1.0,31.2522540392,-1.0,-31.2522540392,1,31.2522540392,1,31.2522540392,0.0,0.0,1.0,31.2522540392,-1.0,-31.2522540392,1.0,31.2522540392,1.0,31.2522540392,1.0,31.2522540392,-1.0,-31.2522540392,1.0,31.2522540392,-1,-31.2522540392,-1.0,-31.2522540392,1,31.2522540392,-1.0,-31.2522540392,1.0,31.2522540392,1.0,31.2522540392,1.0,31.2522540392,-1.0,-31.2522540392,0.0,0.0,0.0,0.0,1.0,31.2522540392,1.0,31.2522540392,-1.0,-31.2522540392,1.0,31.2522540392,-1,-31.2522540392,-1,-31.2522540392,-1.0,-31.2522540392,-1.0,-31.2522540392,1.0,31.2522540392,0.0,0.0,-1.0,-31.2522540392,1.0,31.2522540392,1.0,31.2522540392,1.0,31.2522540392,1.0,31.2522540392,-1,-31.2522540392,0,0.0,1.0,31.2522540392,0,0.0,-1.0,-31.2522540392,-1.0,-31.2522540392,-1,-31.2522540392,1.0,31.2522540392,-1.0,-31.2522540392,-1,-31.2522540392,-1,-31.2522540392,0.0,0.0,1.0,31.2522540392,-1.0,-31.2522540392,-1.0,-31.2522540392,-1.0,-31.2522540392,-1.0,-31.2522540392,-1.0,-31.2522540392,1,31.2522540392,0,0.0,0,0.0,-1,-31.2522540392,1,31.2522540392,1.0,31.2522540392,1.0,31.2522540392,0,0.0,-1,-31.2522540392,1.0,31.2522540392,1.0,31.2522540392,1.0,31.2522540392,1.0,31.2522540392
20170529,@TYM7,1.0,0.000619118375433,126265.625,rates,1496076086,1.0,78.1733686231,78.1733686231,1.0,78.1733686231,1.0,78.1733686231,-1,-78.1733686231,-1.0,-78.1733686231,1.0,78.1733686231,-1.0,-78.1733686231,-1.0,-78.1733686231,-1.0,-78.1733686231,-1.0,-78.1733686231,-1.0,-78.1733686231,0,0.0,-1,-78.1733686231,1,78.1733686231,0,0.0,-1.0,-78.1733686231,-1.0,-78.1733686231,0.0,0.0,1.0,78.1733686231,-1.0,-78.1733686231,0,0.0,1.0,78.1733686231,1.0,78.1733686231,1,78.1733686231,1,78.1733686231,0.0,0.0,1.0,78.1733686231,1.0,78.1733686231,-1.0,-78.1733686231,1.0,78.1733686231,1.0,78.1733686231,-1.0,-78.1733686231,1.0,78.1733686231,-1,-78.1733686231,-1.0,-78.1733686231,1,78.1733686231,1.0,78.1733686231,1.0,78.1733686231,1.0,78.1733686231,1.0,78.1733686231,1.0,78.1733686231,0.0,0.0,0.0,0.0,-1.0,-78.1733686231,-1.0,-78.1733686231,1.0,78.1733686231,1.0,78.1733686231,-1,-78.1733686231,-1,-78.1733686231,-1.0,-78.1733686231,-1.0,-78.1733686231,-1.0,-78.1733686231,0.0,0.0,1.0,78.1733686231,1.0,78.1733686231,1.0,78.1733686231,-1.0,-78.1733686231,-1.0,-78.1733686231,1,78.1733686231,0,0.0,-1.0,-78.1733686231,0,0.0,1.0,78.1733686231,-1.0,-78.1733686231,-1,-78.1733686231,1.0,78.1733686231,-1.0,-78.1733686231,-1,-78.1733686231,-1,-78.1733686231,0.0,0.0,1.0,78.1733686231,-1.0,-78.1733686231,-1.0,-78.1733686231,-1.0,-78.1733686231,-1.0,-78.1733686231,1.0,78.1733686231,-1,-78.1733686231,0,0.0,0,0.0,1,78.1733686231,-1,-78.1733686231,1.0,78.1733686231,1.0,78.1733686231,0,0.0,1,78.1733686231,-1.0,-78.1733686231,1.0,78.1733686231,1.0,78.1733686231,1.0,78.1733686231
20170529,@USM7,1.0,0.00182741116751,154187.5,rates,1496076086,1.0,0.0,0.0,1.0,0.0,1.0,0.0,-1,-0.0,-1.0,-0.0,1.0,0.0,-1.0,-0.0,-1.0,-0.0,-1.0,-0.0,-1.0,-0.0,-1.0,-0.0,0,0.0,-1,-0.0,1,0.0,0,0.0,-1.0,-0.0,-1.0,-0.0,0.0,0.0,1.0,0.0,-1.0,-0.0,0,0.0,1.0,0.0,1.0,0.0,1,0.0,1,0.0,0.0,0.0,1.0,0.0,1.0,0.0,-1.0,-0.0,1.0,0.0,1.0,0.0,-1.0,-0.0,1.0,0.0,-1,-0.0,-1.0,-0.0,1,0.0,1.0,0.0,1.0,0.0,1.0,0.0,1.0,0.0,1.0,0.0,0.0,0.0,0.0,0.0,-1.0,-0.0,-1.0,-0.0,1.0,0.0,1.0,0.0,-1,-0.0,-1,-0.0,-1.0,-0.0,-1.0,-0.0,-1.0,-0.0,0.0,0.0,1.0,0.0,1.0,0.0,1.0,0.0,-1.0,-0.0,-1.0,-0.0,1,0.0,0,0.0,-1.0,-0.0,0,0.0,1.0,0.0,-1.0,-0.0,-1,-0.0,1.0,0.0,-1.0,-0.0,-1,-0.0,-1,-0.0,0.0,0.0,1.0,0.0,-1.0,-0.0,-1.0,-0.0,-1.0,-0.0,-1.0,-0.0,1.0,0.0,-1,-0.0,0,0.0,0,0.0,1,0.0,-1,-0.0,1.0,0.0,1.0,0.0,0,0.0,1,0.0,-1.0,-0.0,1.0,0.0,1.0,0.0,1.0,0.0
20170529,@WN7,0.0,0.0,21912.5,grain,1495822663,1.0,0.0,0.0,0.0,0.0,1.0,0.0,-1,-0.0,1.0,0.0,-1.0,-0.0,0.0,0.0,-1.0,-0.0,1.0,0.0,-1.0,-0.0,1.0,0.0,-1,-0.0,-1,-0.0,-1,-0.0,-1,-0.0,-1.0,-0.0,1.0,0.0,0.0,0.0,1.0,0.0,-1.0,-0.0,0,0.0,-1.0,-0.0,-1.0,-0.0,-1,-0.0,-1,-0.0,1.0,0.0,-1.0,-0.0,1.0,0.0,1.0,0.0,-1.0,-0.0,0.0,0.0,0.0,0.0,1.0,0.0,-1,-0.0,1.0,0.0,-1,-0.0,1.0,0.0,-1.0,-0.0,-1.0,-0.0,-1.0,-0.0,1.0,0.0,0.0,0.0,0.0,0.0,-1.0,-0.0,-1.0,-0.0,1.0,0.0,1.0,0.0,-1,-0.0,1,0.0,1.0,0.0,1.0,0.0,-1.0,-0.0,0.0,0.0,1.0,0.0,-1.0,-0.0,-1.0,-0.0,1.0,0.0,-1.0,-0.0,1,0.0,0,0.0,-1.0,-0.0,0,0.0,-1.0,-0.0,1.0,0.0,-1,-0.0,1.0,0.0,0.0,0.0,1,0.0,1,0.0,-1.0,-0.0,-1.0,-0.0,1.0,0.0,1.0,0.0,1.0,0.0,1.0,0.0,1.0,0.0,-1,-0.0,0,0.0,1,0.0,1,0.0,-1,-0.0,1.0,0.0,-1.0,-0.0,1,0.0,1,0.0,1.0,0.0,0.0,0.0,1.0,0.0,-1.0,-0.0
20170529,QNGN7,-1.0,-0.0296072507553,32120.0,energy,1496090237,1.0,-950.98489426,950.98489426,-1.0,950.98489426,-1.0,950.98489426,-1,950.98489426,-1.0,950.98489426,1.0,-950.98489426,1.0,-950.98489426,1.0,-950.98489426,1.0,-950.98489426,1.0,-950.98489426,1.0,-950.98489426,0,-0.0,-1,950.98489426,-1,950.98489426,0,-0.0,1.0,-950.98489426,-1.0,950.98489426,-1.0,950.98489426,-1.0,950.98489426,1.0,-950.98489426,0,-0.0,-1.0,950.98489426,1.0,-950.98489426,-1,950.98489426,0,-0.0,0.0,-0.0,1.0,-950.98489426,1.0,-950.98489426,-1.0,950.98489426,-1.0,950.98489426,-1.0,950.98489426,1.0,-950.98489426,-1.0,950.98489426,-1,950.98489426,1.0,-950.98489426,1,-950.98489426,1.0,-950.98489426,0.0,-0.0,-1.0,950.98489426,1.0,-950.98489426,1.0,-950.98489426,1.0,-950.98489426,-1.0,950.98489426,1.0,-950.98489426,-1.0,950.98489426,-1.0,950.98489426,1.0,-950.98489426,1,-950.98489426,-1,950.98489426,0.0,-0.0,1.0,-950.98489426,-1.0,950.98489426,1.0,-950.98489426,1.0,-950.98489426,1.0,-950.98489426,0.0,-0.0,-1.0,950.98489426,1.0,-950.98489426,1,-950.98489426,1,-950.98489426,-1.0,950.98489426,0,-0.0,1.0,-950.98489426,1.0,-950.98489426,1,-950.98489426,-1.0,950.98489426,1.0,-950.98489426,1,-950.98489426,0,-0.0,0.0,-0.0,1.0,-950.98489426,1.0,-950.98489426,-1.0,950.98489426,0.0,-0.0,-1.0,950.98489426,-1.0,950.98489426,-1,950.98489426,-1,950.98489426,0,-0.0,1,-950.98489426,-1,950.98489426,-1.0,950.98489426,-1.0,950.98489426,0,-0.0,1,-950.98489426,-1.0,950.98489426,-1.0,950.98489426,-1.0,950.98489426,-1.0,950.98489426
20170529,@NEM7,-1.0,-0.000283366392746,70560.0,currency,1496076086,1.0,-0.0,0.0,0.0,-0.0,1.0,-0.0,-1,0.0,1.0,-0.0,-1.0,0.0,0.0,-0.0,-1.0,0.0,1.0,-0.0,-1.0,0.0,1.0,-0.0,-1,0.0,-1,0.0,-1,0.0,-1,0.0,-1.0,0.0,1.0,-0.0,0.0,-0.0,1.0,-0.0,-1.0,0.0,0,-0.0,-1.0,0.0,-1.0,0.0,-1,0.0,-1,0.0,1.0,-0.0,-1.0,0.0,1.0,-0.0,1.0,-0.0,-1.0,0.0,0.0,-0.0,0.0,-0.0,1.0,-0.0,-1,0.0,1.0,-0.0,-1,0.0,1.0,-0.0,-1.0,0.0,-1.0,0.0,-1.0,0.0,1.0,-0.0,0.0,-0.0,0.0,-0.0,-1.0,0.0,-1.0,0.0,1.0,-0.0,1.0,-0.0,-1,0.0,1,-0.0,1.0,-0.0,1.0,-0.0,-1.0,0.0,0.0,-0.0,1.0,-0.0,-1.0,0.0,-1.0,0.0,1.0,-0.0,-1.0,0.0,1,-0.0,0,-0.0,-1.0,0.0,0,-0.0,-1.0,0.0,1.0,-0.0,-1,0.0,1.0,-0.0,0.0,-0.0,1,-0.0,1,-0.0,-1.0,0.0,-1.0,0.0,1.0,-0.0,1.0,-0.0,1.0,-0.0,1.0,-0.0,1.0,-0.0,-1,0.0,0,-0.0,1,-0.0,1,-0.0,-1,0.0,1.0,-0.0,-1.0,0.0,1,-0.0,1,-0.0,1.0,-0.0,0.0,-0.0,1.0,-0.0,-1.0,0.0
20170529,@YMM7,1.0,0.000379758853128,105370.0,index,1496076086,1.0,0.0,0.0,0.0,0.0,1.0,0.0,-1,-0.0,1.0,0.0,-1.0,-0.0,0.0,0.0,1.0,0.0,-1.0,-0.0,1.0,0.0,-1.0,-0.0,-1,-0.0,-1,-0.0,-1,-0.0,-1,-0.0,1.0,0.0,1.0,0.0,0.0,0.0,-1.0,-0.0,1.0,0.0,0,0.0,-1.0,-0.0,-1.0,-0.0,-1,-0.0,-1,-0.0,1.0,0.0,-1.0,-0.0,1.0,0.0,1.0,0.0,1.0,0.0,0.0,0.0,0.0,0.0,-1.0,-0.0,-1,-0.0,1.0,0.0,-1,-0.0,-1.0,-0.0,-1.0,-0.0,-1.0,-0.0,-1.0,-0.0,-1.0,-0.0,0.0,0.0,0.0,0.0,1.0,0.0,1.0,0.0,-1.0,-0.0,1.0,0.0,-1,-0.0,1,0.0,1.0,0.0,1.0,0.0,1.0,0.0,0.0,0.0,-1.0,-0.0,-1.0,-0.0,-1.0,-0.0,1.0,0.0,1.0,0.0,-1,-0.0,0,0.0,-1.0,-0.0,0,0.0,-1.0,-0.0,-1.0,-0.0,-1,-0.0,1.0,0.0,0.0,0.0,1,0.0,1,0.0,-1.0,-0.0,-1.0,-0.0,1.0,0.0,1.0,0.0,1.0,0.0,1.0,0.0,-1.0,-0.0,1,0.0,0,0.0,1,0.0,1,0.0,1,0.0,-1.0,-0.0,1.0,0.0,1,0.0,1,0.0,1.0,0.0,0.0,0.0,-1.0,-0.0,1.0,0.0
20170529,@HEN7,0.0,0.0,32700.0,meat,1495821553,1.0,0.0,0.0,0.0,0.0,1.0,0.0,-1,-0.0,-1.0,-0.0,-1.0,-0.0,0.0,0.0,-1.0,-0.0,1.0,0.0,-1.0,-0.0,1.0,0.0,-1,-0.0,-1,-0.0,-1,-0.0,-1,-0.0,-1.0,-0.0,-1.0,-0.0,-1.0,-0.0,-1.0,-0.0,1.0,0.0,0,0.0,-1.0,-0.0,-1.0,-0.0,-1,-0.0,0,0.0,1.0,0.0,1.0,0.0,1.0,0.0,1.0,0.0,-1.0,-0.0,0.0,0.0,0.0,0.0,1.0,0.0,1,0.0,1.0,0.0,1,0.0,1.0,0.0,0.0,0.0,-1.0,-0.0,1.0,0.0,1.0,0.0,1.0,0.0,-1.0,-0.0,1.0,0.0,-1.0,-0.0,-1.0,-0.0,-1.0,-0.0,-1,-0.0,-1,-0.0,0.0,0.0,1.0,0.0,-1.0,-0.0,1.0,0.0,1.0,0.0,1.0,0.0,0.0,0.0,1.0,0.0,1.0,0.0,1,0.0,1,0.0,-1.0,-0.0,0,0.0,-1.0,-0.0,1.0,0.0,-1,-0.0,1.0,0.0,0.0,0.0,1,0.0,0,0.0,-1.0,-0.0,1.0,0.0,1.0,0.0,-1.0,-0.0,0.0,0.0,-1.0,-0.0,-1.0,-0.0,-1,-0.0,-1,-0.0,1,0.0,1,0.0,-1,-0.0,1.0,0.0,-1.0,-0.0,1,0.0,1,0.0,1.0,0.0,0.0,0.0,1.0,0.0,-1.0,-0.0
20170529,@PXM7,-1.0,-0.000556483027268,26940.0,currency,1496076086,1.0,-0.0,0.0,-1.0,0.0,-1.0,0.0,-1,0.0,1.0,-0.0,1.0,-0.0,1.0,-0.0,1.0,-0.0,1.0,-0.0,1.0,-0.0,1.0,-0.0,0,-0.0,-1,0.0,-1,0.0,0,-0.0,1.0,-0.0,1.0,-0.0,0.0,-0.0,1.0,-0.0,-1.0,0.0,0,-0.0,-1.0,0.0,1.0,-0.0,-1,0.0,-1,0.0,0.0,-0.0,-1.0,0.0,1.0,-0.0,-1.0,0.0,-1.0,0.0,-1.0,0.0,1.0,-0.0,-1.0,0.0,-1,0.0,1.0,-0.0,-1,0.0,1.0,-0.0,-1.0,0.0,-1.0,0.0,-1.0,0.0,1.0,-0.0,0.0,-0.0,0.0,-0.0,-1.0,0.0,-1.0,0.0,1.0,-0.0,1.0,-0.0,1,-0.0,1,-0.0,1.0,-0.0,1.0,-0.0,-1.0,0.0,0.0,-0.0,1.0,-0.0,-1.0,0.0,-1.0,0.0,-1.0,0.0,-1.0,0.0,1,-0.0,0,-0.0,-1.0,0.0,0,-0.0,1.0,-0.0,1.0,-0.0,1,-0.0,-1.0,0.0,1.0,-0.0,1,-0.0,1,-0.0,0.0,-0.0,-1.0,0.0,1.0,-0.0,1.0,-0.0,1.0,-0.0,1.0,-0.0,1.0,-0.0,-1,0.0,0,-0.0,0,-0.0,1,-0.0,-1,0.0,-1.0,0.0,-1.0,0.0,0,-0.0,1,-0.0,-1.0,0.0,-1.0,0.0,-1.0,0.0,-1.0,0.0
20170529,@BPM7,1.0,0.00390502967823,80337.5,currency,1496076086,1.0,0.0,0.0,-1.0,-0.0,-1.0,-0.0,1,0.0,-1.0,-0.0,-1.0,-0.0,1.0,0.0,1.0,0.0,1.0,0.0,1.0,0.0,1.0,0.0,0,0.0,1,0.0,-1,-0.0,0,0.0,1.0,0.0,1.0,0.0,-1.0,-0.0,-1.0,-0.0,1.0,0.0,0,0.0,1.0,0.0,-1.0,-0.0,1,0.0,0,0.0,0.0,0.0,-1.0,-0.0,-1.0,-0.0,1.0,0.0,-1.0,-0.0,-1.0,-0.0,1.0,0.0,-1.0,-0.0,-1,-0.0,1.0,0.0,1,0.0,-1.0,-0.0,0.0,0.0,1.0,0.0,-1.0,-0.0,1.0,0.0,1.0,0.0,-1.0,-0.0,1.0,0.0,-1.0,-0.0,-1.0,-0.0,1.0,0.0,1,0.0,-1,-0.0,0.0,0.0,-1.0,-0.0,-1.0,-0.0,1.0,0.0,1.0,0.0,-1.0,-0.0,0.0,0.0,1.0,0.0,1.0,0.0,1,0.0,1,0.0,1.0,0.0,0,0.0,-1.0,-0.0,1.0,0.0,1,0.0,-1.0,-0.0,1.0,0.0,-1,-0.0,0,0.0,0.0,0.0,1.0,0.0,-1.0,-0.0,1.0,0.0,0.0,0.0,1.0,0.0,-1.0,-0.0,-1,-0.0,-1,-0.0,0,0.0,-1,-0.0,1,0.0,-1.0,-0.0,-1.0,-0.0,0,0.0,-1,-0.0,1.0,0.0,-1.0,-0.0,-1.0,-0.0,-1.0,-0.0
20170529,@CN7,0.0,0.0,18687.5,grain,1495822663,1.0,0.0,0.0,-1.0,-0.0,-1.0,-0.0,-1,-0.0,-1.0,-0.0,1.0,0.0,1.0,0.0,1.0,0.0,1.0,0.0,1.0,0.0,1.0,0.0,0,0.0,-1,-0.0,-1,-0.0,0,0.0,1.0,0.0,-1.0,-0.0,-1.0,-0.0,-1.0,-0.0,1.0,0.0,0,0.0,-1.0,-0.0,1.0,0.0,-1,-0.0,0,0.0,0.0,0.0,1.0,0.0,1.0,0.0,-1.0,-0.0,-1.0,-0.0,-1.0,-0.0,1.0,0.0,-1.0,-0.0,-1,-0.0,1.0,0.0,1,0.0,1.0,0.0,0.0,0.0,-1.0,-0.0,1.0,0.0,1.0,0.0,1.0,0.0,-1.0,-0.0,1.0,0.0,-1.0,-0.0,-1.0,-0.0,1.0,0.0,1,0.0,1,0.0,0.0,0.0,1.0,0.0,-1.0,-0.0,1.0,0.0,1.0,0.0,-1.0,-0.0,-1.0,-0.0,-1.0,-0.0,-1.0,-0.0,1,0.0,0,0.0,-1.0,-0.0,0,0.0,1.0,0.0,1.0,0.0,1,0.0,-1.0,-0.0,1.0,0.0,1,0.0,0,0.0,0.0,0.0,-1.0,-0.0,1.0,0.0,1.0,0.0,1.0,0.0,-1.0,-0.0,1.0,0.0,-1,-0.0,0,0.0,0,0.0,1,0.0,-1,-0.0,-1.0,-0.0,-1.0,-0.0,0,0.0,1,0.0,-1.0,-0.0,-1.0,-0.0,-1.0,-0.0,-1.0,-0.0
20170529,@CDM7,1.0,0.00208641809126,74445.0,currency,1496076086,1.0,0.0,0.0,-1.0,-0.0,-1.0,-0.0,-1,-0.0,-1.0,-0.0,1.0,0.0,1.0,0.0,1.0,0.0,1.0,0.0,1.0,0.0,1.0,0.0,0,0.0,-1,-0.0,-1,-0.0,0,0.0,1.0,0.0,-1.0,-0.0,-1.0,-0.0,-1.0,-0.0,1.0,0.0,0,0.0,-1.0,-0.0,1.0,0.0,-1,-0.0,0,0.0,0.0,0.0,1.0,0.0,1.0,0.0,-1.0,-0.0,-1.0,-0.0,-1.0,-0.0,1.0,0.0,-1.0,-0.0,-1,-0.0,1.0,0.0,1,0.0,1.0,0.0,0.0,0.0,-1.0,-0.0,1.0,0.0,1.0,0.0,1.0,0.0,-1.0,-0.0,1.0,0.0,-1.0,-0.0,-1.0,-0.0,1.0,0.0,1,0.0,-1,-0.0,0.0,0.0,1.0,0.0,-1.0,-0.0,1.0,0.0,1.0,0.0,1.0,0.0,0.0,0.0,-1.0,-0.0,1.0,0.0,1,0.0,1,0.0,-1.0,-0.0,0,0.0,1.0,0.0,1.0,0.0,1,0.0,-1.0,-0.0,1.0,0.0,1,0.0,0,0.0,0.0,0.0,1.0,0.0,1.0,0.0,-1.0,-0.0,0.0,0.0,-1.0,-0.0,-1.0,-0.0,-1,-0.0,-1,-0.0,0,0.0,1,0.0,-1,-0.0,-1.0,-0.0,-1.0,-0.0,0,0.0,1,0.0,-1.0,-0.0,-1.0,-0.0,-1.0,-0.0,-1.0,-0.0
20170529,QCLN7,1.0,0.00381526104418,49990.0,energy,1496090237,1.0,190.724899598,190.724899598,-1.0,-190.724899598,-1.0,-190.724899598,-1,-190.724899598,-1.0,-190.724899598,1.0,190.724899598,1.0,190.724899598,1.0,190.724899598,1.0,190.724899598,1.0,190.724899598,1.0,190.724899598,0,0.0,-1,-190.724899598,-1,-190.724899598,0,0.0,1.0,190.724899598,-1.0,-190.724899598,-1.0,-190.724899598,-1.0,-190.724899598,1.0,190.724899598,0,0.0,-1.0,-190.724899598,1.0,190.724899598,-1,-190.724899598,0,0.0,0.0,0.0,1.0,190.724899598,1.0,190.724899598,-1.0,-190.724899598,-1.0,-190.724899598,-1.0,-190.724899598,1.0,190.724899598,-1.0,-190.724899598,-1,-190.724899598,1.0,190.724899598,1,190.724899598,1.0,190.724899598,0.0,0.0,-1.0,-190.724899598,1.0,190.724899598,1.0,190.724899598,1.0,190.724899598,-1.0,-190.724899598,1.0,190.724899598,-1.0,-190.724899598,-1.0,-190.724899598,1.0,190.724899598,1,190.724899598,1,190.724899598,0.0,0.0,1.0,190.724899598,-1.0,-190.724899598,1.0,190.724899598,1.0,190.724899598,-1.0,-190.724899598,-1.0,-190.724899598,-1.0,-190.724899598,-1.0,-190.724899598,1,190.724899598,0,0.0,-1.0,-190.724899598,0,0.0,1.0,190.724899598,1.0,190.724899598,1,190.724899598,-1.0,-190.724899598,1.0,190.724899598,1,190.724899598,0,0.0,0.0,0.0,-1.0,-190.724899598,1.0,190.724899598,1.0,190.724899598,1.0,190.724899598,-1.0,-190.724899598,1.0,190.724899598,-1,-190.724899598,0,0.0,0,0.0,1,190.724899598,-1,-190.724899598,-1.0,-190.724899598,-1.0,-190.724899598,0,0.0,1,190.724899598,-1.0,-190.724899598,-1.0,-190.724899598,-1.0,-190.724899598,-1.0,-190.724899598
20170529,@EUM7,1.0,0.000268108494571,139906.25,currency,1496076086,1.0,37.5100540686,37.5100540686,-1.0,-37.5100540686,-1.0,-37.5100540686,1,37.5100540686,-1.0,-37.5100540686,-1.0,-37.5100540686,1.0,37.5100540686,1.0,37.5100540686,1.0,37.5100540686,1.0,37.5100540686,1.0,37.5100540686,0,0.0,1,37.5100540686,-1,-37.5100540686,0,0.0,1.0,37.5100540686,1.0,37.5100540686,-1.0,-37.5100540686,-1.0,-37.5100540686,1.0,37.5100540686,0,0.0,1.0,37.5100540686,-1.0,-37.5100540686,1,37.5100540686,0,0.0,0.0,0.0,-1.0,-37.5100540686,-1.0,-37.5100540686,1.0,37.5100540686,-1.0,-37.5100540686,-1.0,-37.5100540686,1.0,37.5100540686,-1.0,-37.5100540686,-1,-37.5100540686,1.0,37.5100540686,1,37.5100540686,-1.0,-37.5100540686,0.0,0.0,1.0,37.5100540686,-1.0,-37.5100540686,1.0,37.5100540686,1.0,37.5100540686,-1.0,-37.5100540686,1.0,37.5100540686,-1.0,-37.5100540686,-1.0,-37.5100540686,1.0,37.5100540686,1,37.5100540686,-1,-37.5100540686,0.0,0.0,-1.0,-37.5100540686,-1.0,-37.5100540686,1.0,37.5100540686,1.0,37.5100540686,-1.0,-37.5100540686,0.0,0.0,1.0,37.5100540686,1.0,37.5100540686,1,37.5100540686,1,37.5100540686,1.0,37.5100540686,0,0.0,-1.0,-37.5100540686,1.0,37.5100540686,1,37.5100540686,-1.0,-37.5100540686,1.0,37.5100540686,-1,-37.5100540686,0,0.0,0.0,0.0,1.0,37.5100540686,-1.0,-37.5100540686,1.0,37.5100540686,0.0,0.0,1.0,37.5100540686,-1.0,-37.5100540686,-1,-37.5100540686,-1,-37.5100540686,0,0.0,-1,-37.5100540686,1,37.5100540686,-1.0,-37.5100540686,-1.0,-37.5100540686,0,0.0,-1,-37.5100540686,1.0,37.5100540686,-1.0,-37.5100540686,-1.0,-37.5100540686,-1.0,-37.5100540686
20170529,@EMDM7,-1.0,-0.000173862648508,172520.0,index,1496076086,1.0,-29.9947841205,29.9947841205,0.0,-0.0,1.0,-29.9947841205,-1,29.9947841205,1.0,-29.9947841205,-1.0,29.9947841205,0.0,-0.0,1.0,-29.9947841205,-1.0,29.9947841205,1.0,-29.9947841205,-1.0,29.9947841205,-1,29.9947841205,-1,29.9947841205,-1,29.9947841205,-1,29.9947841205,1.0,-29.9947841205,1.0,-29.9947841205,0.0,-0.0,-1.0,29.9947841205,1.0,-29.9947841205,0,-0.0,1.0,-29.9947841205,-1.0,29.9947841205,-1,29.9947841205,-1,29.9947841205,1.0,-29.9947841205,-1.0,29.9947841205,1.0,-29.9947841205,1.0,-29.9947841205,1.0,-29.9947841205,0.0,-0.0,0.0,-0.0,-1.0,29.9947841205,-1,29.9947841205,1.0,-29.9947841205,-1,29.9947841205,-1.0,29.9947841205,-1.0,29.9947841205,-1.0,29.9947841205,-1.0,29.9947841205,-1.0,29.9947841205,0.0,-0.0,0.0,-0.0,1.0,-29.9947841205,1.0,-29.9947841205,-1.0,29.9947841205,1.0,-29.9947841205,-1,29.9947841205,-1,29.9947841205,1.0,-29.9947841205,1.0,-29.9947841205,1.0,-29.9947841205,0.0,-0.0,-1.0,29.9947841205,-1.0,29.9947841205,0.0,-0.0,1.0,-29.9947841205,1.0,-29.9947841205,1,-29.9947841205,1,-29.9947841205,-1.0,29.9947841205,0,-0.0,-1.0,29.9947841205,-1.0,29.9947841205,-1,29.9947841205,1.0,-29.9947841205,0.0,-0.0,1,-29.9947841205,1,-29.9947841205,-1.0,29.9947841205,1.0,-29.9947841205,-1.0,29.9947841205,1.0,-29.9947841205,0.0,-0.0,1.0,-29.9947841205,-1.0,29.9947841205,-1,29.9947841205,-1,29.9947841205,1,-29.9947841205,1,-29.9947841205,1,-29.9947841205,-1.0,29.9947841205,1.0,-29.9947841205,1,-29.9947841205,1,-29.9947841205,1.0,-29.9947841205,0.0,-0.0,-1.0,29.9947841205,1.0,-29.9947841205
20170529,@BON7,0.0,0.0,18948.0,grain,1495822663,1.0,0.0,0.0,-1.0,-0.0,-1.0,-0.0,1,0.0,-1.0,-0.0,-1.0,-0.0,1.0,0.0,1.0,0.0,1.0,0.0,1.0,0.0,1.0,0.0,0,0.0,1,0.0,-1,-0.0,0,0.0,1.0,0.0,1.0,0.0,-1.0,-0.0,-1.0,-0.0,1.0,0.0,0,0.0,-1.0,-0.0,-1.0,-0.0,1,0.0,0,0.0,0.0,0.0,-1.0,-0.0,-1.0,-0.0,1.0,0.0,-1.0,-0.0,-1.0,-0.0,1.0,0.0,-1.0,-0.0,-1,-0.0,1.0,0.0,1,0.0,-1.0,-0.0,0.0,0.0,1.0,0.0,-1.0,-0.0,1.0,0.0,1.0,0.0,-1.0,-0.0,1.0,0.0,-1.0,-0.0,-1.0,-0.0,1.0,0.0,1,0.0,1,0.0,0.0,0.0,-1.0,-0.0,-1.0,-0.0,1.0,0.0,1.0,0.0,-1.0,-0.0,-1.0,-0.0,1.0,0.0,1.0,0.0,-1,-0.0,0,0.0,1.0,0.0,0,0.0,-1.0,-0.0,1.0,0.0,1,0.0,-1.0,-0.0,1.0,0.0,-1,-0.0,0,0.0,0.0,0.0,-1.0,-0.0,1.0,0.0,1.0,0.0,1.0,0.0,1.0,0.0,-1.0,-0.0,1,0.0,0,0.0,0,0.0,-1,-0.0,1,0.0,-1.0,-0.0,-1.0,-0.0,0,0.0,-1,-0.0,1.0,0.0,-1.0,-0.0,-1.0,-0.0,-1.0,-0.0
20170529,@GFQ7,0.0,0.0,73375.0,meat,1495821553,1.0,0.0,0.0,0.0,0.0,-1.0,-0.0,1,0.0,-1.0,-0.0,-1.0,-0.0,1.0,0.0,1.0,0.0,1.0,0.0,1.0,0.0,-1.0,-0.0,-1,-0.0,-1,-0.0,-1,-0.0,0,0.0,1.0,0.0,1.0,0.0,-1.0,-0.0,-1.0,-0.0,1.0,0.0,0,0.0,1.0,0.0,-1.0,-0.0,1,0.0,0,0.0,1.0,0.0,-1.0,-0.0,1.0,0.0,1.0,0.0,1.0,0.0,0.0,0.0,0.0,0.0,-1.0,-0.0,1,0.0,1.0,0.0,1,0.0,-1.0,-0.0,0.0,0.0,1.0,0.0,-1.0,-0.0,1.0,0.0,1.0,0.0,-1.0,-0.0,1.0,0.0,-1.0,-0.0,-1.0,-0.0,-1.0,-0.0,-1,-0.0,-1,-0.0,0.0,0.0,-1.0,-0.0,-1.0,-0.0,1.0,0.0,1.0,0.0,-1.0,-0.0,0.0,0.0,1.0,0.0,1.0,0.0,1,0.0,1,0.0,-1.0,-0.0,0,0.0,-1.0,-0.0,-1.0,-0.0,1,0.0,1.0,0.0,0.0,0.0,-1,-0.0,0,0.0,-1.0,-0.0,1.0,0.0,-1.0,-0.0,1.0,0.0,0.0,0.0,1.0,0.0,-1.0,-0.0,-1,-0.0,-1,-0.0,0,0.0,-1,-0.0,1,0.0,-1.0,-0.0,1.0,0.0,1,0.0,1,0.0,1.0,0.0,-1.0,-0.0,-1.0,-0.0,-1.0,-0.0
20170529,@FVM7,1.0,0.000461011591149,118679.6875,rates,1496076086,2.0,0.0,0.0,1.0,0.0,1.0,0.0,-1,-0.0,-1.0,-0.0,1.0,0.0,-1.0,-0.0,-1.0,-0.0,-1.0,-0.0,-1.0,-0.0,-1.0,-0.0,0,0.0,-1,-0.0,1,0.0,0,0.0,-1.0,-0.0,-1.0,-0.0,0.0,0.0,1.0,0.0,-1.0,-0.0,0,0.0,1.0,0.0,1.0,0.0,1,0.0,1,0.0,0.0,0.0,1.0,0.0,1.0,0.0,-1.0,-0.0,1.0,0.0,1.0,0.0,-1.0,-0.0,1.0,0.0,-1,-0.0,-1.0,-0.0,1,0.0,1.0,0.0,1.0,0.0,1.0,0.0,1.0,0.0,1.0,0.0,0.0,0.0,0.0,0.0,-1.0,-0.0,-1.0,-0.0,1.0,0.0,1.0,0.0,-1,-0.0,-1,-0.0,-1.0,-0.0,-1.0,-0.0,-1.0,-0.0,0.0,0.0,1.0,0.0,1.0,0.0,1.0,0.0,-1.0,-0.0,-1.0,-0.0,1,0.0,0,0.0,-1.0,-0.0,0,0.0,1.0,0.0,-1.0,-0.0,-1,-0.0,1.0,0.0,-1.0,-0.0,-1,-0.0,-1,-0.0,0.0,0.0,1.0,0.0,-1.0,-0.0,-1.0,-0.0,-1.0,-0.0,-1.0,-0.0,1.0,0.0,-1,-0.0,0,0.0,0,0.0,1,0.0,-1,-0.0,1.0,0.0,1.0,0.0,0,0.0,1,0.0,-1.0,-0.0,1.0,0.0,1.0,0.0,1.0,0.0
20170529,QGCQ7,-1.0,-0.00157306905773,126940.0,metal,1496076086,1.0,-0.0,0.0,1.0,-0.0,1.0,-0.0,-1,0.0,-1.0,0.0,1.0,-0.0,-1.0,0.0,-1.0,0.0,-1.0,0.0,-1.0,0.0,-1.0,0.0,0,-0.0,-1,0.0,1,-0.0,0,-0.0,-1.0,0.0,-1.0,0.0,0.0,-0.0,1.0,-0.0,-1.0,0.0,0,-0.0,-1.0,0.0,1.0,-0.0,1,-0.0,1,-0.0,0.0,-0.0,1.0,-0.0,1.0,-0.0,-1.0,0.0,1.0,-0.0,1.0,-0.0,-1.0,0.0,1.0,-0.0,-1,0.0,-1.0,0.0,1,-0.0,1.0,-0.0,1.0,-0.0,1.0,-0.0,1.0,-0.0,1.0,-0.0,0.0,-0.0,0.0,-0.0,-1.0,0.0,-1.0,0.0,1.0,-0.0,1.0,-0.0,-1,0.0,1,-0.0,-1.0,0.0,-1.0,0.0,-1.0,0.0,0.0,-0.0,1.0,-0.0,1.0,-0.0,0.0,-0.0,-1.0,0.0,-1.0,0.0,-1,0.0,-1,0.0,-1.0,0.0,0,-0.0,1.0,-0.0,-1.0,0.0,-1,0.0,1.0,-0.0,-1.0,0.0,-1,0.0,-1,0.0,0.0,-0.0,-1.0,0.0,1.0,-0.0,-1.0,0.0,0.0,-0.0,-1.0,0.0,1.0,-0.0,1,-0.0,1,-0.0,0,-0.0,1,-0.0,-1,0.0,1.0,-0.0,1.0,-0.0,0,-0.0,1,-0.0,-1.0,0.0,1.0,-0.0,1.0,-0.0,1.0,-0.0
20170529,QHGN7,1.0,0.00155884645362,64250.0,metal,1496090237,1.0,100.155884645,100.155884645,-1.0,-100.155884645,-1.0,-100.155884645,1,100.155884645,1.0,100.155884645,-1.0,-100.155884645,1.0,100.155884645,1.0,100.155884645,1.0,100.155884645,1.0,100.155884645,1.0,100.155884645,0,0.0,1,100.155884645,-1,-100.155884645,0,0.0,1.0,100.155884645,1.0,100.155884645,0.0,0.0,-1.0,-100.155884645,1.0,100.155884645,0,0.0,-1.0,-100.155884645,-1.0,-100.155884645,-1,-100.155884645,-1,-100.155884645,0.0,0.0,-1.0,-100.155884645,-1.0,-100.155884645,1.0,100.155884645,-1.0,-100.155884645,-1.0,-100.155884645,1.0,100.155884645,-1.0,-100.155884645,-1,-100.155884645,1.0,100.155884645,-1,-100.155884645,-1.0,-100.155884645,-1.0,-100.155884645,-1.0,-100.155884645,-1.0,-100.155884645,-1.0,-100.155884645,0.0,0.0,0.0,0.0,1.0,100.155884645,1.0,100.155884645,-1.0,-100.155884645,1.0,100.155884645,1,100.155884645,1,100.155884645,1.0,100.155884645,1.0,100.155884645,1.0,100.155884645,0.0,0.0,-1.0,-100.155884645,-1.0,-100.155884645,-1.0,-100.155884645,1.0,100.155884645,1.0,100.155884645,-1,-100.155884645,0,0.0,1.0,100.155884645,0,0.0,-1.0,-100.155884645,1.0,100.155884645,1,100.155884645,-1.0,-100.155884645,1.0,100.155884645,1,100.155884645,1,100.155884645,0.0,0.0,-1.0,-100.155884645,1.0,100.155884645,1.0,100.155884645,1.0,100.155884645,1.0,100.155884645,-1.0,-100.155884645,1,100.155884645,0,0.0,0,0.0,-1,-100.155884645,1,100.155884645,-1.0,-100.155884645,-1.0,-100.155884645,0,0.0,-1,-100.155884645,1.0,100.155884645,-1.0,-100.155884645,-1.0,-100.155884645,-1.0,-100.155884645
20170529,QHON7,1.0,0.00299936183791,66011.4,energy,1496090237,1.0,0.0,0.0,0.0,0.0,1.0,0.0,-1,-0.0,1.0,0.0,-1.0,-0.0,0.0,0.0,-1.0,-0.0,1.0,0.0,-1.0,-0.0,1.0,0.0,-1,-0.0,-1,-0.0,-1,-0.0,-1,-0.0,-1.0,-0.0,1.0,0.0,0.0,0.0,1.0,0.0,-1.0,-0.0,0,0.0,-1.0,-0.0,-1.0,-0.0,-1,-0.0,-1,-0.0,1.0,0.0,-1.0,-0.0,1.0,0.0,1.0,0.0,-1.0,-0.0,0.0,0.0,0.0,0.0,1.0,0.0,-1,-0.0,1.0,0.0,-1,-0.0,1.0,0.0,-1.0,-0.0,-1.0,-0.0,-1.0,-0.0,1.0,0.0,0.0,0.0,0.0,0.0,-1.0,-0.0,-1.0,-0.0,1.0,0.0,1.0,0.0,-1,-0.0,1,0.0,1.0,0.0,1.0,0.0,-1.0,-0.0,0.0,0.0,1.0,0.0,-1.0,-0.0,-1.0,-0.0,1.0,0.0,-1.0,-0.0,1,0.0,0,0.0,-1.0,-0.0,0,0.0,-1.0,-0.0,1.0,0.0,-1,-0.0,1.0,0.0,0.0,0.0,1,0.0,1,0.0,-1.0,-0.0,-1.0,-0.0,1.0,0.0,1.0,0.0,1.0,0.0,1.0,0.0,1.0,0.0,-1,-0.0,0,0.0,1,0.0,1,0.0,-1,-0.0,1.0,0.0,-1.0,-0.0,1,0.0,1,0.0,1.0,0.0,0.0,0.0,1.0,0.0,-1.0,-0.0
20170529,@JYM7,1.0,0.000500723266941,112393.75,currency,1496076086,1.0,56.2781656838,56.2781656838,1.0,56.2781656838,1.0,56.2781656838,-1,-56.2781656838,-1.0,-56.2781656838,1.0,56.2781656838,-1.0,-56.2781656838,-1.0,-56.2781656838,-1.0,-56.2781656838,-1.0,-56.2781656838,-1.0,-56.2781656838,0,0.0,-1,-56.2781656838,1,56.2781656838,0,0.0,-1.0,-56.2781656838,-1.0,-56.2781656838,0.0,0.0,1.0,56.2781656838,-1.0,-56.2781656838,0,0.0,1.0,56.2781656838,1.0,56.2781656838,1,56.2781656838,1,56.2781656838,0.0,0.0,1.0,56.2781656838,1.0,56.2781656838,-1.0,-56.2781656838,1.0,56.2781656838,1.0,56.2781656838,-1.0,-56.2781656838,1.0,56.2781656838,-1,-56.2781656838,-1.0,-56.2781656838,1,56.2781656838,1.0,56.2781656838,1.0,56.2781656838,1.0,56.2781656838,1.0,56.2781656838,1.0,56.2781656838,0.0,0.0,0.0,0.0,-1.0,-56.2781656838,-1.0,-56.2781656838,1.0,56.2781656838,1.0,56.2781656838,-1,-56.2781656838,-1,-56.2781656838,-1.0,-56.2781656838,-1.0,-56.2781656838,-1.0,-56.2781656838,0.0,0.0,1.0,56.2781656838,1.0,56.2781656838,1.0,56.2781656838,-1.0,-56.2781656838,-1.0,-56.2781656838,1,56.2781656838,0,0.0,-1.0,-56.2781656838,0,0.0,1.0,56.2781656838,-1.0,-56.2781656838,-1,-56.2781656838,1.0,56.2781656838,-1.0,-56.2781656838,-1,-56.2781656838,-1,-56.2781656838,0.0,0.0,1.0,56.2781656838,-1.0,-56.2781656838,-1.0,-56.2781656838,-1.0,-56.2781656838,-1.0,-56.2781656838,1.0,56.2781656838,-1,-56.2781656838,0,0.0,0,0.0,1,56.2781656838,-1,-56.2781656838,1.0,56.2781656838,1.0,56.2781656838,0,0.0,1,56.2781656838,-1.0,-56.2781656838,1.0,56.2781656838,1.0,56.2781656838,1.0,56.2781656838
20170529,@ESM7,1.0,0.000414293112377,120737.5,index,1496076086,1.0,50.0207146556,50.0207146556,0.0,0.0,1.0,50.0207146556,-1,-50.0207146556,-1.0,-50.0207146556,-1.0,-50.0207146556,0.0,0.0,-1.0,-50.0207146556,1.0,50.0207146556,-1.0,-50.0207146556,1.0,50.0207146556,-1,-50.0207146556,-1,-50.0207146556,-1,-50.0207146556,-1,-50.0207146556,-1.0,-50.0207146556,-1.0,-50.0207146556,-1.0,-50.0207146556,-1.0,-50.0207146556,1.0,50.0207146556,1,41.4293112377,-1.0,-50.0207146556,-1.0,-50.0207146556,-1,-50.0207146556,0,0.0,1.0,50.0207146556,1.0,50.0207146556,1.0,50.0207146556,1.0,50.0207146556,-1.0,-50.0207146556,0.0,0.0,0.0,0.0,1.0,50.0207146556,-1,-50.0207146556,1.0,50.0207146556,1,50.0207146556,1.0,50.0207146556,0.0,0.0,-1.0,-50.0207146556,1.0,50.0207146556,1.0,50.0207146556,1.0,50.0207146556,-1.0,-50.0207146556,1.0,50.0207146556,-1.0,-50.0207146556,-1.0,-50.0207146556,1.0,50.0207146556,-1,-50.0207146556,1,50.0207146556,0.0,0.0,1.0,50.0207146556,-1.0,-50.0207146556,1.0,50.0207146556,1.0,50.0207146556,-1.0,-50.0207146556,-1.0,-50.0207146556,1.0,50.0207146556,-1.0,-50.0207146556,1,50.0207146556,0,0.0,-1.0,-50.0207146556,0,0.0,-1.0,-50.0207146556,1.0,50.0207146556,-1,-50.0207146556,1.0,50.0207146556,0.0,0.0,1,50.0207146556,0,0.0,-1.0,-50.0207146556,-1.0,-50.0207146556,1.0,50.0207146556,1.0,50.0207146556,1.0,50.0207146556,-1.0,-50.0207146556,1.0,50.0207146556,-1,-50.0207146556,0,0.0,1,50.0207146556,1,50.0207146556,-1,-50.0207146556,1.0,50.0207146556,-1.0,-50.0207146556,1,50.0207146556,1,50.0207146556,1.0,50.0207146556,0.0,0.0,1.0,50.0207146556,-1.0,-50.0207146556
20170529,@LEQ7,0.0,0.0,47550.0,meat,1495821553,1.0,0.0,0.0,0.0,0.0,-1.0,-0.0,1,0.0,-1.0,-0.0,-1.0,-0.0,1.0,0.0,1.0,0.0,1.0,0.0,1.0,0.0,-1.0,-0.0,-1,-0.0,-1,-0.0,-1,-0.0,0,0.0,1.0,0.0,1.0,0.0,-1.0,-0.0,-1.0,-0.0,1.0,0.0,0,0.0,1.0,0.0,-1.0,-0.0,1,0.0,0,0.0,1.0,0.0,-1.0,-0.0,1.0,0.0,1.0,0.0,1.0,0.0,0.0,0.0,0.0,0.0,-1.0,-0.0,1,0.0,1.0,0.0,1,0.0,-1.0,-0.0,0.0,0.0,1.0,0.0,-1.0,-0.0,1.0,0.0,1.0,0.0,-1.0,-0.0,1.0,0.0,-1.0,-0.0,-1.0,-0.0,-1.0,-0.0,-1,-0.0,-1,-0.0,0.0,0.0,-1.0,-0.0,-1.0,-0.0,1.0,0.0,1.0,0.0,-1.0,-0.0,0.0,0.0,1.0,0.0,1.0,0.0,1,0.0,1,0.0,-1.0,-0.0,0,0.0,-1.0,-0.0,-1.0,-0.0,1,0.0,1.0,0.0,0.0,0.0,-1,-0.0,0,0.0,-1.0,-0.0,1.0,0.0,-1.0,-0.0,1.0,0.0,0.0,0.0,1.0,0.0,-1.0,-0.0,-1,-0.0,-1,-0.0,0,0.0,-1,-0.0,1,0.0,-1.0,-0.0,1.0,0.0,1,0.0,1,0.0,1.0,0.0,-1.0,-0.0,-1.0,-0.0,-1.0,-0.0
20170530,@LEQ7,1.0,0.00798654897016,47960.0,meat,1496167144,1.0,0.0,0.0,0.0,0.0,-1.0,-0.0,1,0.0,-1.0,-0.0,-1.0,-0.0,1.0,0.0,1.0,0.0,1.0,0.0,1.0,0.0,-1.0,-0.0,-1,-0.0,-1,-0.0,-1,-0.0,0,0.0,1.0,0.0,1.0,0.0,-1.0,-0.0,-1.0,-0.0,1.0,0.0,0,0.0,1.0,0.0,-1.0,-0.0,1,0.0,0,0.0,1.0,0.0,-1.0,-0.0,1.0,0.0,1.0,0.0,1.0,0.0,0.0,0.0,0.0,0.0,-1.0,-0.0,1,0.0,1.0,0.0,1,0.0,-1.0,-0.0,0.0,0.0,1.0,0.0,-1.0,-0.0,1.0,0.0,1.0,0.0,-1.0,-0.0,1.0,0.0,-1.0,-0.0,-1.0,-0.0,-1.0,-0.0,-1,-0.0,-1,-0.0,0.0,0.0,-1.0,-0.0,-1.0,-0.0,1.0,0.0,1.0,0.0,-1.0,-0.0,0.0,0.0,1.0,0.0,1.0,0.0,1,0.0,1,0.0,-1.0,-0.0,0,0.0,-1.0,-0.0,-1.0,-0.0,1,0.0,1.0,0.0,0.0,0.0,-1,-0.0,0,0.0,-1.0,-0.0,1.0,0.0,-1.0,-0.0,1.0,0.0,0.0,0.0,1.0,0.0,-1.0,-0.0,-1,-0.0,-1,-0.0,0,0.0,-1,-0.0,1,0.0,-1.0,-0.0,1.0,0.0,1,0.0,1,0.0,1.0,0.0,-1.0,-0.0,-1.0,-0.0,-1.0,-0.0
20170530,@JYM7,1.0,0.00528541226216,112931.25,currency,1496177046,1.0,596.888213531,596.888213531,1.0,596.888213531,1.0,596.888213531,-1,-596.888213531,-1.0,-596.888213531,1.0,596.888213531,-1.0,-596.888213531,-1.0,-596.888213531,-1.0,-596.888213531,-1.0,-596.888213531,-1.0,-596.888213531,0,0.0,-1,-596.888213531,1,596.888213531,0,0.0,-1.0,-596.888213531,-1.0,-596.888213531,0.0,0.0,1.0,596.888213531,-1.0,-596.888213531,0,0.0,1.0,596.888213531,1.0,596.888213531,1,596.888213531,1,596.888213531,0.0,0.0,1.0,596.888213531,1.0,596.888213531,-1.0,-596.888213531,1.0,596.888213531,1.0,596.888213531,-1.0,-596.888213531,1.0,596.888213531,-1,-596.888213531,-1.0,-596.888213531,1,596.888213531,1.0,596.888213531,1.0,596.888213531,1.0,596.888213531,1.0,596.888213531,1.0,596.888213531,0.0,0.0,0.0,0.0,-1.0,-596.888213531,-1.0,-596.888213531,1.0,596.888213531,1.0,596.888213531,-1,-596.888213531,-1,-596.888213531,-1.0,-596.888213531,-1.0,-596.888213531,-1.0,-596.888213531,0.0,0.0,1.0,596.888213531,1.0,596.888213531,1.0,596.888213531,-1.0,-596.888213531,-1.0,-596.888213531,1,596.888213531,0,0.0,-1.0,-596.888213531,0,0.0,1.0,596.888213531,-1.0,-596.888213531,-1,-596.888213531,1.0,596.888213531,-1.0,-596.888213531,-1,-596.888213531,-1,-596.888213531,0.0,0.0,1.0,596.888213531,-1.0,-596.888213531,-1.0,-596.888213531,-1.0,-596.888213531,-1.0,-596.888213531,1.0,596.888213531,-1,-596.888213531,0,0.0,0,0.0,1,596.888213531,-1,-596.888213531,1.0,596.888213531,1.0,596.888213531,0,0.0,1,596.888213531,-1.0,-596.888213531,1.0,596.888213531,1.0,596.888213531,1.0,596.888213531
20170530,QHON7,-1.0,-0.00918953414167,65209.2,energy,1496177046,1.0,-0.0,0.0,0.0,-0.0,1.0,-0.0,-1,0.0,1.0,-0.0,-1.0,0.0,0.0,-0.0,-1.0,0.0,1.0,-0.0,-1.0,0.0,1.0,-0.0,-1,0.0,-1,0.0,-1,0.0,-1,0.0,-1.0,0.0,1.0,-0.0,0.0,-0.0,1.0,-0.0,-1.0,0.0,0,-0.0,-1.0,0.0,-1.0,0.0,-1,0.0,-1,0.0,1.0,-0.0,-1.0,0.0,1.0,-0.0,1.0,-0.0,-1.0,0.0,0.0,-0.0,0.0,-0.0,1.0,-0.0,-1,0.0,1.0,-0.0,-1,0.0,1.0,-0.0,-1.0,0.0,-1.0,0.0,-1.0,0.0,1.0,-0.0,0.0,-0.0,0.0,-0.0,-1.0,0.0,-1.0,0.0,1.0,-0.0,1.0,-0.0,-1,0.0,1,-0.0,1.0,-0.0,1.0,-0.0,-1.0,0.0,0.0,-0.0,1.0,-0.0,-1.0,0.0,-1.0,0.0,1.0,-0.0,-1.0,0.0,1,-0.0,0,-0.0,-1.0,0.0,0,-0.0,-1.0,0.0,1.0,-0.0,-1,0.0,1.0,-0.0,0.0,-0.0,1,-0.0,1,-0.0,-1.0,0.0,-1.0,0.0,1.0,-0.0,1.0,-0.0,1.0,-0.0,1.0,-0.0,1.0,-0.0,-1,0.0,0,-0.0,1,-0.0,1,-0.0,-1,0.0,1.0,-0.0,-1.0,0.0,1,-0.0,1,-0.0,1.0,-0.0,0.0,-0.0,1.0,-0.0,-1.0,0.0
20170530,QHGN7,1.0,0.00116913484022,64225.0,metal,1496177046,1.0,75.087685113,75.087685113,0.0,0.0,1.0,75.087685113,-1,-75.087685113,-1.0,-75.087685113,-1.0,-75.087685113,0.0,0.0,-1.0,-75.087685113,1.0,75.087685113,-1.0,-75.087685113,1.0,75.087685113,-1,-75.087685113,-1,-75.087685113,-1,-75.087685113,-1,-75.087685113,-1.0,-75.087685113,-1.0,-75.087685113,-1.0,-75.087685113,-1.0,-75.087685113,1.0,75.087685113,0,0.0,-1.0,-75.087685113,-1.0,-75.087685113,-1,-75.087685113,0,0.0,1.0,75.087685113,1.0,75.087685113,1.0,75.087685113,1.0,75.087685113,-1.0,-75.087685113,0.0,0.0,0.0,0.0,1.0,75.087685113,-1,-75.087685113,1.0,75.087685113,1,75.087685113,1.0,75.087685113,0.0,0.0,-1.0,-75.087685113,1.0,75.087685113,1.0,75.087685113,1.0,75.087685113,-1.0,-75.087685113,1.0,75.087685113,-1.0,-75.087685113,-1.0,-75.087685113,1.0,75.087685113,-1,-75.087685113,1,75.087685113,0.0,0.0,1.0,75.087685113,-1.0,-75.087685113,1.0,75.087685113,1.0,75.087685113,-1.0,-75.087685113,-1.0,-75.087685113,1.0,75.087685113,-1.0,-75.087685113,1,75.087685113,0,0.0,-1.0,-75.087685113,0,0.0,-1.0,-75.087685113,1.0,75.087685113,-1,-75.087685113,1.0,75.087685113,0.0,0.0,1,75.087685113,0,0.0,-1.0,-75.087685113,-1.0,-75.087685113,1.0,75.087685113,1.0,75.087685113,1.0,75.087685113,-1.0,-75.087685113,1.0,75.087685113,-1,-75.087685113,0,0.0,1,75.087685113,1,75.087685113,-1,-75.087685113,1.0,75.087685113,-1.0,-75.087685113,1,75.087685113,1,75.087685113,1.0,75.087685113,0.0,0.0,1.0,75.087685113,-1.0,-75.087685113
20170530,QGCQ7,-1.0,-0.00440459336165,126580.0,metal,1496177046,1.0,-0.0,0.0,1.0,-0.0,1.0,-0.0,1,-0.0,-1.0,0.0,-1.0,0.0,-1.0,0.0,-1.0,0.0,-1.0,0.0,-1.0,0.0,-1.0,0.0,0,-0.0,1,-0.0,1,-0.0,0,-0.0,-1.0,0.0,-1.0,0.0,0.0,-0.0,-1.0,0.0,1.0,-0.0,0,-0.0,1.0,-0.0,-1.0,0.0,1,-0.0,1,-0.0,0.0,-0.0,1.0,-0.0,-1.0,0.0,1.0,-0.0,1.0,-0.0,1.0,-0.0,-1.0,0.0,1.0,-0.0,-1,0.0,-1.0,0.0,1,-0.0,-1.0,0.0,1.0,-0.0,1.0,-0.0,1.0,-0.0,-1.0,0.0,0.0,-0.0,0.0,-0.0,1.0,-0.0,1.0,-0.0,-1.0,0.0,1.0,-0.0,-1,0.0,1,-0.0,-1.0,0.0,-1.0,0.0,1.0,-0.0,0.0,-0.0,-1.0,0.0,-1.0,0.0,0.0,-0.0,1.0,-0.0,-1.0,0.0,-1,0.0,-1,0.0,1.0,-0.0,0,-0.0,-1.0,0.0,-1.0,0.0,-1,0.0,1.0,-0.0,-1.0,0.0,-1,0.0,-1,0.0,0.0,-0.0,-1.0,0.0,-1.0,0.0,1.0,-0.0,0.0,-0.0,-1.0,0.0,1.0,-0.0,1,-0.0,1,-0.0,0,-0.0,-1,0.0,1,-0.0,1.0,-0.0,1.0,-0.0,0,-0.0,-1,0.0,1.0,-0.0,1.0,-0.0,1.0,-0.0,1.0,-0.0
20170530,@FVM7,1.0,0.00131717597471,118781.25,rates,1496177046,2.0,0.0,0.0,1.0,0.0,1.0,0.0,-1,-0.0,-1.0,-0.0,1.0,0.0,-1.0,-0.0,-1.0,-0.0,-1.0,-0.0,-1.0,-0.0,-1.0,-0.0,0,0.0,-1,-0.0,1,0.0,0,0.0,-1.0,-0.0,-1.0,-0.0,0.0,0.0,1.0,0.0,-1.0,-0.0,0,0.0,1.0,0.0,1.0,0.0,1,0.0,1,0.0,0.0,0.0,1.0,0.0,1.0,0.0,-1.0,-0.0,1.0,0.0,1.0,0.0,-1.0,-0.0,1.0,0.0,-1,-0.0,-1.0,-0.0,1,0.0,1.0,0.0,1.0,0.0,1.0,0.0,1.0,0.0,1.0,0.0,0.0,0.0,0.0,0.0,-1.0,-0.0,-1.0,-0.0,1.0,0.0,1.0,0.0,-1,-0.0,-1,-0.0,-1.0,-0.0,-1.0,-0.0,-1.0,-0.0,0.0,0.0,1.0,0.0,1.0,0.0,1.0,0.0,-1.0,-0.0,-1.0,-0.0,1,0.0,0,0.0,-1.0,-0.0,0,0.0,1.0,0.0,-1.0,-0.0,-1,-0.0,1.0,0.0,-1.0,-0.0,-1,-0.0,-1,-0.0,0.0,0.0,1.0,0.0,-1.0,-0.0,-1.0,-0.0,-1.0,-0.0,-1.0,-0.0,1.0,0.0,-1,-0.0,0,0.0,0,0.0,1,0.0,-1,-0.0,1.0,0.0,1.0,0.0,0,0.0,1,0.0,-1.0,-0.0,1.0,0.0,1.0,0.0,1.0,0.0
20170530,@EMDM7,-1.0,-0.00365111561866,171920.0,index,1496177046,1.0,-627.69979716,627.69979716,-1.0,627.69979716,-1.0,627.69979716,1,-627.69979716,1.0,-627.69979716,-1.0,627.69979716,1.0,-627.69979716,1.0,-627.69979716,1.0,-627.69979716,1.0,-627.69979716,1.0,-627.69979716,0,-0.0,1,-627.69979716,-1,627.69979716,0,-0.0,1.0,-627.69979716,1.0,-627.69979716,0.0,-0.0,-1.0,627.69979716,1.0,-627.69979716,0,-0.0,1.0,-627.69979716,-1.0,627.69979716,-1,627.69979716,-1,627.69979716,0.0,-0.0,-1.0,627.69979716,-1.0,627.69979716,1.0,-627.69979716,-1.0,627.69979716,-1.0,627.69979716,1.0,-627.69979716,-1.0,627.69979716,-1,627.69979716,1.0,-627.69979716,-1,627.69979716,-1.0,627.69979716,-1.0,627.69979716,-1.0,627.69979716,-1.0,627.69979716,-1.0,627.69979716,0.0,-0.0,0.0,-0.0,1.0,-627.69979716,1.0,-627.69979716,-1.0,627.69979716,1.0,-627.69979716,1,-627.69979716,-1,627.69979716,1.0,-627.69979716,1.0,-627.69979716,1.0,-627.69979716,0.0,-0.0,-1.0,627.69979716,-1.0,627.69979716,0.0,-0.0,1.0,-627.69979716,1.0,-627.69979716,1,-627.69979716,1,-627.69979716,1.0,-627.69979716,0,-0.0,-1.0,627.69979716,1.0,-627.69979716,1,-627.69979716,-1.0,627.69979716,1.0,-627.69979716,1,-627.69979716,1,-627.69979716,0.0,-0.0,1.0,-627.69979716,-1.0,627.69979716,1.0,-627.69979716,0.0,-0.0,1.0,-627.69979716,-1.0,627.69979716,-1,627.69979716,-1,627.69979716,0,-0.0,-1,627.69979716,1,-627.69979716,-1.0,627.69979716,-1.0,627.69979716,0,-0.0,-1,627.69979716,1.0,-627.69979716,-1.0,627.69979716,-1.0,627.69979716,-1.0,627.69979716
20170530,@ESM7,-1.0,-0.00113930605904,120550.0,index,1496177046,1.0,-137.343345417,137.343345417,0.0,-0.0,1.0,-137.343345417,-1,137.343345417,-1.0,137.343345417,-1.0,137.343345417,0.0,-0.0,-1.0,137.343345417,1.0,-137.343345417,-1.0,137.343345417,1.0,-137.343345417,-1,137.343345417,-1,137.343345417,-1,137.343345417,-1,137.343345417,-1.0,137.343345417,-1.0,137.343345417,-1.0,137.343345417,-1.0,137.343345417,1.0,-137.343345417,1,-113.930605904,-1.0,137.343345417,-1.0,137.343345417,-1,137.343345417,0,-0.0,1.0,-137.343345417,1.0,-137.343345417,1.0,-137.343345417,1.0,-137.343345417,-1.0,137.343345417,0.0,-0.0,0.0,-0.0,1.0,-137.343345417,-1,137.343345417,1.0,-137.343345417,1,-137.343345417,1.0,-137.343345417,0.0,-0.0,-1.0,137.343345417,1.0,-137.343345417,1.0,-137.343345417,1.0,-137.343345417,-1.0,137.343345417,1.0,-137.343345417,-1.0,137.343345417,-1.0,137.343345417,1.0,-137.343345417,-1,137.343345417,1,-137.343345417,0.0,-0.0,1.0,-137.343345417,-1.0,137.343345417,1.0,-137.343345417,1.0,-137.343345417,-1.0,137.343345417,-1.0,137.343345417,1.0,-137.343345417,-1.0,137.343345417,1,-137.343345417,0,-0.0,-1.0,137.343345417,0,-0.0,-1.0,137.343345417,1.0,-137.343345417,-1,137.343345417,1.0,-137.343345417,0.0,-0.0,1,-137.343345417,0,-0.0,-1.0,137.343345417,-1.0,137.343345417,1.0,-137.343345417,1.0,-137.343345417,1.0,-137.343345417,-1.0,137.343345417,1.0,-137.343345417,-1,137.343345417,0,-0.0,1,-137.343345417,1,-137.343345417,-1,137.343345417,1.0,-137.343345417,-1.0,137.343345417,1,-137.343345417,1,-137.343345417,1.0,-137.343345417,0.0,-0.0,1.0,-137.343345417,-1.0,137.343345417
20170530,@EUM7,1.0,0.00156396621833,140087.5,currency,1496177046,1.0,219.09211761,219.09211761,0.0,0.0,1.0,219.09211761,-1,-219.09211761,1.0,219.09211761,-1.0,-219.09211761,0.0,0.0,-1.0,-219.09211761,1.0,219.09211761,-1.0,-219.09211761,1.0,219.09211761,-1,-219.09211761,-1,-219.09211761,-1,-219.09211761,-1,-219.09211761,-1.0,-219.09211761,1.0,219.09211761,0.0,0.0,1.0,219.09211761,-1.0,-219.09211761,0,0.0,-1.0,-219.09211761,-1.0,-219.09211761,-1,-219.09211761,-1,-219.09211761,1.0,219.09211761,-1.0,-219.09211761,1.0,219.09211761,1.0,219.09211761,-1.0,-219.09211761,0.0,0.0,0.0,0.0,1.0,219.09211761,-1,-219.09211761,1.0,219.09211761,-1,-219.09211761,1.0,219.09211761,-1.0,-219.09211761,-1.0,-219.09211761,-1.0,-219.09211761,1.0,219.09211761,0.0,0.0,0.0,0.0,-1.0,-219.09211761,-1.0,-219.09211761,1.0,219.09211761,1.0,219.09211761,-1,-219.09211761,-1,-219.09211761,1.0,219.09211761,1.0,219.09211761,-1.0,-219.09211761,0.0,0.0,1.0,219.09211761,1.0,219.09211761,0.0,0.0,1.0,219.09211761,1.0,219.09211761,1,219.09211761,1,219.09211761,-1.0,-219.09211761,0,0.0,-1.0,-219.09211761,1.0,219.09211761,-1,-219.09211761,1.0,219.09211761,0.0,0.0,1,219.09211761,1,219.09211761,-1.0,-219.09211761,1.0,219.09211761,1.0,219.09211761,-1.0,-219.09211761,0.0,0.0,1.0,219.09211761,-1.0,-219.09211761,-1,-219.09211761,-1,-219.09211761,1,219.09211761,1,219.09211761,-1,-219.09211761,1.0,219.09211761,-1.0,-219.09211761,1,219.09211761,1,219.09211761,1.0,219.09211761,0.0,0.0,1.0,219.09211761,-1.0,-219.09211761
20170530,QCLN7,-1.0,-0.00582329317269,49510.0,energy,1496177046,1.0,-288.31124498,288.31124498,-1.0,288.31124498,-1.0,288.31124498,-1,288.31124498,1.0,-288.31124498,1.0,-288.31124498,1.0,-288.31124498,1.0,-288.31124498,1.0,-288.31124498,1.0,-288.31124498,1.0,-288.31124498,0,-0.0,-1,288.31124498,-1,288.31124498,0,-0.0,1.0,-288.31124498,1.0,-288.31124498,0.0,-0.0,1.0,-288.31124498,-1.0,288.31124498,0,-0.0,-1.0,288.31124498,1.0,-288.31124498,-1,288.31124498,-1,288.31124498,0.0,-0.0,-1.0,288.31124498,1.0,-288.31124498,-1.0,288.31124498,-1.0,288.31124498,-1.0,288.31124498,1.0,-288.31124498,-1.0,288.31124498,-1,288.31124498,1.0,-288.31124498,-1,288.31124498,1.0,-288.31124498,-1.0,288.31124498,-1.0,288.31124498,-1.0,288.31124498,1.0,-288.31124498,0.0,-0.0,0.0,-0.0,-1.0,288.31124498,-1.0,288.31124498,1.0,-288.31124498,1.0,-288.31124498,1,-288.31124498,1,-288.31124498,1.0,-288.31124498,1.0,-288.31124498,-1.0,288.31124498,0.0,-0.0,1.0,-288.31124498,-1.0,288.31124498,-1.0,288.31124498,-1.0,288.31124498,-1.0,288.31124498,1,-288.31124498,0,-0.0,-1.0,288.31124498,0,-0.0,1.0,-288.31124498,1.0,-288.31124498,1,-288.31124498,-1.0,288.31124498,1.0,-288.31124498,1,-288.31124498,1,-288.31124498,0.0,-0.0,-1.0,288.31124498,1.0,-288.31124498,1.0,-288.31124498,1.0,-288.31124498,1.0,-288.31124498,1.0,-288.31124498,-1,288.31124498,0,-0.0,0,-0.0,1,-288.31124498,-1,288.31124498,-1.0,288.31124498,-1.0,288.31124498,0,-0.0,1,-288.31124498,-1.0,288.31124498,-1.0,288.31124498,-1.0,288.31124498,-1.0,288.31124498
20170530,@CDM7,1.0,0.000269215237582,74310.0,currency,1496177046,1.0,0.0,0.0,0.0,0.0,1.0,0.0,-1,-0.0,1.0,0.0,-1.0,-0.0,0.0,0.0,-1.0,-0.0,1.0,0.0,-1.0,-0.0,1.0,0.0,-1,-0.0,-1,-0.0,-1,-0.0,-1,-0.0,-1.0,-0.0,1.0,0.0,0.0,0.0,1.0,0.0,-1.0,-0.0,0,0.0,-1.0,-0.0,-1.0,-0.0,-1,-0.0,-1,-0.0,1.0,0.0,-1.0,-0.0,1.0,0.0,1.0,0.0,-1.0,-0.0,0.0,0.0,0.0,0.0,1.0,0.0,-1,-0.0,1.0,0.0,-1,-0.0,1.0,0.0,-1.0,-0.0,-1.0,-0.0,-1.0,-0.0,1.0,0.0,0.0,0.0,0.0,0.0,-1.0,-0.0,-1.0,-0.0,1.0,0.0,1.0,0.0,-1,-0.0,-1,-0.0,1.0,0.0,1.0,0.0,-1.0,-0.0,0.0,0.0,1.0,0.0,1.0,0.0,0.0,0.0,1.0,0.0,1.0,0.0,1,0.0,1,0.0,-1.0,-0.0,0,0.0,-1.0,-0.0,1.0,0.0,-1,-0.0,1.0,0.0,0.0,0.0,1,0.0,1,0.0,-1.0,-0.0,1.0,0.0,1.0,0.0,-1.0,-0.0,0.0,0.0,1.0,0.0,-1.0,-0.0,-1,-0.0,-1,-0.0,1,0.0,1,0.0,-1,-0.0,1.0,0.0,-1.0,-0.0,1,0.0,1,0.0,1.0,0.0,0.0,0.0,1.0,0.0,-1.0,-0.0
20170530,@CN7,-1.0,-0.0180360721443,18375.0,grain,1496168334,1.0,-331.412825651,331.412825651,-1.0,331.412825651,-1.0,331.412825651,-1,331.412825651,-1.0,331.412825651,1.0,-331.412825651,1.0,-331.412825651,1.0,-331.412825651,1.0,-331.412825651,1.0,-331.412825651,1.0,-331.412825651,0,-0.0,-1,331.412825651,-1,331.412825651,0,-0.0,1.0,-331.412825651,-1.0,331.412825651,-1.0,331.412825651,-1.0,331.412825651,1.0,-331.412825651,0,-0.0,-1.0,331.412825651,1.0,-331.412825651,-1,331.412825651,0,-0.0,0.0,-0.0,1.0,-331.412825651,1.0,-331.412825651,-1.0,331.412825651,-1.0,331.412825651,-1.0,331.412825651,1.0,-331.412825651,-1.0,331.412825651,-1,331.412825651,1.0,-331.412825651,1,-331.412825651,1.0,-331.412825651,0.0,-0.0,-1.0,331.412825651,1.0,-331.412825651,1.0,-331.412825651,1.0,-331.412825651,-1.0,331.412825651,1.0,-331.412825651,-1.0,331.412825651,-1.0,331.412825651,1.0,-331.412825651,1,-331.412825651,1,-331.412825651,0.0,-0.0,1.0,-331.412825651,-1.0,331.412825651,1.0,-331.412825651,1.0,-331.412825651,-1.0,331.412825651,-1.0,331.412825651,-1.0,331.412825651,-1.0,331.412825651,1,-331.412825651,0,-0.0,-1.0,331.412825651,0,-0.0,1.0,-331.412825651,1.0,-331.412825651,1,-331.412825651,-1.0,331.412825651,1.0,-331.412825651,1,-331.412825651,0,-0.0,0.0,-0.0,-1.0,331.412825651,1.0,-331.412825651,1.0,-331.412825651,1.0,-331.412825651,-1.0,331.412825651,1.0,-331.412825651,-1,331.412825651,0,-0.0,0,-0.0,1,-331.412825651,-1,331.412825651,-1.0,331.412825651,-1.0,331.412825651,0,-0.0,1,-331.412825651,-1.0,331.412825651,-1.0,331.412825651,-1.0,331.412825651,-1.0,331.412825651
20170530,@HEN7,-1.0,-0.00976800976801,32440.0,meat,1496167144,1.0,-0.0,0.0,0.0,-0.0,1.0,-0.0,-1,0.0,-1.0,0.0,-1.0,0.0,0.0,-0.0,-1.0,0.0,1.0,-0.0,-1.0,0.0,1.0,-0.0,-1,0.0,-1,0.0,-1,0.0,-1,0.0,-1.0,0.0,-1.0,0.0,-1.0,0.0,-1.0,0.0,1.0,-0.0,0,-0.0,-1.0,0.0,-1.0,0.0,-1,0.0,0,-0.0,1.0,-0.0,1.0,-0.0,1.0,-0.0,1.0,-0.0,-1.0,0.0,0.0,-0.0,0.0,-0.0,1.0,-0.0,1,-0.0,1.0,-0.0,1,-0.0,1.0,-0.0,0.0,-0.0,-1.0,0.0,1.0,-0.0,1.0,-0.0,1.0,-0.0,-1.0,0.0,1.0,-0.0,-1.0,0.0,-1.0,0.0,-1.0,0.0,-1,0.0,-1,0.0,0.0,-0.0,1.0,-0.0,-1.0,0.0,1.0,-0.0,1.0,-0.0,1.0,-0.0,0.0,-0.0,1.0,-0.0,1.0,-0.0,1,-0.0,1,-0.0,-1.0,0.0,0,-0.0,-1.0,0.0,1.0,-0.0,-1,0.0,1.0,-0.0,0.0,-0.0,1,-0.0,0,-0.0,-1.0,0.0,1.0,-0.0,1.0,-0.0,-1.0,0.0,0.0,-0.0,-1.0,0.0,-1.0,0.0,-1,0.0,-1,0.0,1,-0.0,1,-0.0,-1,0.0,1.0,-0.0,-1.0,0.0,1,-0.0,1,-0.0,1.0,-0.0,0.0,-0.0,1.0,-0.0,-1.0,0.0
20170530,@GFQ7,1.0,0.0193943518203,74900.0,meat,1496167144,1.0,0.0,0.0,0.0,0.0,-1.0,-0.0,1,0.0,-1.0,-0.0,-1.0,-0.0,1.0,0.0,1.0,0.0,1.0,0.0,1.0,0.0,-1.0,-0.0,-1,-0.0,-1,-0.0,-1,-0.0,0,0.0,1.0,0.0,1.0,0.0,-1.0,-0.0,-1.0,-0.0,1.0,0.0,0,0.0,1.0,0.0,-1.0,-0.0,1,0.0,0,0.0,1.0,0.0,-1.0,-0.0,1.0,0.0,1.0,0.0,1.0,0.0,0.0,0.0,0.0,0.0,-1.0,-0.0,1,0.0,1.0,0.0,1,0.0,-1.0,-0.0,0.0,0.0,1.0,0.0,-1.0,-0.0,1.0,0.0,1.0,0.0,-1.0,-0.0,1.0,0.0,-1.0,-0.0,-1.0,-0.0,-1.0,-0.0,-1,-0.0,-1,-0.0,0.0,0.0,-1.0,-0.0,-1.0,-0.0,1.0,0.0,1.0,0.0,-1.0,-0.0,0.0,0.0,1.0,0.0,1.0,0.0,1,0.0,1,0.0,-1.0,-0.0,0,0.0,-1.0,-0.0,-1.0,-0.0,1,0.0,1.0,0.0,0.0,0.0,-1,-0.0,0,0.0,-1.0,-0.0,1.0,0.0,-1.0,-0.0,1.0,0.0,0.0,0.0,1.0,0.0,-1.0,-0.0,-1,-0.0,-1,-0.0,0,0.0,-1,-0.0,1,0.0,-1.0,-0.0,1.0,0.0,1,0.0,1,0.0,1.0,0.0,-1.0,-0.0,-1.0,-0.0,-1.0,-0.0
20170530,@BPM7,1.0,0.00499843798813,80425.0,currency,1496177046,1.0,0.0,0.0,-1.0,-0.0,-1.0,-0.0,-1,-0.0,-1.0,-0.0,1.0,0.0,1.0,0.0,1.0,0.0,1.0,0.0,1.0,0.0,1.0,0.0,0,0.0,-1,-0.0,-1,-0.0,0,0.0,1.0,0.0,-1.0,-0.0,-1.0,-0.0,-1.0,-0.0,1.0,0.0,0,0.0,-1.0,-0.0,1.0,0.0,-1,-0.0,0,0.0,0.0,0.0,1.0,0.0,1.0,0.0,-1.0,-0.0,-1.0,-0.0,-1.0,-0.0,1.0,0.0,-1.0,-0.0,-1,-0.0,1.0,0.0,1,0.0,1.0,0.0,0.0,0.0,-1.0,-0.0,1.0,0.0,1.0,0.0,1.0,0.0,-1.0,-0.0,1.0,0.0,-1.0,-0.0,-1.0,-0.0,1.0,0.0,1,0.0,-1,-0.0,0.0,0.0,1.0,0.0,-1.0,-0.0,1.0,0.0,1.0,0.0,1.0,0.0,0.0,0.0,-1.0,-0.0,1.0,0.0,1,0.0,1,0.0,-1.0,-0.0,0,0.0,1.0,0.0,1.0,0.0,1,0.0,-1.0,-0.0,1.0,0.0,1,0.0,0,0.0,0.0,0.0,1.0,0.0,1.0,0.0,-1.0,-0.0,0.0,0.0,-1.0,-0.0,-1.0,-0.0,-1,-0.0,-1,-0.0,0,0.0,1,0.0,-1,-0.0,-1.0,-0.0,-1.0,-0.0,0,0.0,1,0.0,-1.0,-0.0,-1.0,-0.0,-1.0,-0.0,-1.0,-0.0
20170530,QRBN7,-1.0,-0.00362831314187,68048.4,energy,1496177046,1.0,-0.0,0.0,0.0,-0.0,-1.0,0.0,-1,0.0,-1.0,0.0,-1.0,0.0,1.0,-0.0,1.0,-0.0,1.0,-0.0,-1.0,0.0,1.0,-0.0,-1,0.0,-1,0.0,-1,0.0,0,-0.0,-1.0,0.0,-1.0,0.0,-1.0,0.0,-1.0,0.0,1.0,-0.0,0,-0.0,-1.0,0.0,1.0,-0.0,-1,0.0,0,-0.0,1.0,-0.0,1.0,-0.0,1.0,-0.0,1.0,-0.0,-1.0,0.0,0.0,-0.0,0.0,-0.0,1.0,-0.0,-1,0.0,1.0,-0.0,1,-0.0,1.0,-0.0,0.0,-0.0,-1.0,0.0,1.0,-0.0,1.0,-0.0,1.0,-0.0,-1.0,0.0,1.0,-0.0,-1.0,0.0,-1.0,0.0,1.0,-0.0,-1,0.0,1,-0.0,0.0,-0.0,1.0,-0.0,-1.0,0.0,1.0,-0.0,1.0,-0.0,-1.0,0.0,-1.0,0.0,-1.0,0.0,-1.0,0.0,1,-0.0,0,-0.0,-1.0,0.0,0,-0.0,-1.0,0.0,1.0,-0.0,1,-0.0,1.0,-0.0,0.0,-0.0,1,-0.0,0,-0.0,-1.0,0.0,-1.0,0.0,1.0,-0.0,1.0,-0.0,1.0,-0.0,-1.0,0.0,1.0,-0.0,-1,0.0,0,-0.0,0,-0.0,1,-0.0,-1,0.0,1.0,-0.0,-1.0,0.0,1,-0.0,1,-0.0,1.0,-0.0,-1.0,0.0,-1.0,0.0,-1.0,0.0
20170530,@NEM7,1.0,0.00538396146217,70960.0,currency,1496177046,1.0,0.0,0.0,0.0,0.0,1.0,0.0,-1,-0.0,-1.0,-0.0,-1.0,-0.0,0.0,0.0,1.0,0.0,-1.0,-0.0,1.0,0.0,-1.0,-0.0,-1,-0.0,-1,-0.0,-1,-0.0,-1,-0.0,1.0,0.0,1.0,0.0,-1.0,-0.0,-1.0,-0.0,1.0,0.0,0,0.0,-1.0,-0.0,-1.0,-0.0,1,0.0,0,0.0,1.0,0.0,-1.0,-0.0,1.0,0.0,1.0,0.0,1.0,0.0,0.0,0.0,0.0,0.0,-1.0,-0.0,-1,-0.0,1.0,0.0,1,0.0,-1.0,-0.0,0.0,0.0,1.0,0.0,-1.0,-0.0,1.0,0.0,1.0,0.0,-1.0,-0.0,1.0,0.0,-1.0,-0.0,-1.0,-0.0,1.0,0.0,-1,-0.0,1,0.0,0.0,0.0,-1.0,-0.0,-1.0,-0.0,1.0,0.0,1.0,0.0,-1.0,-0.0,-1.0,-0.0,1.0,0.0,1.0,0.0,-1,-0.0,0,0.0,-1.0,-0.0,0,0.0,-1.0,-0.0,-1.0,-0.0,-1,-0.0,1.0,0.0,0.0,0.0,-1,-0.0,0,0.0,-1.0,-0.0,-1.0,-0.0,1.0,0.0,1.0,0.0,1.0,0.0,1.0,0.0,-1.0,-0.0,1,0.0,0,0.0,1,0.0,1,0.0,1,0.0,-1.0,-0.0,1.0,0.0,1,0.0,1,0.0,1.0,0.0,0.0,0.0,-1.0,-0.0,1.0,0.0
20170530,@BON7,-1.0,-0.00696202531646,18828.0,grain,1496168334,1.0,-0.0,0.0,-1.0,0.0,-1.0,0.0,1,-0.0,-1.0,0.0,-1.0,0.0,1.0,-0.0,1.0,-0.0,1.0,-0.0,1.0,-0.0,1.0,-0.0,0,-0.0,1,-0.0,-1,0.0,0,-0.0,1.0,-0.0,1.0,-0.0,-1.0,0.0,-1.0,0.0,1.0,-0.0,0,-0.0,-1.0,0.0,-1.0,0.0,1,-0.0,0,-0.0,0.0,-0.0,-1.0,0.0,-1.0,0.0,1.0,-0.0,-1.0,0.0,-1.0,0.0,1.0,-0.0,-1.0,0.0,-1,0.0,1.0,-0.0,1,-0.0,-1.0,0.0,0.0,-0.0,1.0,-0.0,-1.0,0.0,1.0,-0.0,1.0,-0.0,-1.0,0.0,1.0,-0.0,-1.0,0.0,-1.0,0.0,1.0,-0.0,1,-0.0,1,-0.0,0.0,-0.0,-1.0,0.0,-1.0,0.0,1.0,-0.0,1.0,-0.0,-1.0,0.0,-1.0,0.0,1.0,-0.0,1.0,-0.0,-1,0.0,0,-0.0,1.0,-0.0,0,-0.0,-1.0,0.0,1.0,-0.0,1,-0.0,-1.0,0.0,1.0,-0.0,-1,0.0,0,-0.0,0.0,-0.0,-1.0,0.0,1.0,-0.0,1.0,-0.0,1.0,-0.0,1.0,-0.0,-1.0,0.0,1,-0.0,0,-0.0,0,-0.0,-1,0.0,1,-0.0,-1.0,0.0,-1.0,0.0,0,-0.0,-1,0.0,1.0,-0.0,-1.0,0.0,-1.0,0.0,-1.0,0.0
20170530,@WN7,-1.0,-0.0182544209926,21512.5,grain,1496168334,1.0,-392.698231603,392.698231603,0.0,-0.0,1.0,-392.698231603,-1,392.698231603,1.0,-392.698231603,-1.0,392.698231603,0.0,-0.0,-1.0,392.698231603,1.0,-392.698231603,-1.0,392.698231603,1.0,-392.698231603,-1,392.698231603,-1,392.698231603,-1,392.698231603,-1,392.698231603,-1.0,392.698231603,1.0,-392.698231603,0.0,-0.0,1.0,-392.698231603,-1.0,392.698231603,0,-0.0,-1.0,392.698231603,-1.0,392.698231603,-1,392.698231603,-1,392.698231603,1.0,-392.698231603,-1.0,392.698231603,1.0,-392.698231603,1.0,-392.698231603,-1.0,392.698231603,0.0,-0.0,0.0,-0.0,1.0,-392.698231603,-1,392.698231603,1.0,-392.698231603,-1,392.698231603,1.0,-392.698231603,-1.0,392.698231603,-1.0,392.698231603,-1.0,392.698231603,1.0,-392.698231603,0.0,-0.0,0.0,-0.0,-1.0,392.698231603,-1.0,392.698231603,1.0,-392.698231603,1.0,-392.698231603,-1,392.698231603,1,-392.698231603,1.0,-392.698231603,1.0,-392.698231603,-1.0,392.698231603,0.0,-0.0,1.0,-392.698231603,-1.0,392.698231603,-1.0,392.698231603,1.0,-392.698231603,-1.0,392.698231603,1,-392.698231603,0,-0.0,-1.0,392.698231603,0,-0.0,-1.0,392.698231603,1.0,-392.698231603,-1,392.698231603,1.0,-392.698231603,0.0,-0.0,1,-392.698231603,1,-392.698231603,-1.0,392.698231603,-1.0,392.698231603,1.0,-392.698231603,1.0,-392.698231603,1.0,-392.698231603,1.0,-392.698231603,1.0,-392.698231603,-1,392.698231603,0,-0.0,1,-392.698231603,1,-392.698231603,-1,392.698231603,1.0,-392.698231603,-1.0,392.698231603,1,-392.698231603,1,-392.698231603,1.0,-392.698231603,0.0,-0.0,1.0,-392.698231603,-1.0,392.698231603
20170530,@USM7,1.0,0.00527918781726,154718.75,rates,1496177046,1.0,0.0,0.0,1.0,0.0,1.0,0.0,-1,-0.0,-1.0,-0.0,1.0,0.0,-1.0,-0.0,-1.0,-0.0,-1.0,-0.0,-1.0,-0.0,-1.0,-0.0,0,0.0,-1,-0.0,1,0.0,0,0.0,-1.0,-0.0,-1.0,-0.0,0.0,0.0,1.0,0.0,-1.0,-0.0,0,0.0,1.0,0.0,1.0,0.0,1,0.0,1,0.0,0.0,0.0,1.0,0.0,1.0,0.0,-1.0,-0.0,1.0,0.0,1.0,0.0,-1.0,-0.0,1.0,0.0,-1,-0.0,-1.0,-0.0,1,0.0,1.0,0.0,1.0,0.0,1.0,0.0,1.0,0.0,1.0,0.0,0.0,0.0,0.0,0.0,-1.0,-0.0,-1.0,-0.0,1.0,0.0,1.0,0.0,-1,-0.0,-1,-0.0,-1.0,-0.0,-1.0,-0.0,-1.0,-0.0,0.0,0.0,1.0,0.0,1.0,0.0,1.0,0.0,-1.0,-0.0,-1.0,-0.0,1,0.0,0,0.0,-1.0,-0.0,0,0.0,1.0,0.0,-1.0,-0.0,-1,-0.0,1.0,0.0,-1.0,-0.0,-1,-0.0,-1,-0.0,0.0,0.0,1.0,0.0,-1.0,-0.0,-1.0,-0.0,-1.0,-0.0,-1.0,-0.0,1.0,0.0,-1,-0.0,0,0.0,0,0.0,1,0.0,-1,-0.0,1.0,0.0,1.0,0.0,0,0.0,1,0.0,-1.0,-0.0,1.0,0.0,1.0,0.0,1.0,0.0
20170530,@TYM7,1.0,0.00235264982665,126484.375,rates,1496177046,1.0,297.573442917,297.573442917,1.0,297.573442917,1.0,297.573442917,-1,-297.573442917,-1.0,-297.573442917,1.0,297.573442917,-1.0,-297.573442917,-1.0,-297.573442917,-1.0,-297.573442917,-1.0,-297.573442917,-1.0,-297.573442917,0,0.0,-1,-297.573442917,1,297.573442917,0,0.0,-1.0,-297.573442917,-1.0,-297.573442917,0.0,0.0,1.0,297.573442917,-1.0,-297.573442917,0,0.0,1.0,297.573442917,1.0,297.573442917,1,297.573442917,1,297.573442917,0.0,0.0,1.0,297.573442917,1.0,297.573442917,-1.0,-297.573442917,1.0,297.573442917,1.0,297.573442917,-1.0,-297.573442917,1.0,297.573442917,-1,-297.573442917,-1.0,-297.573442917,1,297.573442917,1.0,297.573442917,1.0,297.573442917,1.0,297.573442917,1.0,297.573442917,1.0,297.573442917,0.0,0.0,0.0,0.0,-1.0,-297.573442917,-1.0,-297.573442917,1.0,297.573442917,1.0,297.573442917,-1,-297.573442917,-1,-297.573442917,-1.0,-297.573442917,-1.0,-297.573442917,-1.0,-297.573442917,0.0,0.0,1.0,297.573442917,1.0,297.573442917,1.0,297.573442917,-1.0,-297.573442917,-1.0,-297.573442917,1,297.573442917,0,0.0,-1.0,-297.573442917,0,0.0,1.0,297.573442917,-1.0,-297.573442917,-1,-297.573442917,1.0,297.573442917,-1.0,-297.573442917,-1,-297.573442917,-1,-297.573442917,0.0,0.0,1.0,297.573442917,-1.0,-297.573442917,-1.0,-297.573442917,-1.0,-297.573442917,-1.0,-297.573442917,1.0,297.573442917,-1,-297.573442917,0,0.0,0,0.0,1,297.573442917,-1,-297.573442917,1.0,297.573442917,1.0,297.573442917,0,0.0,1,297.573442917,-1.0,-297.573442917,1.0,297.573442917,1.0,297.573442917,1.0,297.573442917
20170530,@TUM7,1.0,0.000216387766878,216671.875,rates,1496177046,2.0,93.7702863531,93.7702863531,1.0,93.7702863531,1.0,93.7702863531,-1,-93.7702863531,-1.0,-93.7702863531,1.0,93.7702863531,-1.0,-93.7702863531,-1.0,-93.7702863531,-1.0,-93.7702863531,-1.0,-93.7702863531,-1.0,-93.7702863531,0,0.0,-1,-93.7702863531,1,93.7702863531,0,0.0,-1.0,-93.7702863531,-1.0,-93.7702863531,0.0,0.0,1.0,93.7702863531,-1.0,-93.7702863531,0,0.0,1.0,93.7702863531,1.0,93.7702863531,1,93.7702863531,1,93.7702863531,0.0,0.0,1.0,93.7702863531,1.0,93.7702863531,-1.0,-93.7702863531,1.0,93.7702863531,1.0,93.7702863531,-1.0,-93.7702863531,1.0,93.7702863531,-1,-93.7702863531,-1.0,-93.7702863531,1,93.7702863531,1.0,93.7702863531,1.0,93.7702863531,1.0,93.7702863531,1.0,93.7702863531,1.0,93.7702863531,0.0,0.0,0.0,0.0,-1.0,-93.7702863531,-1.0,-93.7702863531,1.0,93.7702863531,1.0,93.7702863531,-1,-93.7702863531,-1,-93.7702863531,-1.0,-93.7702863531,-1.0,-93.7702863531,-1.0,-93.7702863531,0.0,0.0,1.0,93.7702863531,1.0,93.7702863531,1.0,93.7702863531,-1.0,-93.7702863531,-1.0,-93.7702863531,1,93.7702863531,0,0.0,-1.0,-93.7702863531,0,0.0,1.0,93.7702863531,-1.0,-93.7702863531,-1,-93.7702863531,1.0,93.7702863531,-1.0,-93.7702863531,-1,-93.7702863531,-1,-93.7702863531,0.0,0.0,1.0,93.7702863531,-1.0,-93.7702863531,-1.0,-93.7702863531,-1.0,-93.7702863531,-1.0,-93.7702863531,1.0,93.7702863531,-1,-93.7702863531,0,0.0,0,0.0,1,93.7702863531,-1,-93.7702863531,1.0,93.7702863531,1.0,93.7702863531,0,0.0,1,93.7702863531,-1.0,-93.7702863531,1.0,93.7702863531,1.0,93.7702863531,1.0,93.7702863531
20170530,@SMN7,-1.0,-0.0119284294235,29820.0,grain,1496168334,1.0,-355.705765408,355.705765408,0.0,-0.0,1.0,-355.705765408,-1,355.705765408,1.0,-355.705765408,-1.0,355.705765408,0.0,-0.0,1.0,-355.705765408,-1.0,355.705765408,1.0,-355.705765408,-1.0,355.705765408,-1,355.705765408,-1,355.705765408,-1,355.705765408,-1,355.705765408,1.0,-355.705765408,1.0,-355.705765408,0.0,-0.0,-1.0,355.705765408,1.0,-355.705765408,0,-0.0,-1.0,355.705765408,-1.0,355.705765408,-1,355.705765408,-1,355.705765408,1.0,-355.705765408,-1.0,355.705765408,1.0,-355.705765408,1.0,-355.705765408,1.0,-355.705765408,0.0,-0.0,0.0,-0.0,-1.0,355.705765408,1,-355.705765408,1.0,-355.705765408,-1,355.705765408,-1.0,355.705765408,-1.0,355.705765408,-1.0,355.705765408,-1.0,355.705765408,-1.0,355.705765408,0.0,-0.0,0.0,-0.0,1.0,-355.705765408,1.0,-355.705765408,-1.0,355.705765408,-1.0,355.705765408,-1,355.705765408,1,-355.705765408,1.0,-355.705765408,1.0,-355.705765408,1.0,-355.705765408,0.0,-0.0,-1.0,355.705765408,-1.0,355.705765408,-1.0,355.705765408,1.0,-355.705765408,1.0,-355.705765408,-1,355.705765408,0,-0.0,-1.0,355.705765408,0,-0.0,-1.0,355.705765408,-1.0,355.705765408,-1,355.705765408,1.0,-355.705765408,0.0,-0.0,1,-355.705765408,1,-355.705765408,-1.0,355.705765408,-1.0,355.705765408,1.0,-355.705765408,1.0,-355.705765408,1.0,-355.705765408,1.0,-355.705765408,-1.0,355.705765408,1,-355.705765408,0,-0.0,1,-355.705765408,1,-355.705765408,1,-355.705765408,-1.0,355.705765408,1.0,-355.705765408,1,-355.705765408,1,-355.705765408,1.0,-355.705765408,0.0,-0.0,-1.0,355.705765408,1.0,-355.705765408
20170530,@PXM7,-1.0,-0.0107586718605,26665.0,currency,1496177046,1.0,-0.0,0.0,-1.0,0.0,1.0,-0.0,-1,0.0,1.0,-0.0,-1.0,0.0,0.0,-0.0,1.0,-0.0,-1.0,0.0,1.0,-0.0,1.0,-0.0,0,-0.0,1,-0.0,-1,0.0,-1,0.0,1.0,-0.0,1.0,-0.0,0.0,-0.0,-1.0,0.0,1.0,-0.0,0,-0.0,-1.0,0.0,-1.0,0.0,-1,0.0,-1,0.0,0.0,-0.0,-1.0,0.0,-1.0,0.0,1.0,-0.0,-1.0,0.0,-1.0,0.0,1.0,-0.0,-1.0,0.0,-1,0.0,1.0,-0.0,-1,0.0,-1.0,0.0,-1.0,0.0,-1.0,0.0,-1.0,0.0,-1.0,0.0,0.0,-0.0,0.0,-0.0,1.0,-0.0,1.0,-0.0,-1.0,0.0,1.0,-0.0,1,-0.0,1,-0.0,1.0,-0.0,1.0,-0.0,1.0,-0.0,0.0,-0.0,-1.0,0.0,-1.0,0.0,-1.0,0.0,1.0,-0.0,1.0,-0.0,-1,0.0,0,-0.0,1.0,-0.0,0,-0.0,-1.0,0.0,1.0,-0.0,-1,0.0,-1.0,0.0,1.0,-0.0,1,-0.0,1,-0.0,0.0,-0.0,-1.0,0.0,1.0,-0.0,1.0,-0.0,1.0,-0.0,1.0,-0.0,-1.0,0.0,1,-0.0,0,-0.0,1,-0.0,1,-0.0,1,-0.0,-1.0,0.0,-1.0,0.0,0,-0.0,-1,0.0,1.0,-0.0,0.0,-0.0,-1.0,0.0,1.0,-0.0
20170530,QSIN7,1.0,0.00415632396236,86975.0,metal,1496177046,1.0,0.0,0.0,1.0,0.0,1.0,0.0,-1,-0.0,-1.0,-0.0,1.0,0.0,-1.0,-0.0,-1.0,-0.0,-1.0,-0.0,-1.0,-0.0,-1.0,-0.0,0,0.0,-1,-0.0,1,0.0,0,0.0,-1.0,-0.0,-1.0,-0.0,0.0,0.0,1.0,0.0,-1.0,-0.0,0,0.0,-1.0,-0.0,1.0,0.0,1,0.0,1,0.0,0.0,0.0,1.0,0.0,1.0,0.0,-1.0,-0.0,1.0,0.0,1.0,0.0,-1.0,-0.0,1.0,0.0,-1,-0.0,-1.0,-0.0,1,0.0,1.0,0.0,1.0,0.0,1.0,0.0,1.0,0.0,1.0,0.0,0.0,0.0,0.0,0.0,-1.0,-0.0,-1.0,-0.0,1.0,0.0,1.0,0.0,-1,-0.0,1,0.0,-1.0,-0.0,-1.0,-0.0,-1.0,-0.0,0.0,0.0,1.0,0.0,1.0,0.0,0.0,0.0,-1.0,-0.0,-1.0,-0.0,-1,-0.0,-1,-0.0,-1.0,-0.0,0,0.0,1.0,0.0,-1.0,-0.0,-1,-0.0,1.0,0.0,-1.0,-0.0,-1,-0.0,-1,-0.0,0.0,0.0,-1.0,-0.0,1.0,0.0,-1.0,-0.0,0.0,0.0,-1.0,-0.0,1.0,0.0,1,0.0,1,0.0,0,0.0,1,0.0,-1,-0.0,1.0,0.0,1.0,0.0,0,0.0,1,0.0,-1.0,-0.0,1.0,0.0,1.0,0.0,1.0,0.0
20170530,@SN7,-1.0,-0.0145709660011,45650.0,grain,1496168334,1.0,-0.0,0.0,-1.0,0.0,-1.0,0.0,1,-0.0,1.0,-0.0,-1.0,0.0,1.0,-0.0,1.0,-0.0,1.0,-0.0,1.0,-0.0,1.0,-0.0,0,-0.0,1,-0.0,-1,0.0,0,-0.0,1.0,-0.0,1.0,-0.0,0.0,-0.0,-1.0,0.0,1.0,-0.0,0,-0.0,-1.0,0.0,-1.0,0.0,-1,0.0,-1,0.0,0.0,-0.0,-1.0,0.0,-1.0,0.0,1.0,-0.0,-1.0,0.0,-1.0,0.0,1.0,-0.0,-1.0,0.0,1,-0.0,1.0,-0.0,-1,0.0,-1.0,0.0,-1.0,0.0,-1.0,0.0,-1.0,0.0,-1.0,0.0,0.0,-0.0,0.0,-0.0,1.0,-0.0,1.0,-0.0,-1.0,0.0,-1.0,0.0,1,-0.0,1,-0.0,1.0,-0.0,1.0,-0.0,1.0,-0.0,0.0,-0.0,-1.0,0.0,-1.0,0.0,-1.0,0.0,1.0,-0.0,1.0,-0.0,-1,0.0,0,-0.0,1.0,-0.0,0,-0.0,-1.0,0.0,1.0,-0.0,1,-0.0,-1.0,0.0,1.0,-0.0,1,-0.0,1,-0.0,0.0,-0.0,-1.0,0.0,1.0,-0.0,1.0,-0.0,1.0,-0.0,1.0,-0.0,-1.0,0.0,1,-0.0,0,-0.0,0,-0.0,-1,0.0,1,-0.0,-1.0,0.0,-1.0,0.0,0,-0.0,-1,0.0,1.0,-0.0,-1.0,0.0,-1.0,0.0,-1.0,0.0
20170530,QPLN7,-1.0,-0.022951500675,47040.0,metal,1496177046,1.0,-0.0,0.0,1.0,-0.0,-1.0,0.0,1,-0.0,-1.0,0.0,-1.0,0.0,0.0,-0.0,1.0,-0.0,-1.0,0.0,-1.0,0.0,-1.0,0.0,0,-0.0,1,-0.0,1,-0.0,1,-0.0,-1.0,0.0,-1.0,0.0,0.0,-0.0,-1.0,0.0,1.0,-0.0,0,-0.0,1.0,-0.0,1.0,-0.0,1,-0.0,1,-0.0,0.0,-0.0,1.0,-0.0,-1.0,0.0,1.0,-0.0,1.0,-0.0,1.0,-0.0,-1.0,0.0,1.0,-0.0,-1,0.0,-1.0,0.0,1,-0.0,-1.0,0.0,1.0,-0.0,1.0,-0.0,1.0,-0.0,-1.0,0.0,0.0,-0.0,0.0,-0.0,1.0,-0.0,1.0,-0.0,-1.0,0.0,1.0,-0.0,-1,0.0,1,-0.0,-1.0,0.0,-1.0,0.0,1.0,-0.0,0.0,-0.0,-1.0,0.0,-1.0,0.0,0.0,-0.0,-1.0,0.0,-1.0,0.0,-1,0.0,-1,0.0,1.0,-0.0,0,-0.0,-1.0,0.0,-1.0,0.0,1,-0.0,1.0,-0.0,-1.0,0.0,-1,0.0,-1,0.0,0.0,-0.0,-1.0,0.0,-1.0,0.0,1.0,-0.0,0.0,-0.0,-1.0,0.0,1.0,-0.0,1,-0.0,1,-0.0,-1,0.0,-1,0.0,1,-0.0,1.0,-0.0,1.0,-0.0,0,-0.0,-1,0.0,1.0,-0.0,0.0,-0.0,-1.0,0.0,1.0,-0.0
20170530,QPAU7,1.0,0.0212279140714,80340.0,metal,1496177046,1.0,0.0,0.0,0.0,0.0,1.0,0.0,-1,-0.0,-1.0,-0.0,-1.0,-0.0,0.0,0.0,-1.0,-0.0,1.0,0.0,-1.0,-0.0,1.0,0.0,-1,-0.0,-1,-0.0,-1,-0.0,-1,-0.0,-1.0,-0.0,-1.0,-0.0,-1.0,-0.0,-1.0,-0.0,1.0,0.0,0,0.0,-1.0,-0.0,-1.0,-0.0,-1,-0.0,0,0.0,1.0,0.0,1.0,0.0,1.0,0.0,1.0,0.0,-1.0,-0.0,0.0,0.0,0.0,0.0,1.0,0.0,-1,-0.0,1.0,0.0,1,0.0,1.0,0.0,0.0,0.0,-1.0,-0.0,1.0,0.0,1.0,0.0,1.0,0.0,-1.0,-0.0,1.0,0.0,-1.0,-0.0,-1.0,-0.0,1.0,0.0,-1,-0.0,1,0.0,0.0,0.0,1.0,0.0,-1.0,-0.0,1.0,0.0,1.0,0.0,-1.0,-0.0,-1.0,-0.0,1.0,0.0,-1.0,-0.0,1,0.0,0,0.0,-1.0,-0.0,0,0.0,-1.0,-0.0,1.0,0.0,-1,-0.0,1.0,0.0,0.0,0.0,1,0.0,0,0.0,-1.0,-0.0,-1.0,-0.0,1.0,0.0,1.0,0.0,1.0,0.0,-1.0,-0.0,1.0,0.0,-1,-0.0,0,0.0,1,0.0,1,0.0,-1,-0.0,1.0,0.0,-1.0,-0.0,1,0.0,1,0.0,1.0,0.0,0.0,0.0,1.0,0.0,-1.0,-0.0
20170530,@NQM7,1.0,8.63222409253e-05,115855.0,index,1496177046,1.0,0.0,0.0,0.0,0.0,1.0,0.0,-1,-0.0,-1.0,-0.0,-1.0,-0.0,0.0,0.0,-1.0,-0.0,1.0,0.0,-1.0,-0.0,1.0,0.0,-1,-0.0,-1,-0.0,-1,-0.0,-1,-0.0,-1.0,-0.0,-1.0,-0.0,-1.0,-0.0,-1.0,-0.0,1.0,0.0,0,0.0,-1.0,-0.0,-1.0,-0.0,-1,-0.0,0,0.0,1.0,0.0,1.0,0.0,1.0,0.0,1.0,0.0,-1.0,-0.0,0.0,0.0,0.0,0.0,1.0,0.0,-1,-0.0,1.0,0.0,1,0.0,1.0,0.0,0.0,0.0,-1.0,-0.0,1.0,0.0,1.0,0.0,1.0,0.0,-1.0,-0.0,1.0,0.0,-1.0,-0.0,-1.0,-0.0,1.0,0.0,-1,-0.0,-1,-0.0,0.0,0.0,1.0,0.0,-1.0,-0.0,1.0,0.0,1.0,0.0,1.0,0.0,0.0,0.0,1.0,0.0,1.0,0.0,1,0.0,1,0.0,-1.0,-0.0,0,0.0,-1.0,-0.0,1.0,0.0,-1,-0.0,1.0,0.0,0.0,0.0,1,0.0,0,0.0,-1.0,-0.0,1.0,0.0,1.0,0.0,-1.0,-0.0,0.0,0.0,-1.0,-0.0,-1.0,-0.0,-1,-0.0,-1,-0.0,1,0.0,1,0.0,-1,-0.0,1.0,0.0,-1.0,-0.0,1,0.0,1,0.0,1.0,0.0,0.0,0.0,1.0,0.0,-1.0,-0.0
20170530,@NKDM7,-1.0,-0.00380614057346,88169.2418254,index,1496177046,1.0,-0.0,0.0,0.0,-0.0,1.0,-0.0,-1,0.0,-1.0,0.0,-1.0,0.0,0.0,-0.0,1.0,-0.0,-1.0,0.0,1.0,-0.0,-1.0,0.0,-1,0.0,-1,0.0,-1,0.0,-1,0.0,1.0,-0.0,1.0,-0.0,-1.0,0.0,-1.0,0.0,1.0,-0.0,0,-0.0,-1.0,0.0,-1.0,0.0,1,-0.0,0,-0.0,1.0,-0.0,-1.0,0.0,1.0,-0.0,1.0,-0.0,1.0,-0.0,0.0,-0.0,0.0,-0.0,-1.0,0.0,1,-0.0,1.0,-0.0,1,-0.0,-1.0,0.0,0.0,-0.0,1.0,-0.0,-1.0,0.0,1.0,-0.0,1.0,-0.0,-1.0,0.0,1.0,-0.0,-1.0,0.0,-1.0,0.0,-1.0,0.0,-1,0.0,1,-0.0,0.0,-0.0,-1.0,0.0,-1.0,0.0,1.0,-0.0,1.0,-0.0,-1.0,0.0,-1.0,0.0,1.0,-0.0,1.0,-0.0,-1,0.0,0,-0.0,-1.0,0.0,0,-0.0,-1.0,0.0,-1.0,0.0,-1,0.0,1.0,-0.0,0.0,-0.0,-1,0.0,0,-0.0,-1.0,0.0,-1.0,0.0,1.0,-0.0,1.0,-0.0,1.0,-0.0,1.0,-0.0,-1.0,0.0,1,-0.0,0,-0.0,1,-0.0,1,-0.0,1,-0.0,-1.0,0.0,1.0,-0.0,1,-0.0,1,-0.0,1.0,-0.0,0.0,-0.0,-1.0,0.0,1.0,-0.0
20170530,QNGN7,-1.0,-0.0492447129909,31470.0,energy,1496177046,1.0,-1549.73111782,1549.73111782,0.0,-0.0,1.0,-1549.73111782,-1,1549.73111782,1.0,-1549.73111782,-1.0,1549.73111782,0.0,-0.0,1.0,-1549.73111782,-1.0,1549.73111782,1.0,-1549.73111782,-1.0,1549.73111782,-1,1549.73111782,-1,1549.73111782,-1,1549.73111782,-1,1549.73111782,1.0,-1549.73111782,1.0,-1549.73111782,0.0,-0.0,-1.0,1549.73111782,1.0,-1549.73111782,0,-0.0,1.0,-1549.73111782,-1.0,1549.73111782,-1,1549.73111782,-1,1549.73111782,1.0,-1549.73111782,-1.0,1549.73111782,1.0,-1549.73111782,1.0,-1549.73111782,1.0,-1549.73111782,0.0,-0.0,0.0,-0.0,-1.0,1549.73111782,-1,1549.73111782,1.0,-1549.73111782,-1,1549.73111782,-1.0,1549.73111782,-1.0,1549.73111782,-1.0,1549.73111782,-1.0,1549.73111782,-1.0,1549.73111782,0.0,-0.0,0.0,-0.0,1.0,-1549.73111782,1.0,-1549.73111782,-1.0,1549.73111782,1.0,-1549.73111782,-1,1549.73111782,-1,1549.73111782,1.0,-1549.73111782,1.0,-1549.73111782,1.0,-1549.73111782,0.0,-0.0,-1.0,1549.73111782,-1.0,1549.73111782,0.0,-0.0,1.0,-1549.73111782,1.0,-1549.73111782,1,-1549.73111782,1,-1549.73111782,-1.0,1549.73111782,0,-0.0,-1.0,1549.73111782,-1.0,1549.73111782,-1,1549.73111782,1.0,-1549.73111782,0.0,-0.0,1,-1549.73111782,1,-1549.73111782,-1.0,1549.73111782,1.0,-1549.73111782,-1.0,1549.73111782,1.0,-1549.73111782,0.0,-0.0,1.0,-1549.73111782,-1.0,1549.73111782,-1,1549.73111782,-1,1549.73111782,1,-1549.73111782,1,-1549.73111782,1,-1549.73111782,-1.0,1549.73111782,1.0,-1549.73111782,1,-1549.73111782,1,-1549.73111782,1.0,-1549.73111782,0.0,-0.0,-1.0,1549.73111782,1.0,-1549.73111782
20170530,@SFM7,1.0,0.00029197080292,128475.0,currency,1496177046,1.0,0.0,0.0,0.0,0.0,1.0,0.0,-1,-0.0,-1.0,-0.0,-1.0,-0.0,0.0,0.0,1.0,0.0,-1.0,-0.0,1.0,0.0,-1.0,-0.0,-1,-0.0,-1,-0.0,-1,-0.0,-1,-0.0,1.0,0.0,1.0,0.0,-1.0,-0.0,-1.0,-0.0,1.0,0.0,0,0.0,1.0,0.0,-1.0,-0.0,1,0.0,0,0.0,1.0,0.0,-1.0,-0.0,1.0,0.0,1.0,0.0,1.0,0.0,0.0,0.0,0.0,0.0,-1.0,-0.0,-1,-0.0,1.0,0.0,1,0.0,-1.0,-0.0,0.0,0.0,1.0,0.0,-1.0,-0.0,1.0,0.0,1.0,0.0,-1.0,-0.0,1.0,0.0,-1.0,-0.0,-1.0,-0.0,1.0,0.0,-1,-0.0,-1,-0.0,0.0,0.0,-1.0,-0.0,-1.0,-0.0,1.0,0.0,1.0,0.0,-1.0,-0.0,0.0,0.0,1.0,0.0,1.0,0.0,1,0.0,1,0.0,-1.0,-0.0,0,0.0,-1.0,-0.0,-1.0,-0.0,-1,-0.0,1.0,0.0,0.0,0.0,-1,-0.0,0,0.0,-1.0,-0.0,1.0,0.0,-1.0,-0.0,1.0,0.0,0.0,0.0,1.0,0.0,-1.0,-0.0,-1,-0.0,-1,-0.0,1,0.0,1,0.0,1,0.0,-1.0,-0.0,1.0,0.0,1,0.0,1,0.0,1.0,0.0,0.0,0.0,-1.0,-0.0,1.0,0.0
20170530,@ADM7,1.0,0.00335976347265,74660.0,currency,1496177046,1.0,0.0,0.0,0.0,0.0,1.0,0.0,-1,-0.0,1.0,0.0,-1.0,-0.0,0.0,0.0,-1.0,-0.0,1.0,0.0,-1.0,-0.0,1.0,0.0,-1,-0.0,-1,-0.0,-1,-0.0,-1,-0.0,-1.0,-0.0,1.0,0.0,0.0,0.0,1.0,0.0,-1.0,-0.0,0,0.0,-1.0,-0.0,-1.0,-0.0,-1,-0.0,-1,-0.0,1.0,0.0,-1.0,-0.0,1.0,0.0,1.0,0.0,-1.0,-0.0,0.0,0.0,0.0,0.0,1.0,0.0,-1,-0.0,1.0,0.0,-1,-0.0,1.0,0.0,-1.0,-0.0,-1.0,-0.0,-1.0,-0.0,1.0,0.0,0.0,0.0,0.0,0.0,-1.0,-0.0,-1.0,-0.0,1.0,0.0,1.0,0.0,-1,-0.0,1,0.0,1.0,0.0,1.0,0.0,-1.0,-0.0,0.0,0.0,1.0,0.0,-1.0,-0.0,-1.0,-0.0,1.0,0.0,-1.0,-0.0,1,0.0,0,0.0,-1.0,-0.0,0,0.0,-1.0,-0.0,1.0,0.0,-1,-0.0,1.0,0.0,0.0,0.0,1,0.0,1,0.0,-1.0,-0.0,-1.0,-0.0,1.0,0.0,1.0,0.0,1.0,0.0,1.0,0.0,1.0,0.0,-1,-0.0,0,0.0,1,0.0,1,0.0,-1,-0.0,1.0,0.0,-1.0,-0.0,1,0.0,1,0.0,1.0,0.0,0.0,0.0,1.0,0.0,-1.0,-0.0
20170530,@YMM7,-1.0,-0.00227855311877,105090.0,index,1496177046,1.0,-0.0,0.0,0.0,-0.0,1.0,-0.0,-1,0.0,-1.0,0.0,-1.0,0.0,0.0,-0.0,-1.0,0.0,1.0,-0.0,-1.0,0.0,1.0,-0.0,-1,0.0,-1,0.0,-1,0.0,-1,0.0,-1.0,0.0,-1.0,0.0,-1.0,0.0,-1.0,0.0,1.0,-0.0,0,-0.0,-1.0,0.0,-1.0,0.0,-1,0.0,0,-0.0,1.0,-0.0,1.0,-0.0,1.0,-0.0,1.0,-0.0,-1.0,0.0,0.0,-0.0,0.0,-0.0,1.0,-0.0,-1,0.0,1.0,-0.0,1,-0.0,1.0,-0.0,0.0,-0.0,-1.0,0.0,1.0,-0.0,1.0,-0.0,1.0,-0.0,-1.0,0.0,1.0,-0.0,-1.0,0.0,-1.0,0.0,1.0,-0.0,-1,0.0,1,-0.0,0.0,-0.0,1.0,-0.0,-1.0,0.0,1.0,-0.0,1.0,-0.0,-1.0,0.0,-1.0,0.0,1.0,-0.0,-1.0,0.0,1,-0.0,0,-0.0,-1.0,0.0,0,-0.0,-1.0,0.0,1.0,-0.0,-1,0.0,1.0,-0.0,0.0,-0.0,1,-0.0,0,-0.0,-1.0,0.0,-1.0,0.0,1.0,-0.0,1.0,-0.0,1.0,-0.0,-1.0,0.0,1.0,-0.0,-1,0.0,0,-0.0,1,-0.0,1,-0.0,-1,0.0,1.0,-0.0,-1.0,0.0,1,-0.0,1,-0.0,1.0,-0.0,0.0,-0.0,1.0,-0.0,-1.0,0.0
20170531,@HEN7,1.0,0.025,33210.0,meat,1496253611,1.0,0.0,0.0,0.0,0.0,1.0,0.0,-1,-0.0,-1.0,-0.0,-1.0,-0.0,0.0,0.0,1.0,0.0,-1.0,-0.0,1.0,0.0,-1.0,-0.0,-1,-0.0,-1,-0.0,-1,-0.0,-1,-0.0,1.0,0.0,1.0,0.0,-1.0,-0.0,-1.0,-0.0,1.0,0.0,0,0.0,1.0,0.0,-1.0,-0.0,1,0.0,0,0.0,1.0,0.0,-1.0,-0.0,1.0,0.0,1.0,0.0,1.0,0.0,0.0,0.0,0.0,0.0,-1.0,-0.0,1,0.0,1.0,0.0,1,0.0,-1.0,-0.0,0.0,0.0,1.0,0.0,-1.0,-0.0,1.0,0.0,1.0,0.0,-1.0,-0.0,1.0,0.0,-1.0,-0.0,-1.0,-0.0,-1.0,-0.0,-1,-0.0,-1,-0.0,0.0,0.0,-1.0,-0.0,-1.0,-0.0,1.0,0.0,1.0,0.0,-1.0,-0.0,0.0,0.0,1.0,0.0,1.0,0.0,1,0.0,1,0.0,-1.0,-0.0,0,0.0,-1.0,-0.0,-1.0,-0.0,-1,-0.0,1.0,0.0,0.0,0.0,-1,-0.0,0,0.0,-1.0,-0.0,1.0,0.0,-1.0,-0.0,1.0,0.0,0.0,0.0,1.0,0.0,-1.0,-0.0,-1,-0.0,-1,-0.0,1,0.0,1,0.0,1,0.0,-1.0,-0.0,1.0,0.0,1,0.0,1,0.0,1.0,0.0,0.0,0.0,-1.0,-0.0,1.0,0.0
20170531,@TYU7,1.0,0.00049541738915,126218.75,rates,1496263477,1.0,62.5309635868,62.5309635868,1.0,62.5309635868,1.0,62.5309635868,-1,-62.5309635868,-1.0,-62.5309635868,1.0,62.5309635868,-1.0,-62.5309635868,-1.0,-62.5309635868,-1.0,-62.5309635868,-1.0,-62.5309635868,-1.0,-62.5309635868,0,0.0,-1,-62.5309635868,1,62.5309635868,0,0.0,-1.0,-62.5309635868,-1.0,-62.5309635868,0.0,0.0,1.0,62.5309635868,-1.0,-62.5309635868,0,0.0,1.0,62.5309635868,1.0,62.5309635868,1,62.5309635868,1,62.5309635868,0.0,0.0,1.0,62.5309635868,1.0,62.5309635868,-1.0,-62.5309635868,1.0,62.5309635868,1.0,62.5309635868,-1.0,-62.5309635868,1.0,62.5309635868,-1,-62.5309635868,-1.0,-62.5309635868,1,62.5309635868,1.0,62.5309635868,1.0,62.5309635868,1.0,62.5309635868,1.0,62.5309635868,1.0,62.5309635868,0.0,0.0,0.0,0.0,-1.0,-62.5309635868,-1.0,-62.5309635868,1.0,62.5309635868,1.0,62.5309635868,-1,-62.5309635868,-1,-62.5309635868,-1.0,-62.5309635868,-1.0,-62.5309635868,-1.0,-62.5309635868,0.0,0.0,1.0,62.5309635868,1.0,62.5309635868,1.0,62.5309635868,-1.0,-62.5309635868,-1.0,-62.5309635868,1,62.5309635868,0,0.0,-1.0,-62.5309635868,0,0.0,1.0,62.5309635868,-1.0,-62.5309635868,-1,-62.5309635868,1.0,62.5309635868,-1.0,-62.5309635868,-1,-62.5309635868,-1,-62.5309635868,0.0,0.0,1.0,62.5309635868,-1.0,-62.5309635868,-1.0,-62.5309635868,-1.0,-62.5309635868,-1.0,-62.5309635868,1.0,62.5309635868,-1,-62.5309635868,0,0.0,0,0.0,1,62.5309635868,-1,-62.5309635868,1.0,62.5309635868,1.0,62.5309635868,0,0.0,1,62.5309635868,-1.0,-62.5309635868,1.0,62.5309635868,1.0,62.5309635868,1.0,62.5309635868
20170531,@TUU7,-1.0,-7.21813194745e-05,216453.125,rates,1496263477,2.0,-31.2477443338,31.2477443338,1.0,-31.2477443338,1.0,-31.2477443338,-1,31.2477443338,-1.0,31.2477443338,1.0,-31.2477443338,-1.0,31.2477443338,-1.0,31.2477443338,-1.0,31.2477443338,-1.0,31.2477443338,-1.0,31.2477443338,0,-0.0,-1,31.2477443338,1,-31.2477443338,0,-0.0,-1.0,31.2477443338,-1.0,31.2477443338,0.0,-0.0,1.0,-31.2477443338,-1.0,31.2477443338,0,-0.0,1.0,-31.2477443338,1.0,-31.2477443338,1,-31.2477443338,1,-31.2477443338,0.0,-0.0,1.0,-31.2477443338,1.0,-31.2477443338,-1.0,31.2477443338,1.0,-31.2477443338,1.0,-31.2477443338,-1.0,31.2477443338,1.0,-31.2477443338,-1,31.2477443338,-1.0,31.2477443338,1,-31.2477443338,1.0,-31.2477443338,1.0,-31.2477443338,1.0,-31.2477443338,1.0,-31.2477443338,1.0,-31.2477443338,0.0,-0.0,0.0,-0.0,-1.0,31.2477443338,-1.0,31.2477443338,1.0,-31.2477443338,1.0,-31.2477443338,-1,31.2477443338,-1,31.2477443338,-1.0,31.2477443338,-1.0,31.2477443338,-1.0,31.2477443338,0.0,-0.0,1.0,-31.2477443338,1.0,-31.2477443338,1.0,-31.2477443338,-1.0,31.2477443338,-1.0,31.2477443338,1,-31.2477443338,0,-0.0,-1.0,31.2477443338,0,-0.0,1.0,-31.2477443338,-1.0,31.2477443338,-1,31.2477443338,1.0,-31.2477443338,-1.0,31.2477443338,-1,31.2477443338,-1,31.2477443338,0.0,-0.0,1.0,-31.2477443338,-1.0,31.2477443338,-1.0,31.2477443338,-1.0,31.2477443338,-1.0,31.2477443338,1.0,-31.2477443338,-1,31.2477443338,0,-0.0,0,-0.0,1,-31.2477443338,-1,31.2477443338,1.0,-31.2477443338,1.0,-31.2477443338,0,-0.0,1,-31.2477443338,-1.0,31.2477443338,1.0,-31.2477443338,1.0,-31.2477443338,1.0,-31.2477443338
20170531,@SMN7,-1.0,-0.000672043010753,29740.0,grain,1496254702,1.0,-19.9865591398,19.9865591398,0.0,-0.0,1.0,-19.9865591398,-1,19.9865591398,1.0,-19.9865591398,-1.0,19.9865591398,0.0,-0.0,1.0,-19.9865591398,-1.0,19.9865591398,1.0,-19.9865591398,-1.0,19.9865591398,-1,19.9865591398,-1,19.9865591398,-1,19.9865591398,-1,19.9865591398,1.0,-19.9865591398,1.0,-19.9865591398,0.0,-0.0,-1.0,19.9865591398,1.0,-19.9865591398,0,-0.0,-1.0,19.9865591398,-1.0,19.9865591398,-1,19.9865591398,-1,19.9865591398,1.0,-19.9865591398,-1.0,19.9865591398,1.0,-19.9865591398,1.0,-19.9865591398,1.0,-19.9865591398,0.0,-0.0,0.0,-0.0,-1.0,19.9865591398,1,-19.9865591398,1.0,-19.9865591398,-1,19.9865591398,-1.0,19.9865591398,-1.0,19.9865591398,-1.0,19.9865591398,-1.0,19.9865591398,-1.0,19.9865591398,0.0,-0.0,0.0,-0.0,1.0,-19.9865591398,1.0,-19.9865591398,-1.0,19.9865591398,-1.0,19.9865591398,-1,19.9865591398,1,-19.9865591398,1.0,-19.9865591398,1.0,-19.9865591398,1.0,-19.9865591398,0.0,-0.0,-1.0,19.9865591398,-1.0,19.9865591398,-1.0,19.9865591398,1.0,-19.9865591398,1.0,-19.9865591398,-1,19.9865591398,0,-0.0,-1.0,19.9865591398,0,-0.0,-1.0,19.9865591398,-1.0,19.9865591398,-1,19.9865591398,1.0,-19.9865591398,0.0,-0.0,1,-19.9865591398,1,-19.9865591398,-1.0,19.9865591398,-1.0,19.9865591398,1.0,-19.9865591398,1.0,-19.9865591398,1.0,-19.9865591398,1.0,-19.9865591398,-1.0,19.9865591398,1,-19.9865591398,0,-0.0,1,-19.9865591398,1,-19.9865591398,1,-19.9865591398,-1.0,19.9865591398,1.0,-19.9865591398,1,-19.9865591398,1,-19.9865591398,1.0,-19.9865591398,0.0,-0.0,-1.0,19.9865591398,1.0,-19.9865591398
20170531,QSIN7,-1.0,-0.00642680897458,86575.0,metal,1496263477,1.0,-0.0,0.0,1.0,-0.0,1.0,-0.0,-1,0.0,-1.0,0.0,1.0,-0.0,-1.0,0.0,-1.0,0.0,-1.0,0.0,-1.0,0.0,-1.0,0.0,0,-0.0,-1,0.0,1,-0.0,0,-0.0,-1.0,0.0,-1.0,0.0,0.0,-0.0,1.0,-0.0,-1.0,0.0,0,-0.0,-1.0,0.0,1.0,-0.0,1,-0.0,1,-0.0,0.0,-0.0,1.0,-0.0,1.0,-0.0,-1.0,0.0,1.0,-0.0,1.0,-0.0,-1.0,0.0,1.0,-0.0,-1,0.0,-1.0,0.0,1,-0.0,1.0,-0.0,1.0,-0.0,1.0,-0.0,1.0,-0.0,1.0,-0.0,0.0,-0.0,0.0,-0.0,-1.0,0.0,-1.0,0.0,1.0,-0.0,1.0,-0.0,-1,0.0,1,-0.0,-1.0,0.0,-1.0,0.0,-1.0,0.0,0.0,-0.0,1.0,-0.0,1.0,-0.0,0.0,-0.0,-1.0,0.0,-1.0,0.0,-1,0.0,-1,0.0,-1.0,0.0,0,-0.0,1.0,-0.0,-1.0,0.0,-1,0.0,1.0,-0.0,-1.0,0.0,-1,0.0,-1,0.0,0.0,-0.0,-1.0,0.0,1.0,-0.0,-1.0,0.0,0.0,-0.0,-1.0,0.0,1.0,-0.0,1,-0.0,1,-0.0,0,-0.0,1,-0.0,-1,0.0,1.0,-0.0,1.0,-0.0,0,-0.0,1,-0.0,-1.0,0.0,1.0,-0.0,1.0,-0.0,1.0,-0.0
20170531,@SFM7,1.0,0.00642335766423,129262.5,currency,1496263477,1.0,0.0,0.0,0.0,0.0,1.0,0.0,-1,-0.0,-1.0,-0.0,-1.0,-0.0,0.0,0.0,-1.0,-0.0,1.0,0.0,-1.0,-0.0,1.0,0.0,-1,-0.0,-1,-0.0,-1,-0.0,-1,-0.0,-1.0,-0.0,-1.0,-0.0,-1.0,-0.0,-1.0,-0.0,1.0,0.0,0,0.0,-1.0,-0.0,-1.0,-0.0,-1,-0.0,0,0.0,1.0,0.0,1.0,0.0,1.0,0.0,1.0,0.0,-1.0,-0.0,0.0,0.0,0.0,0.0,1.0,0.0,-1,-0.0,1.0,0.0,1,0.0,1.0,0.0,0.0,0.0,-1.0,-0.0,1.0,0.0,1.0,0.0,1.0,0.0,-1.0,-0.0,1.0,0.0,-1.0,-0.0,-1.0,-0.0,1.0,0.0,-1,-0.0,-1,-0.0,0.0,0.0,1.0,0.0,-1.0,-0.0,1.0,0.0,1.0,0.0,1.0,0.0,0.0,0.0,1.0,0.0,1.0,0.0,1,0.0,1,0.0,-1.0,-0.0,0,0.0,-1.0,-0.0,1.0,0.0,-1,-0.0,1.0,0.0,0.0,0.0,1,0.0,0,0.0,-1.0,-0.0,1.0,0.0,1.0,0.0,-1.0,-0.0,0.0,0.0,-1.0,-0.0,-1.0,-0.0,-1,-0.0,-1,-0.0,1,0.0,1,0.0,-1,-0.0,1.0,0.0,-1.0,-0.0,1,0.0,1,0.0,1.0,0.0,0.0,0.0,1.0,0.0,-1.0,-0.0
20170531,@SN7,1.0,0.00109559024925,45687.5,grain,1496254702,1.0,0.0,0.0,-1.0,-0.0,-1.0,-0.0,1,0.0,1.0,0.0,-1.0,-0.0,1.0,0.0,1.0,0.0,1.0,0.0,1.0,0.0,1.0,0.0,0,0.0,1,0.0,-1,-0.0,0,0.0,1.0,0.0,1.0,0.0,0.0,0.0,-1.0,-0.0,1.0,0.0,0,0.0,-1.0,-0.0,-1.0,-0.0,-1,-0.0,-1,-0.0,0.0,0.0,-1.0,-0.0,-1.0,-0.0,1.0,0.0,-1.0,-0.0,-1.0,-0.0,1.0,0.0,-1.0,-0.0,1,0.0,1.0,0.0,-1,-0.0,-1.0,-0.0,-1.0,-0.0,-1.0,-0.0,-1.0,-0.0,-1.0,-0.0,0.0,0.0,0.0,0.0,1.0,0.0,1.0,0.0,-1.0,-0.0,-1.0,-0.0,1,0.0,1,0.0,1.0,0.0,1.0,0.0,1.0,0.0,0.0,0.0,-1.0,-0.0,-1.0,-0.0,-1.0,-0.0,1.0,0.0,1.0,0.0,-1,-0.0,0,0.0,1.0,0.0,0,0.0,-1.0,-0.0,1.0,0.0,1,0.0,-1.0,-0.0,1.0,0.0,1,0.0,1,0.0,0.0,0.0,-1.0,-0.0,1.0,0.0,1.0,0.0,1.0,0.0,1.0,0.0,-1.0,-0.0,1,0.0,0,0.0,0,0.0,-1,-0.0,1,0.0,-1.0,-0.0,-1.0,-0.0,0,0.0,-1,-0.0,1.0,0.0,-1.0,-0.0,-1.0,-0.0,-1.0,-0.0
20170531,QRBN7,-1.0,-0.0118820414948,67410.0,energy,1496263477,1.0,-0.0,0.0,0.0,-0.0,1.0,-0.0,-1,0.0,1.0,-0.0,-1.0,0.0,0.0,-0.0,1.0,-0.0,-1.0,0.0,1.0,-0.0,-1.0,0.0,-1,0.0,-1,0.0,-1,0.0,-1,0.0,1.0,-0.0,1.0,-0.0,0.0,-0.0,-1.0,0.0,1.0,-0.0,0,-0.0,-1.0,0.0,-1.0,0.0,-1,0.0,-1,0.0,1.0,-0.0,-1.0,0.0,1.0,-0.0,1.0,-0.0,1.0,-0.0,0.0,-0.0,0.0,-0.0,-1.0,0.0,-1,0.0,1.0,-0.0,-1,0.0,-1.0,0.0,-1.0,0.0,-1.0,0.0,-1.0,0.0,-1.0,0.0,0.0,-0.0,0.0,-0.0,1.0,-0.0,1.0,-0.0,-1.0,0.0,1.0,-0.0,-1,0.0,1,-0.0,1.0,-0.0,1.0,-0.0,1.0,-0.0,0.0,-0.0,-1.0,0.0,-1.0,0.0,-1.0,0.0,1.0,-0.0,1.0,-0.0,-1,0.0,0,-0.0,-1.0,0.0,0,-0.0,-1.0,0.0,-1.0,0.0,-1,0.0,1.0,-0.0,0.0,-0.0,1,-0.0,1,-0.0,-1.0,0.0,-1.0,0.0,1.0,-0.0,1.0,-0.0,1.0,-0.0,1.0,-0.0,-1.0,0.0,1,-0.0,0,-0.0,1,-0.0,1,-0.0,1,-0.0,-1.0,0.0,1.0,-0.0,1,-0.0,1,-0.0,1.0,-0.0,0.0,-0.0,-1.0,0.0,1.0,-0.0
20170531,QPLN7,1.0,0.00956327701626,47505.0,metal,1496263477,1.0,0.0,0.0,1.0,0.0,-1.0,-0.0,1,0.0,-1.0,-0.0,-1.0,-0.0,0.0,0.0,1.0,0.0,-1.0,-0.0,-1.0,-0.0,-1.0,-0.0,0,0.0,1,0.0,1,0.0,1,0.0,-1.0,-0.0,-1.0,-0.0,0.0,0.0,-1.0,-0.0,1.0,0.0,0,0.0,1.0,0.0,1.0,0.0,1,0.0,1,0.0,0.0,0.0,1.0,0.0,-1.0,-0.0,1.0,0.0,1.0,0.0,1.0,0.0,-1.0,-0.0,1.0,0.0,-1,-0.0,-1.0,-0.0,1,0.0,-1.0,-0.0,1.0,0.0,1.0,0.0,1.0,0.0,-1.0,-0.0,0.0,0.0,0.0,0.0,1.0,0.0,1.0,0.0,-1.0,-0.0,1.0,0.0,-1,-0.0,1,0.0,-1.0,-0.0,-1.0,-0.0,1.0,0.0,0.0,0.0,-1.0,-0.0,-1.0,-0.0,0.0,0.0,-1.0,-0.0,-1.0,-0.0,-1,-0.0,-1,-0.0,1.0,0.0,0,0.0,-1.0,-0.0,-1.0,-0.0,1,0.0,1.0,0.0,-1.0,-0.0,-1,-0.0,-1,-0.0,0.0,0.0,-1.0,-0.0,-1.0,-0.0,1.0,0.0,0.0,0.0,-1.0,-0.0,1.0,0.0,1,0.0,1,0.0,-1,-0.0,-1,-0.0,1,0.0,1.0,0.0,1.0,0.0,0,0.0,-1,-0.0,1.0,0.0,0.0,0.0,-1.0,-0.0,1.0,0.0
20170531,QPAU7,1.0,0.0175045162898,81670.0,metal,1496263477,1.0,0.0,0.0,0.0,0.0,1.0,0.0,-1,-0.0,-1.0,-0.0,-1.0,-0.0,0.0,0.0,-1.0,-0.0,1.0,0.0,-1.0,-0.0,1.0,0.0,-1,-0.0,-1,-0.0,-1,-0.0,-1,-0.0,-1.0,-0.0,-1.0,-0.0,-1.0,-0.0,-1.0,-0.0,1.0,0.0,0,0.0,-1.0,-0.0,-1.0,-0.0,-1,-0.0,0,0.0,1.0,0.0,1.0,0.0,1.0,0.0,1.0,0.0,-1.0,-0.0,0.0,0.0,0.0,0.0,1.0,0.0,-1,-0.0,1.0,0.0,1,0.0,1.0,0.0,0.0,0.0,-1.0,-0.0,1.0,0.0,1.0,0.0,1.0,0.0,-1.0,-0.0,1.0,0.0,-1.0,-0.0,-1.0,-0.0,1.0,0.0,-1,-0.0,1,0.0,0.0,0.0,1.0,0.0,-1.0,-0.0,1.0,0.0,1.0,0.0,-1.0,-0.0,-1.0,-0.0,1.0,0.0,-1.0,-0.0,1,0.0,0,0.0,-1.0,-0.0,0,0.0,-1.0,-0.0,1.0,0.0,-1,-0.0,1.0,0.0,0.0,0.0,1,0.0,0,0.0,-1.0,-0.0,-1.0,-0.0,1.0,0.0,1.0,0.0,1.0,0.0,-1.0,-0.0,1.0,0.0,-1,-0.0,0,0.0,1,0.0,1,0.0,-1,-0.0,1.0,0.0,-1.0,-0.0,1,0.0,1,0.0,1.0,0.0,0.0,0.0,1.0,0.0,-1.0,-0.0
20170531,@NQM7,1.0,0.0023739640884,116115.0,index,1496263477,1.0,0.0,0.0,0.0,0.0,1.0,0.0,-1,-0.0,-1.0,-0.0,-1.0,-0.0,0.0,0.0,-1.0,-0.0,1.0,0.0,-1.0,-0.0,1.0,0.0,-1,-0.0,-1,-0.0,-1,-0.0,-1,-0.0,-1.0,-0.0,-1.0,-0.0,-1.0,-0.0,-1.0,-0.0,1.0,0.0,0,0.0,-1.0,-0.0,-1.0,-0.0,-1,-0.0,0,0.0,1.0,0.0,1.0,0.0,1.0,0.0,1.0,0.0,-1.0,-0.0,0.0,0.0,0.0,0.0,1.0,0.0,-1,-0.0,1.0,0.0,1,0.0,1.0,0.0,0.0,0.0,-1.0,-0.0,1.0,0.0,1.0,0.0,1.0,0.0,-1.0,-0.0,1.0,0.0,-1.0,-0.0,-1.0,-0.0,1.0,0.0,-1,-0.0,-1,-0.0,0.0,0.0,1.0,0.0,-1.0,-0.0,1.0,0.0,1.0,0.0,1.0,0.0,0.0,0.0,1.0,0.0,1.0,0.0,1,0.0,1,0.0,-1.0,-0.0,0,0.0,-1.0,-0.0,1.0,0.0,-1,-0.0,1.0,0.0,0.0,0.0,1,0.0,0,0.0,-1.0,-0.0,1.0,0.0,1.0,0.0,-1.0,-0.0,0.0,0.0,-1.0,-0.0,-1.0,-0.0,-1,-0.0,-1,-0.0,1,0.0,1,0.0,-1,-0.0,1.0,0.0,-1.0,-0.0,1,0.0,1,0.0,1.0,0.0,0.0,0.0,1.0,0.0,-1.0,-0.0
20170531,@NKDM7,1.0,0.00305732484076,88871.3318284,index,1496263477,1.0,0.0,0.0,0.0,0.0,1.0,0.0,-1,-0.0,-1.0,-0.0,-1.0,-0.0,0.0,0.0,1.0,0.0,-1.0,-0.0,1.0,0.0,-1.0,-0.0,-1,-0.0,-1,-0.0,-1,-0.0,-1,-0.0,1.0,0.0,1.0,0.0,-1.0,-0.0,-1.0,-0.0,1.0,0.0,0,0.0,-1.0,-0.0,-1.0,-0.0,1,0.0,0,0.0,1.0,0.0,-1.0,-0.0,1.0,0.0,1.0,0.0,1.0,0.0,0.0,0.0,0.0,0.0,-1.0,-0.0,1,0.0,1.0,0.0,1,0.0,-1.0,-0.0,0.0,0.0,1.0,0.0,-1.0,-0.0,1.0,0.0,1.0,0.0,-1.0,-0.0,1.0,0.0,-1.0,-0.0,-1.0,-0.0,-1.0,-0.0,-1,-0.0,1,0.0,0.0,0.0,-1.0,-0.0,-1.0,-0.0,1.0,0.0,1.0,0.0,-1.0,-0.0,-1.0,-0.0,1.0,0.0,1.0,0.0,-1,-0.0,0,0.0,-1.0,-0.0,0,0.0,-1.0,-0.0,-1.0,-0.0,-1,-0.0,1.0,0.0,0.0,0.0,-1,-0.0,0,0.0,-1.0,-0.0,-1.0,-0.0,1.0,0.0,1.0,0.0,1.0,0.0,1.0,0.0,-1.0,-0.0,1,0.0,0,0.0,1,0.0,1,0.0,1,0.0,-1.0,-0.0,1.0,0.0,1,0.0,1,0.0,1.0,0.0,0.0,0.0,-1.0,-0.0,1.0,0.0
20170531,QNGN7,-1.0,-0.0203497615262,30810.0,energy,1496263477,1.0,-626.976152623,626.976152623,0.0,-0.0,1.0,-626.976152623,-1,626.976152623,1.0,-626.976152623,-1.0,626.976152623,0.0,-0.0,1.0,-626.976152623,-1.0,626.976152623,1.0,-626.976152623,-1.0,626.976152623,-1,626.976152623,-1,626.976152623,-1,626.976152623,-1,626.976152623,1.0,-626.976152623,1.0,-626.976152623,0.0,-0.0,-1.0,626.976152623,1.0,-626.976152623,0,-0.0,1.0,-626.976152623,-1.0,626.976152623,-1,626.976152623,-1,626.976152623,1.0,-626.976152623,-1.0,626.976152623,1.0,-626.976152623,1.0,-626.976152623,1.0,-626.976152623,0.0,-0.0,0.0,-0.0,-1.0,626.976152623,-1,626.976152623,1.0,-626.976152623,-1,626.976152623,-1.0,626.976152623,-1.0,626.976152623,-1.0,626.976152623,-1.0,626.976152623,-1.0,626.976152623,0.0,-0.0,0.0,-0.0,1.0,-626.976152623,1.0,-626.976152623,-1.0,626.976152623,1.0,-626.976152623,-1,626.976152623,-1,626.976152623,1.0,-626.976152623,1.0,-626.976152623,1.0,-626.976152623,0.0,-0.0,-1.0,626.976152623,-1.0,626.976152623,0.0,-0.0,1.0,-626.976152623,1.0,-626.976152623,1,-626.976152623,1,-626.976152623,-1.0,626.976152623,0,-0.0,-1.0,626.976152623,-1.0,626.976152623,-1,626.976152623,1.0,-626.976152623,0.0,-0.0,1,-626.976152623,1,-626.976152623,-1.0,626.976152623,1.0,-626.976152623,-1.0,626.976152623,1.0,-626.976152623,0.0,-0.0,1.0,-626.976152623,-1.0,626.976152623,-1,626.976152623,-1,626.976152623,1,-626.976152623,1,-626.976152623,1,-626.976152623,-1.0,626.976152623,1.0,-626.976152623,1,-626.976152623,1,-626.976152623,1.0,-626.976152623,0.0,-0.0,-1.0,626.976152623,1.0,-626.976152623
20170531,@NEM7,-1.0,-0.00253628293645,70790.0,currency,1496263477,1.0,-0.0,0.0,0.0,-0.0,1.0,-0.0,-1,0.0,-1.0,0.0,-1.0,0.0,0.0,-0.0,-1.0,0.0,1.0,-0.0,-1.0,0.0,1.0,-0.0,-1,0.0,-1,0.0,-1,0.0,-1,0.0,-1.0,0.0,-1.0,0.0,-1.0,0.0,-1.0,0.0,1.0,-0.0,0,-0.0,-1.0,0.0,-1.0,0.0,-1,0.0,0,-0.0,1.0,-0.0,1.0,-0.0,1.0,-0.0,1.0,-0.0,-1.0,0.0,0.0,-0.0,0.0,-0.0,1.0,-0.0,-1,0.0,1.0,-0.0,1,-0.0,1.0,-0.0,0.0,-0.0,-1.0,0.0,1.0,-0.0,1.0,-0.0,1.0,-0.0,-1.0,0.0,1.0,-0.0,-1.0,0.0,-1.0,0.0,1.0,-0.0,-1,0.0,1,-0.0,0.0,-0.0,1.0,-0.0,-1.0,0.0,1.0,-0.0,1.0,-0.0,-1.0,0.0,-1.0,0.0,1.0,-0.0,-1.0,0.0,1,-0.0,0,-0.0,-1.0,0.0,0,-0.0,-1.0,0.0,1.0,-0.0,-1,0.0,1.0,-0.0,0.0,-0.0,1,-0.0,0,-0.0,-1.0,0.0,-1.0,0.0,1.0,-0.0,1.0,-0.0,1.0,-0.0,-1.0,0.0,1.0,-0.0,-1,0.0,0,-0.0,1,-0.0,1,-0.0,-1,0.0,1.0,-0.0,-1.0,0.0,1,-0.0,1,-0.0,1.0,-0.0,0.0,-0.0,1.0,-0.0,-1.0,0.0
20170531,@PXM7,1.0,0.00412757973734,26760.0,currency,1496263477,1.0,0.0,0.0,-1.0,-0.0,1.0,0.0,-1,-0.0,1.0,0.0,-1.0,-0.0,0.0,0.0,1.0,0.0,-1.0,-0.0,1.0,0.0,1.0,0.0,0,0.0,1,0.0,-1,-0.0,-1,-0.0,1.0,0.0,1.0,0.0,0.0,0.0,-1.0,-0.0,1.0,0.0,0,0.0,-1.0,-0.0,-1.0,-0.0,-1,-0.0,-1,-0.0,0.0,0.0,-1.0,-0.0,-1.0,-0.0,1.0,0.0,-1.0,-0.0,-1.0,-0.0,1.0,0.0,-1.0,-0.0,-1,-0.0,1.0,0.0,-1,-0.0,-1.0,-0.0,-1.0,-0.0,-1.0,-0.0,-1.0,-0.0,-1.0,-0.0,0.0,0.0,0.0,0.0,1.0,0.0,1.0,0.0,-1.0,-0.0,1.0,0.0,1,0.0,1,0.0,1.0,0.0,1.0,0.0,1.0,0.0,0.0,0.0,-1.0,-0.0,-1.0,-0.0,-1.0,-0.0,1.0,0.0,1.0,0.0,-1,-0.0,0,0.0,1.0,0.0,0,0.0,-1.0,-0.0,1.0,0.0,-1,-0.0,-1.0,-0.0,1.0,0.0,1,0.0,1,0.0,0.0,0.0,-1.0,-0.0,1.0,0.0,1.0,0.0,1.0,0.0,1.0,0.0,-1.0,-0.0,1,0.0,0,0.0,1,0.0,1,0.0,1,0.0,-1.0,-0.0,-1.0,-0.0,0,0.0,-1,-0.0,1.0,0.0,0.0,0.0,-1.0,-0.0,1.0,0.0
20170531,@YMM7,1.0,0.000856531049251,105165.0,index,1496263477,1.0,0.0,0.0,0.0,0.0,1.0,0.0,-1,-0.0,1.0,0.0,-1.0,-0.0,0.0,0.0,1.0,0.0,-1.0,-0.0,1.0,0.0,-1.0,-0.0,-1,-0.0,-1,-0.0,-1,-0.0,-1,-0.0,1.0,0.0,1.0,0.0,0.0,0.0,-1.0,-0.0,1.0,0.0,0,0.0,-1.0,-0.0,-1.0,-0.0,-1,-0.0,-1,-0.0,1.0,0.0,-1.0,-0.0,1.0,0.0,1.0,0.0,1.0,0.0,0.0,0.0,0.0,0.0,-1.0,-0.0,-1,-0.0,1.0,0.0,-1,-0.0,-1.0,-0.0,-1.0,-0.0,-1.0,-0.0,-1.0,-0.0,-1.0,-0.0,0.0,0.0,0.0,0.0,1.0,0.0,1.0,0.0,-1.0,-0.0,1.0,0.0,-1,-0.0,1,0.0,1.0,0.0,1.0,0.0,1.0,0.0,0.0,0.0,-1.0,-0.0,-1.0,-0.0,-1.0,-0.0,1.0,0.0,1.0,0.0,-1,-0.0,0,0.0,-1.0,-0.0,0,0.0,-1.0,-0.0,-1.0,-0.0,-1,-0.0,1.0,0.0,0.0,0.0,1,0.0,1,0.0,-1.0,-0.0,-1.0,-0.0,1.0,0.0,1.0,0.0,1.0,0.0,1.0,0.0,-1.0,-0.0,1,0.0,0,0.0,1,0.0,1,0.0,1,0.0,-1.0,-0.0,1.0,0.0,1,0.0,1,0.0,1.0,0.0,0.0,0.0,-1.0,-0.0,1.0,0.0
20170531,@ADM7,-1.0,-0.00455580865604,74290.0,currency,1496263477,1.0,-0.0,0.0,0.0,-0.0,1.0,-0.0,-1,0.0,1.0,-0.0,-1.0,0.0,0.0,-0.0,-1.0,0.0,1.0,-0.0,-1.0,0.0,1.0,-0.0,-1,0.0,-1,0.0,-1,0.0,-1,0.0,-1.0,0.0,1.0,-0.0,0.0,-0.0,1.0,-0.0,-1.0,0.0,0,-0.0,-1.0,0.0,-1.0,0.0,-1,0.0,-1,0.0,1.0,-0.0,-1.0,0.0,1.0,-0.0,1.0,-0.0,-1.0,0.0,0.0,-0.0,0.0,-0.0,1.0,-0.0,-1,0.0,1.0,-0.0,-1,0.0,1.0,-0.0,-1.0,0.0,-1.0,0.0,-1.0,0.0,1.0,-0.0,0.0,-0.0,0.0,-0.0,-1.0,0.0,-1.0,0.0,1.0,-0.0,1.0,-0.0,-1,0.0,1,-0.0,1.0,-0.0,1.0,-0.0,-1.0,0.0,0.0,-0.0,1.0,-0.0,-1.0,0.0,-1.0,0.0,1.0,-0.0,-1.0,0.0,1,-0.0,0,-0.0,-1.0,0.0,0,-0.0,-1.0,0.0,1.0,-0.0,-1,0.0,1.0,-0.0,0.0,-0.0,1,-0.0,1,-0.0,-1.0,0.0,-1.0,0.0,1.0,-0.0,1.0,-0.0,1.0,-0.0,1.0,-0.0,1.0,-0.0,-1,0.0,0,-0.0,1,-0.0,1,-0.0,-1,0.0,1.0,-0.0,-1.0,0.0,1,-0.0,1,-0.0,1.0,-0.0,0.0,-0.0,1.0,-0.0,-1.0,0.0
20170531,@LEQ7,1.0,0.0127242386316,48550.0,meat,1496253611,1.0,0.0,0.0,-1.0,-0.0,1.0,0.0,-1,-0.0,1.0,0.0,1.0,0.0,0.0,0.0,-1.0,-0.0,1.0,0.0,1.0,0.0,1.0,0.0,0,0.0,-1,-0.0,-1,-0.0,-1,-0.0,1.0,0.0,1.0,0.0,0.0,0.0,1.0,0.0,-1.0,-0.0,0,0.0,-1.0,-0.0,-1.0,-0.0,-1,-0.0,-1,-0.0,0.0,0.0,-1.0,-0.0,1.0,0.0,-1.0,-0.0,-1.0,-0.0,-1.0,-0.0,1.0,0.0,-1.0,-0.0,1,0.0,1.0,0.0,-1,-0.0,1.0,0.0,-1.0,-0.0,-1.0,-0.0,-1.0,-0.0,1.0,0.0,0.0,0.0,0.0,0.0,-1.0,-0.0,-1.0,-0.0,1.0,0.0,-1.0,-0.0,1,0.0,-1,-0.0,1.0,0.0,1.0,0.0,-1.0,-0.0,0.0,0.0,1.0,0.0,1.0,0.0,0.0,0.0,1.0,0.0,1.0,0.0,1,0.0,1,0.0,-1.0,-0.0,0,0.0,1.0,0.0,1.0,0.0,-1,-0.0,-1.0,-0.0,1.0,0.0,1,0.0,1,0.0,0.0,0.0,1.0,0.0,1.0,0.0,-1.0,-0.0,0.0,0.0,1.0,0.0,-1.0,-0.0,-1,-0.0,-1,-0.0,1,0.0,1,0.0,-1,-0.0,-1.0,-0.0,-1.0,-0.0,0,0.0,1,0.0,-1.0,-0.0,0.0,0.0,1.0,0.0,-1.0,-0.0
20170531,@BON7,-1.0,-0.00254614894971,18804.0,grain,1496254702,1.0,-0.0,0.0,-1.0,0.0,-1.0,0.0,1,-0.0,1.0,-0.0,-1.0,0.0,1.0,-0.0,1.0,-0.0,1.0,-0.0,1.0,-0.0,1.0,-0.0,0,-0.0,1,-0.0,-1,0.0,0,-0.0,1.0,-0.0,1.0,-0.0,0.0,-0.0,-1.0,0.0,1.0,-0.0,0,-0.0,-1.0,0.0,-1.0,0.0,-1,0.0,-1,0.0,0.0,-0.0,-1.0,0.0,-1.0,0.0,1.0,-0.0,-1.0,0.0,-1.0,0.0,1.0,-0.0,-1.0,0.0,-1,0.0,1.0,-0.0,-1,0.0,-1.0,0.0,-1.0,0.0,-1.0,0.0,-1.0,0.0,-1.0,0.0,0.0,-0.0,0.0,-0.0,1.0,-0.0,1.0,-0.0,-1.0,0.0,1.0,-0.0,1,-0.0,1,-0.0,1.0,-0.0,1.0,-0.0,1.0,-0.0,0.0,-0.0,-1.0,0.0,-1.0,0.0,-1.0,0.0,1.0,-0.0,1.0,-0.0,-1,0.0,0,-0.0,1.0,-0.0,0,-0.0,-1.0,0.0,1.0,-0.0,1,-0.0,-1.0,0.0,1.0,-0.0,1,-0.0,1,-0.0,0.0,-0.0,-1.0,0.0,1.0,-0.0,1.0,-0.0,1.0,-0.0,1.0,-0.0,-1.0,0.0,1,-0.0,0,-0.0,0,-0.0,-1,0.0,1,-0.0,-1.0,0.0,-1.0,0.0,0,-0.0,-1,0.0,1.0,-0.0,-1.0,0.0,-1.0,0.0,-1.0,0.0
20170531,@BPM7,1.0,0.00233190827827,80593.75,currency,1496263477,1.0,0.0,0.0,0.0,0.0,-1.0,-0.0,-1,-0.0,-1.0,-0.0,-1.0,-0.0,1.0,0.0,1.0,0.0,1.0,0.0,-1.0,-0.0,1.0,0.0,-1,-0.0,-1,-0.0,-1,-0.0,0,0.0,-1.0,-0.0,-1.0,-0.0,-1.0,-0.0,-1.0,-0.0,1.0,0.0,0,0.0,-1.0,-0.0,1.0,0.0,-1,-0.0,0,0.0,1.0,0.0,1.0,0.0,1.0,0.0,1.0,0.0,-1.0,-0.0,0.0,0.0,0.0,0.0,1.0,0.0,-1,-0.0,1.0,0.0,1,0.0,1.0,0.0,0.0,0.0,-1.0,-0.0,1.0,0.0,1.0,0.0,1.0,0.0,-1.0,-0.0,1.0,0.0,-1.0,-0.0,-1.0,-0.0,1.0,0.0,-1,-0.0,-1,-0.0,0.0,0.0,1.0,0.0,-1.0,-0.0,1.0,0.0,1.0,0.0,1.0,0.0,0.0,0.0,-1.0,-0.0,1.0,0.0,1,0.0,1,0.0,-1.0,-0.0,0,0.0,-1.0,-0.0,1.0,0.0,1,0.0,1.0,0.0,0.0,0.0,1,0.0,0,0.0,-1.0,-0.0,1.0,0.0,1.0,0.0,-1.0,-0.0,0.0,0.0,-1.0,-0.0,-1.0,-0.0,-1,-0.0,-1,-0.0,0,0.0,1,0.0,-1,-0.0,1.0,0.0,-1.0,-0.0,1,0.0,1,0.0,1.0,0.0,-1.0,-0.0,-1.0,-0.0,-1.0,-0.0
20170531,@CN7,1.0,0.0122615803815,18575.0,grain,1496254702,1.0,227.758855586,227.758855586,0.0,0.0,1.0,227.758855586,-1,-227.758855586,-1.0,-227.758855586,-1.0,-227.758855586,0.0,0.0,1.0,227.758855586,-1.0,-227.758855586,1.0,227.758855586,-1.0,-227.758855586,-1,-227.758855586,-1,-227.758855586,-1,-227.758855586,-1,-227.758855586,1.0,227.758855586,1.0,227.758855586,-1.0,-227.758855586,-1.0,-227.758855586,1.0,227.758855586,0,0.0,-1.0,-227.758855586,-1.0,-227.758855586,1,227.758855586,0,0.0,1.0,227.758855586,-1.0,-227.758855586,1.0,227.758855586,1.0,227.758855586,1.0,227.758855586,0.0,0.0,0.0,0.0,-1.0,-227.758855586,-1,-227.758855586,1.0,227.758855586,1,227.758855586,-1.0,-227.758855586,0.0,0.0,1.0,227.758855586,-1.0,-227.758855586,1.0,227.758855586,1.0,227.758855586,-1.0,-227.758855586,1.0,227.758855586,-1.0,-227.758855586,-1.0,-227.758855586,1.0,227.758855586,-1,-227.758855586,1,227.758855586,0.0,0.0,-1.0,-227.758855586,-1.0,-227.758855586,1.0,227.758855586,1.0,227.758855586,-1.0,-227.758855586,-1.0,-227.758855586,1.0,227.758855586,1.0,227.758855586,-1,-227.758855586,0,0.0,-1.0,-227.758855586,0,0.0,-1.0,-227.758855586,-1.0,-227.758855586,-1,-227.758855586,1.0,227.758855586,0.0,0.0,-1,-227.758855586,0,0.0,-1.0,-227.758855586,-1.0,-227.758855586,1.0,227.758855586,1.0,227.758855586,1.0,227.758855586,1.0,227.758855586,-1.0,-227.758855586,1,227.758855586,0,0.0,1,227.758855586,1,227.758855586,1,227.758855586,-1.0,-227.758855586,1.0,227.758855586,1,227.758855586,1,227.758855586,1.0,227.758855586,0.0,0.0,-1.0,-227.758855586,1.0,227.758855586
20170531,@CDM7,-1.0,-0.00235579188261,74110.0,currency,1496263477,1.0,-0.0,0.0,0.0,-0.0,1.0,-0.0,-1,0.0,1.0,-0.0,-1.0,0.0,0.0,-0.0,-1.0,0.0,1.0,-0.0,-1.0,0.0,1.0,-0.0,-1,0.0,-1,0.0,-1,0.0,-1,0.0,-1.0,0.0,1.0,-0.0,0.0,-0.0,1.0,-0.0,-1.0,0.0,0,-0.0,-1.0,0.0,-1.0,0.0,-1,0.0,-1,0.0,1.0,-0.0,-1.0,0.0,1.0,-0.0,1.0,-0.0,-1.0,0.0,0.0,-0.0,0.0,-0.0,1.0,-0.0,-1,0.0,1.0,-0.0,-1,0.0,1.0,-0.0,-1.0,0.0,-1.0,0.0,-1.0,0.0,1.0,-0.0,0.0,-0.0,0.0,-0.0,-1.0,0.0,-1.0,0.0,1.0,-0.0,1.0,-0.0,-1,0.0,-1,0.0,1.0,-0.0,1.0,-0.0,-1.0,0.0,0.0,-0.0,1.0,-0.0,1.0,-0.0,0.0,-0.0,1.0,-0.0,1.0,-0.0,1,-0.0,1,-0.0,-1.0,0.0,0,-0.0,-1.0,0.0,1.0,-0.0,-1,0.0,1.0,-0.0,0.0,-0.0,1,-0.0,1,-0.0,-1.0,0.0,1.0,-0.0,1.0,-0.0,-1.0,0.0,0.0,-0.0,1.0,-0.0,-1.0,0.0,-1,0.0,-1,0.0,1,-0.0,1,-0.0,-1,0.0,1.0,-0.0,-1.0,0.0,1,-0.0,1,-0.0,1.0,-0.0,0.0,-0.0,1.0,-0.0,-1.0,0.0
20170531,QCLN7,-1.0,-0.0201369311317,48660.0,energy,1496263477,1.0,-979.863068868,979.863068868,-1.0,979.863068868,-1.0,979.863068868,1,-979.863068868,1.0,-979.863068868,-1.0,979.863068868,1.0,-979.863068868,1.0,-979.863068868,1.0,-979.863068868,1.0,-979.863068868,1.0,-979.863068868,0,-0.0,1,-979.863068868,-1,979.863068868,0,-0.0,1.0,-979.863068868,1.0,-979.863068868,0.0,-0.0,-1.0,979.863068868,1.0,-979.863068868,0,-0.0,-1.0,979.863068868,-1.0,979.863068868,-1,979.863068868,-1,979.863068868,0.0,-0.0,-1.0,979.863068868,-1.0,979.863068868,1.0,-979.863068868,-1.0,979.863068868,-1.0,979.863068868,1.0,-979.863068868,-1.0,979.863068868,-1,979.863068868,1.0,-979.863068868,-1,979.863068868,-1.0,979.863068868,-1.0,979.863068868,-1.0,979.863068868,-1.0,979.863068868,-1.0,979.863068868,0.0,-0.0,0.0,-0.0,1.0,-979.863068868,1.0,-979.863068868,-1.0,979.863068868,1.0,-979.863068868,1,-979.863068868,1,-979.863068868,1.0,-979.863068868,1.0,-979.863068868,1.0,-979.863068868,0.0,-0.0,-1.0,979.863068868,-1.0,979.863068868,-1.0,979.863068868,1.0,-979.863068868,1.0,-979.863068868,-1,979.863068868,0,-0.0,1.0,-979.863068868,0,-0.0,-1.0,979.863068868,1.0,-979.863068868,1,-979.863068868,-1.0,979.863068868,1.0,-979.863068868,1,-979.863068868,1,-979.863068868,0.0,-0.0,-1.0,979.863068868,1.0,-979.863068868,1.0,-979.863068868,1.0,-979.863068868,1.0,-979.863068868,-1.0,979.863068868,1,-979.863068868,0,-0.0,0,-0.0,-1,979.863068868,1,-979.863068868,-1.0,979.863068868,-1.0,979.863068868,0,-0.0,-1,979.863068868,1.0,-979.863068868,-1.0,979.863068868,-1.0,979.863068868,-1.0,979.863068868
20170531,@EUM7,1.0,0.00464327172069,140637.5,currency,1496263477,1.0,653.018126618,653.018126618,0.0,0.0,1.0,653.018126618,-1,-653.018126618,1.0,653.018126618,-1.0,-653.018126618,0.0,0.0,-1.0,-653.018126618,1.0,653.018126618,-1.0,-653.018126618,1.0,653.018126618,-1,-653.018126618,-1,-653.018126618,-1,-653.018126618,-1,-653.018126618,-1.0,-653.018126618,1.0,653.018126618,0.0,0.0,1.0,653.018126618,-1.0,-653.018126618,0,0.0,-1.0,-653.018126618,-1.0,-653.018126618,-1,-653.018126618,-1,-653.018126618,1.0,653.018126618,-1.0,-653.018126618,1.0,653.018126618,1.0,653.018126618,-1.0,-653.018126618,0.0,0.0,0.0,0.0,1.0,653.018126618,-1,-653.018126618,1.0,653.018126618,-1,-653.018126618,1.0,653.018126618,-1.0,-653.018126618,-1.0,-653.018126618,-1.0,-653.018126618,1.0,653.018126618,0.0,0.0,0.0,0.0,-1.0,-653.018126618,-1.0,-653.018126618,1.0,653.018126618,1.0,653.018126618,-1,-653.018126618,-1,-653.018126618,1.0,653.018126618,1.0,653.018126618,-1.0,-653.018126618,0.0,0.0,1.0,653.018126618,1.0,653.018126618,0.0,0.0,1.0,653.018126618,1.0,653.018126618,1,653.018126618,1,653.018126618,-1.0,-653.018126618,0,0.0,-1.0,-653.018126618,1.0,653.018126618,-1,-653.018126618,1.0,653.018126618,0.0,0.0,1,653.018126618,1,653.018126618,-1.0,-653.018126618,1.0,653.018126618,1.0,653.018126618,-1.0,-653.018126618,0.0,0.0,1.0,653.018126618,-1.0,-653.018126618,-1,-653.018126618,-1,-653.018126618,1,653.018126618,1,653.018126618,-1,-653.018126618,1.0,653.018126618,-1.0,-653.018126618,1,653.018126618,1,653.018126618,1.0,653.018126618,0.0,0.0,1.0,653.018126618,-1.0,-653.018126618
20170531,@USU7,1.0,0.00244598450876,153687.5,rates,1496263477,1.0,0.0,0.0,1.0,0.0,1.0,0.0,-1,-0.0,-1.0,-0.0,1.0,0.0,-1.0,-0.0,-1.0,-0.0,-1.0,-0.0,-1.0,-0.0,-1.0,-0.0,0,0.0,-1,-0.0,1,0.0,0,0.0,-1.0,-0.0,-1.0,-0.0,0.0,0.0,1.0,0.0,-1.0,-0.0,0,0.0,1.0,0.0,1.0,0.0,1,0.0,1,0.0,0.0,0.0,1.0,0.0,1.0,0.0,-1.0,-0.0,1.0,0.0,1.0,0.0,-1.0,-0.0,1.0,0.0,-1,-0.0,-1.0,-0.0,1,0.0,1.0,0.0,1.0,0.0,1.0,0.0,1.0,0.0,1.0,0.0,0.0,0.0,0.0,0.0,-1.0,-0.0,-1.0,-0.0,1.0,0.0,1.0,0.0,-1,-0.0,-1,-0.0,-1.0,-0.0,-1.0,-0.0,-1.0,-0.0,0.0,0.0,1.0,0.0,1.0,0.0,1.0,0.0,-1.0,-0.0,-1.0,-0.0,1,0.0,0,0.0,-1.0,-0.0,0,0.0,1.0,0.0,-1.0,-0.0,-1,-0.0,1.0,0.0,-1.0,-0.0,-1,-0.0,-1,-0.0,0.0,0.0,1.0,0.0,-1.0,-0.0,-1.0,-0.0,-1.0,-0.0,-1.0,-0.0,1.0,0.0,-1,-0.0,0,0.0,0,0.0,1,0.0,-1,-0.0,1.0,0.0,1.0,0.0,0,0.0,1,0.0,-1.0,-0.0,1.0,0.0,1.0,0.0,1.0,0.0
20170531,@EMDM7,1.0,0.00180190653336,172350.0,index,1496263477,1.0,310.558591025,310.558591025,0.0,0.0,1.0,310.558591025,-1,-310.558591025,1.0,310.558591025,-1.0,-310.558591025,0.0,0.0,1.0,310.558591025,-1.0,-310.558591025,1.0,310.558591025,-1.0,-310.558591025,-1,-310.558591025,-1,-310.558591025,-1,-310.558591025,-1,-310.558591025,1.0,310.558591025,1.0,310.558591025,0.0,0.0,-1.0,-310.558591025,1.0,310.558591025,0,0.0,1.0,310.558591025,-1.0,-310.558591025,-1,-310.558591025,-1,-310.558591025,1.0,310.558591025,-1.0,-310.558591025,1.0,310.558591025,1.0,310.558591025,1.0,310.558591025,0.0,0.0,0.0,0.0,-1.0,-310.558591025,-1,-310.558591025,1.0,310.558591025,-1,-310.558591025,-1.0,-310.558591025,-1.0,-310.558591025,-1.0,-310.558591025,-1.0,-310.558591025,-1.0,-310.558591025,0.0,0.0,0.0,0.0,1.0,310.558591025,1.0,310.558591025,-1.0,-310.558591025,1.0,310.558591025,-1,-310.558591025,-1,-310.558591025,1.0,310.558591025,1.0,310.558591025,1.0,310.558591025,0.0,0.0,-1.0,-310.558591025,-1.0,-310.558591025,0.0,0.0,1.0,310.558591025,1.0,310.558591025,1,310.558591025,1,310.558591025,-1.0,-310.558591025,0,0.0,-1.0,-310.558591025,-1.0,-310.558591025,-1,-310.558591025,1.0,310.558591025,0.0,0.0,1,310.558591025,1,310.558591025,-1.0,-310.558591025,1.0,310.558591025,-1.0,-310.558591025,1.0,310.558591025,0.0,0.0,1.0,310.558591025,-1.0,-310.558591025,-1,-310.558591025,-1,-310.558591025,1,310.558591025,1,310.558591025,1,310.558591025,-1.0,-310.558591025,1.0,310.558591025,1,310.558591025,1,310.558591025,1.0,310.558591025,0.0,0.0,-1.0,-310.558591025,1.0,310.558591025
20170531,@GFQ7,1.0,0.0191762547941,76400.0,meat,1496253611,1.0,0.0,0.0,0.0,0.0,1.0,0.0,-1,-0.0,-1.0,-0.0,-1.0,-0.0,0.0,0.0,-1.0,-0.0,1.0,0.0,-1.0,-0.0,1.0,0.0,-1,-0.0,-1,-0.0,-1,-0.0,-1,-0.0,-1.0,-0.0,-1.0,-0.0,-1.0,-0.0,-1.0,-0.0,1.0,0.0,0,0.0,-1.0,-0.0,-1.0,-0.0,-1,-0.0,0,0.0,1.0,0.0,1.0,0.0,1.0,0.0,1.0,0.0,-1.0,-0.0,0.0,0.0,0.0,0.0,1.0,0.0,1,0.0,1.0,0.0,1,0.0,1.0,0.0,0.0,0.0,-1.0,-0.0,1.0,0.0,1.0,0.0,1.0,0.0,-1.0,-0.0,1.0,0.0,-1.0,-0.0,-1.0,-0.0,-1.0,-0.0,-1,-0.0,-1,-0.0,0.0,0.0,1.0,0.0,-1.0,-0.0,1.0,0.0,1.0,0.0,1.0,0.0,0.0,0.0,1.0,0.0,1.0,0.0,1,0.0,1,0.0,-1.0,-0.0,0,0.0,-1.0,-0.0,1.0,0.0,-1,-0.0,1.0,0.0,0.0,0.0,1,0.0,0,0.0,-1.0,-0.0,1.0,0.0,1.0,0.0,-1.0,-0.0,0.0,0.0,-1.0,-0.0,-1.0,-0.0,-1,-0.0,-1,-0.0,1,0.0,1,0.0,-1,-0.0,1.0,0.0,-1.0,-0.0,1,0.0,1,0.0,1.0,0.0,0.0,0.0,1.0,0.0,-1.0,-0.0
20170531,@FVU7,1.0,0.000132117849121,118281.25,rates,1496263477,2.0,0.0,0.0,1.0,0.0,1.0,0.0,-1,-0.0,-1.0,-0.0,1.0,0.0,-1.0,-0.0,-1.0,-0.0,-1.0,-0.0,-1.0,-0.0,-1.0,-0.0,0,0.0,-1,-0.0,1,0.0,0,0.0,-1.0,-0.0,-1.0,-0.0,0.0,0.0,1.0,0.0,-1.0,-0.0,0,0.0,1.0,0.0,1.0,0.0,1,0.0,1,0.0,0.0,0.0,1.0,0.0,1.0,0.0,-1.0,-0.0,1.0,0.0,1.0,0.0,-1.0,-0.0,1.0,0.0,-1,-0.0,-1.0,-0.0,1,0.0,1.0,0.0,1.0,0.0,1.0,0.0,1.0,0.0,1.0,0.0,0.0,0.0,0.0,0.0,-1.0,-0.0,-1.0,-0.0,1.0,0.0,1.0,0.0,-1,-0.0,-1,-0.0,-1.0,-0.0,-1.0,-0.0,-1.0,-0.0,0.0,0.0,1.0,0.0,1.0,0.0,1.0,0.0,-1.0,-0.0,-1.0,-0.0,1,0.0,0,0.0,-1.0,-0.0,0,0.0,1.0,0.0,-1.0,-0.0,-1,-0.0,1.0,0.0,-1.0,-0.0,-1,-0.0,-1,-0.0,0.0,0.0,1.0,0.0,-1.0,-0.0,-1.0,-0.0,-1.0,-0.0,-1.0,-0.0,1.0,0.0,-1,-0.0,0,0.0,0,0.0,1,0.0,-1,-0.0,1.0,0.0,1.0,0.0,0,0.0,1,0.0,-1.0,-0.0,1.0,0.0,1.0,0.0,1.0,0.0
20170531,QGCQ7,1.0,0.00450343683337,127140.0,metal,1496263477,1.0,0.0,0.0,1.0,0.0,1.0,0.0,1,0.0,-1.0,-0.0,-1.0,-0.0,-1.0,-0.0,-1.0,-0.0,-1.0,-0.0,-1.0,-0.0,-1.0,-0.0,0,0.0,1,0.0,1,0.0,0,0.0,-1.0,-0.0,-1.0,-0.0,0.0,0.0,-1.0,-0.0,1.0,0.0,0,0.0,1.0,0.0,-1.0,-0.0,1,0.0,1,0.0,0.0,0.0,1.0,0.0,-1.0,-0.0,1.0,0.0,1.0,0.0,1.0,0.0,-1.0,-0.0,1.0,0.0,-1,-0.0,-1.0,-0.0,1,0.0,-1.0,-0.0,1.0,0.0,1.0,0.0,1.0,0.0,-1.0,-0.0,0.0,0.0,0.0,0.0,1.0,0.0,1.0,0.0,-1.0,-0.0,1.0,0.0,-1,-0.0,1,0.0,-1.0,-0.0,-1.0,-0.0,1.0,0.0,0.0,0.0,-1.0,-0.0,-1.0,-0.0,0.0,0.0,1.0,0.0,-1.0,-0.0,-1,-0.0,-1,-0.0,1.0,0.0,0,0.0,-1.0,-0.0,-1.0,-0.0,-1,-0.0,1.0,0.0,-1.0,-0.0,-1,-0.0,-1,-0.0,0.0,0.0,-1.0,-0.0,-1.0,-0.0,1.0,0.0,0.0,0.0,-1.0,-0.0,1.0,0.0,1,0.0,1,0.0,0,0.0,-1,-0.0,1,0.0,1.0,0.0,1.0,0.0,0,0.0,-1,-0.0,1.0,0.0,1.0,0.0,1.0,0.0,1.0,0.0
20170531,QHGN7,1.0,0.00799531981279,64612.5,metal,1496263477,1.0,516.597601404,516.597601404,0.0,0.0,1.0,516.597601404,-1,-516.597601404,1.0,516.597601404,-1.0,-516.597601404,0.0,0.0,-1.0,-516.597601404,1.0,516.597601404,-1.0,-516.597601404,1.0,516.597601404,-1,-516.597601404,-1,-516.597601404,-1,-516.597601404,-1,-516.597601404,-1.0,-516.597601404,1.0,516.597601404,0.0,0.0,1.0,516.597601404,-1.0,-516.597601404,0,0.0,-1.0,-516.597601404,-1.0,-516.597601404,-1,-516.597601404,-1,-516.597601404,1.0,516.597601404,-1.0,-516.597601404,1.0,516.597601404,1.0,516.597601404,-1.0,-516.597601404,0.0,0.0,0.0,0.0,1.0,516.597601404,-1,-516.597601404,1.0,516.597601404,-1,-516.597601404,1.0,516.597601404,-1.0,-516.597601404,-1.0,-516.597601404,-1.0,-516.597601404,1.0,516.597601404,0.0,0.0,0.0,0.0,-1.0,-516.597601404,-1.0,-516.597601404,1.0,516.597601404,1.0,516.597601404,-1,-516.597601404,1,516.597601404,1.0,516.597601404,1.0,516.597601404,-1.0,-516.597601404,0.0,0.0,1.0,516.597601404,-1.0,-516.597601404,-1.0,-516.597601404,1.0,516.597601404,-1.0,-516.597601404,1,516.597601404,0,0.0,-1.0,-516.597601404,0,0.0,-1.0,-516.597601404,1.0,516.597601404,-1,-516.597601404,1.0,516.597601404,0.0,0.0,1,516.597601404,1,516.597601404,-1.0,-516.597601404,-1.0,-516.597601404,1.0,516.597601404,1.0,516.597601404,1.0,516.597601404,1.0,516.597601404,1.0,516.597601404,-1,-516.597601404,0,0.0,1,516.597601404,1,516.597601404,-1,-516.597601404,1.0,516.597601404,-1.0,-516.597601404,1,516.597601404,1,516.597601404,1.0,516.597601404,0.0,0.0,1.0,516.597601404,-1.0,-516.597601404
20170531,QHON7,-1.0,-0.019375603476,63982.8,energy,1496263477,1.0,-0.0,0.0,-1.0,0.0,-1.0,0.0,1,-0.0,1.0,-0.0,-1.0,0.0,1.0,-0.0,1.0,-0.0,1.0,-0.0,1.0,-0.0,1.0,-0.0,0,-0.0,1,-0.0,-1,0.0,0,-0.0,1.0,-0.0,1.0,-0.0,0.0,-0.0,-1.0,0.0,1.0,-0.0,0,-0.0,-1.0,0.0,-1.0,0.0,-1,0.0,-1,0.0,0.0,-0.0,-1.0,0.0,-1.0,0.0,1.0,-0.0,-1.0,0.0,-1.0,0.0,1.0,-0.0,-1.0,0.0,-1,0.0,1.0,-0.0,-1,0.0,-1.0,0.0,-1.0,0.0,-1.0,0.0,-1.0,0.0,-1.0,0.0,0.0,-0.0,0.0,-0.0,1.0,-0.0,1.0,-0.0,-1.0,0.0,1.0,-0.0,1,-0.0,1,-0.0,1.0,-0.0,1.0,-0.0,1.0,-0.0,0.0,-0.0,-1.0,0.0,-1.0,0.0,-1.0,0.0,1.0,-0.0,1.0,-0.0,-1,0.0,0,-0.0,1.0,-0.0,0,-0.0,-1.0,0.0,1.0,-0.0,1,-0.0,-1.0,0.0,1.0,-0.0,1,-0.0,1,-0.0,0.0,-0.0,-1.0,0.0,1.0,-0.0,1.0,-0.0,1.0,-0.0,1.0,-0.0,-1.0,0.0,1,-0.0,0,-0.0,0,-0.0,-1,0.0,1,-0.0,-1.0,0.0,-1.0,0.0,0,-0.0,-1,0.0,1.0,-0.0,-1.0,0.0,-1.0,0.0,-1.0,0.0
20170531,@JYM7,1.0,0.000387532525051,112937.5,currency,1496263477,1.0,43.766954548,43.766954548,1.0,43.766954548,1.0,43.766954548,-1,-43.766954548,-1.0,-43.766954548,1.0,43.766954548,-1.0,-43.766954548,-1.0,-43.766954548,-1.0,-43.766954548,-1.0,-43.766954548,-1.0,-43.766954548,0,0.0,-1,-43.766954548,1,43.766954548,0,0.0,-1.0,-43.766954548,-1.0,-43.766954548,0.0,0.0,1.0,43.766954548,-1.0,-43.766954548,0,0.0,1.0,43.766954548,1.0,43.766954548,1,43.766954548,1,43.766954548,0.0,0.0,1.0,43.766954548,1.0,43.766954548,-1.0,-43.766954548,1.0,43.766954548,1.0,43.766954548,-1.0,-43.766954548,1.0,43.766954548,-1,-43.766954548,-1.0,-43.766954548,1,43.766954548,1.0,43.766954548,1.0,43.766954548,1.0,43.766954548,1.0,43.766954548,1.0,43.766954548,0.0,0.0,0.0,0.0,-1.0,-43.766954548,-1.0,-43.766954548,1.0,43.766954548,1.0,43.766954548,-1,-43.766954548,-1,-43.766954548,-1.0,-43.766954548,-1.0,-43.766954548,-1.0,-43.766954548,0.0,0.0,1.0,43.766954548,1.0,43.766954548,1.0,43.766954548,-1.0,-43.766954548,-1.0,-43.766954548,1,43.766954548,0,0.0,-1.0,-43.766954548,0,0.0,1.0,43.766954548,-1.0,-43.766954548,-1,-43.766954548,1.0,43.766954548,-1.0,-43.766954548,-1,-43.766954548,-1,-43.766954548,0.0,0.0,1.0,43.766954548,-1.0,-43.766954548,-1.0,-43.766954548,-1.0,-43.766954548,-1.0,-43.766954548,1.0,43.766954548,-1,-43.766954548,0,0.0,0,0.0,1,43.766954548,-1,-43.766954548,1.0,43.766954548,1.0,43.766954548,0,0.0,1,43.766954548,-1.0,-43.766954548,1.0,43.766954548,1.0,43.766954548,1.0,43.766954548
20170531,@ESM7,1.0,0.001659234678,120737.5,index,1496263477,1.0,200.331846936,200.331846936,0.0,0.0,1.0,200.331846936,-1,-200.331846936,-1.0,-200.331846936,-1.0,-200.331846936,0.0,0.0,1.0,200.331846936,-1.0,-200.331846936,1.0,200.331846936,-1.0,-200.331846936,-1,-200.331846936,-1,-200.331846936,-1,-200.331846936,-1,-200.331846936,1.0,200.331846936,1.0,200.331846936,-1.0,-200.331846936,-1.0,-200.331846936,1.0,200.331846936,1,165.9234678,-1.0,-200.331846936,-1.0,-200.331846936,1,200.331846936,0,0.0,1.0,200.331846936,-1.0,-200.331846936,1.0,200.331846936,1.0,200.331846936,1.0,200.331846936,0.0,0.0,0.0,0.0,-1.0,-200.331846936,-1,-200.331846936,1.0,200.331846936,1,200.331846936,-1.0,-200.331846936,0.0,0.0,1.0,200.331846936,-1.0,-200.331846936,1.0,200.331846936,1.0,200.331846936,-1.0,-200.331846936,1.0,200.331846936,-1.0,-200.331846936,-1.0,-200.331846936,1.0,200.331846936,-1,-200.331846936,1,200.331846936,0.0,0.0,-1.0,-200.331846936,-1.0,-200.331846936,1.0,200.331846936,1.0,200.331846936,-1.0,-200.331846936,-1.0,-200.331846936,1.0,200.331846936,1.0,200.331846936,-1,-200.331846936,0,0.0,-1.0,-200.331846936,0,0.0,-1.0,-200.331846936,-1.0,-200.331846936,-1,-200.331846936,1.0,200.331846936,0.0,0.0,-1,-200.331846936,0,0.0,-1.0,-200.331846936,-1.0,-200.331846936,1.0,200.331846936,1.0,200.331846936,1.0,200.331846936,1.0,200.331846936,-1.0,-200.331846936,1,200.331846936,0,0.0,1,200.331846936,1,200.331846936,1,200.331846936,-1.0,-200.331846936,1.0,200.331846936,1,200.331846936,1,200.331846936,1.0,200.331846936,0.0,0.0,-1.0,-200.331846936,1.0,200.331846936
20170531,@WN7,1.0,0.00058207217695,21487.5,grain,1496254702,1.0,12.5072759022,12.5072759022,0.0,0.0,1.0,12.5072759022,-1,-12.5072759022,-1.0,-12.5072759022,-1.0,-12.5072759022,0.0,0.0,1.0,12.5072759022,-1.0,-12.5072759022,1.0,12.5072759022,-1.0,-12.5072759022,-1,-12.5072759022,-1,-12.5072759022,-1,-12.5072759022,-1,-12.5072759022,1.0,12.5072759022,1.0,12.5072759022,-1.0,-12.5072759022,-1.0,-12.5072759022,1.0,12.5072759022,0,0.0,-1.0,-12.5072759022,-1.0,-12.5072759022,1,12.5072759022,0,0.0,1.0,12.5072759022,-1.0,-12.5072759022,1.0,12.5072759022,1.0,12.5072759022,1.0,12.5072759022,0.0,0.0,0.0,0.0,-1.0,-12.5072759022,-1,-12.5072759022,1.0,12.5072759022,1,12.5072759022,-1.0,-12.5072759022,0.0,0.0,1.0,12.5072759022,-1.0,-12.5072759022,1.0,12.5072759022,1.0,12.5072759022,-1.0,-12.5072759022,1.0,12.5072759022,-1.0,-12.5072759022,-1.0,-12.5072759022,1.0,12.5072759022,-1,-12.5072759022,1,12.5072759022,0.0,0.0,-1.0,-12.5072759022,-1.0,-12.5072759022,1.0,12.5072759022,1.0,12.5072759022,-1.0,-12.5072759022,-1.0,-12.5072759022,1.0,12.5072759022,1.0,12.5072759022,-1,-12.5072759022,0,0.0,-1.0,-12.5072759022,0,0.0,-1.0,-12.5072759022,-1.0,-12.5072759022,-1,-12.5072759022,1.0,12.5072759022,0.0,0.0,-1,-12.5072759022,0,0.0,-1.0,-12.5072759022,-1.0,-12.5072759022,1.0,12.5072759022,1.0,12.5072759022,1.0,12.5072759022,1.0,12.5072759022,-1.0,-12.5072759022,1,12.5072759022,0,0.0,1,12.5072759022,1,12.5072759022,1,12.5072759022,-1.0,-12.5072759022,1.0,12.5072759022,1,12.5072759022,1,12.5072759022,1.0,12.5072759022,0.0,0.0,-1.0,-12.5072759022,1.0,12.5072759022
20170601,@WN7,-1.0,-0.00116482236459,21437.5,grain,1496341115,1.0,-24.9708794409,24.9708794409,0.0,-0.0,-1.0,24.9708794409,-1,24.9708794409,-1.0,24.9708794409,-1.0,24.9708794409,1.0,-24.9708794409,1.0,-24.9708794409,1.0,-24.9708794409,-1.0,24.9708794409,1.0,-24.9708794409,-1,24.9708794409,-1,24.9708794409,-1,24.9708794409,0,-0.0,-1.0,24.9708794409,-1.0,24.9708794409,-1.0,24.9708794409,-1.0,24.9708794409,1.0,-24.9708794409,0,-0.0,-1.0,24.9708794409,1.0,-24.9708794409,-1,24.9708794409,0,-0.0,1.0,-24.9708794409,1.0,-24.9708794409,1.0,-24.9708794409,1.0,-24.9708794409,-1.0,24.9708794409,0.0,-0.0,0.0,-0.0,1.0,-24.9708794409,-1,24.9708794409,1.0,-24.9708794409,1,-24.9708794409,1.0,-24.9708794409,0.0,-0.0,-1.0,24.9708794409,1.0,-24.9708794409,1.0,-24.9708794409,1.0,-24.9708794409,-1.0,24.9708794409,1.0,-24.9708794409,-1.0,24.9708794409,-1.0,24.9708794409,1.0,-24.9708794409,-1,24.9708794409,1,-24.9708794409,0.0,-0.0,1.0,-24.9708794409,-1.0,24.9708794409,1.0,-24.9708794409,1.0,-24.9708794409,-1.0,24.9708794409,-1.0,24.9708794409,-1.0,24.9708794409,-1.0,24.9708794409,1,-24.9708794409,0,-0.0,-1.0,24.9708794409,0,-0.0,-1.0,24.9708794409,1.0,-24.9708794409,1,-24.9708794409,1.0,-24.9708794409,0.0,-0.0,1,-24.9708794409,0,-0.0,-1.0,24.9708794409,-1.0,24.9708794409,1.0,-24.9708794409,1.0,-24.9708794409,1.0,-24.9708794409,-1.0,24.9708794409,1.0,-24.9708794409,-1,24.9708794409,0,-0.0,0,-0.0,1,-24.9708794409,-1,24.9708794409,1.0,-24.9708794409,-1.0,24.9708794409,1,-24.9708794409,1,-24.9708794409,1.0,-24.9708794409,-1.0,24.9708794409,-1.0,24.9708794409,-1.0,24.9708794409
20170601,@YMM7,1.0,0.00604704313875,105645.0,index,1496349905,1.0,0.0,0.0,0.0,0.0,1.0,0.0,-1,-0.0,1.0,0.0,-1.0,-0.0,0.0,0.0,-1.0,-0.0,1.0,0.0,-1.0,-0.0,1.0,0.0,-1,-0.0,-1,-0.0,-1,-0.0,-1,-0.0,-1.0,-0.0,1.0,0.0,0.0,0.0,1.0,0.0,-1.0,-0.0,0,0.0,-1.0,-0.0,-1.0,-0.0,-1,-0.0,-1,-0.0,1.0,0.0,-1.0,-0.0,1.0,0.0,1.0,0.0,-1.0,-0.0,0.0,0.0,0.0,0.0,1.0,0.0,-1,-0.0,1.0,0.0,-1,-0.0,1.0,0.0,-1.0,-0.0,-1.0,-0.0,-1.0,-0.0,1.0,0.0,0.0,0.0,0.0,0.0,-1.0,-0.0,-1.0,-0.0,1.0,0.0,1.0,0.0,-1,-0.0,1,0.0,1.0,0.0,1.0,0.0,-1.0,-0.0,0.0,0.0,1.0,0.0,-1.0,-0.0,-1.0,-0.0,1.0,0.0,-1.0,-0.0,1,0.0,0,0.0,-1.0,-0.0,0,0.0,-1.0,-0.0,1.0,0.0,-1,-0.0,1.0,0.0,0.0,0.0,1,0.0,1,0.0,-1.0,-0.0,-1.0,-0.0,1.0,0.0,1.0,0.0,1.0,0.0,1.0,0.0,1.0,0.0,-1,-0.0,0,0.0,1,0.0,1,0.0,-1,-0.0,1.0,0.0,-1.0,-0.0,1,0.0,1,0.0,1.0,0.0,0.0,0.0,1.0,0.0,-1.0,-0.0
20170601,@HEN7,-1.0,-0.0102378801566,32870.0,meat,1496339956,1.0,-0.0,0.0,0.0,-0.0,1.0,-0.0,-1,0.0,-1.0,0.0,-1.0,0.0,0.0,-0.0,-1.0,0.0,1.0,-0.0,-1.0,0.0,1.0,-0.0,-1,0.0,-1,0.0,-1,0.0,-1,0.0,-1.0,0.0,-1.0,0.0,-1.0,0.0,-1.0,0.0,1.0,-0.0,0,-0.0,-1.0,0.0,-1.0,0.0,-1,0.0,0,-0.0,1.0,-0.0,1.0,-0.0,1.0,-0.0,1.0,-0.0,-1.0,0.0,0.0,-0.0,0.0,-0.0,1.0,-0.0,1,-0.0,1.0,-0.0,1,-0.0,1.0,-0.0,0.0,-0.0,-1.0,0.0,1.0,-0.0,1.0,-0.0,1.0,-0.0,-1.0,0.0,1.0,-0.0,-1.0,0.0,-1.0,0.0,-1.0,0.0,-1,0.0,-1,0.0,0.0,-0.0,1.0,-0.0,-1.0,0.0,1.0,-0.0,1.0,-0.0,1.0,-0.0,0.0,-0.0,1.0,-0.0,1.0,-0.0,1,-0.0,1,-0.0,-1.0,0.0,0,-0.0,-1.0,0.0,1.0,-0.0,-1,0.0,1.0,-0.0,0.0,-0.0,1,-0.0,0,-0.0,-1.0,0.0,1.0,-0.0,1.0,-0.0,-1.0,0.0,0.0,-0.0,-1.0,0.0,-1.0,0.0,-1,0.0,-1,0.0,1,-0.0,1,-0.0,-1,0.0,1.0,-0.0,-1.0,0.0,1,-0.0,1,-0.0,1.0,-0.0,0.0,-0.0,1.0,-0.0,-1.0,0.0
20170601,@ADM7,-1.0,-0.00793864370291,73730.0,currency,1496349905,1.0,-0.0,0.0,0.0,-0.0,1.0,-0.0,-1,0.0,-1.0,0.0,-1.0,0.0,0.0,-0.0,1.0,-0.0,-1.0,0.0,1.0,-0.0,-1.0,0.0,-1,0.0,-1,0.0,-1,0.0,-1,0.0,1.0,-0.0,1.0,-0.0,-1.0,0.0,-1.0,0.0,1.0,-0.0,0,-0.0,1.0,-0.0,-1.0,0.0,1,-0.0,0,-0.0,1.0,-0.0,-1.0,0.0,1.0,-0.0,1.0,-0.0,1.0,-0.0,0.0,-0.0,0.0,-0.0,-1.0,0.0,-1,0.0,1.0,-0.0,1,-0.0,-1.0,0.0,0.0,-0.0,1.0,-0.0,-1.0,0.0,1.0,-0.0,1.0,-0.0,-1.0,0.0,1.0,-0.0,-1.0,0.0,-1.0,0.0,1.0,-0.0,-1,0.0,-1,0.0,0.0,-0.0,-1.0,0.0,-1.0,0.0,1.0,-0.0,1.0,-0.0,-1.0,0.0,0.0,-0.0,1.0,-0.0,1.0,-0.0,1,-0.0,1,-0.0,-1.0,0.0,0,-0.0,-1.0,0.0,-1.0,0.0,-1,0.0,1.0,-0.0,0.0,-0.0,-1,0.0,0,-0.0,-1.0,0.0,1.0,-0.0,-1.0,0.0,1.0,-0.0,0.0,-0.0,1.0,-0.0,-1.0,0.0,-1,0.0,-1,0.0,1,-0.0,1,-0.0,1,-0.0,-1.0,0.0,1.0,-0.0,1,-0.0,1,-0.0,1.0,-0.0,0.0,-0.0,-1.0,0.0,1.0,-0.0
20170601,@BPM7,-1.0,-0.00093023255814,80550.0,currency,1496349905,1.0,-0.0,0.0,-1.0,0.0,-1.0,0.0,-1,0.0,-1.0,0.0,1.0,-0.0,1.0,-0.0,1.0,-0.0,1.0,-0.0,1.0,-0.0,1.0,-0.0,0,-0.0,-1,0.0,-1,0.0,0,-0.0,1.0,-0.0,-1.0,0.0,-1.0,0.0,-1.0,0.0,1.0,-0.0,0,-0.0,-1.0,0.0,1.0,-0.0,-1,0.0,0,-0.0,0.0,-0.0,1.0,-0.0,1.0,-0.0,-1.0,0.0,-1.0,0.0,-1.0,0.0,1.0,-0.0,-1.0,0.0,-1,0.0,1.0,-0.0,1,-0.0,1.0,-0.0,0.0,-0.0,-1.0,0.0,1.0,-0.0,1.0,-0.0,1.0,-0.0,-1.0,0.0,1.0,-0.0,-1.0,0.0,-1.0,0.0,1.0,-0.0,1,-0.0,-1,0.0,0.0,-0.0,1.0,-0.0,-1.0,0.0,1.0,-0.0,1.0,-0.0,1.0,-0.0,0.0,-0.0,-1.0,0.0,1.0,-0.0,1,-0.0,1,-0.0,-1.0,0.0,0,-0.0,1.0,-0.0,1.0,-0.0,1,-0.0,-1.0,0.0,1.0,-0.0,1,-0.0,0,-0.0,0.0,-0.0,1.0,-0.0,1.0,-0.0,-1.0,0.0,0.0,-0.0,-1.0,0.0,-1.0,0.0,-1,0.0,-1,0.0,0,-0.0,1,-0.0,-1,0.0,-1.0,0.0,-1.0,0.0,0,-0.0,1,-0.0,-1.0,0.0,-1.0,0.0,-1.0,0.0,-1.0,0.0
20170601,@CN7,-1.0,-0.00336021505376,18537.5,grain,1496341115,1.0,-62.2899865591,62.2899865591,0.0,-0.0,1.0,-62.2899865591,-1,62.2899865591,1.0,-62.2899865591,-1.0,62.2899865591,0.0,-0.0,-1.0,62.2899865591,1.0,-62.2899865591,-1.0,62.2899865591,1.0,-62.2899865591,-1,62.2899865591,-1,62.2899865591,-1,62.2899865591,-1,62.2899865591,-1.0,62.2899865591,1.0,-62.2899865591,0.0,-0.0,1.0,-62.2899865591,-1.0,62.2899865591,0,-0.0,-1.0,62.2899865591,-1.0,62.2899865591,-1,62.2899865591,-1,62.2899865591,1.0,-62.2899865591,-1.0,62.2899865591,1.0,-62.2899865591,1.0,-62.2899865591,-1.0,62.2899865591,0.0,-0.0,0.0,-0.0,1.0,-62.2899865591,-1,62.2899865591,1.0,-62.2899865591,-1,62.2899865591,1.0,-62.2899865591,-1.0,62.2899865591,-1.0,62.2899865591,-1.0,62.2899865591,1.0,-62.2899865591,0.0,-0.0,0.0,-0.0,-1.0,62.2899865591,-1.0,62.2899865591,1.0,-62.2899865591,1.0,-62.2899865591,-1,62.2899865591,1,-62.2899865591,1.0,-62.2899865591,1.0,-62.2899865591,-1.0,62.2899865591,0.0,-0.0,1.0,-62.2899865591,-1.0,62.2899865591,-1.0,62.2899865591,1.0,-62.2899865591,-1.0,62.2899865591,1,-62.2899865591,0,-0.0,-1.0,62.2899865591,0,-0.0,-1.0,62.2899865591,1.0,-62.2899865591,-1,62.2899865591,1.0,-62.2899865591,0.0,-0.0,1,-62.2899865591,1,-62.2899865591,-1.0,62.2899865591,-1.0,62.2899865591,1.0,-62.2899865591,1.0,-62.2899865591,1.0,-62.2899865591,1.0,-62.2899865591,1.0,-62.2899865591,-1,62.2899865591,0,-0.0,1,-62.2899865591,1,-62.2899865591,-1,62.2899865591,1.0,-62.2899865591,-1.0,62.2899865591,1,-62.2899865591,1,-62.2899865591,1.0,-62.2899865591,0.0,-0.0,1.0,-62.2899865591,-1.0,62.2899865591
20170601,@CDM7,-1.0,-0.00148518193479,73955.0,currency,1496349905,1.0,-0.0,0.0,-1.0,0.0,-1.0,0.0,1,-0.0,-1.0,0.0,-1.0,0.0,1.0,-0.0,1.0,-0.0,1.0,-0.0,1.0,-0.0,1.0,-0.0,0,-0.0,1,-0.0,-1,0.0,0,-0.0,1.0,-0.0,1.0,-0.0,-1.0,0.0,-1.0,0.0,1.0,-0.0,0,-0.0,1.0,-0.0,-1.0,0.0,1,-0.0,0,-0.0,0.0,-0.0,-1.0,0.0,-1.0,0.0,1.0,-0.0,-1.0,0.0,-1.0,0.0,1.0,-0.0,-1.0,0.0,-1,0.0,1.0,-0.0,1,-0.0,-1.0,0.0,0.0,-0.0,1.0,-0.0,-1.0,0.0,1.0,-0.0,1.0,-0.0,-1.0,0.0,1.0,-0.0,-1.0,0.0,-1.0,0.0,1.0,-0.0,1,-0.0,-1,0.0,0.0,-0.0,-1.0,0.0,-1.0,0.0,1.0,-0.0,1.0,-0.0,-1.0,0.0,0.0,-0.0,1.0,-0.0,1.0,-0.0,1,-0.0,1,-0.0,1.0,-0.0,0,-0.0,-1.0,0.0,1.0,-0.0,1,-0.0,-1.0,0.0,1.0,-0.0,-1,0.0,0,-0.0,0.0,-0.0,1.0,-0.0,-1.0,0.0,1.0,-0.0,0.0,-0.0,1.0,-0.0,-1.0,0.0,-1,0.0,-1,0.0,0,-0.0,-1,0.0,1,-0.0,-1.0,0.0,-1.0,0.0,0,-0.0,-1,0.0,1.0,-0.0,-1.0,0.0,-1.0,0.0,-1.0,0.0
20170601,QCLN7,-1.0,-0.00558774834437,48050.0,energy,1496349905,1.0,-268.491307947,268.491307947,-1.0,268.491307947,-1.0,268.491307947,1,-268.491307947,1.0,-268.491307947,-1.0,268.491307947,1.0,-268.491307947,1.0,-268.491307947,1.0,-268.491307947,1.0,-268.491307947,1.0,-268.491307947,0,-0.0,1,-268.491307947,-1,268.491307947,0,-0.0,1.0,-268.491307947,1.0,-268.491307947,0.0,-0.0,-1.0,268.491307947,1.0,-268.491307947,0,-0.0,-1.0,268.491307947,-1.0,268.491307947,-1,268.491307947,-1,268.491307947,0.0,-0.0,-1.0,268.491307947,-1.0,268.491307947,1.0,-268.491307947,-1.0,268.491307947,-1.0,268.491307947,1.0,-268.491307947,-1.0,268.491307947,-1,268.491307947,1.0,-268.491307947,-1,268.491307947,-1.0,268.491307947,-1.0,268.491307947,-1.0,268.491307947,-1.0,268.491307947,-1.0,268.491307947,0.0,-0.0,0.0,-0.0,1.0,-268.491307947,1.0,-268.491307947,-1.0,268.491307947,1.0,-268.491307947,1,-268.491307947,1,-268.491307947,1.0,-268.491307947,1.0,-268.491307947,1.0,-268.491307947,0.0,-0.0,-1.0,268.491307947,-1.0,268.491307947,-1.0,268.491307947,1.0,-268.491307947,1.0,-268.491307947,-1,268.491307947,0,-0.0,1.0,-268.491307947,0,-0.0,-1.0,268.491307947,1.0,-268.491307947,1,-268.491307947,-1.0,268.491307947,1.0,-268.491307947,1,-268.491307947,1,-268.491307947,0.0,-0.0,-1.0,268.491307947,1.0,-268.491307947,1.0,-268.491307947,1.0,-268.491307947,1.0,-268.491307947,-1.0,268.491307947,1,-268.491307947,0,-0.0,0,-0.0,-1,268.491307947,1,-268.491307947,-1.0,268.491307947,-1.0,268.491307947,0,-0.0,-1,268.491307947,1.0,-268.491307947,-1.0,268.491307947,-1.0,268.491307947,-1.0,268.491307947
20170601,@EUM7,-1.0,-0.00284292821606,140300.0,currency,1496349905,1.0,-398.862828714,398.862828714,0.0,-0.0,-1.0,398.862828714,-1,398.862828714,-1.0,398.862828714,-1.0,398.862828714,1.0,-398.862828714,1.0,-398.862828714,1.0,-398.862828714,-1.0,398.862828714,1.0,-398.862828714,-1,398.862828714,-1,398.862828714,-1,398.862828714,0,-0.0,-1.0,398.862828714,-1.0,398.862828714,-1.0,398.862828714,-1.0,398.862828714,1.0,-398.862828714,0,-0.0,-1.0,398.862828714,1.0,-398.862828714,-1,398.862828714,0,-0.0,1.0,-398.862828714,1.0,-398.862828714,1.0,-398.862828714,1.0,-398.862828714,-1.0,398.862828714,0.0,-0.0,0.0,-0.0,1.0,-398.862828714,-1,398.862828714,1.0,-398.862828714,1,-398.862828714,1.0,-398.862828714,0.0,-0.0,-1.0,398.862828714,1.0,-398.862828714,1.0,-398.862828714,1.0,-398.862828714,-1.0,398.862828714,1.0,-398.862828714,-1.0,398.862828714,-1.0,398.862828714,1.0,-398.862828714,-1,398.862828714,-1,398.862828714,0.0,-0.0,1.0,-398.862828714,-1.0,398.862828714,1.0,-398.862828714,1.0,-398.862828714,1.0,-398.862828714,0.0,-0.0,-1.0,398.862828714,1.0,-398.862828714,1,-398.862828714,1,-398.862828714,-1.0,398.862828714,0,-0.0,-1.0,398.862828714,1.0,-398.862828714,1,-398.862828714,1.0,-398.862828714,0.0,-0.0,1,-398.862828714,0,-0.0,-1.0,398.862828714,1.0,-398.862828714,1.0,-398.862828714,-1.0,398.862828714,0.0,-0.0,-1.0,398.862828714,-1.0,398.862828714,-1,398.862828714,-1,398.862828714,0,-0.0,1,-398.862828714,-1,398.862828714,1.0,-398.862828714,-1.0,398.862828714,1,-398.862828714,1,-398.862828714,1.0,-398.862828714,-1.0,398.862828714,-1.0,398.862828714,-1.0,398.862828714
20170601,@EMDM7,1.0,0.0154651162791,174660.0,index,1496349905,1.0,2701.1372093,2701.1372093,0.0,0.0,1.0,2701.1372093,-1,-2701.1372093,1.0,2701.1372093,-1.0,-2701.1372093,0.0,0.0,-1.0,-2701.1372093,1.0,2701.1372093,-1.0,-2701.1372093,1.0,2701.1372093,-1,-2701.1372093,-1,-2701.1372093,-1,-2701.1372093,-1,-2701.1372093,-1.0,-2701.1372093,1.0,2701.1372093,0.0,0.0,1.0,2701.1372093,-1.0,-2701.1372093,0,0.0,-1.0,-2701.1372093,-1.0,-2701.1372093,-1,-2701.1372093,-1,-2701.1372093,1.0,2701.1372093,-1.0,-2701.1372093,1.0,2701.1372093,1.0,2701.1372093,-1.0,-2701.1372093,0.0,0.0,0.0,0.0,1.0,2701.1372093,-1,-2701.1372093,1.0,2701.1372093,-1,-2701.1372093,1.0,2701.1372093,-1.0,-2701.1372093,-1.0,-2701.1372093,-1.0,-2701.1372093,1.0,2701.1372093,0.0,0.0,0.0,0.0,-1.0,-2701.1372093,-1.0,-2701.1372093,1.0,2701.1372093,1.0,2701.1372093,-1,-2701.1372093,-1,-2701.1372093,1.0,2701.1372093,1.0,2701.1372093,-1.0,-2701.1372093,0.0,0.0,1.0,2701.1372093,1.0,2701.1372093,0.0,0.0,1.0,2701.1372093,1.0,2701.1372093,1,2701.1372093,1,2701.1372093,-1.0,-2701.1372093,0,0.0,-1.0,-2701.1372093,1.0,2701.1372093,-1,-2701.1372093,1.0,2701.1372093,0.0,0.0,1,2701.1372093,1,2701.1372093,-1.0,-2701.1372093,1.0,2701.1372093,1.0,2701.1372093,-1.0,-2701.1372093,0.0,0.0,1.0,2701.1372093,-1.0,-2701.1372093,-1,-2701.1372093,-1,-2701.1372093,1,2701.1372093,1,2701.1372093,-1,-2701.1372093,1.0,2701.1372093,-1.0,-2701.1372093,1,2701.1372093,1,2701.1372093,1.0,2701.1372093,0.0,0.0,1.0,2701.1372093,-1.0,-2701.1372093
20170601,@ESM7,1.0,0.00746578183326,121450.0,index,1496349905,1.0,906.71920365,906.71920365,0.0,0.0,1.0,906.71920365,-1,-906.71920365,-1.0,-906.71920365,-1.0,-906.71920365,0.0,0.0,-1.0,-906.71920365,1.0,906.71920365,-1.0,-906.71920365,1.0,906.71920365,-1,-906.71920365,-1,-906.71920365,-1,-906.71920365,-1,-906.71920365,-1.0,-906.71920365,-1.0,-906.71920365,-1.0,-906.71920365,-1.0,-906.71920365,1.0,906.71920365,1,746.578183326,-1.0,-906.71920365,-1.0,-906.71920365,-1,-906.71920365,0,0.0,1.0,906.71920365,1.0,906.71920365,1.0,906.71920365,1.0,906.71920365,-1.0,-906.71920365,0.0,0.0,0.0,0.0,1.0,906.71920365,-1,-906.71920365,1.0,906.71920365,1,906.71920365,1.0,906.71920365,0.0,0.0,-1.0,-906.71920365,1.0,906.71920365,1.0,906.71920365,1.0,906.71920365,-1.0,-906.71920365,1.0,906.71920365,-1.0,-906.71920365,-1.0,-906.71920365,1.0,906.71920365,-1,-906.71920365,1,906.71920365,0.0,0.0,1.0,906.71920365,-1.0,-906.71920365,1.0,906.71920365,1.0,906.71920365,-1.0,-906.71920365,-1.0,-906.71920365,1.0,906.71920365,-1.0,-906.71920365,1,906.71920365,0,0.0,-1.0,-906.71920365,0,0.0,-1.0,-906.71920365,1.0,906.71920365,-1,-906.71920365,1.0,906.71920365,0.0,0.0,1,906.71920365,0,0.0,-1.0,-906.71920365,-1.0,-906.71920365,1.0,906.71920365,1.0,906.71920365,1.0,906.71920365,-1.0,-906.71920365,1.0,906.71920365,-1,-906.71920365,0,0.0,1,906.71920365,1,906.71920365,-1,-906.71920365,1.0,906.71920365,-1.0,-906.71920365,1,906.71920365,1,906.71920365,1.0,906.71920365,0.0,0.0,1.0,906.71920365,-1.0,-906.71920365
20170601,@GFQ7,1.0,0.0294936916271,78537.5,meat,1496339956,1.0,0.0,0.0,-1.0,-0.0,-1.0,-0.0,-1,-0.0,-1.0,-0.0,1.0,0.0,1.0,0.0,1.0,0.0,1.0,0.0,1.0,0.0,1.0,0.0,0,0.0,-1,-0.0,-1,-0.0,0,0.0,1.0,0.0,-1.0,-0.0,-1.0,-0.0,-1.0,-0.0,1.0,0.0,0,0.0,-1.0,-0.0,1.0,0.0,-1,-0.0,0,0.0,0.0,0.0,1.0,0.0,1.0,0.0,-1.0,-0.0,-1.0,-0.0,-1.0,-0.0,1.0,0.0,-1.0,-0.0,1,0.0,1.0,0.0,1,0.0,1.0,0.0,0.0,0.0,-1.0,-0.0,1.0,0.0,1.0,0.0,1.0,0.0,-1.0,-0.0,1.0,0.0,-1.0,-0.0,-1.0,-0.0,-1.0,-0.0,1,0.0,-1,-0.0,0.0,0.0,1.0,0.0,-1.0,-0.0,1.0,0.0,1.0,0.0,1.0,0.0,0.0,0.0,-1.0,-0.0,1.0,0.0,1,0.0,1,0.0,-1.0,-0.0,0,0.0,1.0,0.0,1.0,0.0,1,0.0,-1.0,-0.0,1.0,0.0,1,0.0,0,0.0,0.0,0.0,1.0,0.0,1.0,0.0,-1.0,-0.0,0.0,0.0,-1.0,-0.0,-1.0,-0.0,-1,-0.0,-1,-0.0,0,0.0,1,0.0,-1,-0.0,-1.0,-0.0,-1.0,-0.0,0,0.0,1,0.0,-1.0,-0.0,-1.0,-0.0,-1.0,-0.0,-1.0,-0.0
20170601,@FVU7,-1.0,-0.000594294770206,118242.1875,rates,1496349905,2.0,-0.0,0.0,1.0,-0.0,1.0,-0.0,-1,0.0,-1.0,0.0,1.0,-0.0,-1.0,0.0,-1.0,0.0,-1.0,0.0,-1.0,0.0,-1.0,0.0,0,-0.0,-1,0.0,1,-0.0,0,-0.0,-1.0,0.0,-1.0,0.0,0.0,-0.0,1.0,-0.0,-1.0,0.0,0,-0.0,1.0,-0.0,1.0,-0.0,1,-0.0,1,-0.0,0.0,-0.0,1.0,-0.0,1.0,-0.0,-1.0,0.0,1.0,-0.0,1.0,-0.0,-1.0,0.0,1.0,-0.0,-1,0.0,-1.0,0.0,1,-0.0,1.0,-0.0,1.0,-0.0,1.0,-0.0,1.0,-0.0,1.0,-0.0,0.0,-0.0,0.0,-0.0,-1.0,0.0,-1.0,0.0,1.0,-0.0,1.0,-0.0,-1,0.0,-1,0.0,-1.0,0.0,-1.0,0.0,-1.0,0.0,0.0,-0.0,1.0,-0.0,1.0,-0.0,1.0,-0.0,-1.0,0.0,-1.0,0.0,1,-0.0,0,-0.0,-1.0,0.0,0,-0.0,1.0,-0.0,-1.0,0.0,-1,0.0,1.0,-0.0,-1.0,0.0,-1,0.0,-1,0.0,0.0,-0.0,1.0,-0.0,-1.0,0.0,-1.0,0.0,-1.0,0.0,-1.0,0.0,1.0,-0.0,-1,0.0,0,-0.0,0,-0.0,1,-0.0,-1,0.0,1.0,-0.0,1.0,-0.0,0,-0.0,1,-0.0,-1.0,0.0,1.0,-0.0,1.0,-0.0,1.0,-0.0
20170601,QGCQ7,-1.0,-0.00533166065548,126860.0,metal,1496349905,1.0,-0.0,0.0,1.0,-0.0,1.0,-0.0,-1,0.0,-1.0,0.0,1.0,-0.0,-1.0,0.0,-1.0,0.0,-1.0,0.0,-1.0,0.0,-1.0,0.0,0,-0.0,-1,0.0,1,-0.0,0,-0.0,-1.0,0.0,-1.0,0.0,0.0,-0.0,1.0,-0.0,-1.0,0.0,0,-0.0,-1.0,0.0,1.0,-0.0,1,-0.0,1,-0.0,0.0,-0.0,1.0,-0.0,1.0,-0.0,-1.0,0.0,1.0,-0.0,1.0,-0.0,-1.0,0.0,1.0,-0.0,-1,0.0,-1.0,0.0,1,-0.0,1.0,-0.0,1.0,-0.0,1.0,-0.0,1.0,-0.0,1.0,-0.0,0.0,-0.0,0.0,-0.0,-1.0,0.0,-1.0,0.0,1.0,-0.0,1.0,-0.0,-1,0.0,1,-0.0,-1.0,0.0,-1.0,0.0,-1.0,0.0,0.0,-0.0,1.0,-0.0,1.0,-0.0,0.0,-0.0,-1.0,0.0,-1.0,0.0,-1,0.0,-1,0.0,-1.0,0.0,0,-0.0,1.0,-0.0,-1.0,0.0,-1,0.0,1.0,-0.0,-1.0,0.0,-1,0.0,-1,0.0,0.0,-0.0,-1.0,0.0,1.0,-0.0,-1.0,0.0,0.0,-0.0,-1.0,0.0,1.0,-0.0,1,-0.0,1,-0.0,0,-0.0,1,-0.0,-1,0.0,1.0,-0.0,1.0,-0.0,0,-0.0,1,-0.0,-1.0,0.0,1.0,-0.0,1.0,-0.0,1.0,-0.0
20170601,QHGN7,1.0,0.00251937984496,64662.5,metal,1496349905,1.0,162.909399225,162.909399225,0.0,0.0,1.0,162.909399225,-1,-162.909399225,-1.0,-162.909399225,-1.0,-162.909399225,0.0,0.0,-1.0,-162.909399225,1.0,162.909399225,-1.0,-162.909399225,1.0,162.909399225,-1,-162.909399225,-1,-162.909399225,-1,-162.909399225,-1,-162.909399225,-1.0,-162.909399225,-1.0,-162.909399225,-1.0,-162.909399225,-1.0,-162.909399225,1.0,162.909399225,0,0.0,-1.0,-162.909399225,-1.0,-162.909399225,-1,-162.909399225,0,0.0,1.0,162.909399225,1.0,162.909399225,1.0,162.909399225,1.0,162.909399225,-1.0,-162.909399225,0.0,0.0,0.0,0.0,1.0,162.909399225,-1,-162.909399225,1.0,162.909399225,1,162.909399225,1.0,162.909399225,0.0,0.0,-1.0,-162.909399225,1.0,162.909399225,1.0,162.909399225,1.0,162.909399225,-1.0,-162.909399225,1.0,162.909399225,-1.0,-162.909399225,-1.0,-162.909399225,1.0,162.909399225,-1,-162.909399225,1,162.909399225,0.0,0.0,1.0,162.909399225,-1.0,-162.909399225,1.0,162.909399225,1.0,162.909399225,-1.0,-162.909399225,-1.0,-162.909399225,1.0,162.909399225,-1.0,-162.909399225,1,162.909399225,0,0.0,-1.0,-162.909399225,0,0.0,-1.0,-162.909399225,1.0,162.909399225,-1,-162.909399225,1.0,162.909399225,0.0,0.0,1,162.909399225,0,0.0,-1.0,-162.909399225,-1.0,-162.909399225,1.0,162.909399225,1.0,162.909399225,1.0,162.909399225,-1.0,-162.909399225,1.0,162.909399225,-1,-162.909399225,0,0.0,1,162.909399225,1,162.909399225,-1,-162.909399225,1.0,162.909399225,-1.0,-162.909399225,1,162.909399225,1,162.909399225,1.0,162.909399225,0.0,0.0,1.0,162.909399225,-1.0,-162.909399225
20170601,QHON7,-1.0,-0.0146913498913,62815.2,energy,1496349905,1.0,-0.0,0.0,0.0,-0.0,1.0,-0.0,-1,0.0,-1.0,0.0,-1.0,0.0,0.0,-0.0,1.0,-0.0,-1.0,0.0,1.0,-0.0,-1.0,0.0,-1,0.0,-1,0.0,-1,0.0,-1,0.0,1.0,-0.0,1.0,-0.0,-1.0,0.0,-1.0,0.0,1.0,-0.0,0,-0.0,-1.0,0.0,-1.0,0.0,1,-0.0,0,-0.0,1.0,-0.0,-1.0,0.0,1.0,-0.0,1.0,-0.0,1.0,-0.0,0.0,-0.0,0.0,-0.0,-1.0,0.0,-1,0.0,1.0,-0.0,1,-0.0,-1.0,0.0,0.0,-0.0,1.0,-0.0,-1.0,0.0,1.0,-0.0,1.0,-0.0,-1.0,0.0,1.0,-0.0,-1.0,0.0,-1.0,0.0,1.0,-0.0,-1,0.0,1,-0.0,0.0,-0.0,-1.0,0.0,-1.0,0.0,1.0,-0.0,1.0,-0.0,-1.0,0.0,-1.0,0.0,1.0,-0.0,1.0,-0.0,-1,0.0,0,-0.0,-1.0,0.0,0,-0.0,-1.0,0.0,-1.0,0.0,-1,0.0,1.0,-0.0,0.0,-0.0,-1,0.0,0,-0.0,-1.0,0.0,-1.0,0.0,1.0,-0.0,1.0,-0.0,1.0,-0.0,1.0,-0.0,-1.0,0.0,1,-0.0,0,-0.0,1,-0.0,1,-0.0,1,-0.0,-1.0,0.0,1.0,-0.0,1,-0.0,1,-0.0,1.0,-0.0,0.0,-0.0,-1.0,0.0,1.0,-0.0
20170601,@JYM7,-1.0,-0.00734644277508,112318.75,currency,1496349905,1.0,-825.143269443,825.143269443,1.0,-825.143269443,1.0,-825.143269443,-1,825.143269443,-1.0,825.143269443,1.0,-825.143269443,-1.0,825.143269443,-1.0,825.143269443,-1.0,825.143269443,-1.0,825.143269443,-1.0,825.143269443,0,-0.0,-1,825.143269443,1,-825.143269443,0,-0.0,-1.0,825.143269443,-1.0,825.143269443,0.0,-0.0,1.0,-825.143269443,-1.0,825.143269443,0,-0.0,1.0,-825.143269443,1.0,-825.143269443,1,-825.143269443,1,-825.143269443,0.0,-0.0,1.0,-825.143269443,1.0,-825.143269443,-1.0,825.143269443,1.0,-825.143269443,1.0,-825.143269443,-1.0,825.143269443,1.0,-825.143269443,-1,825.143269443,-1.0,825.143269443,1,-825.143269443,1.0,-825.143269443,1.0,-825.143269443,1.0,-825.143269443,1.0,-825.143269443,1.0,-825.143269443,0.0,-0.0,0.0,-0.0,-1.0,825.143269443,-1.0,825.143269443,1.0,-825.143269443,1.0,-825.143269443,-1,825.143269443,-1,825.143269443,-1.0,825.143269443,-1.0,825.143269443,-1.0,825.143269443,0.0,-0.0,1.0,-825.143269443,1.0,-825.143269443,1.0,-825.143269443,-1.0,825.143269443,-1.0,825.143269443,1,-825.143269443,0,-0.0,-1.0,825.143269443,0,-0.0,1.0,-825.143269443,-1.0,825.143269443,-1,825.143269443,1.0,-825.143269443,-1.0,825.143269443,-1,825.143269443,-1,825.143269443,0.0,-0.0,1.0,-825.143269443,-1.0,825.143269443,-1.0,825.143269443,-1.0,825.143269443,-1.0,825.143269443,1.0,-825.143269443,-1,825.143269443,0,-0.0,0,-0.0,1,-825.143269443,-1,825.143269443,1.0,-825.143269443,1.0,-825.143269443,0,-0.0,1,-825.143269443,-1.0,825.143269443,1.0,-825.143269443,1.0,-825.143269443,1.0,-825.143269443
20170601,@LEQ7,1.0,0.0246507806081,49880.0,meat,1496339956,1.0,0.0,0.0,-1.0,-0.0,-1.0,-0.0,-1,-0.0,-1.0,-0.0,1.0,0.0,1.0,0.0,1.0,0.0,1.0,0.0,1.0,0.0,1.0,0.0,0,0.0,-1,-0.0,-1,-0.0,0,0.0,1.0,0.0,-1.0,-0.0,-1.0,-0.0,-1.0,-0.0,1.0,0.0,0,0.0,-1.0,-0.0,1.0,0.0,-1,-0.0,0,0.0,0.0,0.0,1.0,0.0,1.0,0.0,-1.0,-0.0,-1.0,-0.0,-1.0,-0.0,1.0,0.0,-1.0,-0.0,1,0.0,1.0,0.0,1,0.0,1.0,0.0,0.0,0.0,-1.0,-0.0,1.0,0.0,1.0,0.0,1.0,0.0,-1.0,-0.0,1.0,0.0,-1.0,-0.0,-1.0,-0.0,-1.0,-0.0,1,0.0,-1,-0.0,0.0,0.0,1.0,0.0,-1.0,-0.0,1.0,0.0,1.0,0.0,1.0,0.0,0.0,0.0,-1.0,-0.0,1.0,0.0,1,0.0,1,0.0,-1.0,-0.0,0,0.0,1.0,0.0,1.0,0.0,1,0.0,-1.0,-0.0,1.0,0.0,1,0.0,0,0.0,0.0,0.0,1.0,0.0,1.0,0.0,-1.0,-0.0,0.0,0.0,-1.0,-0.0,-1.0,-0.0,-1,-0.0,-1,-0.0,0,0.0,1,0.0,-1,-0.0,-1.0,-0.0,-1.0,-0.0,0,0.0,1,0.0,-1.0,-0.0,-1.0,-0.0,-1.0,-0.0,-1.0,-0.0
20170601,@PXM7,1.0,0.00224466891134,26790.0,currency,1496349905,1.0,0.0,0.0,-1.0,-0.0,-1.0,-0.0,-1,-0.0,1.0,0.0,1.0,0.0,1.0,0.0,1.0,0.0,1.0,0.0,1.0,0.0,1.0,0.0,0,0.0,-1,-0.0,-1,-0.0,0,0.0,1.0,0.0,1.0,0.0,0.0,0.0,1.0,0.0,-1.0,-0.0,0,0.0,-1.0,-0.0,1.0,0.0,-1,-0.0,-1,-0.0,0.0,0.0,-1.0,-0.0,1.0,0.0,-1.0,-0.0,-1.0,-0.0,-1.0,-0.0,1.0,0.0,-1.0,-0.0,-1,-0.0,1.0,0.0,-1,-0.0,1.0,0.0,-1.0,-0.0,-1.0,-0.0,-1.0,-0.0,1.0,0.0,0.0,0.0,0.0,0.0,-1.0,-0.0,-1.0,-0.0,1.0,0.0,1.0,0.0,1,0.0,1,0.0,1.0,0.0,1.0,0.0,-1.0,-0.0,0.0,0.0,1.0,0.0,-1.0,-0.0,-1.0,-0.0,-1.0,-0.0,-1.0,-0.0,1,0.0,0,0.0,-1.0,-0.0,0,0.0,1.0,0.0,1.0,0.0,1,0.0,-1.0,-0.0,1.0,0.0,1,0.0,1,0.0,0.0,0.0,-1.0,-0.0,1.0,0.0,1.0,0.0,1.0,0.0,1.0,0.0,1.0,0.0,-1,-0.0,0,0.0,0,0.0,1,0.0,-1,-0.0,-1.0,-0.0,-1.0,-0.0,0,0.0,1,0.0,-1.0,-0.0,-1.0,-0.0,-1.0,-0.0,-1.0,-0.0
20170601,@NEM7,-1.0,-0.00549527969565,70580.0,currency,1496349905,1.0,-0.0,0.0,-1.0,0.0,-1.0,0.0,1,-0.0,-1.0,0.0,-1.0,0.0,1.0,-0.0,1.0,-0.0,1.0,-0.0,1.0,-0.0,1.0,-0.0,0,-0.0,1,-0.0,-1,0.0,0,-0.0,1.0,-0.0,1.0,-0.0,-1.0,0.0,-1.0,0.0,1.0,-0.0,0,-0.0,1.0,-0.0,-1.0,0.0,1,-0.0,0,-0.0,0.0,-0.0,-1.0,0.0,-1.0,0.0,1.0,-0.0,-1.0,0.0,-1.0,0.0,1.0,-0.0,-1.0,0.0,-1,0.0,1.0,-0.0,1,-0.0,-1.0,0.0,0.0,-0.0,1.0,-0.0,-1.0,0.0,1.0,-0.0,1.0,-0.0,-1.0,0.0,1.0,-0.0,-1.0,0.0,-1.0,0.0,1.0,-0.0,1,-0.0,-1,0.0,0.0,-0.0,-1.0,0.0,-1.0,0.0,1.0,-0.0,1.0,-0.0,-1.0,0.0,0.0,-0.0,1.0,-0.0,1.0,-0.0,1,-0.0,1,-0.0,1.0,-0.0,0,-0.0,-1.0,0.0,1.0,-0.0,1,-0.0,-1.0,0.0,1.0,-0.0,-1,0.0,0,-0.0,0.0,-0.0,1.0,-0.0,-1.0,0.0,1.0,-0.0,0.0,-0.0,1.0,-0.0,-1.0,0.0,-1,0.0,-1,0.0,0,-0.0,-1,0.0,1,-0.0,-1.0,0.0,-1.0,0.0,0,-0.0,-1,0.0,1.0,-0.0,-1.0,0.0,-1.0,0.0,-1.0,0.0
20170601,QNGN7,-1.0,-0.00976880494953,30410.0,energy,1496349905,1.0,-297.069358515,297.069358515,-1.0,297.069358515,-1.0,297.069358515,1,-297.069358515,1.0,-297.069358515,-1.0,297.069358515,1.0,-297.069358515,1.0,-297.069358515,1.0,-297.069358515,1.0,-297.069358515,1.0,-297.069358515,0,-0.0,1,-297.069358515,-1,297.069358515,0,-0.0,1.0,-297.069358515,1.0,-297.069358515,0.0,-0.0,-1.0,297.069358515,1.0,-297.069358515,0,-0.0,1.0,-297.069358515,-1.0,297.069358515,-1,297.069358515,-1,297.069358515,0.0,-0.0,-1.0,297.069358515,-1.0,297.069358515,1.0,-297.069358515,-1.0,297.069358515,-1.0,297.069358515,1.0,-297.069358515,-1.0,297.069358515,-1,297.069358515,1.0,-297.069358515,-1,297.069358515,-1.0,297.069358515,-1.0,297.069358515,-1.0,297.069358515,-1.0,297.069358515,-1.0,297.069358515,0.0,-0.0,0.0,-0.0,1.0,-297.069358515,1.0,-297.069358515,-1.0,297.069358515,1.0,-297.069358515,1,-297.069358515,-1,297.069358515,1.0,-297.069358515,1.0,-297.069358515,1.0,-297.069358515,0.0,-0.0,-1.0,297.069358515,-1.0,297.069358515,0.0,-0.0,1.0,-297.069358515,1.0,-297.069358515,1,-297.069358515,1,-297.069358515,1.0,-297.069358515,0,-0.0,-1.0,297.069358515,1.0,-297.069358515,1,-297.069358515,-1.0,297.069358515,1.0,-297.069358515,1,-297.069358515,1,-297.069358515,0.0,-0.0,1.0,-297.069358515,-1.0,297.069358515,1.0,-297.069358515,0.0,-0.0,1.0,-297.069358515,-1.0,297.069358515,-1,297.069358515,-1,297.069358515,0,-0.0,-1,297.069358515,1,-297.069358515,-1.0,297.069358515,-1.0,297.069358515,0,-0.0,-1,297.069358515,1.0,-297.069358515,-1.0,297.069358515,-1.0,297.069358515,-1.0,297.069358515
20170601,@NKDM7,1.0,0.0134722928317,90016.2557572,index,1496349905,1.0,0.0,0.0,0.0,0.0,1.0,0.0,-1,-0.0,-1.0,-0.0,-1.0,-0.0,0.0,0.0,-1.0,-0.0,1.0,0.0,-1.0,-0.0,1.0,0.0,-1,-0.0,-1,-0.0,-1,-0.0,-1,-0.0,-1.0,-0.0,-1.0,-0.0,-1.0,-0.0,-1.0,-0.0,1.0,0.0,0,0.0,-1.0,-0.0,-1.0,-0.0,-1,-0.0,0,0.0,1.0,0.0,1.0,0.0,1.0,0.0,1.0,0.0,-1.0,-0.0,0.0,0.0,0.0,0.0,1.0,0.0,1,0.0,1.0,0.0,1,0.0,1.0,0.0,0.0,0.0,-1.0,-0.0,1.0,0.0,1.0,0.0,1.0,0.0,-1.0,-0.0,1.0,0.0,-1.0,-0.0,-1.0,-0.0,-1.0,-0.0,-1,-0.0,1,0.0,0.0,0.0,1.0,0.0,-1.0,-0.0,1.0,0.0,1.0,0.0,-1.0,-0.0,-1.0,-0.0,1.0,0.0,-1.0,-0.0,1,0.0,0,0.0,-1.0,-0.0,0,0.0,-1.0,-0.0,1.0,0.0,-1,-0.0,1.0,0.0,0.0,0.0,1,0.0,0,0.0,-1.0,-0.0,-1.0,-0.0,1.0,0.0,1.0,0.0,1.0,0.0,-1.0,-0.0,1.0,0.0,-1,-0.0,0,0.0,1,0.0,1,0.0,-1,-0.0,1.0,0.0,-1.0,-0.0,1,0.0,1,0.0,1.0,0.0,0.0,0.0,1.0,0.0,-1.0,-0.0
20170601,@NQM7,1.0,0.00479005739438,116420.0,index,1496349905,1.0,0.0,0.0,0.0,0.0,1.0,0.0,-1,-0.0,-1.0,-0.0,-1.0,-0.0,0.0,0.0,-1.0,-0.0,1.0,0.0,-1.0,-0.0,1.0,0.0,-1,-0.0,-1,-0.0,-1,-0.0,-1,-0.0,-1.0,-0.0,-1.0,-0.0,-1.0,-0.0,-1.0,-0.0,1.0,0.0,0,0.0,-1.0,-0.0,-1.0,-0.0,-1,-0.0,0,0.0,1.0,0.0,1.0,0.0,1.0,0.0,1.0,0.0,-1.0,-0.0,0.0,0.0,0.0,0.0,1.0,0.0,-1,-0.0,1.0,0.0,1,0.0,1.0,0.0,0.0,0.0,-1.0,-0.0,1.0,0.0,1.0,0.0,1.0,0.0,-1.0,-0.0,1.0,0.0,-1.0,-0.0,-1.0,-0.0,1.0,0.0,-1,-0.0,-1,-0.0,0.0,0.0,1.0,0.0,-1.0,-0.0,1.0,0.0,1.0,0.0,1.0,0.0,0.0,0.0,1.0,0.0,1.0,0.0,1,0.0,1,0.0,-1.0,-0.0,0,0.0,-1.0,-0.0,1.0,0.0,-1,-0.0,1.0,0.0,0.0,0.0,1,0.0,0,0.0,-1.0,-0.0,1.0,0.0,1.0,0.0,-1.0,-0.0,0.0,0.0,-1.0,-0.0,-1.0,-0.0,-1,-0.0,-1,-0.0,1,0.0,1,0.0,-1,-0.0,1.0,0.0,-1.0,-0.0,1,0.0,1,0.0,1.0,0.0,0.0,0.0,1.0,0.0,-1.0,-0.0
20170601,QPAU7,1.0,0.0120105398615,82575.0,metal,1496349905,1.0,0.0,0.0,0.0,0.0,1.0,0.0,-1,-0.0,1.0,0.0,-1.0,-0.0,0.0,0.0,-1.0,-0.0,1.0,0.0,-1.0,-0.0,1.0,0.0,-1,-0.0,-1,-0.0,-1,-0.0,-1,-0.0,-1.0,-0.0,1.0,0.0,0.0,0.0,1.0,0.0,-1.0,-0.0,0,0.0,-1.0,-0.0,-1.0,-0.0,-1,-0.0,-1,-0.0,1.0,0.0,-1.0,-0.0,1.0,0.0,1.0,0.0,-1.0,-0.0,0.0,0.0,0.0,0.0,1.0,0.0,-1,-0.0,1.0,0.0,-1,-0.0,1.0,0.0,-1.0,-0.0,-1.0,-0.0,-1.0,-0.0,1.0,0.0,0.0,0.0,0.0,0.0,-1.0,-0.0,-1.0,-0.0,1.0,0.0,1.0,0.0,-1,-0.0,1,0.0,1.0,0.0,1.0,0.0,-1.0,-0.0,0.0,0.0,1.0,0.0,-1.0,-0.0,-1.0,-0.0,1.0,0.0,-1.0,-0.0,1,0.0,0,0.0,-1.0,-0.0,0,0.0,-1.0,-0.0,1.0,0.0,-1,-0.0,1.0,0.0,0.0,0.0,1,0.0,1,0.0,-1.0,-0.0,-1.0,-0.0,1.0,0.0,1.0,0.0,1.0,0.0,1.0,0.0,1.0,0.0,-1,-0.0,0,0.0,1,0.0,1,0.0,-1,-0.0,1.0,0.0,-1.0,-0.0,1,0.0,1,0.0,1.0,0.0,0.0,0.0,1.0,0.0,-1.0,-0.0
20170601,QPLN7,-1.0,-0.0185204672209,46635.0,metal,1496349905,1.0,-0.0,0.0,1.0,-0.0,1.0,-0.0,-1,0.0,-1.0,0.0,1.0,-0.0,-1.0,0.0,-1.0,0.0,-1.0,0.0,-1.0,0.0,-1.0,0.0,0,-0.0,-1,0.0,1,-0.0,0,-0.0,-1.0,0.0,-1.0,0.0,0.0,-0.0,1.0,-0.0,-1.0,0.0,0,-0.0,-1.0,0.0,1.0,-0.0,1,-0.0,1,-0.0,0.0,-0.0,1.0,-0.0,1.0,-0.0,-1.0,0.0,1.0,-0.0,1.0,-0.0,-1.0,0.0,1.0,-0.0,-1,0.0,-1.0,0.0,1,-0.0,1.0,-0.0,1.0,-0.0,1.0,-0.0,1.0,-0.0,1.0,-0.0,0.0,-0.0,0.0,-0.0,-1.0,0.0,-1.0,0.0,1.0,-0.0,1.0,-0.0,-1,0.0,1,-0.0,-1.0,0.0,-1.0,0.0,-1.0,0.0,0.0,-0.0,1.0,-0.0,1.0,-0.0,0.0,-0.0,-1.0,0.0,-1.0,0.0,-1,0.0,-1,0.0,-1.0,0.0,0,-0.0,1.0,-0.0,-1.0,0.0,-1,0.0,1.0,-0.0,-1.0,0.0,-1,0.0,-1,0.0,0.0,-0.0,-1.0,0.0,1.0,-0.0,-1.0,0.0,0.0,-0.0,-1.0,0.0,1.0,-0.0,1,-0.0,1,-0.0,0,-0.0,1,-0.0,-1,0.0,1.0,-0.0,1.0,-0.0,0,-0.0,1,-0.0,-1.0,0.0,1.0,-0.0,1.0,-0.0,1.0,-0.0
20170601,QRBN7,-1.0,-0.00275602881303,66868.2,energy,1496349905,1.0,-0.0,0.0,0.0,-0.0,1.0,-0.0,-1,0.0,1.0,-0.0,-1.0,0.0,0.0,-0.0,1.0,-0.0,-1.0,0.0,1.0,-0.0,-1.0,0.0,-1,0.0,-1,0.0,-1,0.0,-1,0.0,1.0,-0.0,1.0,-0.0,0.0,-0.0,-1.0,0.0,1.0,-0.0,0,-0.0,-1.0,0.0,-1.0,0.0,-1,0.0,-1,0.0,1.0,-0.0,-1.0,0.0,1.0,-0.0,1.0,-0.0,1.0,-0.0,0.0,-0.0,0.0,-0.0,-1.0,0.0,-1,0.0,1.0,-0.0,-1,0.0,-1.0,0.0,-1.0,0.0,-1.0,0.0,-1.0,0.0,-1.0,0.0,0.0,-0.0,0.0,-0.0,1.0,-0.0,1.0,-0.0,-1.0,0.0,1.0,-0.0,-1,0.0,1,-0.0,1.0,-0.0,1.0,-0.0,1.0,-0.0,0.0,-0.0,-1.0,0.0,-1.0,0.0,-1.0,0.0,1.0,-0.0,1.0,-0.0,-1,0.0,0,-0.0,-1.0,0.0,0,-0.0,-1.0,0.0,-1.0,0.0,-1,0.0,1.0,-0.0,0.0,-0.0,1,-0.0,1,-0.0,-1.0,0.0,-1.0,0.0,1.0,-0.0,1.0,-0.0,1.0,-0.0,1.0,-0.0,-1.0,0.0,1,-0.0,0,-0.0,1,-0.0,1,-0.0,1,-0.0,-1.0,0.0,1.0,-0.0,1,-0.0,1,-0.0,1.0,-0.0,0.0,-0.0,-1.0,0.0,1.0,-0.0
20170601,@SN7,-1.0,-0.000545851528384,45775.0,grain,1496341115,1.0,-0.0,0.0,-1.0,0.0,1.0,-0.0,-1,0.0,1.0,-0.0,1.0,-0.0,0.0,-0.0,-1.0,0.0,1.0,-0.0,1.0,-0.0,1.0,-0.0,0,-0.0,-1,0.0,-1,0.0,-1,0.0,1.0,-0.0,1.0,-0.0,0.0,-0.0,1.0,-0.0,-1.0,0.0,0,-0.0,-1.0,0.0,-1.0,0.0,-1,0.0,-1,0.0,0.0,-0.0,-1.0,0.0,1.0,-0.0,-1.0,0.0,-1.0,0.0,-1.0,0.0,1.0,-0.0,-1.0,0.0,1,-0.0,1.0,-0.0,-1,0.0,1.0,-0.0,-1.0,0.0,-1.0,0.0,-1.0,0.0,1.0,-0.0,0.0,-0.0,0.0,-0.0,-1.0,0.0,-1.0,0.0,1.0,-0.0,-1.0,0.0,1,-0.0,1,-0.0,1.0,-0.0,1.0,-0.0,-1.0,0.0,0.0,-0.0,1.0,-0.0,-1.0,0.0,-1.0,0.0,1.0,-0.0,-1.0,0.0,1,-0.0,0,-0.0,-1.0,0.0,0,-0.0,1.0,-0.0,1.0,-0.0,-1,0.0,-1.0,0.0,1.0,-0.0,1,-0.0,1,-0.0,0.0,-0.0,-1.0,0.0,1.0,-0.0,1.0,-0.0,1.0,-0.0,1.0,-0.0,1.0,-0.0,-1,0.0,0,-0.0,1,-0.0,1,-0.0,-1,0.0,-1.0,0.0,-1.0,0.0,0,-0.0,1,-0.0,-1.0,0.0,0.0,-0.0,1.0,-0.0,-1.0,0.0
20170601,@SFM7,-1.0,-0.00425161851387,128812.5,currency,1496349905,1.0,-0.0,0.0,0.0,-0.0,1.0,-0.0,-1,0.0,-1.0,0.0,-1.0,0.0,0.0,-0.0,-1.0,0.0,1.0,-0.0,-1.0,0.0,1.0,-0.0,-1,0.0,-1,0.0,-1,0.0,-1,0.0,-1.0,0.0,-1.0,0.0,-1.0,0.0,-1.0,0.0,1.0,-0.0,0,-0.0,-1.0,0.0,-1.0,0.0,-1,0.0,0,-0.0,1.0,-0.0,1.0,-0.0,1.0,-0.0,1.0,-0.0,-1.0,0.0,0.0,-0.0,0.0,-0.0,1.0,-0.0,-1,0.0,1.0,-0.0,1,-0.0,1.0,-0.0,0.0,-0.0,-1.0,0.0,1.0,-0.0,1.0,-0.0,1.0,-0.0,-1.0,0.0,1.0,-0.0,-1.0,0.0,-1.0,0.0,1.0,-0.0,-1,0.0,-1,0.0,0.0,-0.0,1.0,-0.0,-1.0,0.0,1.0,-0.0,1.0,-0.0,1.0,-0.0,0.0,-0.0,1.0,-0.0,1.0,-0.0,1,-0.0,1,-0.0,-1.0,0.0,0,-0.0,-1.0,0.0,1.0,-0.0,-1,0.0,1.0,-0.0,0.0,-0.0,1,-0.0,0,-0.0,-1.0,0.0,1.0,-0.0,1.0,-0.0,-1.0,0.0,0.0,-0.0,-1.0,0.0,-1.0,0.0,-1,0.0,-1,0.0,1,-0.0,1,-0.0,-1,0.0,1.0,-0.0,-1.0,0.0,1,-0.0,1,-0.0,1.0,-0.0,0.0,-0.0,1.0,-0.0,-1.0,0.0
20170601,QSIN7,-1.0,-0.00695162587613,86425.0,metal,1496349905,1.0,-0.0,0.0,1.0,-0.0,-1.0,0.0,1,-0.0,-1.0,0.0,-1.0,0.0,0.0,-0.0,1.0,-0.0,-1.0,0.0,-1.0,0.0,-1.0,0.0,0,-0.0,1,-0.0,1,-0.0,1,-0.0,-1.0,0.0,-1.0,0.0,0.0,-0.0,-1.0,0.0,1.0,-0.0,0,-0.0,1.0,-0.0,1.0,-0.0,1,-0.0,1,-0.0,0.0,-0.0,1.0,-0.0,-1.0,0.0,1.0,-0.0,1.0,-0.0,1.0,-0.0,-1.0,0.0,1.0,-0.0,-1,0.0,-1.0,0.0,1,-0.0,-1.0,0.0,1.0,-0.0,1.0,-0.0,1.0,-0.0,-1.0,0.0,0.0,-0.0,0.0,-0.0,1.0,-0.0,1.0,-0.0,-1.0,0.0,1.0,-0.0,-1,0.0,1,-0.0,-1.0,0.0,-1.0,0.0,1.0,-0.0,0.0,-0.0,-1.0,0.0,-1.0,0.0,0.0,-0.0,-1.0,0.0,-1.0,0.0,-1,0.0,-1,0.0,1.0,-0.0,0,-0.0,-1.0,0.0,-1.0,0.0,1,-0.0,1.0,-0.0,-1.0,0.0,-1,0.0,-1,0.0,0.0,-0.0,-1.0,0.0,-1.0,0.0,1.0,-0.0,0.0,-0.0,-1.0,0.0,1.0,-0.0,1,-0.0,1,-0.0,-1,0.0,-1,0.0,1,-0.0,1.0,-0.0,1.0,-0.0,0,-0.0,-1,0.0,1.0,-0.0,0.0,-0.0,-1.0,0.0,1.0,-0.0
20170601,@SMN7,1.0,0.0020127474002,29870.0,grain,1496341115,1.0,60.120764844,60.120764844,0.0,0.0,1.0,60.120764844,-1,-60.120764844,1.0,60.120764844,-1.0,-60.120764844,0.0,0.0,1.0,60.120764844,-1.0,-60.120764844,1.0,60.120764844,-1.0,-60.120764844,-1,-60.120764844,-1,-60.120764844,-1,-60.120764844,-1,-60.120764844,1.0,60.120764844,1.0,60.120764844,0.0,0.0,-1.0,-60.120764844,1.0,60.120764844,0,0.0,-1.0,-60.120764844,-1.0,-60.120764844,-1,-60.120764844,-1,-60.120764844,1.0,60.120764844,-1.0,-60.120764844,1.0,60.120764844,1.0,60.120764844,1.0,60.120764844,0.0,0.0,0.0,0.0,-1.0,-60.120764844,1,60.120764844,1.0,60.120764844,-1,-60.120764844,-1.0,-60.120764844,-1.0,-60.120764844,-1.0,-60.120764844,-1.0,-60.120764844,-1.0,-60.120764844,0.0,0.0,0.0,0.0,1.0,60.120764844,1.0,60.120764844,-1.0,-60.120764844,-1.0,-60.120764844,-1,-60.120764844,1,60.120764844,1.0,60.120764844,1.0,60.120764844,1.0,60.120764844,0.0,0.0,-1.0,-60.120764844,-1.0,-60.120764844,-1.0,-60.120764844,1.0,60.120764844,1.0,60.120764844,-1,-60.120764844,0,0.0,-1.0,-60.120764844,0,0.0,-1.0,-60.120764844,-1.0,-60.120764844,-1,-60.120764844,1.0,60.120764844,0.0,0.0,1,60.120764844,1,60.120764844,-1.0,-60.120764844,-1.0,-60.120764844,1.0,60.120764844,1.0,60.120764844,1.0,60.120764844,1.0,60.120764844,-1.0,-60.120764844,1,60.120764844,0,0.0,1,60.120764844,1,60.120764844,1,60.120764844,-1.0,-60.120764844,1.0,60.120764844,1,60.120764844,1,60.120764844,1.0,60.120764844,0.0,0.0,-1.0,-60.120764844,1.0,60.120764844
20170601,@TUU7,-1.0,-0.000505232767954,216375.0,rates,1496349905,2.0,-218.639480332,218.639480332,1.0,-218.639480332,1.0,-218.639480332,1,-218.639480332,-1.0,218.639480332,-1.0,218.639480332,-1.0,218.639480332,-1.0,218.639480332,-1.0,218.639480332,-1.0,218.639480332,-1.0,218.639480332,0,-0.0,1,-218.639480332,1,-218.639480332,0,-0.0,-1.0,218.639480332,-1.0,218.639480332,0.0,-0.0,-1.0,218.639480332,1.0,-218.639480332,0,-0.0,1.0,-218.639480332,-1.0,218.639480332,1,-218.639480332,1,-218.639480332,0.0,-0.0,1.0,-218.639480332,-1.0,218.639480332,1.0,-218.639480332,1.0,-218.639480332,1.0,-218.639480332,-1.0,218.639480332,1.0,-218.639480332,-1,218.639480332,-1.0,218.639480332,1,-218.639480332,-1.0,218.639480332,1.0,-218.639480332,1.0,-218.639480332,1.0,-218.639480332,-1.0,218.639480332,0.0,-0.0,0.0,-0.0,1.0,-218.639480332,1.0,-218.639480332,-1.0,218.639480332,1.0,-218.639480332,-1,218.639480332,-1,218.639480332,-1.0,218.639480332,-1.0,218.639480332,1.0,-218.639480332,0.0,-0.0,-1.0,218.639480332,1.0,-218.639480332,1.0,-218.639480332,1.0,-218.639480332,1.0,-218.639480332,-1,218.639480332,0,-0.0,1.0,-218.639480332,0,-0.0,-1.0,218.639480332,-1.0,218.639480332,-1,218.639480332,1.0,-218.639480332,-1.0,218.639480332,-1,218.639480332,-1,218.639480332,0.0,-0.0,1.0,-218.639480332,-1.0,218.639480332,-1.0,218.639480332,-1.0,218.639480332,-1.0,218.639480332,-1.0,218.639480332,1,-218.639480332,0,-0.0,0,-0.0,-1,218.639480332,1,-218.639480332,1.0,-218.639480332,1.0,-218.639480332,0,-0.0,-1,218.639480332,1.0,-218.639480332,1.0,-218.639480332,1.0,-218.639480332,1.0,-218.639480332
20170601,@TYU7,-1.0,-0.000866015093406,126187.5,rates,1496349905,1.0,-109.280279599,109.280279599,1.0,-109.280279599,1.0,-109.280279599,-1,109.280279599,-1.0,109.280279599,1.0,-109.280279599,-1.0,109.280279599,-1.0,109.280279599,-1.0,109.280279599,-1.0,109.280279599,-1.0,109.280279599,0,-0.0,-1,109.280279599,1,-109.280279599,0,-0.0,-1.0,109.280279599,-1.0,109.280279599,0.0,-0.0,1.0,-109.280279599,-1.0,109.280279599,0,-0.0,1.0,-109.280279599,1.0,-109.280279599,1,-109.280279599,1,-109.280279599,0.0,-0.0,1.0,-109.280279599,1.0,-109.280279599,-1.0,109.280279599,1.0,-109.280279599,1.0,-109.280279599,-1.0,109.280279599,1.0,-109.280279599,-1,109.280279599,-1.0,109.280279599,1,-109.280279599,1.0,-109.280279599,1.0,-109.280279599,1.0,-109.280279599,1.0,-109.280279599,1.0,-109.280279599,0.0,-0.0,0.0,-0.0,-1.0,109.280279599,-1.0,109.280279599,1.0,-109.280279599,1.0,-109.280279599,-1,109.280279599,-1,109.280279599,-1.0,109.280279599,-1.0,109.280279599,-1.0,109.280279599,0.0,-0.0,1.0,-109.280279599,1.0,-109.280279599,1.0,-109.280279599,-1.0,109.280279599,-1.0,109.280279599,1,-109.280279599,0,-0.0,-1.0,109.280279599,0,-0.0,1.0,-109.280279599,-1.0,109.280279599,-1,109.280279599,1.0,-109.280279599,-1.0,109.280279599,-1,109.280279599,-1,109.280279599,0.0,-0.0,1.0,-109.280279599,-1.0,109.280279599,-1.0,109.280279599,-1.0,109.280279599,-1.0,109.280279599,1.0,-109.280279599,-1,109.280279599,0,-0.0,0,-0.0,1,-109.280279599,-1,109.280279599,1.0,-109.280279599,1.0,-109.280279599,0,-0.0,1,-109.280279599,-1.0,109.280279599,1.0,-109.280279599,1.0,-109.280279599,1.0,-109.280279599
20170601,@USU7,-1.0,-0.00162535554653,153562.5,rates,1496349905,1.0,-0.0,0.0,1.0,-0.0,1.0,-0.0,-1,0.0,-1.0,0.0,1.0,-0.0,-1.0,0.0,-1.0,0.0,-1.0,0.0,-1.0,0.0,-1.0,0.0,0,-0.0,-1,0.0,1,-0.0,0,-0.0,-1.0,0.0,-1.0,0.0,0.0,-0.0,1.0,-0.0,-1.0,0.0,0,-0.0,1.0,-0.0,1.0,-0.0,1,-0.0,1,-0.0,0.0,-0.0,1.0,-0.0,1.0,-0.0,-1.0,0.0,1.0,-0.0,1.0,-0.0,-1.0,0.0,1.0,-0.0,-1,0.0,-1.0,0.0,1,-0.0,1.0,-0.0,1.0,-0.0,1.0,-0.0,1.0,-0.0,1.0,-0.0,0.0,-0.0,0.0,-0.0,-1.0,0.0,-1.0,0.0,1.0,-0.0,1.0,-0.0,-1,0.0,-1,0.0,-1.0,0.0,-1.0,0.0,-1.0,0.0,0.0,-0.0,1.0,-0.0,1.0,-0.0,1.0,-0.0,-1.0,0.0,-1.0,0.0,1,-0.0,0,-0.0,-1.0,0.0,0,-0.0,1.0,-0.0,-1.0,0.0,-1,0.0,1.0,-0.0,-1.0,0.0,-1,0.0,-1,0.0,0.0,-0.0,1.0,-0.0,-1.0,0.0,-1.0,0.0,-1.0,0.0,-1.0,0.0,1.0,-0.0,-1,0.0,0,-0.0,0,-0.0,1,-0.0,-1,0.0,1.0,-0.0,1.0,-0.0,0,-0.0,1,-0.0,-1.0,0.0,1.0,-0.0,1.0,-0.0,1.0,-0.0
20170601,@BON7,-1.0,-0.000957243139758,18786.0,grain,1496341115,1.0,-0.0,0.0,-1.0,0.0,1.0,-0.0,-1,0.0,1.0,-0.0,-1.0,0.0,0.0,-0.0,1.0,-0.0,-1.0,0.0,1.0,-0.0,1.0,-0.0,0,-0.0,1,-0.0,-1,0.0,-1,0.0,1.0,-0.0,1.0,-0.0,0.0,-0.0,-1.0,0.0,1.0,-0.0,0,-0.0,-1.0,0.0,-1.0,0.0,-1,0.0,-1,0.0,0.0,-0.0,-1.0,0.0,-1.0,0.0,1.0,-0.0,-1.0,0.0,-1.0,0.0,1.0,-0.0,-1.0,0.0,-1,0.0,1.0,-0.0,-1,0.0,-1.0,0.0,-1.0,0.0,-1.0,0.0,-1.0,0.0,-1.0,0.0,0.0,-0.0,0.0,-0.0,1.0,-0.0,1.0,-0.0,-1.0,0.0,1.0,-0.0,1,-0.0,1,-0.0,1.0,-0.0,1.0,-0.0,1.0,-0.0,0.0,-0.0,-1.0,0.0,-1.0,0.0,-1.0,0.0,1.0,-0.0,1.0,-0.0,-1,0.0,0,-0.0,1.0,-0.0,0,-0.0,-1.0,0.0,1.0,-0.0,-1,0.0,-1.0,0.0,1.0,-0.0,1,-0.0,1,-0.0,0.0,-0.0,-1.0,0.0,1.0,-0.0,1.0,-0.0,1.0,-0.0,1.0,-0.0,-1.0,0.0,1,-0.0,0,-0.0,1,-0.0,1,-0.0,1,-0.0,-1.0,0.0,-1.0,0.0,0,-0.0,-1,0.0,1.0,-0.0,0.0,-0.0,-1.0,0.0,1.0,-0.0
20170602,@CN7,1.0,0.00742240215924,18662.5,grain,1496427163,1.0,138.520580297,138.520580297,-1.0,-138.520580297,-1.0,-138.520580297,1,138.520580297,-1.0,-138.520580297,-1.0,-138.520580297,1.0,138.520580297,1.0,138.520580297,1.0,138.520580297,1.0,138.520580297,1.0,138.520580297,0,0.0,1,138.520580297,-1,-138.520580297,0,0.0,1.0,138.520580297,1.0,138.520580297,-1.0,-138.520580297,-1.0,-138.520580297,1.0,138.520580297,0,0.0,-1.0,-138.520580297,-1.0,-138.520580297,1,138.520580297,0,0.0,0.0,0.0,-1.0,-138.520580297,-1.0,-138.520580297,1.0,138.520580297,-1.0,-138.520580297,-1.0,-138.520580297,1.0,138.520580297,-1.0,-138.520580297,-1,-138.520580297,1.0,138.520580297,1,138.520580297,-1.0,-138.520580297,0.0,0.0,1.0,138.520580297,-1.0,-138.520580297,1.0,138.520580297,1.0,138.520580297,-1.0,-138.520580297,1.0,138.520580297,-1.0,-138.520580297,-1.0,-138.520580297,1.0,138.520580297,1,138.520580297,1,138.520580297,0.0,0.0,-1.0,-138.520580297,-1.0,-138.520580297,1.0,138.520580297,1.0,138.520580297,-1.0,-138.520580297,-1.0,-138.520580297,1.0,138.520580297,1.0,138.520580297,-1,-138.520580297,0,0.0,1.0,138.520580297,0,0.0,-1.0,-138.520580297,1.0,138.520580297,1,138.520580297,-1.0,-138.520580297,1.0,138.520580297,-1,-138.520580297,0,0.0,0.0,0.0,-1.0,-138.520580297,1.0,138.520580297,1.0,138.520580297,1.0,138.520580297,1.0,138.520580297,-1.0,-138.520580297,1,138.520580297,0,0.0,0,0.0,-1,-138.520580297,1,138.520580297,-1.0,-138.520580297,-1.0,-138.520580297,0,0.0,-1,-138.520580297,1.0,138.520580297,-1.0,-138.520580297,-1.0,-138.520580297,-1.0,-138.520580297
20170602,@CDM7,1.0,0.00141863135851,74120.0,currency,1496436269,1.0,0.0,0.0,-1.0,-0.0,1.0,0.0,-1,-0.0,1.0,0.0,-1.0,-0.0,0.0,0.0,1.0,0.0,-1.0,-0.0,1.0,0.0,1.0,0.0,0,0.0,1,0.0,-1,-0.0,-1,-0.0,1.0,0.0,1.0,0.0,0.0,0.0,-1.0,-0.0,1.0,0.0,0,0.0,1.0,0.0,-1.0,-0.0,-1,-0.0,-1,-0.0,0.0,0.0,-1.0,-0.0,-1.0,-0.0,1.0,0.0,-1.0,-0.0,-1.0,-0.0,1.0,0.0,-1.0,-0.0,-1,-0.0,1.0,0.0,-1,-0.0,-1.0,-0.0,-1.0,-0.0,-1.0,-0.0,-1.0,-0.0,-1.0,-0.0,0.0,0.0,0.0,0.0,1.0,0.0,1.0,0.0,-1.0,-0.0,1.0,0.0,1,0.0,-1,-0.0,1.0,0.0,1.0,0.0,1.0,0.0,0.0,0.0,-1.0,-0.0,-1.0,-0.0,0.0,0.0,1.0,0.0,1.0,0.0,1,0.0,1,0.0,1.0,0.0,0,0.0,-1.0,-0.0,1.0,0.0,-1,-0.0,-1.0,-0.0,1.0,0.0,1,0.0,1,0.0,0.0,0.0,1.0,0.0,-1.0,-0.0,1.0,0.0,0.0,0.0,1.0,0.0,-1.0,-0.0,-1,-0.0,-1,-0.0,1,0.0,1,0.0,1,0.0,-1.0,-0.0,-1.0,-0.0,0,0.0,-1,-0.0,1.0,0.0,0.0,0.0,-1.0,-0.0,1.0,0.0
20170602,@BON7,-1.0,-0.00608,18636.0,grain,1496427163,1.0,-0.0,0.0,-1.0,0.0,1.0,-0.0,-1,0.0,1.0,-0.0,-1.0,0.0,0.0,-0.0,1.0,-0.0,-1.0,0.0,1.0,-0.0,1.0,-0.0,0,-0.0,1,-0.0,-1,0.0,-1,0.0,1.0,-0.0,1.0,-0.0,0.0,-0.0,-1.0,0.0,1.0,-0.0,0,-0.0,-1.0,0.0,-1.0,0.0,-1,0.0,-1,0.0,0.0,-0.0,-1.0,0.0,-1.0,0.0,1.0,-0.0,-1.0,0.0,-1.0,0.0,1.0,-0.0,-1.0,0.0,-1,0.0,1.0,-0.0,-1,0.0,-1.0,0.0,-1.0,0.0,-1.0,0.0,-1.0,0.0,-1.0,0.0,0.0,-0.0,0.0,-0.0,1.0,-0.0,1.0,-0.0,-1.0,0.0,1.0,-0.0,1,-0.0,1,-0.0,1.0,-0.0,1.0,-0.0,1.0,-0.0,0.0,-0.0,-1.0,0.0,-1.0,0.0,-1.0,0.0,1.0,-0.0,1.0,-0.0,-1,0.0,0,-0.0,1.0,-0.0,0,-0.0,-1.0,0.0,1.0,-0.0,-1,0.0,-1.0,0.0,1.0,-0.0,1,-0.0,1,-0.0,0.0,-0.0,-1.0,0.0,1.0,-0.0,1.0,-0.0,1.0,-0.0,1.0,-0.0,-1.0,0.0,1,-0.0,0,-0.0,1,-0.0,1,-0.0,1,-0.0,-1.0,0.0,-1.0,0.0,0,-0.0,-1,0.0,1.0,-0.0,0.0,-0.0,-1.0,0.0,1.0,-0.0
20170602,QCLN7,-1.0,-0.010752688172,47840.0,energy,1496436269,1.0,-514.408602151,514.408602151,-1.0,514.408602151,-1.0,514.408602151,1,-514.408602151,1.0,-514.408602151,-1.0,514.408602151,1.0,-514.408602151,1.0,-514.408602151,1.0,-514.408602151,1.0,-514.408602151,1.0,-514.408602151,0,-0.0,1,-514.408602151,-1,514.408602151,0,-0.0,1.0,-514.408602151,1.0,-514.408602151,0.0,-0.0,-1.0,514.408602151,1.0,-514.408602151,0,-0.0,-1.0,514.408602151,-1.0,514.408602151,-1,514.408602151,-1,514.408602151,0.0,-0.0,-1.0,514.408602151,-1.0,514.408602151,1.0,-514.408602151,-1.0,514.408602151,-1.0,514.408602151,1.0,-514.408602151,-1.0,514.408602151,-1,514.408602151,1.0,-514.408602151,-1,514.408602151,-1.0,514.408602151,-1.0,514.408602151,-1.0,514.408602151,-1.0,514.408602151,-1.0,514.408602151,0.0,-0.0,0.0,-0.0,1.0,-514.408602151,1.0,-514.408602151,-1.0,514.408602151,1.0,-514.408602151,1,-514.408602151,1,-514.408602151,1.0,-514.408602151,1.0,-514.408602151,1.0,-514.408602151,0.0,-0.0,-1.0,514.408602151,-1.0,514.408602151,-1.0,514.408602151,1.0,-514.408602151,1.0,-514.408602151,-1,514.408602151,0,-0.0,1.0,-514.408602151,0,-0.0,-1.0,514.408602151,1.0,-514.408602151,1,-514.408602151,-1.0,514.408602151,1.0,-514.408602151,1,-514.408602151,1,-514.408602151,0.0,-0.0,-1.0,514.408602151,1.0,-514.408602151,1.0,-514.408602151,1.0,-514.408602151,1.0,-514.408602151,-1.0,514.408602151,1,-514.408602151,0,-0.0,0,-0.0,-1,514.408602151,1,-514.408602151,-1.0,514.408602151,-1.0,514.408602151,0,-0.0,-1,514.408602151,1.0,-514.408602151,-1.0,514.408602151,-1.0,514.408602151,-1.0,514.408602151
20170602,@EUM7,1.0,0.00610326546977,141150.0,currency,1496436269,1.0,861.475921058,861.475921058,-1.0,-861.475921058,-1.0,-861.475921058,1,861.475921058,-1.0,-861.475921058,-1.0,-861.475921058,1.0,861.475921058,1.0,861.475921058,1.0,861.475921058,1.0,861.475921058,1.0,861.475921058,0,0.0,1,861.475921058,-1,-861.475921058,0,0.0,1.0,861.475921058,1.0,861.475921058,-1.0,-861.475921058,-1.0,-861.475921058,1.0,861.475921058,0,0.0,1.0,861.475921058,-1.0,-861.475921058,1,861.475921058,0,0.0,0.0,0.0,-1.0,-861.475921058,-1.0,-861.475921058,1.0,861.475921058,-1.0,-861.475921058,-1.0,-861.475921058,1.0,861.475921058,-1.0,-861.475921058,-1,-861.475921058,1.0,861.475921058,1,861.475921058,-1.0,-861.475921058,0.0,0.0,1.0,861.475921058,-1.0,-861.475921058,1.0,861.475921058,1.0,861.475921058,-1.0,-861.475921058,1.0,861.475921058,-1.0,-861.475921058,-1.0,-861.475921058,1.0,861.475921058,1,861.475921058,-1,-861.475921058,0.0,0.0,-1.0,-861.475921058,-1.0,-861.475921058,1.0,861.475921058,1.0,861.475921058,-1.0,-861.475921058,0.0,0.0,1.0,861.475921058,1.0,861.475921058,1,861.475921058,1,861.475921058,1.0,861.475921058,0,0.0,-1.0,-861.475921058,1.0,861.475921058,1,861.475921058,-1.0,-861.475921058,1.0,861.475921058,-1,-861.475921058,0,0.0,0.0,0.0,1.0,861.475921058,-1.0,-861.475921058,1.0,861.475921058,0.0,0.0,1.0,861.475921058,-1.0,-861.475921058,-1,-861.475921058,-1,-861.475921058,0,0.0,-1,-861.475921058,1,861.475921058,-1.0,-861.475921058,-1.0,-861.475921058,0,0.0,-1,-861.475921058,1.0,861.475921058,-1.0,-861.475921058,-1.0,-861.475921058,-1.0,-861.475921058
20170602,@EMDM7,1.0,0.00206055749528,175070.0,index,1496436269,1.0,360.741800698,360.741800698,0.0,0.0,-1.0,-360.741800698,-1,-360.741800698,-1.0,-360.741800698,-1.0,-360.741800698,1.0,360.741800698,1.0,360.741800698,1.0,360.741800698,-1.0,-360.741800698,1.0,360.741800698,-1,-360.741800698,-1,-360.741800698,-1,-360.741800698,0,0.0,-1.0,-360.741800698,-1.0,-360.741800698,-1.0,-360.741800698,-1.0,-360.741800698,1.0,360.741800698,0,0.0,-1.0,-360.741800698,1.0,360.741800698,-1,-360.741800698,0,0.0,1.0,360.741800698,1.0,360.741800698,1.0,360.741800698,1.0,360.741800698,-1.0,-360.741800698,0.0,0.0,0.0,0.0,1.0,360.741800698,-1,-360.741800698,1.0,360.741800698,1,360.741800698,1.0,360.741800698,0.0,0.0,-1.0,-360.741800698,1.0,360.741800698,1.0,360.741800698,1.0,360.741800698,-1.0,-360.741800698,1.0,360.741800698,-1.0,-360.741800698,-1.0,-360.741800698,1.0,360.741800698,-1,-360.741800698,-1,-360.741800698,0.0,0.0,1.0,360.741800698,-1.0,-360.741800698,1.0,360.741800698,1.0,360.741800698,1.0,360.741800698,0.0,0.0,-1.0,-360.741800698,1.0,360.741800698,1,360.741800698,1,360.741800698,-1.0,-360.741800698,0,0.0,-1.0,-360.741800698,1.0,360.741800698,1,360.741800698,1.0,360.741800698,0.0,0.0,1,360.741800698,0,0.0,-1.0,-360.741800698,1.0,360.741800698,1.0,360.741800698,-1.0,-360.741800698,0.0,0.0,-1.0,-360.741800698,-1.0,-360.741800698,-1,-360.741800698,-1,-360.741800698,0,0.0,1,360.741800698,-1,-360.741800698,1.0,360.741800698,-1.0,-360.741800698,1,360.741800698,1,360.741800698,1.0,360.741800698,-1.0,-360.741800698,-1.0,-360.741800698,-1.0,-360.741800698
20170602,@ESM7,1.0,0.00329285861288,121875.0,index,1496436269,1.0,401.317143445,401.317143445,0.0,0.0,1.0,401.317143445,-1,-401.317143445,-1.0,-401.317143445,-1.0,-401.317143445,0.0,0.0,-1.0,-401.317143445,1.0,401.317143445,-1.0,-401.317143445,1.0,401.317143445,-1,-401.317143445,-1,-401.317143445,-1,-401.317143445,-1,-401.317143445,-1.0,-401.317143445,-1.0,-401.317143445,-1.0,-401.317143445,-1.0,-401.317143445,1.0,401.317143445,1,329.285861288,-1.0,-401.317143445,-1.0,-401.317143445,-1,-401.317143445,0,0.0,1.0,401.317143445,1.0,401.317143445,1.0,401.317143445,1.0,401.317143445,-1.0,-401.317143445,0.0,0.0,0.0,0.0,1.0,401.317143445,-1,-401.317143445,1.0,401.317143445,1,401.317143445,1.0,401.317143445,0.0,0.0,-1.0,-401.317143445,1.0,401.317143445,1.0,401.317143445,1.0,401.317143445,-1.0,-401.317143445,1.0,401.317143445,-1.0,-401.317143445,-1.0,-401.317143445,1.0,401.317143445,-1,-401.317143445,-1,-401.317143445,0.0,0.0,1.0,401.317143445,-1.0,-401.317143445,1.0,401.317143445,1.0,401.317143445,1.0,401.317143445,0.0,0.0,1.0,401.317143445,1.0,401.317143445,1,401.317143445,1,401.317143445,-1.0,-401.317143445,0,0.0,-1.0,-401.317143445,1.0,401.317143445,-1,-401.317143445,1.0,401.317143445,0.0,0.0,1,401.317143445,0,0.0,-1.0,-401.317143445,1.0,401.317143445,1.0,401.317143445,-1.0,-401.317143445,0.0,0.0,-1.0,-401.317143445,-1.0,-401.317143445,-1,-401.317143445,-1,-401.317143445,1,401.317143445,1,401.317143445,-1,-401.317143445,1.0,401.317143445,-1.0,-401.317143445,1,401.317143445,1,401.317143445,1.0,401.317143445,0.0,0.0,1.0,401.317143445,-1.0,-401.317143445
20170602,@GFQ7,1.0,0.0127327709693,79537.5,meat,1496426384,1.0,0.0,0.0,0.0,0.0,1.0,0.0,-1,-0.0,-1.0,-0.0,-1.0,-0.0,0.0,0.0,-1.0,-0.0,1.0,0.0,-1.0,-0.0,1.0,0.0,-1,-0.0,-1,-0.0,-1,-0.0,-1,-0.0,-1.0,-0.0,-1.0,-0.0,-1.0,-0.0,-1.0,-0.0,1.0,0.0,0,0.0,-1.0,-0.0,-1.0,-0.0,-1,-0.0,0,0.0,1.0,0.0,1.0,0.0,1.0,0.0,1.0,0.0,-1.0,-0.0,0.0,0.0,0.0,0.0,1.0,0.0,1,0.0,1.0,0.0,1,0.0,1.0,0.0,0.0,0.0,-1.0,-0.0,1.0,0.0,1.0,0.0,1.0,0.0,-1.0,-0.0,1.0,0.0,-1.0,-0.0,-1.0,-0.0,-1.0,-0.0,-1,-0.0,-1,-0.0,0.0,0.0,1.0,0.0,-1.0,-0.0,1.0,0.0,1.0,0.0,1.0,0.0,0.0,0.0,1.0,0.0,1.0,0.0,1,0.0,1,0.0,-1.0,-0.0,0,0.0,-1.0,-0.0,1.0,0.0,-1,-0.0,1.0,0.0,0.0,0.0,1,0.0,0,0.0,-1.0,-0.0,1.0,0.0,1.0,0.0,-1.0,-0.0,0.0,0.0,-1.0,-0.0,-1.0,-0.0,-1,-0.0,-1,-0.0,1,0.0,1,0.0,-1,-0.0,1.0,0.0,-1.0,-0.0,1,0.0,1,0.0,1.0,0.0,0.0,0.0,1.0,0.0,-1.0,-0.0
20170602,@FVU7,1.0,0.0019160885365,118468.75,rates,1496436269,2.0,0.0,0.0,1.0,0.0,1.0,0.0,1,0.0,-1.0,-0.0,-1.0,-0.0,-1.0,-0.0,-1.0,-0.0,-1.0,-0.0,-1.0,-0.0,-1.0,-0.0,0,0.0,1,0.0,1,0.0,0,0.0,-1.0,-0.0,-1.0,-0.0,0.0,0.0,-1.0,-0.0,1.0,0.0,0,0.0,1.0,0.0,-1.0,-0.0,1,0.0,1,0.0,0.0,0.0,1.0,0.0,-1.0,-0.0,1.0,0.0,1.0,0.0,1.0,0.0,-1.0,-0.0,1.0,0.0,-1,-0.0,-1.0,-0.0,1,0.0,-1.0,-0.0,1.0,0.0,1.0,0.0,1.0,0.0,-1.0,-0.0,0.0,0.0,0.0,0.0,1.0,0.0,1.0,0.0,-1.0,-0.0,1.0,0.0,-1,-0.0,-1,-0.0,-1.0,-0.0,-1.0,-0.0,1.0,0.0,0.0,0.0,-1.0,-0.0,1.0,0.0,1.0,0.0,1.0,0.0,1.0,0.0,-1,-0.0,0,0.0,1.0,0.0,0,0.0,-1.0,-0.0,-1.0,-0.0,-1,-0.0,1.0,0.0,-1.0,-0.0,-1,-0.0,-1,-0.0,0.0,0.0,1.0,0.0,-1.0,-0.0,-1.0,-0.0,-1.0,-0.0,-1.0,-0.0,-1.0,-0.0,1,0.0,0,0.0,0,0.0,-1,-0.0,1,0.0,1.0,0.0,1.0,0.0,0,0.0,-1,-0.0,1.0,0.0,1.0,0.0,1.0,0.0,1.0,0.0
20170602,QGCQ7,1.0,0.00834579954334,128070.0,metal,1496436269,1.0,0.0,0.0,1.0,0.0,1.0,0.0,1,0.0,-1.0,-0.0,-1.0,-0.0,-1.0,-0.0,-1.0,-0.0,-1.0,-0.0,-1.0,-0.0,-1.0,-0.0,0,0.0,1,0.0,1,0.0,0,0.0,-1.0,-0.0,-1.0,-0.0,0.0,0.0,-1.0,-0.0,1.0,0.0,0,0.0,1.0,0.0,-1.0,-0.0,1,0.0,1,0.0,0.0,0.0,1.0,0.0,-1.0,-0.0,1.0,0.0,1.0,0.0,1.0,0.0,-1.0,-0.0,1.0,0.0,-1,-0.0,-1.0,-0.0,1,0.0,-1.0,-0.0,1.0,0.0,1.0,0.0,1.0,0.0,-1.0,-0.0,0.0,0.0,0.0,0.0,1.0,0.0,1.0,0.0,-1.0,-0.0,1.0,0.0,-1,-0.0,1,0.0,-1.0,-0.0,-1.0,-0.0,1.0,0.0,0.0,0.0,-1.0,-0.0,-1.0,-0.0,0.0,0.0,1.0,0.0,-1.0,-0.0,-1,-0.0,-1,-0.0,1.0,0.0,0,0.0,-1.0,-0.0,-1.0,-0.0,-1,-0.0,1.0,0.0,-1.0,-0.0,-1,-0.0,-1,-0.0,0.0,0.0,-1.0,-0.0,-1.0,-0.0,1.0,0.0,0.0,0.0,-1.0,-0.0,1.0,0.0,1,0.0,1,0.0,0,0.0,-1,-0.0,1,0.0,1.0,0.0,1.0,0.0,0,0.0,-1,-0.0,1.0,0.0,1.0,0.0,1.0,0.0,1.0,0.0
20170602,QHGN7,-1.0,-0.00463768115942,64387.5,metal,1496436269,1.0,-298.608695652,298.608695652,0.0,-0.0,1.0,-298.608695652,-1,298.608695652,-1.0,298.608695652,-1.0,298.608695652,0.0,-0.0,-1.0,298.608695652,1.0,-298.608695652,-1.0,298.608695652,1.0,-298.608695652,-1,298.608695652,-1,298.608695652,-1,298.608695652,-1,298.608695652,-1.0,298.608695652,-1.0,298.608695652,-1.0,298.608695652,-1.0,298.608695652,1.0,-298.608695652,0,-0.0,-1.0,298.608695652,-1.0,298.608695652,-1,298.608695652,0,-0.0,1.0,-298.608695652,1.0,-298.608695652,1.0,-298.608695652,1.0,-298.608695652,-1.0,298.608695652,0.0,-0.0,0.0,-0.0,1.0,-298.608695652,-1,298.608695652,1.0,-298.608695652,1,-298.608695652,1.0,-298.608695652,0.0,-0.0,-1.0,298.608695652,1.0,-298.608695652,1.0,-298.608695652,1.0,-298.608695652,-1.0,298.608695652,1.0,-298.608695652,-1.0,298.608695652,-1.0,298.608695652,1.0,-298.608695652,-1,298.608695652,1,-298.608695652,0.0,-0.0,1.0,-298.608695652,-1.0,298.608695652,1.0,-298.608695652,1.0,-298.608695652,-1.0,298.608695652,-1.0,298.608695652,1.0,-298.608695652,-1.0,298.608695652,1,-298.608695652,0,-0.0,-1.0,298.608695652,0,-0.0,-1.0,298.608695652,1.0,-298.608695652,-1,298.608695652,1.0,-298.608695652,0.0,-0.0,1,-298.608695652,0,-0.0,-1.0,298.608695652,-1.0,298.608695652,1.0,-298.608695652,1.0,-298.608695652,1.0,-298.608695652,-1.0,298.608695652,1.0,-298.608695652,-1,298.608695652,0,-0.0,1,-298.608695652,1,-298.608695652,-1,298.608695652,1.0,-298.608695652,-1.0,298.608695652,1,-298.608695652,1,-298.608695652,1.0,-298.608695652,0.0,-0.0,1.0,-298.608695652,-1.0,298.608695652
20170602,QHON7,-1.0,-0.0101218618899,62433.0,energy,1496436269,1.0,-0.0,0.0,-1.0,0.0,1.0,-0.0,-1,0.0,1.0,-0.0,-1.0,0.0,0.0,-0.0,1.0,-0.0,-1.0,0.0,1.0,-0.0,1.0,-0.0,0,-0.0,1,-0.0,-1,0.0,-1,0.0,1.0,-0.0,1.0,-0.0,0.0,-0.0,-1.0,0.0,1.0,-0.0,0,-0.0,-1.0,0.0,-1.0,0.0,-1,0.0,-1,0.0,0.0,-0.0,-1.0,0.0,-1.0,0.0,1.0,-0.0,-1.0,0.0,-1.0,0.0,1.0,-0.0,-1.0,0.0,-1,0.0,1.0,-0.0,-1,0.0,-1.0,0.0,-1.0,0.0,-1.0,0.0,-1.0,0.0,-1.0,0.0,0.0,-0.0,0.0,-0.0,1.0,-0.0,1.0,-0.0,-1.0,0.0,1.0,-0.0,1,-0.0,1,-0.0,1.0,-0.0,1.0,-0.0,1.0,-0.0,0.0,-0.0,-1.0,0.0,-1.0,0.0,-1.0,0.0,1.0,-0.0,1.0,-0.0,-1,0.0,0,-0.0,1.0,-0.0,0,-0.0,-1.0,0.0,1.0,-0.0,-1,0.0,-1.0,0.0,1.0,-0.0,1,-0.0,1,-0.0,0.0,-0.0,-1.0,0.0,1.0,-0.0,1.0,-0.0,1.0,-0.0,1.0,-0.0,-1.0,0.0,1,-0.0,0,-0.0,1,-0.0,1,-0.0,1,-0.0,-1.0,0.0,-1.0,0.0,0,-0.0,-1,0.0,1.0,-0.0,0.0,-0.0,-1.0,0.0,1.0,-0.0
20170602,@JYM7,1.0,0.00789810334279,113256.25,currency,1496436269,1.0,894.509566717,894.509566717,1.0,894.509566717,1.0,894.509566717,1,894.509566717,-1.0,-894.509566717,-1.0,-894.509566717,-1.0,-894.509566717,-1.0,-894.509566717,-1.0,-894.509566717,-1.0,-894.509566717,-1.0,-894.509566717,0,0.0,1,894.509566717,1,894.509566717,0,0.0,-1.0,-894.509566717,-1.0,-894.509566717,0.0,0.0,-1.0,-894.509566717,1.0,894.509566717,0,0.0,1.0,894.509566717,-1.0,-894.509566717,1,894.509566717,1,894.509566717,0.0,0.0,1.0,894.509566717,-1.0,-894.509566717,1.0,894.509566717,1.0,894.509566717,1.0,894.509566717,-1.0,-894.509566717,1.0,894.509566717,-1,-894.509566717,-1.0,-894.509566717,1,894.509566717,-1.0,-894.509566717,1.0,894.509566717,1.0,894.509566717,1.0,894.509566717,-1.0,-894.509566717,0.0,0.0,0.0,0.0,1.0,894.509566717,1.0,894.509566717,-1.0,-894.509566717,1.0,894.509566717,-1,-894.509566717,-1,-894.509566717,-1.0,-894.509566717,-1.0,-894.509566717,1.0,894.509566717,0.0,0.0,-1.0,-894.509566717,1.0,894.509566717,1.0,894.509566717,1.0,894.509566717,1.0,894.509566717,-1,-894.509566717,0,0.0,1.0,894.509566717,0,0.0,-1.0,-894.509566717,-1.0,-894.509566717,-1,-894.509566717,1.0,894.509566717,-1.0,-894.509566717,-1,-894.509566717,-1,-894.509566717,0.0,0.0,1.0,894.509566717,-1.0,-894.509566717,-1.0,-894.509566717,-1.0,-894.509566717,-1.0,-894.509566717,-1.0,-894.509566717,1,894.509566717,0,0.0,0,0.0,-1,-894.509566717,1,894.509566717,1.0,894.509566717,1.0,894.509566717,0,0.0,-1,-894.509566717,1.0,894.509566717,1.0,894.509566717,1.0,894.509566717,1.0,894.509566717
20170602,@LEQ7,1.0,0.0134322373697,50550.0,meat,1496426384,1.0,0.0,0.0,0.0,0.0,1.0,0.0,-1,-0.0,-1.0,-0.0,-1.0,-0.0,0.0,0.0,-1.0,-0.0,1.0,0.0,-1.0,-0.0,1.0,0.0,-1,-0.0,-1,-0.0,-1,-0.0,-1,-0.0,-1.0,-0.0,-1.0,-0.0,-1.0,-0.0,-1.0,-0.0,1.0,0.0,0,0.0,-1.0,-0.0,-1.0,-0.0,-1,-0.0,0,0.0,1.0,0.0,1.0,0.0,1.0,0.0,1.0,0.0,-1.0,-0.0,0.0,0.0,0.0,0.0,1.0,0.0,1,0.0,1.0,0.0,1,0.0,1.0,0.0,0.0,0.0,-1.0,-0.0,1.0,0.0,1.0,0.0,1.0,0.0,-1.0,-0.0,1.0,0.0,-1.0,-0.0,-1.0,-0.0,-1.0,-0.0,-1,-0.0,-1,-0.0,0.0,0.0,1.0,0.0,-1.0,-0.0,1.0,0.0,1.0,0.0,1.0,0.0,0.0,0.0,1.0,0.0,1.0,0.0,1,0.0,1,0.0,-1.0,-0.0,0,0.0,-1.0,-0.0,1.0,0.0,-1,-0.0,1.0,0.0,0.0,0.0,1,0.0,0,0.0,-1.0,-0.0,1.0,0.0,1.0,0.0,-1.0,-0.0,0.0,0.0,-1.0,-0.0,-1.0,-0.0,-1,-0.0,-1,-0.0,1,0.0,1,0.0,-1,-0.0,1.0,0.0,-1.0,-0.0,1,0.0,1,0.0,1.0,0.0,0.0,0.0,1.0,0.0,-1.0,-0.0
20170602,@HEN7,-1.0,-0.00152207001522,32800.0,meat,1496426384,1.0,-0.0,0.0,0.0,-0.0,1.0,-0.0,-1,0.0,-1.0,0.0,-1.0,0.0,0.0,-0.0,1.0,-0.0,-1.0,0.0,1.0,-0.0,-1.0,0.0,-1,0.0,-1,0.0,-1,0.0,-1,0.0,1.0,-0.0,1.0,-0.0,-1.0,0.0,-1.0,0.0,1.0,-0.0,0,-0.0,1.0,-0.0,-1.0,0.0,1,-0.0,0,-0.0,1.0,-0.0,-1.0,0.0,1.0,-0.0,1.0,-0.0,1.0,-0.0,0.0,-0.0,0.0,-0.0,-1.0,0.0,1,-0.0,1.0,-0.0,1,-0.0,-1.0,0.0,0.0,-0.0,1.0,-0.0,-1.0,0.0,1.0,-0.0,1.0,-0.0,-1.0,0.0,1.0,-0.0,-1.0,0.0,-1.0,0.0,-1.0,0.0,-1,0.0,-1,0.0,0.0,-0.0,-1.0,0.0,-1.0,0.0,1.0,-0.0,1.0,-0.0,-1.0,0.0,0.0,-0.0,1.0,-0.0,1.0,-0.0,1,-0.0,1,-0.0,-1.0,0.0,0,-0.0,-1.0,0.0,-1.0,0.0,-1,0.0,1.0,-0.0,0.0,-0.0,-1,0.0,0,-0.0,-1.0,0.0,1.0,-0.0,-1.0,0.0,1.0,-0.0,0.0,-0.0,1.0,-0.0,-1.0,0.0,-1,0.0,-1,0.0,1,-0.0,1,-0.0,1,-0.0,-1.0,0.0,1.0,-0.0,1,-0.0,1,-0.0,1.0,-0.0,0.0,-0.0,-1.0,0.0,1.0,-0.0
20170602,@BPM7,1.0,0.00093153237075,80587.5,currency,1496436269,1.0,0.0,0.0,-1.0,-0.0,-1.0,-0.0,1,0.0,-1.0,-0.0,-1.0,-0.0,1.0,0.0,1.0,0.0,1.0,0.0,1.0,0.0,1.0,0.0,0,0.0,1,0.0,-1,-0.0,0,0.0,1.0,0.0,1.0,0.0,-1.0,-0.0,-1.0,-0.0,1.0,0.0,0,0.0,1.0,0.0,-1.0,-0.0,1,0.0,0,0.0,0.0,0.0,-1.0,-0.0,-1.0,-0.0,1.0,0.0,-1.0,-0.0,-1.0,-0.0,1.0,0.0,-1.0,-0.0,-1,-0.0,1.0,0.0,1,0.0,-1.0,-0.0,0.0,0.0,1.0,0.0,-1.0,-0.0,1.0,0.0,1.0,0.0,-1.0,-0.0,1.0,0.0,-1.0,-0.0,-1.0,-0.0,1.0,0.0,1,0.0,-1,-0.0,0.0,0.0,-1.0,-0.0,-1.0,-0.0,1.0,0.0,1.0,0.0,-1.0,-0.0,0.0,0.0,1.0,0.0,1.0,0.0,1,0.0,1,0.0,1.0,0.0,0,0.0,-1.0,-0.0,1.0,0.0,1,0.0,-1.0,-0.0,1.0,0.0,-1,-0.0,0,0.0,0.0,0.0,1.0,0.0,-1.0,-0.0,1.0,0.0,0.0,0.0,1.0,0.0,-1.0,-0.0,-1,-0.0,-1,-0.0,0,0.0,-1,-0.0,1,0.0,-1.0,-0.0,-1.0,-0.0,0,0.0,-1,-0.0,1.0,0.0,-1.0,-0.0,-1.0,-0.0,-1.0,-0.0
20170602,@NEM7,1.0,0.0113250283126,71440.0,currency,1496436269,1.0,0.0,0.0,-1.0,-0.0,-1.0,-0.0,1,0.0,-1.0,-0.0,-1.0,-0.0,1.0,0.0,1.0,0.0,1.0,0.0,1.0,0.0,1.0,0.0,0,0.0,1,0.0,-1,-0.0,0,0.0,1.0,0.0,1.0,0.0,-1.0,-0.0,-1.0,-0.0,1.0,0.0,0,0.0,1.0,0.0,-1.0,-0.0,1,0.0,0,0.0,0.0,0.0,-1.0,-0.0,-1.0,-0.0,1.0,0.0,-1.0,-0.0,-1.0,-0.0,1.0,0.0,-1.0,-0.0,-1,-0.0,1.0,0.0,1,0.0,-1.0,-0.0,0.0,0.0,1.0,0.0,-1.0,-0.0,1.0,0.0,1.0,0.0,-1.0,-0.0,1.0,0.0,-1.0,-0.0,-1.0,-0.0,1.0,0.0,1,0.0,-1,-0.0,0.0,0.0,-1.0,-0.0,-1.0,-0.0,1.0,0.0,1.0,0.0,-1.0,-0.0,0.0,0.0,1.0,0.0,1.0,0.0,1,0.0,1,0.0,1.0,0.0,0,0.0,-1.0,-0.0,1.0,0.0,1,0.0,-1.0,-0.0,1.0,0.0,-1,-0.0,0,0.0,0.0,0.0,1.0,0.0,-1.0,-0.0,1.0,0.0,0.0,0.0,1.0,0.0,-1.0,-0.0,-1,-0.0,-1,-0.0,0,0.0,-1,-0.0,1,0.0,-1.0,-0.0,-1.0,-0.0,0,0.0,-1,-0.0,1.0,0.0,-1.0,-0.0,-1.0,-0.0,-1.0,-0.0
20170602,QNGN7,-1.0,-0.000332446808511,30070.0,energy,1496436269,1.0,-9.99667553192,9.99667553192,-1.0,9.99667553192,-1.0,9.99667553192,1,-9.99667553192,1.0,-9.99667553192,-1.0,9.99667553192,1.0,-9.99667553192,1.0,-9.99667553192,1.0,-9.99667553192,1.0,-9.99667553192,1.0,-9.99667553192,0,-0.0,1,-9.99667553192,-1,9.99667553192,0,-0.0,1.0,-9.99667553192,1.0,-9.99667553192,0.0,-0.0,-1.0,9.99667553192,1.0,-9.99667553192,0,-0.0,1.0,-9.99667553192,-1.0,9.99667553192,-1,9.99667553192,-1,9.99667553192,0.0,-0.0,-1.0,9.99667553192,-1.0,9.99667553192,1.0,-9.99667553192,-1.0,9.99667553192,-1.0,9.99667553192,1.0,-9.99667553192,-1.0,9.99667553192,-1,9.99667553192,1.0,-9.99667553192,-1,9.99667553192,-1.0,9.99667553192,-1.0,9.99667553192,-1.0,9.99667553192,-1.0,9.99667553192,-1.0,9.99667553192,0.0,-0.0,0.0,-0.0,1.0,-9.99667553192,1.0,-9.99667553192,-1.0,9.99667553192,1.0,-9.99667553192,1,-9.99667553192,-1,9.99667553192,1.0,-9.99667553192,1.0,-9.99667553192,1.0,-9.99667553192,0.0,-0.0,-1.0,9.99667553192,-1.0,9.99667553192,0.0,-0.0,1.0,-9.99667553192,1.0,-9.99667553192,1,-9.99667553192,1,-9.99667553192,1.0,-9.99667553192,0,-0.0,-1.0,9.99667553192,1.0,-9.99667553192,1,-9.99667553192,-1.0,9.99667553192,1.0,-9.99667553192,1,-9.99667553192,1,-9.99667553192,0.0,-0.0,1.0,-9.99667553192,-1.0,9.99667553192,1.0,-9.99667553192,0.0,-0.0,1.0,-9.99667553192,-1.0,9.99667553192,-1,9.99667553192,-1,9.99667553192,0,-0.0,-1,9.99667553192,1,-9.99667553192,-1.0,9.99667553192,-1.0,9.99667553192,0,-0.0,-1,9.99667553192,1.0,-9.99667553192,-1.0,9.99667553192,-1.0,9.99667553192,-1.0,9.99667553192
20170602,@NKDM7,1.0,0.0110386352233,90472.341954,index,1496436269,1.0,0.0,0.0,-1.0,-0.0,-1.0,-0.0,-1,-0.0,-1.0,-0.0,1.0,0.0,1.0,0.0,1.0,0.0,1.0,0.0,1.0,0.0,1.0,0.0,0,0.0,-1,-0.0,-1,-0.0,0,0.0,1.0,0.0,-1.0,-0.0,-1.0,-0.0,-1.0,-0.0,1.0,0.0,0,0.0,-1.0,-0.0,1.0,0.0,-1,-0.0,0,0.0,0.0,0.0,1.0,0.0,1.0,0.0,-1.0,-0.0,-1.0,-0.0,-1.0,-0.0,1.0,0.0,-1.0,-0.0,1,0.0,1.0,0.0,1,0.0,1.0,0.0,0.0,0.0,-1.0,-0.0,1.0,0.0,1.0,0.0,1.0,0.0,-1.0,-0.0,1.0,0.0,-1.0,-0.0,-1.0,-0.0,-1.0,-0.0,1,0.0,1,0.0,0.0,0.0,1.0,0.0,-1.0,-0.0,1.0,0.0,1.0,0.0,-1.0,-0.0,-1.0,-0.0,-1.0,-0.0,-1.0,-0.0,1,0.0,0,0.0,-1.0,-0.0,0,0.0,1.0,0.0,1.0,0.0,1,0.0,-1.0,-0.0,1.0,0.0,1,0.0,0,0.0,0.0,0.0,-1.0,-0.0,1.0,0.0,1.0,0.0,1.0,0.0,-1.0,-0.0,1.0,0.0,-1,-0.0,0,0.0,0,0.0,1,0.0,-1,-0.0,-1.0,-0.0,-1.0,-0.0,0,0.0,1,0.0,-1.0,-0.0,-1.0,-0.0,-1.0,-0.0,-1.0,-0.0
20170602,@NQM7,1.0,0.0109927859842,117720.0,index,1496436269,1.0,0.0,0.0,0.0,0.0,1.0,0.0,-1,-0.0,1.0,0.0,-1.0,-0.0,0.0,0.0,-1.0,-0.0,1.0,0.0,-1.0,-0.0,1.0,0.0,-1,-0.0,-1,-0.0,-1,-0.0,-1,-0.0,-1.0,-0.0,1.0,0.0,0.0,0.0,1.0,0.0,-1.0,-0.0,0,0.0,-1.0,-0.0,-1.0,-0.0,-1,-0.0,-1,-0.0,1.0,0.0,-1.0,-0.0,1.0,0.0,1.0,0.0,-1.0,-0.0,0.0,0.0,0.0,0.0,1.0,0.0,-1,-0.0,1.0,0.0,-1,-0.0,1.0,0.0,-1.0,-0.0,-1.0,-0.0,-1.0,-0.0,1.0,0.0,0.0,0.0,0.0,0.0,-1.0,-0.0,-1.0,-0.0,1.0,0.0,1.0,0.0,-1,-0.0,-1,-0.0,1.0,0.0,1.0,0.0,-1.0,-0.0,0.0,0.0,1.0,0.0,1.0,0.0,0.0,0.0,1.0,0.0,1.0,0.0,1,0.0,1,0.0,-1.0,-0.0,0,0.0,-1.0,-0.0,1.0,0.0,-1,-0.0,1.0,0.0,0.0,0.0,1,0.0,1,0.0,-1.0,-0.0,1.0,0.0,1.0,0.0,-1.0,-0.0,0.0,0.0,1.0,0.0,-1.0,-0.0,-1,-0.0,-1,-0.0,1,0.0,1,0.0,-1,-0.0,1.0,0.0,-1.0,-0.0,1,0.0,1,0.0,1.0,0.0,0.0,0.0,1.0,0.0,-1.0,-0.0
20170602,QPAU7,1.0,0.0168873769894,83700.0,metal,1496436269,1.0,0.0,0.0,0.0,0.0,1.0,0.0,-1,-0.0,1.0,0.0,-1.0,-0.0,0.0,0.0,-1.0,-0.0,1.0,0.0,-1.0,-0.0,1.0,0.0,-1,-0.0,-1,-0.0,-1,-0.0,-1,-0.0,-1.0,-0.0,1.0,0.0,0.0,0.0,1.0,0.0,-1.0,-0.0,0,0.0,-1.0,-0.0,-1.0,-0.0,-1,-0.0,-1,-0.0,1.0,0.0,-1.0,-0.0,1.0,0.0,1.0,0.0,-1.0,-0.0,0.0,0.0,0.0,0.0,1.0,0.0,-1,-0.0,1.0,0.0,-1,-0.0,1.0,0.0,-1.0,-0.0,-1.0,-0.0,-1.0,-0.0,1.0,0.0,0.0,0.0,0.0,0.0,-1.0,-0.0,-1.0,-0.0,1.0,0.0,1.0,0.0,-1,-0.0,1,0.0,1.0,0.0,1.0,0.0,-1.0,-0.0,0.0,0.0,1.0,0.0,-1.0,-0.0,-1.0,-0.0,1.0,0.0,-1.0,-0.0,1,0.0,0,0.0,-1.0,-0.0,0,0.0,-1.0,-0.0,1.0,0.0,-1,-0.0,1.0,0.0,0.0,0.0,1,0.0,1,0.0,-1.0,-0.0,-1.0,-0.0,1.0,0.0,1.0,0.0,1.0,0.0,1.0,0.0,1.0,0.0,-1,-0.0,0,0.0,1,0.0,1,0.0,-1,-0.0,1.0,0.0,-1.0,-0.0,1,0.0,1,0.0,1.0,0.0,0.0,0.0,1.0,0.0,-1.0,-0.0
20170602,QPLN7,1.0,0.0282023681378,47760.0,metal,1496436269,1.0,0.0,0.0,0.0,0.0,-1.0,-0.0,1,0.0,1.0,0.0,1.0,0.0,0.0,0.0,1.0,0.0,-1.0,-0.0,1.0,0.0,-1.0,-0.0,1,0.0,1,0.0,1,0.0,1,0.0,1.0,0.0,1.0,0.0,1.0,0.0,1.0,0.0,-1.0,-0.0,0,0.0,1.0,0.0,1.0,0.0,1,0.0,0,0.0,-1.0,-0.0,-1.0,-0.0,-1.0,-0.0,-1.0,-0.0,1.0,0.0,0.0,0.0,0.0,0.0,-1.0,-0.0,-1,-0.0,-1.0,-0.0,-1,-0.0,-1.0,-0.0,0.0,0.0,1.0,0.0,-1.0,-0.0,-1.0,-0.0,-1.0,-0.0,1.0,0.0,-1.0,-0.0,1.0,0.0,1.0,0.0,1.0,0.0,1,0.0,1,0.0,0.0,0.0,-1.0,-0.0,1.0,0.0,-1.0,-0.0,-1.0,-0.0,-1.0,-0.0,0.0,0.0,-1.0,-0.0,-1.0,-0.0,-1,-0.0,-1,-0.0,1.0,0.0,0,0.0,1.0,0.0,-1.0,-0.0,1,0.0,-1.0,-0.0,0.0,0.0,-1,-0.0,0,0.0,1.0,0.0,-1.0,-0.0,-1.0,-0.0,1.0,0.0,0.0,0.0,1.0,0.0,1.0,0.0,1,0.0,1,0.0,-1,-0.0,-1,-0.0,1,0.0,-1.0,-0.0,1.0,0.0,-1,-0.0,-1,-0.0,-1.0,-0.0,0.0,0.0,-1.0,-0.0,1.0,0.0
20170602,QRBN7,-1.0,-0.0147371050331,66267.6,energy,1496436269,1.0,-0.0,0.0,0.0,-0.0,1.0,-0.0,-1,0.0,1.0,-0.0,-1.0,0.0,0.0,-0.0,1.0,-0.0,-1.0,0.0,1.0,-0.0,-1.0,0.0,-1,0.0,-1,0.0,-1,0.0,-1,0.0,1.0,-0.0,1.0,-0.0,0.0,-0.0,-1.0,0.0,1.0,-0.0,0,-0.0,-1.0,0.0,-1.0,0.0,-1,0.0,-1,0.0,1.0,-0.0,-1.0,0.0,1.0,-0.0,1.0,-0.0,1.0,-0.0,0.0,-0.0,0.0,-0.0,-1.0,0.0,-1,0.0,1.0,-0.0,-1,0.0,-1.0,0.0,-1.0,0.0,-1.0,0.0,-1.0,0.0,-1.0,0.0,0.0,-0.0,0.0,-0.0,1.0,-0.0,1.0,-0.0,-1.0,0.0,1.0,-0.0,-1,0.0,1,-0.0,1.0,-0.0,1.0,-0.0,1.0,-0.0,0.0,-0.0,-1.0,0.0,-1.0,0.0,-1.0,0.0,1.0,-0.0,1.0,-0.0,-1,0.0,0,-0.0,-1.0,0.0,0,-0.0,-1.0,0.0,-1.0,0.0,-1,0.0,1.0,-0.0,0.0,-0.0,1,-0.0,1,-0.0,-1.0,0.0,-1.0,0.0,1.0,-0.0,1.0,-0.0,1.0,-0.0,1.0,-0.0,-1.0,0.0,1,-0.0,0,-0.0,1,-0.0,1,-0.0,1,-0.0,-1.0,0.0,1.0,-0.0,1,-0.0,1,-0.0,1.0,-0.0,0.0,-0.0,-1.0,0.0,1.0,-0.0
20170602,@SN7,1.0,0.0117840504248,46150.0,grain,1496427163,1.0,0.0,0.0,-1.0,-0.0,-1.0,-0.0,1,0.0,1.0,0.0,-1.0,-0.0,1.0,0.0,1.0,0.0,1.0,0.0,1.0,0.0,1.0,0.0,0,0.0,1,0.0,-1,-0.0,0,0.0,1.0,0.0,1.0,0.0,0.0,0.0,-1.0,-0.0,1.0,0.0,0,0.0,-1.0,-0.0,-1.0,-0.0,-1,-0.0,-1,-0.0,0.0,0.0,-1.0,-0.0,-1.0,-0.0,1.0,0.0,-1.0,-0.0,-1.0,-0.0,1.0,0.0,-1.0,-0.0,1,0.0,1.0,0.0,-1,-0.0,-1.0,-0.0,-1.0,-0.0,-1.0,-0.0,-1.0,-0.0,-1.0,-0.0,0.0,0.0,0.0,0.0,1.0,0.0,1.0,0.0,-1.0,-0.0,-1.0,-0.0,1,0.0,1,0.0,1.0,0.0,1.0,0.0,1.0,0.0,0.0,0.0,-1.0,-0.0,-1.0,-0.0,-1.0,-0.0,1.0,0.0,1.0,0.0,-1,-0.0,0,0.0,1.0,0.0,0,0.0,-1.0,-0.0,1.0,0.0,1,0.0,-1.0,-0.0,1.0,0.0,1,0.0,1,0.0,0.0,0.0,-1.0,-0.0,1.0,0.0,1.0,0.0,1.0,0.0,1.0,0.0,-1.0,-0.0,1,0.0,0,0.0,0,0.0,-1,-0.0,1,0.0,-1.0,-0.0,-1.0,-0.0,0,0.0,-1,-0.0,1.0,0.0,-1.0,-0.0,-1.0,-0.0,-1.0,-0.0
20170602,@SFM7,1.0,0.00941473357275,130000.0,currency,1496436269,1.0,0.0,0.0,0.0,0.0,1.0,0.0,-1,-0.0,-1.0,-0.0,-1.0,-0.0,0.0,0.0,1.0,0.0,-1.0,-0.0,1.0,0.0,-1.0,-0.0,-1,-0.0,-1,-0.0,-1,-0.0,-1,-0.0,1.0,0.0,1.0,0.0,-1.0,-0.0,-1.0,-0.0,1.0,0.0,0,0.0,1.0,0.0,-1.0,-0.0,1,0.0,0,0.0,1.0,0.0,-1.0,-0.0,1.0,0.0,1.0,0.0,1.0,0.0,0.0,0.0,0.0,0.0,-1.0,-0.0,-1,-0.0,1.0,0.0,1,0.0,-1.0,-0.0,0.0,0.0,1.0,0.0,-1.0,-0.0,1.0,0.0,1.0,0.0,-1.0,-0.0,1.0,0.0,-1.0,-0.0,-1.0,-0.0,1.0,0.0,-1,-0.0,-1,-0.0,0.0,0.0,-1.0,-0.0,-1.0,-0.0,1.0,0.0,1.0,0.0,-1.0,-0.0,0.0,0.0,1.0,0.0,1.0,0.0,1,0.0,1,0.0,-1.0,-0.0,0,0.0,-1.0,-0.0,-1.0,-0.0,-1,-0.0,1.0,0.0,0.0,0.0,-1,-0.0,0,0.0,-1.0,-0.0,1.0,0.0,-1.0,-0.0,1.0,0.0,0.0,0.0,1.0,0.0,-1.0,-0.0,-1,-0.0,-1,-0.0,1,0.0,1,0.0,1,0.0,-1.0,-0.0,1.0,0.0,1,0.0,1,0.0,1.0,0.0,0.0,0.0,-1.0,-0.0,1.0,0.0
20170602,QSIN7,1.0,0.0129622128349,87525.0,metal,1496436269,1.0,0.0,0.0,1.0,0.0,-1.0,-0.0,1,0.0,-1.0,-0.0,-1.0,-0.0,0.0,0.0,1.0,0.0,-1.0,-0.0,-1.0,-0.0,-1.0,-0.0,0,0.0,1,0.0,1,0.0,1,0.0,-1.0,-0.0,-1.0,-0.0,0.0,0.0,-1.0,-0.0,1.0,0.0,0,0.0,1.0,0.0,1.0,0.0,1,0.0,1,0.0,0.0,0.0,1.0,0.0,-1.0,-0.0,1.0,0.0,1.0,0.0,1.0,0.0,-1.0,-0.0,1.0,0.0,-1,-0.0,-1.0,-0.0,1,0.0,-1.0,-0.0,1.0,0.0,1.0,0.0,1.0,0.0,-1.0,-0.0,0.0,0.0,0.0,0.0,1.0,0.0,1.0,0.0,-1.0,-0.0,1.0,0.0,-1,-0.0,1,0.0,-1.0,-0.0,-1.0,-0.0,1.0,0.0,0.0,0.0,-1.0,-0.0,-1.0,-0.0,0.0,0.0,-1.0,-0.0,-1.0,-0.0,-1,-0.0,-1,-0.0,1.0,0.0,0,0.0,-1.0,-0.0,-1.0,-0.0,1,0.0,1.0,0.0,-1.0,-0.0,-1,-0.0,-1,-0.0,0.0,0.0,-1.0,-0.0,-1.0,-0.0,1.0,0.0,0.0,0.0,-1.0,-0.0,1.0,0.0,1,0.0,1,0.0,-1,-0.0,-1,-0.0,1,0.0,1.0,0.0,1.0,0.0,0,0.0,-1,-0.0,1.0,0.0,0.0,0.0,-1.0,-0.0,1.0,0.0
20170602,@SMN7,1.0,0.0168067226891,30250.0,grain,1496427163,1.0,508.403361345,508.403361345,0.0,0.0,1.0,508.403361345,-1,-508.403361345,1.0,508.403361345,-1.0,-508.403361345,0.0,0.0,-1.0,-508.403361345,1.0,508.403361345,-1.0,-508.403361345,1.0,508.403361345,-1,-508.403361345,-1,-508.403361345,-1,-508.403361345,-1,-508.403361345,-1.0,-508.403361345,1.0,508.403361345,0.0,0.0,1.0,508.403361345,-1.0,-508.403361345,0,0.0,-1.0,-508.403361345,-1.0,-508.403361345,-1,-508.403361345,-1,-508.403361345,1.0,508.403361345,-1.0,-508.403361345,1.0,508.403361345,1.0,508.403361345,-1.0,-508.403361345,0.0,0.0,0.0,0.0,1.0,508.403361345,1,508.403361345,1.0,508.403361345,-1,-508.403361345,1.0,508.403361345,-1.0,-508.403361345,-1.0,-508.403361345,-1.0,-508.403361345,1.0,508.403361345,0.0,0.0,0.0,0.0,-1.0,-508.403361345,-1.0,-508.403361345,1.0,508.403361345,-1.0,-508.403361345,-1,-508.403361345,1,508.403361345,1.0,508.403361345,1.0,508.403361345,-1.0,-508.403361345,0.0,0.0,1.0,508.403361345,-1.0,-508.403361345,-1.0,-508.403361345,1.0,508.403361345,-1.0,-508.403361345,1,508.403361345,0,0.0,-1.0,-508.403361345,0,0.0,-1.0,-508.403361345,1.0,508.403361345,-1,-508.403361345,1.0,508.403361345,0.0,0.0,1,508.403361345,1,508.403361345,-1.0,-508.403361345,-1.0,-508.403361345,1.0,508.403361345,1.0,508.403361345,1.0,508.403361345,1.0,508.403361345,1.0,508.403361345,-1,-508.403361345,0,0.0,1,508.403361345,1,508.403361345,-1,-508.403361345,1.0,508.403361345,-1.0,-508.403361345,1,508.403361345,1,508.403361345,1.0,508.403361345,0.0,0.0,1.0,508.403361345,-1.0,-508.403361345
20170602,@TUU7,1.0,0.000216622138782,216437.5,rates,1496436269,2.0,93.7703083255,93.7703083255,1.0,93.7703083255,1.0,93.7703083255,1,93.7703083255,1.0,93.7703083255,-1.0,-93.7703083255,-1.0,-93.7703083255,-1.0,-93.7703083255,-1.0,-93.7703083255,-1.0,-93.7703083255,-1.0,-93.7703083255,0,0.0,1,93.7703083255,1,93.7703083255,0,0.0,-1.0,-93.7703083255,1.0,93.7703083255,1.0,93.7703083255,1.0,93.7703083255,-1.0,-93.7703083255,0,0.0,1.0,93.7703083255,-1.0,-93.7703083255,1,93.7703083255,0,0.0,0.0,0.0,-1.0,-93.7703083255,-1.0,-93.7703083255,1.0,93.7703083255,1.0,93.7703083255,1.0,93.7703083255,-1.0,-93.7703083255,1.0,93.7703083255,-1,-93.7703083255,-1.0,-93.7703083255,-1,-93.7703083255,-1.0,-93.7703083255,0.0,0.0,1.0,93.7703083255,-1.0,-93.7703083255,-1.0,-93.7703083255,-1.0,-93.7703083255,1.0,93.7703083255,-1.0,-93.7703083255,1.0,93.7703083255,1.0,93.7703083255,1.0,93.7703083255,-1,-93.7703083255,-1,-93.7703083255,0.0,0.0,-1.0,-93.7703083255,1.0,93.7703083255,-1.0,-93.7703083255,-1.0,-93.7703083255,1.0,93.7703083255,1.0,93.7703083255,1.0,93.7703083255,1.0,93.7703083255,-1,-93.7703083255,0,0.0,1.0,93.7703083255,0,0.0,-1.0,-93.7703083255,-1.0,-93.7703083255,-1,-93.7703083255,1.0,93.7703083255,-1.0,-93.7703083255,-1,-93.7703083255,0,0.0,0.0,0.0,1.0,93.7703083255,-1.0,-93.7703083255,-1.0,-93.7703083255,-1.0,-93.7703083255,1.0,93.7703083255,-1.0,-93.7703083255,1,93.7703083255,0,0.0,0,0.0,-1,-93.7703083255,1,93.7703083255,1.0,93.7703083255,1.0,93.7703083255,0,0.0,-1,-93.7703083255,1.0,93.7703083255,1.0,93.7703083255,1.0,93.7703083255,1.0,93.7703083255
20170602,@TYU7,1.0,0.0037147102526,126656.25,rates,1496436269,1.0,470.491270431,470.491270431,1.0,470.491270431,1.0,470.491270431,1,470.491270431,1.0,470.491270431,-1.0,-470.491270431,-1.0,-470.491270431,-1.0,-470.491270431,-1.0,-470.491270431,-1.0,-470.491270431,-1.0,-470.491270431,0,0.0,1,470.491270431,1,470.491270431,0,0.0,-1.0,-470.491270431,1.0,470.491270431,1.0,470.491270431,1.0,470.491270431,-1.0,-470.491270431,0,0.0,1.0,470.491270431,-1.0,-470.491270431,1,470.491270431,0,0.0,0.0,0.0,-1.0,-470.491270431,-1.0,-470.491270431,1.0,470.491270431,1.0,470.491270431,1.0,470.491270431,-1.0,-470.491270431,1.0,470.491270431,-1,-470.491270431,-1.0,-470.491270431,-1,-470.491270431,-1.0,-470.491270431,0.0,0.0,1.0,470.491270431,-1.0,-470.491270431,-1.0,-470.491270431,-1.0,-470.491270431,1.0,470.491270431,-1.0,-470.491270431,1.0,470.491270431,1.0,470.491270431,1.0,470.491270431,-1,-470.491270431,-1,-470.491270431,0.0,0.0,-1.0,-470.491270431,1.0,470.491270431,-1.0,-470.491270431,-1.0,-470.491270431,1.0,470.491270431,1.0,470.491270431,1.0,470.491270431,1.0,470.491270431,-1,-470.491270431,0,0.0,1.0,470.491270431,0,0.0,-1.0,-470.491270431,-1.0,-470.491270431,-1,-470.491270431,1.0,470.491270431,-1.0,-470.491270431,-1,-470.491270431,0,0.0,0.0,0.0,1.0,470.491270431,-1.0,-470.491270431,-1.0,-470.491270431,-1.0,-470.491270431,1.0,470.491270431,-1.0,-470.491270431,1,470.491270431,0,0.0,0,0.0,-1,-470.491270431,1,470.491270431,1.0,470.491270431,1.0,470.491270431,0,0.0,-1,-470.491270431,1.0,470.491270431,1.0,470.491270431,1.0,470.491270431,1.0,470.491270431
20170602,@USU7,1.0,0.00976999796458,155031.25,rates,1496436269,1.0,0.0,0.0,1.0,0.0,1.0,0.0,1,0.0,-1.0,-0.0,-1.0,-0.0,-1.0,-0.0,-1.0,-0.0,-1.0,-0.0,-1.0,-0.0,-1.0,-0.0,0,0.0,1,0.0,1,0.0,0,0.0,-1.0,-0.0,-1.0,-0.0,0.0,0.0,-1.0,-0.0,1.0,0.0,0,0.0,1.0,0.0,-1.0,-0.0,1,0.0,1,0.0,0.0,0.0,1.0,0.0,-1.0,-0.0,1.0,0.0,1.0,0.0,1.0,0.0,-1.0,-0.0,1.0,0.0,-1,-0.0,-1.0,-0.0,1,0.0,-1.0,-0.0,1.0,0.0,1.0,0.0,1.0,0.0,-1.0,-0.0,0.0,0.0,0.0,0.0,1.0,0.0,1.0,0.0,-1.0,-0.0,1.0,0.0,-1,-0.0,-1,-0.0,-1.0,-0.0,-1.0,-0.0,1.0,0.0,0.0,0.0,-1.0,-0.0,1.0,0.0,1.0,0.0,1.0,0.0,1.0,0.0,-1,-0.0,0,0.0,1.0,0.0,0,0.0,-1.0,-0.0,-1.0,-0.0,-1,-0.0,1.0,0.0,-1.0,-0.0,-1,-0.0,-1,-0.0,0.0,0.0,1.0,0.0,-1.0,-0.0,-1.0,-0.0,-1.0,-0.0,-1.0,-0.0,-1.0,-0.0,1,0.0,0,0.0,0,0.0,-1,-0.0,1,0.0,1.0,0.0,1.0,0.0,0,0.0,-1,-0.0,1.0,0.0,1.0,0.0,1.0,0.0,1.0,0.0
20170602,@WN7,1.0,0.00524475524476,21562.5,grain,1496427163,1.0,113.090034965,113.090034965,0.0,0.0,1.0,113.090034965,-1,-113.090034965,1.0,113.090034965,-1.0,-113.090034965,0.0,0.0,1.0,113.090034965,-1.0,-113.090034965,1.0,113.090034965,-1.0,-113.090034965,-1,-113.090034965,-1,-113.090034965,-1,-113.090034965,-1,-113.090034965,1.0,113.090034965,1.0,113.090034965,0.0,0.0,-1.0,-113.090034965,1.0,113.090034965,0,0.0,-1.0,-113.090034965,-1.0,-113.090034965,-1,-113.090034965,-1,-113.090034965,1.0,113.090034965,-1.0,-113.090034965,1.0,113.090034965,1.0,113.090034965,1.0,113.090034965,0.0,0.0,0.0,0.0,-1.0,-113.090034965,-1,-113.090034965,1.0,113.090034965,-1,-113.090034965,-1.0,-113.090034965,-1.0,-113.090034965,-1.0,-113.090034965,-1.0,-113.090034965,-1.0,-113.090034965,0.0,0.0,0.0,0.0,1.0,113.090034965,1.0,113.090034965,-1.0,-113.090034965,1.0,113.090034965,-1,-113.090034965,1,113.090034965,1.0,113.090034965,1.0,113.090034965,1.0,113.090034965,0.0,0.0,-1.0,-113.090034965,-1.0,-113.090034965,-1.0,-113.090034965,1.0,113.090034965,1.0,113.090034965,-1,-113.090034965,0,0.0,-1.0,-113.090034965,0,0.0,-1.0,-113.090034965,-1.0,-113.090034965,-1,-113.090034965,1.0,113.090034965,0.0,0.0,1,113.090034965,1,113.090034965,-1.0,-113.090034965,-1.0,-113.090034965,1.0,113.090034965,1.0,113.090034965,1.0,113.090034965,1.0,113.090034965,-1.0,-113.090034965,1,113.090034965,0,0.0,1,113.090034965,1,113.090034965,1,113.090034965,-1.0,-113.090034965,1.0,113.090034965,1,113.090034965,1,113.090034965,1.0,113.090034965,0.0,0.0,-1.0,-113.090034965,1.0,113.090034965
20170602,@YMM7,1.0,0.00326519023282,106005.0,index,1496436269,1.0,0.0,0.0,0.0,0.0,1.0,0.0,-1,-0.0,-1.0,-0.0,-1.0,-0.0,0.0,0.0,-1.0,-0.0,1.0,0.0,-1.0,-0.0,1.0,0.0,-1,-0.0,-1,-0.0,-1,-0.0,-1,-0.0,-1.0,-0.0,-1.0,-0.0,-1.0,-0.0,-1.0,-0.0,1.0,0.0,0,0.0,-1.0,-0.0,-1.0,-0.0,-1,-0.0,0,0.0,1.0,0.0,1.0,0.0,1.0,0.0,1.0,0.0,-1.0,-0.0,0.0,0.0,0.0,0.0,1.0,0.0,-1,-0.0,1.0,0.0,1,0.0,1.0,0.0,0.0,0.0,-1.0,-0.0,1.0,0.0,1.0,0.0,1.0,0.0,-1.0,-0.0,1.0,0.0,-1.0,-0.0,-1.0,-0.0,1.0,0.0,-1,-0.0,1,0.0,0.0,0.0,1.0,0.0,-1.0,-0.0,1.0,0.0,1.0,0.0,-1.0,-0.0,-1.0,-0.0,1.0,0.0,-1.0,-0.0,1,0.0,0,0.0,-1.0,-0.0,0,0.0,-1.0,-0.0,1.0,0.0,-1,-0.0,1.0,0.0,0.0,0.0,1,0.0,0,0.0,-1.0,-0.0,-1.0,-0.0,1.0,0.0,1.0,0.0,1.0,0.0,-1.0,-0.0,1.0,0.0,-1,-0.0,0,0.0,1,0.0,1,0.0,-1,-0.0,1.0,0.0,-1.0,-0.0,1,0.0,1,0.0,1.0,0.0,0.0,0.0,1.0,0.0,-1.0,-0.0
20170602,@ADM7,1.0,0.00935847009358,74420.0,currency,1496436269,1.0,0.0,0.0,-1.0,-0.0,-1.0,-0.0,1,0.0,1.0,0.0,-1.0,-0.0,1.0,0.0,1.0,0.0,1.0,0.0,1.0,0.0,1.0,0.0,0,0.0,1,0.0,-1,-0.0,0,0.0,1.0,0.0,1.0,0.0,0.0,0.0,-1.0,-0.0,1.0,0.0,0,0.0,1.0,0.0,-1.0,-0.0,-1,-0.0,-1,-0.0,0.0,0.0,-1.0,-0.0,-1.0,-0.0,1.0,0.0,-1.0,-0.0,-1.0,-0.0,1.0,0.0,-1.0,-0.0,-1,-0.0,1.0,0.0,-1,-0.0,-1.0,-0.0,-1.0,-0.0,-1.0,-0.0,-1.0,-0.0,-1.0,-0.0,0.0,0.0,0.0,0.0,1.0,0.0,1.0,0.0,-1.0,-0.0,1.0,0.0,1,0.0,-1,-0.0,1.0,0.0,1.0,0.0,1.0,0.0,0.0,0.0,-1.0,-0.0,-1.0,-0.0,0.0,0.0,1.0,0.0,1.0,0.0,1,0.0,1,0.0,1.0,0.0,0,0.0,-1.0,-0.0,1.0,0.0,1,0.0,-1.0,-0.0,1.0,0.0,1,0.0,1,0.0,0.0,0.0,1.0,0.0,-1.0,-0.0,1.0,0.0,0.0,0.0,1.0,0.0,-1.0,-0.0,-1,-0.0,-1,-0.0,0,0.0,-1,-0.0,1,0.0,-1.0,-0.0,-1.0,-0.0,0,0.0,-1,-0.0,1.0,0.0,-1.0,-0.0,-1.0,-0.0,-1.0,-0.0
20170602,@PXM7,-1.0,-0.00596236258617,26675.0,currency,1496436269,1.0,-0.0,0.0,-1.0,0.0,-1.0,0.0,-1,0.0,1.0,-0.0,1.0,-0.0,1.0,-0.0,1.0,-0.0,1.0,-0.0,1.0,-0.0,1.0,-0.0,0,-0.0,-1,0.0,-1,0.0,0,-0.0,1.0,-0.0,1.0,-0.0,0.0,-0.0,1.0,-0.0,-1.0,0.0,0,-0.0,-1.0,0.0,1.0,-0.0,-1,0.0,-1,0.0,0.0,-0.0,-1.0,0.0,1.0,-0.0,-1.0,0.0,-1.0,0.0,-1.0,0.0,1.0,-0.0,-1.0,0.0,-1,0.0,1.0,-0.0,-1,0.0,1.0,-0.0,-1.0,0.0,-1.0,0.0,-1.0,0.0,1.0,-0.0,0.0,-0.0,0.0,-0.0,-1.0,0.0,-1.0,0.0,1.0,-0.0,1.0,-0.0,1,-0.0,1,-0.0,1.0,-0.0,1.0,-0.0,-1.0,0.0,0.0,-0.0,1.0,-0.0,-1.0,0.0,-1.0,0.0,-1.0,0.0,-1.0,0.0,1,-0.0,0,-0.0,-1.0,0.0,0,-0.0,1.0,-0.0,1.0,-0.0,1,-0.0,-1.0,0.0,1.0,-0.0,1,-0.0,1,-0.0,0.0,-0.0,-1.0,0.0,1.0,-0.0,1.0,-0.0,1.0,-0.0,1.0,-0.0,1.0,-0.0,-1,0.0,0,-0.0,0,-0.0,1,-0.0,-1,0.0,-1.0,0.0,-1.0,0.0,0,-0.0,1,-0.0,-1.0,0.0,-1.0,0.0,-1.0,0.0,-1.0,0.0
20170605,@YMM7,-1.0,-0.00113191529501,105895.0,index,1496695540,1.0,-0.0,0.0,0.0,-0.0,1.0,-0.0,-1,0.0,-1.0,0.0,-1.0,0.0,0.0,-0.0,-1.0,0.0,1.0,-0.0,-1.0,0.0,1.0,-0.0,-1,0.0,-1,0.0,-1,0.0,-1,0.0,-1.0,0.0,-1.0,0.0,-1.0,0.0,-1.0,0.0,1.0,-0.0,0,-0.0,-1.0,0.0,-1.0,0.0,-1,0.0,0,-0.0,1.0,-0.0,1.0,-0.0,1.0,-0.0,1.0,-0.0,-1.0,0.0,0.0,-0.0,0.0,-0.0,1.0,-0.0,-1,0.0,1.0,-0.0,1,-0.0,1.0,-0.0,0.0,-0.0,-1.0,0.0,1.0,-0.0,1.0,-0.0,1.0,-0.0,-1.0,0.0,1.0,-0.0,-1.0,0.0,-1.0,0.0,1.0,-0.0,-1,0.0,1,-0.0,0.0,-0.0,1.0,-0.0,-1.0,0.0,1.0,-0.0,1.0,-0.0,-1.0,0.0,-1.0,0.0,1.0,-0.0,-1.0,0.0,1,-0.0,0,-0.0,-1.0,0.0,0,-0.0,-1.0,0.0,1.0,-0.0,-1,0.0,1.0,-0.0,0.0,-0.0,1,-0.0,0,-0.0,-1.0,0.0,-1.0,0.0,1.0,-0.0,1.0,-0.0,1.0,-0.0,-1.0,0.0,1.0,-0.0,-1,0.0,0,-0.0,1,-0.0,1,-0.0,-1,0.0,1.0,-0.0,-1.0,0.0,1,-0.0,1,-0.0,1.0,-0.0,0.0,-0.0,1.0,-0.0,-1.0,0.0
20170605,@BON7,1.0,0.00677200902935,18732.0,grain,1496686454,1.0,0.0,0.0,-1.0,-0.0,-1.0,-0.0,1,0.0,1.0,0.0,-1.0,-0.0,1.0,0.0,1.0,0.0,1.0,0.0,1.0,0.0,1.0,0.0,0,0.0,1,0.0,-1,-0.0,0,0.0,1.0,0.0,1.0,0.0,0.0,0.0,-1.0,-0.0,1.0,0.0,0,0.0,-1.0,-0.0,-1.0,-0.0,-1,-0.0,-1,-0.0,0.0,0.0,-1.0,-0.0,-1.0,-0.0,1.0,0.0,-1.0,-0.0,-1.0,-0.0,1.0,0.0,-1.0,-0.0,-1,-0.0,1.0,0.0,-1,-0.0,-1.0,-0.0,-1.0,-0.0,-1.0,-0.0,-1.0,-0.0,-1.0,-0.0,0.0,0.0,0.0,0.0,1.0,0.0,1.0,0.0,-1.0,-0.0,1.0,0.0,1,0.0,1,0.0,1.0,0.0,1.0,0.0,1.0,0.0,0.0,0.0,-1.0,-0.0,-1.0,-0.0,-1.0,-0.0,1.0,0.0,1.0,0.0,-1,-0.0,0,0.0,1.0,0.0,0,0.0,-1.0,-0.0,1.0,0.0,1,0.0,-1.0,-0.0,1.0,0.0,1,0.0,1,0.0,0.0,0.0,-1.0,-0.0,1.0,0.0,1.0,0.0,1.0,0.0,1.0,0.0,-1.0,-0.0,1,0.0,0,0.0,0,0.0,-1,-0.0,1,0.0,-1.0,-0.0,-1.0,-0.0,0,0.0,-1,-0.0,1.0,0.0,-1.0,-0.0,-1.0,-0.0,-1.0,-0.0
20170605,@CN7,1.0,0.00134138162307,18662.5,grain,1496686454,1.0,25.0335345406,25.0335345406,0.0,0.0,1.0,25.0335345406,-1,-25.0335345406,1.0,25.0335345406,-1.0,-25.0335345406,0.0,0.0,-1.0,-25.0335345406,1.0,25.0335345406,-1.0,-25.0335345406,1.0,25.0335345406,-1,-25.0335345406,-1,-25.0335345406,-1,-25.0335345406,-1,-25.0335345406,-1.0,-25.0335345406,1.0,25.0335345406,0.0,0.0,1.0,25.0335345406,-1.0,-25.0335345406,0,0.0,-1.0,-25.0335345406,-1.0,-25.0335345406,-1,-25.0335345406,-1,-25.0335345406,1.0,25.0335345406,-1.0,-25.0335345406,1.0,25.0335345406,1.0,25.0335345406,-1.0,-25.0335345406,0.0,0.0,0.0,0.0,1.0,25.0335345406,-1,-25.0335345406,1.0,25.0335345406,-1,-25.0335345406,1.0,25.0335345406,-1.0,-25.0335345406,-1.0,-25.0335345406,-1.0,-25.0335345406,1.0,25.0335345406,0.0,0.0,0.0,0.0,-1.0,-25.0335345406,-1.0,-25.0335345406,1.0,25.0335345406,1.0,25.0335345406,-1,-25.0335345406,1,25.0335345406,1.0,25.0335345406,1.0,25.0335345406,-1.0,-25.0335345406,0.0,0.0,1.0,25.0335345406,-1.0,-25.0335345406,-1.0,-25.0335345406,1.0,25.0335345406,-1.0,-25.0335345406,1,25.0335345406,0,0.0,-1.0,-25.0335345406,0,0.0,-1.0,-25.0335345406,1.0,25.0335345406,-1,-25.0335345406,1.0,25.0335345406,0.0,0.0,1,25.0335345406,1,25.0335345406,-1.0,-25.0335345406,-1.0,-25.0335345406,1.0,25.0335345406,1.0,25.0335345406,1.0,25.0335345406,1.0,25.0335345406,1.0,25.0335345406,-1,-25.0335345406,0,0.0,1,25.0335345406,1,25.0335345406,-1,-25.0335345406,1.0,25.0335345406,-1.0,-25.0335345406,1,25.0335345406,1,25.0335345406,1.0,25.0335345406,0.0,0.0,1.0,25.0335345406,-1.0,-25.0335345406
20170605,@CDM7,1.0,0.00148397976391,74235.0,currency,1496695540,1.0,0.0,0.0,-1.0,-0.0,-1.0,-0.0,-1,-0.0,-1.0,-0.0,1.0,0.0,1.0,0.0,1.0,0.0,1.0,0.0,1.0,0.0,1.0,0.0,0,0.0,-1,-0.0,-1,-0.0,0,0.0,1.0,0.0,-1.0,-0.0,-1.0,-0.0,-1.0,-0.0,1.0,0.0,0,0.0,-1.0,-0.0,1.0,0.0,-1,-0.0,0,0.0,0.0,0.0,1.0,0.0,1.0,0.0,-1.0,-0.0,-1.0,-0.0,-1.0,-0.0,1.0,0.0,-1.0,-0.0,-1,-0.0,1.0,0.0,1,0.0,1.0,0.0,0.0,0.0,-1.0,-0.0,1.0,0.0,1.0,0.0,1.0,0.0,-1.0,-0.0,1.0,0.0,-1.0,-0.0,-1.0,-0.0,1.0,0.0,1,0.0,-1,-0.0,0.0,0.0,1.0,0.0,-1.0,-0.0,1.0,0.0,1.0,0.0,1.0,0.0,0.0,0.0,-1.0,-0.0,1.0,0.0,1,0.0,1,0.0,-1.0,-0.0,0,0.0,1.0,0.0,1.0,0.0,1,0.0,-1.0,-0.0,1.0,0.0,1,0.0,0,0.0,0.0,0.0,1.0,0.0,1.0,0.0,-1.0,-0.0,0.0,0.0,-1.0,-0.0,-1.0,-0.0,-1,-0.0,-1,-0.0,0,0.0,1,0.0,-1,-0.0,-1.0,-0.0,-1.0,-0.0,0,0.0,1,0.0,-1.0,-0.0,-1.0,-0.0,-1.0,-0.0,-1.0,-0.0
20170605,QCLN7,-1.0,-0.00671422576584,47340.0,energy,1496695540,1.0,-317.851447755,317.851447755,-1.0,317.851447755,-1.0,317.851447755,1,-317.851447755,1.0,-317.851447755,-1.0,317.851447755,1.0,-317.851447755,1.0,-317.851447755,1.0,-317.851447755,1.0,-317.851447755,1.0,-317.851447755,0,-0.0,1,-317.851447755,-1,317.851447755,0,-0.0,1.0,-317.851447755,1.0,-317.851447755,0.0,-0.0,-1.0,317.851447755,1.0,-317.851447755,0,-0.0,-1.0,317.851447755,-1.0,317.851447755,-1,317.851447755,-1,317.851447755,0.0,-0.0,-1.0,317.851447755,-1.0,317.851447755,1.0,-317.851447755,-1.0,317.851447755,-1.0,317.851447755,1.0,-317.851447755,-1.0,317.851447755,-1,317.851447755,1.0,-317.851447755,-1,317.851447755,-1.0,317.851447755,-1.0,317.851447755,-1.0,317.851447755,-1.0,317.851447755,-1.0,317.851447755,0.0,-0.0,0.0,-0.0,1.0,-317.851447755,1.0,-317.851447755,-1.0,317.851447755,1.0,-317.851447755,1,-317.851447755,1,-317.851447755,1.0,-317.851447755,1.0,-317.851447755,1.0,-317.851447755,0.0,-0.0,-1.0,317.851447755,-1.0,317.851447755,-1.0,317.851447755,1.0,-317.851447755,1.0,-317.851447755,-1,317.851447755,0,-0.0,1.0,-317.851447755,0,-0.0,-1.0,317.851447755,1.0,-317.851447755,1,-317.851447755,-1.0,317.851447755,1.0,-317.851447755,1,-317.851447755,1,-317.851447755,0.0,-0.0,-1.0,317.851447755,1.0,-317.851447755,1.0,-317.851447755,1.0,-317.851447755,1.0,-317.851447755,-1.0,317.851447755,1,-317.851447755,0,-0.0,0,-0.0,-1,317.851447755,1,-317.851447755,-1.0,317.851447755,-1.0,317.851447755,0,-0.0,-1,317.851447755,1.0,-317.851447755,-1.0,317.851447755,-1.0,317.851447755,-1.0,317.851447755
20170605,@EUM7,-1.0,-0.00181649018652,140812.5,currency,1496695540,1.0,-255.78452439,255.78452439,0.0,-0.0,-1.0,255.78452439,-1,255.78452439,-1.0,255.78452439,-1.0,255.78452439,1.0,-255.78452439,1.0,-255.78452439,1.0,-255.78452439,-1.0,255.78452439,1.0,-255.78452439,-1,255.78452439,-1,255.78452439,-1,255.78452439,0,-0.0,-1.0,255.78452439,-1.0,255.78452439,-1.0,255.78452439,-1.0,255.78452439,1.0,-255.78452439,0,-0.0,-1.0,255.78452439,1.0,-255.78452439,-1,255.78452439,0,-0.0,1.0,-255.78452439,1.0,-255.78452439,1.0,-255.78452439,1.0,-255.78452439,-1.0,255.78452439,0.0,-0.0,0.0,-0.0,1.0,-255.78452439,-1,255.78452439,1.0,-255.78452439,1,-255.78452439,1.0,-255.78452439,0.0,-0.0,-1.0,255.78452439,1.0,-255.78452439,1.0,-255.78452439,1.0,-255.78452439,-1.0,255.78452439,1.0,-255.78452439,-1.0,255.78452439,-1.0,255.78452439,1.0,-255.78452439,-1,255.78452439,-1,255.78452439,0.0,-0.0,1.0,-255.78452439,-1.0,255.78452439,1.0,-255.78452439,1.0,-255.78452439,1.0,-255.78452439,0.0,-0.0,-1.0,255.78452439,1.0,-255.78452439,1,-255.78452439,1,-255.78452439,-1.0,255.78452439,0,-0.0,-1.0,255.78452439,1.0,-255.78452439,1,-255.78452439,1.0,-255.78452439,0.0,-0.0,1,-255.78452439,0,-0.0,-1.0,255.78452439,1.0,-255.78452439,1.0,-255.78452439,-1.0,255.78452439,0.0,-0.0,-1.0,255.78452439,-1.0,255.78452439,-1,255.78452439,-1,255.78452439,0,-0.0,1,-255.78452439,-1,255.78452439,1.0,-255.78452439,-1.0,255.78452439,1,-255.78452439,1,-255.78452439,1.0,-255.78452439,-1.0,255.78452439,-1.0,255.78452439,-1.0,255.78452439
20170605,@EMDM7,-1.0,-0.00468812532159,174090.0,index,1496695540,1.0,-816.155737236,816.155737236,0.0,-0.0,1.0,-816.155737236,-1,816.155737236,1.0,-816.155737236,-1.0,816.155737236,0.0,-0.0,-1.0,816.155737236,1.0,-816.155737236,-1.0,816.155737236,1.0,-816.155737236,-1,816.155737236,-1,816.155737236,-1,816.155737236,-1,816.155737236,-1.0,816.155737236,1.0,-816.155737236,0.0,-0.0,1.0,-816.155737236,-1.0,816.155737236,0,-0.0,-1.0,816.155737236,-1.0,816.155737236,-1,816.155737236,-1,816.155737236,1.0,-816.155737236,-1.0,816.155737236,1.0,-816.155737236,1.0,-816.155737236,-1.0,816.155737236,0.0,-0.0,0.0,-0.0,1.0,-816.155737236,-1,816.155737236,1.0,-816.155737236,-1,816.155737236,1.0,-816.155737236,-1.0,816.155737236,-1.0,816.155737236,-1.0,816.155737236,1.0,-816.155737236,0.0,-0.0,0.0,-0.0,-1.0,816.155737236,-1.0,816.155737236,1.0,-816.155737236,1.0,-816.155737236,-1,816.155737236,1,-816.155737236,1.0,-816.155737236,1.0,-816.155737236,-1.0,816.155737236,0.0,-0.0,1.0,-816.155737236,-1.0,816.155737236,-1.0,816.155737236,1.0,-816.155737236,-1.0,816.155737236,1,-816.155737236,0,-0.0,-1.0,816.155737236,0,-0.0,-1.0,816.155737236,1.0,-816.155737236,-1,816.155737236,1.0,-816.155737236,0.0,-0.0,1,-816.155737236,1,-816.155737236,-1.0,816.155737236,-1.0,816.155737236,1.0,-816.155737236,1.0,-816.155737236,1.0,-816.155737236,1.0,-816.155737236,1.0,-816.155737236,-1,816.155737236,0,-0.0,1,-816.155737236,1,-816.155737236,-1,816.155737236,1.0,-816.155737236,-1.0,816.155737236,1,-816.155737236,1,-816.155737236,1.0,-816.155737236,0.0,-0.0,1.0,-816.155737236,-1.0,816.155737236
20170605,@ESM7,-1.0,-0.00133319659522,121725.0,index,1496695540,1.0,-162.283355553,162.283355553,0.0,-0.0,1.0,-162.283355553,-1,162.283355553,-1.0,162.283355553,-1.0,162.283355553,0.0,-0.0,-1.0,162.283355553,1.0,-162.283355553,-1.0,162.283355553,1.0,-162.283355553,-1,162.283355553,-1,162.283355553,-1,162.283355553,-1,162.283355553,-1.0,162.283355553,-1.0,162.283355553,-1.0,162.283355553,-1.0,162.283355553,1.0,-162.283355553,1,-133.319659522,-1.0,162.283355553,-1.0,162.283355553,-1,162.283355553,0,-0.0,1.0,-162.283355553,1.0,-162.283355553,1.0,-162.283355553,1.0,-162.283355553,-1.0,162.283355553,0.0,-0.0,0.0,-0.0,1.0,-162.283355553,-1,162.283355553,1.0,-162.283355553,1,-162.283355553,1.0,-162.283355553,0.0,-0.0,-1.0,162.283355553,1.0,-162.283355553,1.0,-162.283355553,1.0,-162.283355553,-1.0,162.283355553,1.0,-162.283355553,-1.0,162.283355553,-1.0,162.283355553,1.0,-162.283355553,-1,162.283355553,1,-162.283355553,0.0,-0.0,1.0,-162.283355553,-1.0,162.283355553,1.0,-162.283355553,1.0,-162.283355553,-1.0,162.283355553,-1.0,162.283355553,1.0,-162.283355553,-1.0,162.283355553,1,-162.283355553,0,-0.0,-1.0,162.283355553,0,-0.0,-1.0,162.283355553,1.0,-162.283355553,-1,162.283355553,1.0,-162.283355553,0.0,-0.0,1,-162.283355553,0,-0.0,-1.0,162.283355553,-1.0,162.283355553,1.0,-162.283355553,1.0,-162.283355553,1.0,-162.283355553,-1.0,162.283355553,1.0,-162.283355553,-1,162.283355553,0,-0.0,1,-162.283355553,1,-162.283355553,-1,162.283355553,1.0,-162.283355553,-1.0,162.283355553,1,-162.283355553,1,-162.283355553,1.0,-162.283355553,0.0,-0.0,1.0,-162.283355553,-1.0,162.283355553
20170605,@GFQ7,1.0,0.00913529689715,80087.5,meat,1496685681,1.0,0.0,0.0,-1.0,-0.0,-1.0,-0.0,-1,-0.0,1.0,0.0,1.0,0.0,1.0,0.0,1.0,0.0,1.0,0.0,1.0,0.0,1.0,0.0,0,0.0,-1,-0.0,-1,-0.0,0,0.0,1.0,0.0,1.0,0.0,0.0,0.0,1.0,0.0,-1.0,-0.0,0,0.0,-1.0,-0.0,1.0,0.0,-1,-0.0,-1,-0.0,0.0,0.0,-1.0,-0.0,1.0,0.0,-1.0,-0.0,-1.0,-0.0,-1.0,-0.0,1.0,0.0,-1.0,-0.0,1,0.0,1.0,0.0,-1,-0.0,1.0,0.0,-1.0,-0.0,-1.0,-0.0,-1.0,-0.0,1.0,0.0,0.0,0.0,0.0,0.0,-1.0,-0.0,-1.0,-0.0,1.0,0.0,-1.0,-0.0,1,0.0,-1,-0.0,1.0,0.0,1.0,0.0,-1.0,-0.0,0.0,0.0,1.0,0.0,1.0,0.0,0.0,0.0,-1.0,-0.0,1.0,0.0,1,0.0,1,0.0,-1.0,-0.0,0,0.0,1.0,0.0,1.0,0.0,1,0.0,-1.0,-0.0,1.0,0.0,1,0.0,1,0.0,0.0,0.0,1.0,0.0,1.0,0.0,-1.0,-0.0,0.0,0.0,1.0,0.0,-1.0,-0.0,-1,-0.0,-1,-0.0,0,0.0,1,0.0,-1,-0.0,-1.0,-0.0,-1.0,-0.0,0,0.0,1,0.0,-1.0,-0.0,-1.0,-0.0,-1.0,-0.0,-1.0,-0.0
20170605,@FVU7,-1.0,-0.000857293590082,118367.1875,rates,1496695540,2.0,-0.0,0.0,1.0,-0.0,1.0,-0.0,-1,0.0,-1.0,0.0,1.0,-0.0,-1.0,0.0,-1.0,0.0,-1.0,0.0,-1.0,0.0,-1.0,0.0,0,-0.0,-1,0.0,1,-0.0,0,-0.0,-1.0,0.0,-1.0,0.0,0.0,-0.0,1.0,-0.0,-1.0,0.0,0,-0.0,1.0,-0.0,1.0,-0.0,1,-0.0,1,-0.0,0.0,-0.0,1.0,-0.0,1.0,-0.0,-1.0,0.0,1.0,-0.0,1.0,-0.0,-1.0,0.0,1.0,-0.0,-1,0.0,-1.0,0.0,1,-0.0,1.0,-0.0,1.0,-0.0,1.0,-0.0,1.0,-0.0,1.0,-0.0,0.0,-0.0,0.0,-0.0,-1.0,0.0,-1.0,0.0,1.0,-0.0,1.0,-0.0,-1,0.0,-1,0.0,-1.0,0.0,-1.0,0.0,-1.0,0.0,0.0,-0.0,1.0,-0.0,1.0,-0.0,1.0,-0.0,-1.0,0.0,-1.0,0.0,1,-0.0,0,-0.0,-1.0,0.0,0,-0.0,1.0,-0.0,-1.0,0.0,-1,0.0,1.0,-0.0,-1.0,0.0,-1,0.0,-1,0.0,0.0,-0.0,1.0,-0.0,-1.0,0.0,-1.0,0.0,-1.0,0.0,-1.0,0.0,1.0,-0.0,-1,0.0,0,-0.0,0,-0.0,1,-0.0,-1,0.0,1.0,-0.0,1.0,-0.0,0,-0.0,1,-0.0,-1.0,0.0,1.0,-0.0,1.0,-0.0,1.0,-0.0
20170605,QGCQ7,1.0,0.00117169192314,128170.0,metal,1496695540,1.0,0.0,0.0,1.0,0.0,1.0,0.0,-1,-0.0,-1.0,-0.0,1.0,0.0,-1.0,-0.0,-1.0,-0.0,-1.0,-0.0,-1.0,-0.0,-1.0,-0.0,0,0.0,-1,-0.0,1,0.0,0,0.0,-1.0,-0.0,-1.0,-0.0,0.0,0.0,1.0,0.0,-1.0,-0.0,0,0.0,-1.0,-0.0,1.0,0.0,1,0.0,1,0.0,0.0,0.0,1.0,0.0,1.0,0.0,-1.0,-0.0,1.0,0.0,1.0,0.0,-1.0,-0.0,1.0,0.0,-1,-0.0,-1.0,-0.0,1,0.0,1.0,0.0,1.0,0.0,1.0,0.0,1.0,0.0,1.0,0.0,0.0,0.0,0.0,0.0,-1.0,-0.0,-1.0,-0.0,1.0,0.0,1.0,0.0,-1,-0.0,1,0.0,-1.0,-0.0,-1.0,-0.0,-1.0,-0.0,0.0,0.0,1.0,0.0,1.0,0.0,0.0,0.0,-1.0,-0.0,-1.0,-0.0,-1,-0.0,-1,-0.0,-1.0,-0.0,0,0.0,1.0,0.0,-1.0,-0.0,-1,-0.0,1.0,0.0,-1.0,-0.0,-1,-0.0,-1,-0.0,0.0,0.0,-1.0,-0.0,1.0,0.0,-1.0,-0.0,0.0,0.0,-1.0,-0.0,1.0,0.0,1,0.0,1,0.0,0,0.0,1,0.0,-1,-0.0,1.0,0.0,1.0,0.0,0,0.0,1,0.0,-1.0,-0.0,1.0,0.0,1.0,0.0,1.0,0.0
20170605,QHGN7,-1.0,-0.00563216158477,64000.0,metal,1496695540,1.0,-360.458341426,360.458341426,0.0,-0.0,1.0,-360.458341426,-1,360.458341426,-1.0,360.458341426,-1.0,360.458341426,0.0,-0.0,1.0,-360.458341426,-1.0,360.458341426,1.0,-360.458341426,-1.0,360.458341426,-1,360.458341426,-1,360.458341426,-1,360.458341426,-1,360.458341426,1.0,-360.458341426,1.0,-360.458341426,-1.0,360.458341426,-1.0,360.458341426,1.0,-360.458341426,0,-0.0,-1.0,360.458341426,-1.0,360.458341426,1,-360.458341426,0,-0.0,1.0,-360.458341426,-1.0,360.458341426,1.0,-360.458341426,1.0,-360.458341426,1.0,-360.458341426,0.0,-0.0,0.0,-0.0,-1.0,360.458341426,-1,360.458341426,1.0,-360.458341426,1,-360.458341426,-1.0,360.458341426,0.0,-0.0,1.0,-360.458341426,-1.0,360.458341426,1.0,-360.458341426,1.0,-360.458341426,-1.0,360.458341426,1.0,-360.458341426,-1.0,360.458341426,-1.0,360.458341426,1.0,-360.458341426,-1,360.458341426,1,-360.458341426,0.0,-0.0,-1.0,360.458341426,-1.0,360.458341426,1.0,-360.458341426,1.0,-360.458341426,-1.0,360.458341426,-1.0,360.458341426,1.0,-360.458341426,1.0,-360.458341426,-1,360.458341426,0,-0.0,-1.0,360.458341426,0,-0.0,-1.0,360.458341426,-1.0,360.458341426,-1,360.458341426,1.0,-360.458341426,0.0,-0.0,-1,360.458341426,0,-0.0,-1.0,360.458341426,-1.0,360.458341426,1.0,-360.458341426,1.0,-360.458341426,1.0,-360.458341426,1.0,-360.458341426,-1.0,360.458341426,1,-360.458341426,0,-0.0,1,-360.458341426,1,-360.458341426,1,-360.458341426,-1.0,360.458341426,1.0,-360.458341426,1,-360.458341426,1,-360.458341426,1.0,-360.458341426,0.0,-0.0,-1.0,360.458341426,1.0,-360.458341426
20170605,QHON7,-1.0,-0.0173087284483,61282.2,energy,1496695540,1.0,-0.0,0.0,-1.0,0.0,1.0,-0.0,-1,0.0,1.0,-0.0,-1.0,0.0,0.0,-0.0,1.0,-0.0,-1.0,0.0,1.0,-0.0,1.0,-0.0,0,-0.0,1,-0.0,-1,0.0,-1,0.0,1.0,-0.0,1.0,-0.0,0.0,-0.0,-1.0,0.0,1.0,-0.0,0,-0.0,-1.0,0.0,-1.0,0.0,-1,0.0,-1,0.0,0.0,-0.0,-1.0,0.0,-1.0,0.0,1.0,-0.0,-1.0,0.0,-1.0,0.0,1.0,-0.0,-1.0,0.0,-1,0.0,1.0,-0.0,-1,0.0,-1.0,0.0,-1.0,0.0,-1.0,0.0,-1.0,0.0,-1.0,0.0,0.0,-0.0,0.0,-0.0,1.0,-0.0,1.0,-0.0,-1.0,0.0,1.0,-0.0,1,-0.0,1,-0.0,1.0,-0.0,1.0,-0.0,1.0,-0.0,0.0,-0.0,-1.0,0.0,-1.0,0.0,-1.0,0.0,1.0,-0.0,1.0,-0.0,-1,0.0,0,-0.0,1.0,-0.0,0,-0.0,-1.0,0.0,1.0,-0.0,-1,0.0,-1.0,0.0,1.0,-0.0,1,-0.0,1,-0.0,0.0,-0.0,-1.0,0.0,1.0,-0.0,1.0,-0.0,1.0,-0.0,1.0,-0.0,-1.0,0.0,1,-0.0,0,-0.0,1,-0.0,1,-0.0,1,-0.0,-1.0,0.0,-1.0,0.0,0,-0.0,-1,0.0,1.0,-0.0,0.0,-0.0,-1.0,0.0,1.0,-0.0
20170605,@JYM7,1.0,5.5208965936e-05,113212.5,currency,1496695540,1.0,6.25034505603,6.25034505603,1.0,6.25034505603,1.0,6.25034505603,-1,-6.25034505603,-1.0,-6.25034505603,1.0,6.25034505603,-1.0,-6.25034505603,-1.0,-6.25034505603,-1.0,-6.25034505603,-1.0,-6.25034505603,-1.0,-6.25034505603,0,0.0,-1,-6.25034505603,1,6.25034505603,0,0.0,-1.0,-6.25034505603,-1.0,-6.25034505603,0.0,0.0,1.0,6.25034505603,-1.0,-6.25034505603,0,0.0,1.0,6.25034505603,1.0,6.25034505603,1,6.25034505603,1,6.25034505603,0.0,0.0,1.0,6.25034505603,1.0,6.25034505603,-1.0,-6.25034505603,1.0,6.25034505603,1.0,6.25034505603,-1.0,-6.25034505603,1.0,6.25034505603,-1,-6.25034505603,-1.0,-6.25034505603,1,6.25034505603,1.0,6.25034505603,1.0,6.25034505603,1.0,6.25034505603,1.0,6.25034505603,1.0,6.25034505603,0.0,0.0,0.0,0.0,-1.0,-6.25034505603,-1.0,-6.25034505603,1.0,6.25034505603,1.0,6.25034505603,-1,-6.25034505603,-1,-6.25034505603,-1.0,-6.25034505603,-1.0,-6.25034505603,-1.0,-6.25034505603,0.0,0.0,1.0,6.25034505603,1.0,6.25034505603,1.0,6.25034505603,-1.0,-6.25034505603,-1.0,-6.25034505603,1,6.25034505603,0,0.0,-1.0,-6.25034505603,0,0.0,1.0,6.25034505603,-1.0,-6.25034505603,-1,-6.25034505603,1.0,6.25034505603,-1.0,-6.25034505603,-1,-6.25034505603,-1,-6.25034505603,0.0,0.0,1.0,6.25034505603,-1.0,-6.25034505603,-1.0,-6.25034505603,-1.0,-6.25034505603,-1.0,-6.25034505603,1.0,6.25034505603,-1,-6.25034505603,0,0.0,0,0.0,1,6.25034505603,-1,-6.25034505603,1.0,6.25034505603,1.0,6.25034505603,0,0.0,1,6.25034505603,-1.0,-6.25034505603,1.0,6.25034505603,1.0,6.25034505603,1.0,6.25034505603
20170605,@LEQ7,1.0,0.00515668385561,50680.0,meat,1496685681,1.0,0.0,0.0,0.0,0.0,1.0,0.0,-1,-0.0,-1.0,-0.0,-1.0,-0.0,0.0,0.0,-1.0,-0.0,1.0,0.0,-1.0,-0.0,1.0,0.0,-1,-0.0,-1,-0.0,-1,-0.0,-1,-0.0,-1.0,-0.0,-1.0,-0.0,-1.0,-0.0,-1.0,-0.0,1.0,0.0,0,0.0,-1.0,-0.0,-1.0,-0.0,-1,-0.0,0,0.0,1.0,0.0,1.0,0.0,1.0,0.0,1.0,0.0,-1.0,-0.0,0.0,0.0,0.0,0.0,1.0,0.0,1,0.0,1.0,0.0,1,0.0,1.0,0.0,0.0,0.0,-1.0,-0.0,1.0,0.0,1.0,0.0,1.0,0.0,-1.0,-0.0,1.0,0.0,-1.0,-0.0,-1.0,-0.0,-1.0,-0.0,-1,-0.0,-1,-0.0,0.0,0.0,1.0,0.0,-1.0,-0.0,1.0,0.0,1.0,0.0,1.0,0.0,0.0,0.0,1.0,0.0,1.0,0.0,1,0.0,1,0.0,-1.0,-0.0,0,0.0,-1.0,-0.0,1.0,0.0,-1,-0.0,1.0,0.0,0.0,0.0,1,0.0,0,0.0,-1.0,-0.0,1.0,0.0,1.0,0.0,-1.0,-0.0,0.0,0.0,-1.0,-0.0,-1.0,-0.0,-1,-0.0,-1,-0.0,1,0.0,1,0.0,-1,-0.0,1.0,0.0,-1.0,-0.0,1,0.0,1,0.0,1.0,0.0,0.0,0.0,1.0,0.0,-1.0,-0.0
20170605,@HEN7,-1.0,-0.0164684354986,32250.0,meat,1496685681,1.0,-0.0,0.0,0.0,-0.0,1.0,-0.0,-1,0.0,1.0,-0.0,-1.0,0.0,0.0,-0.0,1.0,-0.0,-1.0,0.0,1.0,-0.0,-1.0,0.0,-1,0.0,-1,0.0,-1,0.0,-1,0.0,1.0,-0.0,1.0,-0.0,0.0,-0.0,-1.0,0.0,1.0,-0.0,0,-0.0,1.0,-0.0,-1.0,0.0,-1,0.0,-1,0.0,1.0,-0.0,-1.0,0.0,1.0,-0.0,1.0,-0.0,1.0,-0.0,0.0,-0.0,0.0,-0.0,-1.0,0.0,1,-0.0,1.0,-0.0,-1,0.0,-1.0,0.0,-1.0,0.0,-1.0,0.0,-1.0,0.0,-1.0,0.0,0.0,-0.0,0.0,-0.0,1.0,-0.0,1.0,-0.0,-1.0,0.0,-1.0,0.0,-1,0.0,-1,0.0,1.0,-0.0,1.0,-0.0,1.0,-0.0,0.0,-0.0,-1.0,0.0,-1.0,0.0,0.0,-0.0,1.0,-0.0,1.0,-0.0,1,-0.0,1,-0.0,-1.0,0.0,0,-0.0,-1.0,0.0,-1.0,0.0,-1,0.0,1.0,-0.0,0.0,-0.0,1,-0.0,1,-0.0,-1.0,0.0,1.0,-0.0,-1.0,0.0,1.0,-0.0,0.0,-0.0,1.0,-0.0,-1.0,0.0,-1,0.0,-1,0.0,1,-0.0,1,-0.0,1,-0.0,-1.0,0.0,1.0,-0.0,1,-0.0,1,-0.0,1.0,-0.0,0.0,-0.0,-1.0,0.0,1.0,-0.0
20170605,@BPM7,1.0,0.00194039118286,80681.25,currency,1496695540,1.0,0.0,0.0,-1.0,-0.0,-1.0,-0.0,-1,-0.0,-1.0,-0.0,1.0,0.0,1.0,0.0,1.0,0.0,1.0,0.0,1.0,0.0,1.0,0.0,0,0.0,-1,-0.0,-1,-0.0,0,0.0,1.0,0.0,-1.0,-0.0,-1.0,-0.0,-1.0,-0.0,1.0,0.0,0,0.0,-1.0,-0.0,1.0,0.0,-1,-0.0,0,0.0,0.0,0.0,1.0,0.0,1.0,0.0,-1.0,-0.0,-1.0,-0.0,-1.0,-0.0,1.0,0.0,-1.0,-0.0,-1,-0.0,1.0,0.0,1,0.0,1.0,0.0,0.0,0.0,-1.0,-0.0,1.0,0.0,1.0,0.0,1.0,0.0,-1.0,-0.0,1.0,0.0,-1.0,-0.0,-1.0,-0.0,1.0,0.0,1,0.0,-1,-0.0,0.0,0.0,1.0,0.0,-1.0,-0.0,1.0,0.0,1.0,0.0,1.0,0.0,0.0,0.0,-1.0,-0.0,1.0,0.0,1,0.0,1,0.0,-1.0,-0.0,0,0.0,1.0,0.0,1.0,0.0,1,0.0,-1.0,-0.0,1.0,0.0,1,0.0,0,0.0,0.0,0.0,1.0,0.0,1.0,0.0,-1.0,-0.0,0.0,0.0,-1.0,-0.0,-1.0,-0.0,-1,-0.0,-1,-0.0,0,0.0,1,0.0,-1,-0.0,-1.0,-0.0,-1.0,-0.0,0,0.0,1,0.0,-1.0,-0.0,-1.0,-0.0,-1.0,-0.0,-1.0,-0.0
20170605,@PXM7,1.0,0.0208372442275,27190.0,currency,1496695540,1.0,0.0,0.0,-1.0,-0.0,-1.0,-0.0,1,0.0,1.0,0.0,-1.0,-0.0,1.0,0.0,1.0,0.0,1.0,0.0,1.0,0.0,1.0,0.0,0,0.0,1,0.0,-1,-0.0,0,0.0,1.0,0.0,1.0,0.0,0.0,0.0,-1.0,-0.0,1.0,0.0,0,0.0,-1.0,-0.0,-1.0,-0.0,-1,-0.0,-1,-0.0,0.0,0.0,-1.0,-0.0,-1.0,-0.0,1.0,0.0,-1.0,-0.0,-1.0,-0.0,1.0,0.0,-1.0,-0.0,-1,-0.0,1.0,0.0,-1,-0.0,-1.0,-0.0,-1.0,-0.0,-1.0,-0.0,-1.0,-0.0,-1.0,-0.0,0.0,0.0,0.0,0.0,1.0,0.0,1.0,0.0,-1.0,-0.0,1.0,0.0,1,0.0,1,0.0,1.0,0.0,1.0,0.0,1.0,0.0,0.0,0.0,-1.0,-0.0,-1.0,-0.0,-1.0,-0.0,1.0,0.0,1.0,0.0,-1,-0.0,0,0.0,1.0,0.0,0,0.0,-1.0,-0.0,1.0,0.0,1,0.0,-1.0,-0.0,1.0,0.0,1,0.0,1,0.0,0.0,0.0,-1.0,-0.0,1.0,0.0,1.0,0.0,1.0,0.0,1.0,0.0,-1.0,-0.0,1,0.0,0,0.0,0,0.0,-1,-0.0,1,0.0,-1.0,-0.0,-1.0,-0.0,0,0.0,-1,-0.0,1.0,0.0,-1.0,-0.0,-1.0,-0.0,-1.0,-0.0
20170605,QNGN7,-1.0,-0.00700233411137,29780.0,energy,1496695540,1.0,-208.529509837,208.529509837,-1.0,208.529509837,-1.0,208.529509837,1,-208.529509837,-1.0,208.529509837,-1.0,208.529509837,1.0,-208.529509837,1.0,-208.529509837,1.0,-208.529509837,1.0,-208.529509837,1.0,-208.529509837,0,-0.0,1,-208.529509837,-1,208.529509837,0,-0.0,1.0,-208.529509837,1.0,-208.529509837,-1.0,208.529509837,-1.0,208.529509837,1.0,-208.529509837,0,-0.0,1.0,-208.529509837,-1.0,208.529509837,1,-208.529509837,0,-0.0,0.0,-0.0,-1.0,208.529509837,-1.0,208.529509837,1.0,-208.529509837,-1.0,208.529509837,-1.0,208.529509837,1.0,-208.529509837,-1.0,208.529509837,-1,208.529509837,1.0,-208.529509837,1,-208.529509837,-1.0,208.529509837,0.0,-0.0,1.0,-208.529509837,-1.0,208.529509837,1.0,-208.529509837,1.0,-208.529509837,-1.0,208.529509837,1.0,-208.529509837,-1.0,208.529509837,-1.0,208.529509837,1.0,-208.529509837,1,-208.529509837,-1,208.529509837,0.0,-0.0,-1.0,208.529509837,-1.0,208.529509837,1.0,-208.529509837,1.0,-208.529509837,-1.0,208.529509837,0.0,-0.0,1.0,-208.529509837,1.0,-208.529509837,1,-208.529509837,1,-208.529509837,1.0,-208.529509837,0,-0.0,-1.0,208.529509837,1.0,-208.529509837,1,-208.529509837,-1.0,208.529509837,1.0,-208.529509837,-1,208.529509837,0,-0.0,0.0,-0.0,1.0,-208.529509837,-1.0,208.529509837,1.0,-208.529509837,0.0,-0.0,1.0,-208.529509837,-1.0,208.529509837,-1,208.529509837,-1,208.529509837,0,-0.0,-1,208.529509837,1,-208.529509837,-1.0,208.529509837,-1.0,208.529509837,0,-0.0,-1,208.529509837,1.0,-208.529509837,-1.0,208.529509837,-1.0,208.529509837,-1.0,208.529509837
20170605,@NKDM7,-1.0,-0.00148772625837,91166.3497238,index,1496695540,1.0,-0.0,0.0,0.0,-0.0,1.0,-0.0,-1,0.0,-1.0,0.0,-1.0,0.0,0.0,-0.0,-1.0,0.0,1.0,-0.0,-1.0,0.0,1.0,-0.0,-1,0.0,-1,0.0,-1,0.0,-1,0.0,-1.0,0.0,-1.0,0.0,-1.0,0.0,-1.0,0.0,1.0,-0.0,0,-0.0,-1.0,0.0,-1.0,0.0,-1,0.0,0,-0.0,1.0,-0.0,1.0,-0.0,1.0,-0.0,1.0,-0.0,-1.0,0.0,0.0,-0.0,0.0,-0.0,1.0,-0.0,1,-0.0,1.0,-0.0,1,-0.0,1.0,-0.0,0.0,-0.0,-1.0,0.0,1.0,-0.0,1.0,-0.0,1.0,-0.0,-1.0,0.0,1.0,-0.0,-1.0,0.0,-1.0,0.0,-1.0,0.0,-1,0.0,1,-0.0,0.0,-0.0,1.0,-0.0,-1.0,0.0,1.0,-0.0,1.0,-0.0,-1.0,0.0,-1.0,0.0,1.0,-0.0,-1.0,0.0,1,-0.0,0,-0.0,-1.0,0.0,0,-0.0,-1.0,0.0,1.0,-0.0,-1,0.0,1.0,-0.0,0.0,-0.0,1,-0.0,0,-0.0,-1.0,0.0,-1.0,0.0,1.0,-0.0,1.0,-0.0,1.0,-0.0,-1.0,0.0,1.0,-0.0,-1,0.0,0,-0.0,1,-0.0,1,-0.0,-1,0.0,1.0,-0.0,-1.0,0.0,1,-0.0,1,-0.0,1.0,-0.0,0.0,-0.0,1.0,-0.0,-1.0,0.0
20170605,@NQM7,-1.0,-0.000764525993884,117630.0,index,1496695540,1.0,-0.0,0.0,0.0,-0.0,1.0,-0.0,-1,0.0,1.0,-0.0,-1.0,0.0,0.0,-0.0,-1.0,0.0,1.0,-0.0,-1.0,0.0,1.0,-0.0,-1,0.0,-1,0.0,-1,0.0,-1,0.0,-1.0,0.0,1.0,-0.0,0.0,-0.0,1.0,-0.0,-1.0,0.0,0,-0.0,-1.0,0.0,-1.0,0.0,-1,0.0,-1,0.0,1.0,-0.0,-1.0,0.0,1.0,-0.0,1.0,-0.0,-1.0,0.0,0.0,-0.0,0.0,-0.0,1.0,-0.0,-1,0.0,1.0,-0.0,-1,0.0,1.0,-0.0,-1.0,0.0,-1.0,0.0,-1.0,0.0,1.0,-0.0,0.0,-0.0,0.0,-0.0,-1.0,0.0,-1.0,0.0,1.0,-0.0,1.0,-0.0,-1,0.0,1,-0.0,1.0,-0.0,1.0,-0.0,-1.0,0.0,0.0,-0.0,1.0,-0.0,-1.0,0.0,-1.0,0.0,1.0,-0.0,-1.0,0.0,1,-0.0,0,-0.0,-1.0,0.0,0,-0.0,-1.0,0.0,1.0,-0.0,-1,0.0,1.0,-0.0,0.0,-0.0,1,-0.0,1,-0.0,-1.0,0.0,-1.0,0.0,1.0,-0.0,1.0,-0.0,1.0,-0.0,1.0,-0.0,1.0,-0.0,-1,0.0,0,-0.0,1,-0.0,1,-0.0,-1,0.0,1.0,-0.0,-1.0,0.0,1,-0.0,1,-0.0,1.0,-0.0,0.0,-0.0,1.0,-0.0,-1.0,0.0
20170605,QPAU7,1.0,0.00833283376296,84100.0,metal,1496695540,1.0,0.0,0.0,0.0,0.0,1.0,0.0,-1,-0.0,1.0,0.0,-1.0,-0.0,0.0,0.0,-1.0,-0.0,1.0,0.0,-1.0,-0.0,1.0,0.0,-1,-0.0,-1,-0.0,-1,-0.0,-1,-0.0,-1.0,-0.0,1.0,0.0,0.0,0.0,1.0,0.0,-1.0,-0.0,0,0.0,-1.0,-0.0,-1.0,-0.0,-1,-0.0,-1,-0.0,1.0,0.0,-1.0,-0.0,1.0,0.0,1.0,0.0,-1.0,-0.0,0.0,0.0,0.0,0.0,1.0,0.0,-1,-0.0,1.0,0.0,-1,-0.0,1.0,0.0,-1.0,-0.0,-1.0,-0.0,-1.0,-0.0,1.0,0.0,0.0,0.0,0.0,0.0,-1.0,-0.0,-1.0,-0.0,1.0,0.0,1.0,0.0,-1,-0.0,1,0.0,1.0,0.0,1.0,0.0,-1.0,-0.0,0.0,0.0,1.0,0.0,-1.0,-0.0,-1.0,-0.0,1.0,0.0,-1.0,-0.0,1,0.0,0,0.0,-1.0,-0.0,0,0.0,-1.0,-0.0,1.0,0.0,-1,-0.0,1.0,0.0,0.0,0.0,1,0.0,1,0.0,-1.0,-0.0,-1.0,-0.0,1.0,0.0,1.0,0.0,1.0,0.0,1.0,0.0,1.0,0.0,-1,-0.0,0,0.0,1,0.0,1,0.0,-1,-0.0,1.0,0.0,-1.0,-0.0,1,0.0,1,0.0,1.0,0.0,0.0,0.0,1.0,0.0,-1.0,-0.0
20170605,QPLN7,1.0,0.00209775540172,47770.0,metal,1496695540,1.0,0.0,0.0,1.0,0.0,-1.0,-0.0,1,0.0,-1.0,-0.0,1.0,0.0,0.0,0.0,-1.0,-0.0,1.0,0.0,-1.0,-0.0,-1.0,-0.0,0,0.0,-1,-0.0,1,0.0,1,0.0,-1.0,-0.0,-1.0,-0.0,0.0,0.0,1.0,0.0,-1.0,-0.0,0,0.0,-1.0,-0.0,1.0,0.0,1,0.0,1,0.0,0.0,0.0,1.0,0.0,1.0,0.0,-1.0,-0.0,1.0,0.0,1.0,0.0,-1.0,-0.0,1.0,0.0,-1,-0.0,-1.0,-0.0,1,0.0,1.0,0.0,1.0,0.0,1.0,0.0,1.0,0.0,1.0,0.0,0.0,0.0,0.0,0.0,-1.0,-0.0,-1.0,-0.0,1.0,0.0,1.0,0.0,-1,-0.0,1,0.0,-1.0,-0.0,-1.0,-0.0,-1.0,-0.0,0.0,0.0,1.0,0.0,1.0,0.0,0.0,0.0,-1.0,-0.0,-1.0,-0.0,-1,-0.0,-1,-0.0,-1.0,-0.0,0,0.0,1.0,0.0,-1.0,-0.0,1,0.0,1.0,0.0,-1.0,-0.0,-1,-0.0,-1,-0.0,0.0,0.0,-1.0,-0.0,1.0,0.0,-1.0,-0.0,0.0,0.0,-1.0,-0.0,1.0,0.0,1,0.0,1,0.0,-1,-0.0,-1,-0.0,-1,-0.0,1.0,0.0,1.0,0.0,0,0.0,1,0.0,-1.0,-0.0,0.0,0.0,1.0,0.0,-1.0,-0.0
20170605,QRBN7,-1.0,-0.0253630080528,64558.2,energy,1496695540,1.0,-0.0,0.0,0.0,-0.0,-1.0,0.0,1,-0.0,-1.0,0.0,-1.0,0.0,1.0,-0.0,1.0,-0.0,1.0,-0.0,1.0,-0.0,-1.0,0.0,-1,0.0,-1,0.0,-1,0.0,0,-0.0,1.0,-0.0,1.0,-0.0,-1.0,0.0,-1.0,0.0,1.0,-0.0,0,-0.0,-1.0,0.0,-1.0,0.0,1,-0.0,0,-0.0,1.0,-0.0,-1.0,0.0,1.0,-0.0,1.0,-0.0,1.0,-0.0,0.0,-0.0,0.0,-0.0,-1.0,0.0,-1,0.0,1.0,-0.0,1,-0.0,-1.0,0.0,0.0,-0.0,1.0,-0.0,-1.0,0.0,1.0,-0.0,1.0,-0.0,-1.0,0.0,1.0,-0.0,-1.0,0.0,-1.0,0.0,1.0,-0.0,-1,0.0,1,-0.0,0.0,-0.0,-1.0,0.0,-1.0,0.0,1.0,-0.0,1.0,-0.0,-1.0,0.0,-1.0,0.0,1.0,-0.0,1.0,-0.0,-1,0.0,0,-0.0,-1.0,0.0,0,-0.0,-1.0,0.0,-1.0,0.0,1,-0.0,1.0,-0.0,0.0,-0.0,-1,0.0,0,-0.0,-1.0,0.0,-1.0,0.0,1.0,-0.0,1.0,-0.0,1.0,-0.0,1.0,-0.0,-1.0,0.0,1,-0.0,0,-0.0,0,-0.0,-1,0.0,1,-0.0,-1.0,0.0,1.0,-0.0,1,-0.0,1,-0.0,1.0,-0.0,-1.0,0.0,-1.0,0.0,-1.0,0.0
20170605,@SN7,1.0,0.00135685210312,46125.0,grain,1496686454,1.0,0.0,0.0,-1.0,-0.0,-1.0,-0.0,-1,-0.0,1.0,0.0,1.0,0.0,1.0,0.0,1.0,0.0,1.0,0.0,1.0,0.0,1.0,0.0,0,0.0,-1,-0.0,-1,-0.0,0,0.0,1.0,0.0,1.0,0.0,0.0,0.0,1.0,0.0,-1.0,-0.0,0,0.0,-1.0,-0.0,1.0,0.0,-1,-0.0,-1,-0.0,0.0,0.0,-1.0,-0.0,1.0,0.0,-1.0,-0.0,-1.0,-0.0,-1.0,-0.0,1.0,0.0,-1.0,-0.0,1,0.0,1.0,0.0,-1,-0.0,1.0,0.0,-1.0,-0.0,-1.0,-0.0,-1.0,-0.0,1.0,0.0,0.0,0.0,0.0,0.0,-1.0,-0.0,-1.0,-0.0,1.0,0.0,-1.0,-0.0,1,0.0,1,0.0,1.0,0.0,1.0,0.0,-1.0,-0.0,0.0,0.0,1.0,0.0,-1.0,-0.0,-1.0,-0.0,-1.0,-0.0,-1.0,-0.0,1,0.0,0,0.0,-1.0,-0.0,0,0.0,1.0,0.0,1.0,0.0,1,0.0,-1.0,-0.0,1.0,0.0,1,0.0,1,0.0,0.0,0.0,-1.0,-0.0,1.0,0.0,1.0,0.0,1.0,0.0,1.0,0.0,1.0,0.0,-1,-0.0,0,0.0,0,0.0,1,0.0,-1,-0.0,-1.0,-0.0,-1.0,-0.0,0,0.0,1,0.0,-1.0,-0.0,-1.0,-0.0,-1.0,-0.0,-1.0,-0.0
20170605,@SFM7,-1.0,-0.00173260179036,129637.5,currency,1496695540,1.0,-0.0,0.0,0.0,-0.0,1.0,-0.0,-1,0.0,-1.0,0.0,-1.0,0.0,0.0,-0.0,-1.0,0.0,1.0,-0.0,-1.0,0.0,1.0,-0.0,-1,0.0,-1,0.0,-1,0.0,-1,0.0,-1.0,0.0,-1.0,0.0,-1.0,0.0,-1.0,0.0,1.0,-0.0,0,-0.0,-1.0,0.0,-1.0,0.0,-1,0.0,0,-0.0,1.0,-0.0,1.0,-0.0,1.0,-0.0,1.0,-0.0,-1.0,0.0,0.0,-0.0,0.0,-0.0,1.0,-0.0,-1,0.0,1.0,-0.0,1,-0.0,1.0,-0.0,0.0,-0.0,-1.0,0.0,1.0,-0.0,1.0,-0.0,1.0,-0.0,-1.0,0.0,1.0,-0.0,-1.0,0.0,-1.0,0.0,1.0,-0.0,-1,0.0,-1,0.0,0.0,-0.0,1.0,-0.0,-1.0,0.0,1.0,-0.0,1.0,-0.0,1.0,-0.0,0.0,-0.0,1.0,-0.0,1.0,-0.0,1,-0.0,1,-0.0,-1.0,0.0,0,-0.0,-1.0,0.0,1.0,-0.0,-1,0.0,1.0,-0.0,0.0,-0.0,1,-0.0,0,-0.0,-1.0,0.0,1.0,-0.0,1.0,-0.0,-1.0,0.0,0.0,-0.0,-1.0,0.0,-1.0,0.0,-1,0.0,-1,0.0,1,-0.0,1,-0.0,-1,0.0,1.0,-0.0,-1.0,0.0,1,-0.0,1,-0.0,1.0,-0.0,0.0,-0.0,1.0,-0.0,-1.0,0.0
20170605,QSIN7,1.0,0.000855920114123,87700.0,metal,1496695540,1.0,0.0,0.0,1.0,0.0,-1.0,-0.0,1,0.0,-1.0,-0.0,1.0,0.0,0.0,0.0,-1.0,-0.0,1.0,0.0,-1.0,-0.0,-1.0,-0.0,0,0.0,-1,-0.0,1,0.0,1,0.0,-1.0,-0.0,-1.0,-0.0,0.0,0.0,1.0,0.0,-1.0,-0.0,0,0.0,-1.0,-0.0,1.0,0.0,1,0.0,1,0.0,0.0,0.0,1.0,0.0,1.0,0.0,-1.0,-0.0,1.0,0.0,1.0,0.0,-1.0,-0.0,1.0,0.0,-1,-0.0,-1.0,-0.0,1,0.0,1.0,0.0,1.0,0.0,1.0,0.0,1.0,0.0,1.0,0.0,0.0,0.0,0.0,0.0,-1.0,-0.0,-1.0,-0.0,1.0,0.0,1.0,0.0,-1,-0.0,1,0.0,-1.0,-0.0,-1.0,-0.0,-1.0,-0.0,0.0,0.0,1.0,0.0,1.0,0.0,0.0,0.0,-1.0,-0.0,-1.0,-0.0,-1,-0.0,-1,-0.0,-1.0,-0.0,0,0.0,1.0,0.0,-1.0,-0.0,1,0.0,1.0,0.0,-1.0,-0.0,-1,-0.0,-1,-0.0,0.0,0.0,-1.0,-0.0,1.0,0.0,-1.0,-0.0,0.0,0.0,-1.0,-0.0,1.0,0.0,1,0.0,1,0.0,-1,-0.0,-1,-0.0,-1,-0.0,1.0,0.0,1.0,0.0,0,0.0,1,0.0,-1.0,-0.0,0.0,0.0,1.0,0.0,-1.0,-0.0
20170605,@SMN7,-1.0,-0.00264988406757,30110.0,grain,1496686454,1.0,-79.7880092746,79.7880092746,-1.0,79.7880092746,-1.0,79.7880092746,-1,79.7880092746,1.0,-79.7880092746,1.0,-79.7880092746,1.0,-79.7880092746,1.0,-79.7880092746,1.0,-79.7880092746,1.0,-79.7880092746,1.0,-79.7880092746,0,-0.0,-1,79.7880092746,-1,79.7880092746,0,-0.0,1.0,-79.7880092746,1.0,-79.7880092746,0.0,-0.0,1.0,-79.7880092746,-1.0,79.7880092746,0,-0.0,-1.0,79.7880092746,1.0,-79.7880092746,-1,79.7880092746,-1,79.7880092746,0.0,-0.0,-1.0,79.7880092746,1.0,-79.7880092746,-1.0,79.7880092746,-1.0,79.7880092746,-1.0,79.7880092746,1.0,-79.7880092746,-1.0,79.7880092746,1,-79.7880092746,1.0,-79.7880092746,-1,79.7880092746,1.0,-79.7880092746,-1.0,79.7880092746,-1.0,79.7880092746,-1.0,79.7880092746,1.0,-79.7880092746,0.0,-0.0,0.0,-0.0,-1.0,79.7880092746,-1.0,79.7880092746,1.0,-79.7880092746,-1.0,79.7880092746,1,-79.7880092746,1,-79.7880092746,1.0,-79.7880092746,1.0,-79.7880092746,-1.0,79.7880092746,0.0,-0.0,1.0,-79.7880092746,-1.0,79.7880092746,-1.0,79.7880092746,-1.0,79.7880092746,-1.0,79.7880092746,1,-79.7880092746,0,-0.0,-1.0,79.7880092746,0,-0.0,1.0,-79.7880092746,1.0,-79.7880092746,1,-79.7880092746,-1.0,79.7880092746,1.0,-79.7880092746,1,-79.7880092746,1,-79.7880092746,0.0,-0.0,-1.0,79.7880092746,1.0,-79.7880092746,1.0,-79.7880092746,1.0,-79.7880092746,1.0,-79.7880092746,1.0,-79.7880092746,-1,79.7880092746,0,-0.0,0,-0.0,1,-79.7880092746,-1,79.7880092746,-1.0,79.7880092746,-1.0,79.7880092746,0,-0.0,1,-79.7880092746,-1.0,79.7880092746,-1.0,79.7880092746,-1.0,79.7880092746,-1.0,79.7880092746
20170605,@TUU7,-1.0,-0.000360958706324,216359.375,rates,1496695540,2.0,-156.193600202,156.193600202,1.0,-156.193600202,1.0,-156.193600202,-1,156.193600202,-1.0,156.193600202,1.0,-156.193600202,-1.0,156.193600202,-1.0,156.193600202,-1.0,156.193600202,-1.0,156.193600202,-1.0,156.193600202,0,-0.0,-1,156.193600202,1,-156.193600202,0,-0.0,-1.0,156.193600202,-1.0,156.193600202,0.0,-0.0,1.0,-156.193600202,-1.0,156.193600202,0,-0.0,-1.0,156.193600202,1.0,-156.193600202,1,-156.193600202,1,-156.193600202,0.0,-0.0,1.0,-156.193600202,1.0,-156.193600202,-1.0,156.193600202,1.0,-156.193600202,1.0,-156.193600202,-1.0,156.193600202,1.0,-156.193600202,-1,156.193600202,-1.0,156.193600202,1,-156.193600202,1.0,-156.193600202,1.0,-156.193600202,1.0,-156.193600202,1.0,-156.193600202,1.0,-156.193600202,0.0,-0.0,0.0,-0.0,-1.0,156.193600202,-1.0,156.193600202,1.0,-156.193600202,1.0,-156.193600202,-1,156.193600202,1,-156.193600202,-1.0,156.193600202,-1.0,156.193600202,-1.0,156.193600202,0.0,-0.0,1.0,-156.193600202,1.0,-156.193600202,0.0,-0.0,-1.0,156.193600202,-1.0,156.193600202,-1,156.193600202,-1,156.193600202,-1.0,156.193600202,0,-0.0,1.0,-156.193600202,-1.0,156.193600202,-1,156.193600202,1.0,-156.193600202,-1.0,156.193600202,-1,156.193600202,-1,156.193600202,0.0,-0.0,-1.0,156.193600202,1.0,-156.193600202,-1.0,156.193600202,0.0,-0.0,-1.0,156.193600202,1.0,-156.193600202,1,-156.193600202,1,-156.193600202,0,-0.0,1,-156.193600202,-1,156.193600202,1.0,-156.193600202,1.0,-156.193600202,0,-0.0,1,-156.193600202,-1.0,156.193600202,1.0,-156.193600202,1.0,-156.193600202,1.0,-156.193600202
20170605,@TYU7,-1.0,-0.00148056755089,126453.125,rates,1496695540,1.0,-187.222393584,187.222393584,1.0,-187.222393584,1.0,-187.222393584,-1,187.222393584,-1.0,187.222393584,1.0,-187.222393584,-1.0,187.222393584,-1.0,187.222393584,-1.0,187.222393584,-1.0,187.222393584,-1.0,187.222393584,0,-0.0,-1,187.222393584,1,-187.222393584,0,-0.0,-1.0,187.222393584,-1.0,187.222393584,0.0,-0.0,1.0,-187.222393584,-1.0,187.222393584,0,-0.0,1.0,-187.222393584,1.0,-187.222393584,1,-187.222393584,1,-187.222393584,0.0,-0.0,1.0,-187.222393584,1.0,-187.222393584,-1.0,187.222393584,1.0,-187.222393584,1.0,-187.222393584,-1.0,187.222393584,1.0,-187.222393584,-1,187.222393584,-1.0,187.222393584,1,-187.222393584,1.0,-187.222393584,1.0,-187.222393584,1.0,-187.222393584,1.0,-187.222393584,1.0,-187.222393584,0.0,-0.0,0.0,-0.0,-1.0,187.222393584,-1.0,187.222393584,1.0,-187.222393584,1.0,-187.222393584,-1,187.222393584,-1,187.222393584,-1.0,187.222393584,-1.0,187.222393584,-1.0,187.222393584,0.0,-0.0,1.0,-187.222393584,1.0,-187.222393584,1.0,-187.222393584,-1.0,187.222393584,-1.0,187.222393584,1,-187.222393584,0,-0.0,-1.0,187.222393584,0,-0.0,1.0,-187.222393584,-1.0,187.222393584,-1,187.222393584,1.0,-187.222393584,-1.0,187.222393584,-1,187.222393584,-1,187.222393584,0.0,-0.0,1.0,-187.222393584,-1.0,187.222393584,-1.0,187.222393584,-1.0,187.222393584,-1.0,187.222393584,1.0,-187.222393584,-1,187.222393584,0,-0.0,0,-0.0,1,-187.222393584,-1,187.222393584,1.0,-187.222393584,1.0,-187.222393584,0,-0.0,1,-187.222393584,-1.0,187.222393584,1.0,-187.222393584,1.0,-187.222393584,1.0,-187.222393584
20170605,@USU7,-1.0,-0.00322906155399,154343.75,rates,1496695540,1.0,-0.0,0.0,1.0,-0.0,1.0,-0.0,-1,0.0,1.0,-0.0,1.0,-0.0,-1.0,0.0,-1.0,0.0,-1.0,0.0,-1.0,0.0,-1.0,0.0,0,-0.0,-1,0.0,1,-0.0,0,-0.0,-1.0,0.0,-1.0,0.0,1.0,-0.0,1.0,-0.0,-1.0,0.0,0,-0.0,1.0,-0.0,1.0,-0.0,-1,0.0,0,-0.0,0.0,-0.0,1.0,-0.0,1.0,-0.0,-1.0,0.0,1.0,-0.0,1.0,-0.0,-1.0,0.0,1.0,-0.0,-1,0.0,-1.0,0.0,-1,0.0,1.0,-0.0,0.0,-0.0,-1.0,0.0,1.0,-0.0,-1.0,0.0,-1.0,0.0,1.0,-0.0,-1.0,0.0,1.0,-0.0,1.0,-0.0,1.0,-0.0,-1,0.0,-1,0.0,0.0,-0.0,1.0,-0.0,1.0,-0.0,-1.0,0.0,-1.0,0.0,1.0,-0.0,1.0,-0.0,-1.0,0.0,-1.0,0.0,1,-0.0,0,-0.0,-1.0,0.0,0,-0.0,1.0,-0.0,-1.0,0.0,-1,0.0,1.0,-0.0,-1.0,0.0,1,-0.0,0,-0.0,0.0,-0.0,1.0,-0.0,-1.0,0.0,-1.0,0.0,-1.0,0.0,-1.0,0.0,1.0,-0.0,-1,0.0,0,-0.0,0,-0.0,1,-0.0,-1,0.0,1.0,-0.0,1.0,-0.0,0,-0.0,1,-0.0,-1.0,0.0,1.0,-0.0,1.0,-0.0,1.0,-0.0
20170605,@WN7,1.0,0.00058207217695,21487.5,grain,1496686454,1.0,12.5072759022,12.5072759022,0.0,0.0,1.0,12.5072759022,-1,-12.5072759022,1.0,12.5072759022,-1.0,-12.5072759022,0.0,0.0,-1.0,-12.5072759022,1.0,12.5072759022,-1.0,-12.5072759022,1.0,12.5072759022,-1,-12.5072759022,-1,-12.5072759022,-1,-12.5072759022,-1,-12.5072759022,-1.0,-12.5072759022,1.0,12.5072759022,0.0,0.0,1.0,12.5072759022,-1.0,-12.5072759022,0,0.0,-1.0,-12.5072759022,-1.0,-12.5072759022,-1,-12.5072759022,-1,-12.5072759022,1.0,12.5072759022,-1.0,-12.5072759022,1.0,12.5072759022,1.0,12.5072759022,-1.0,-12.5072759022,0.0,0.0,0.0,0.0,1.0,12.5072759022,-1,-12.5072759022,1.0,12.5072759022,-1,-12.5072759022,1.0,12.5072759022,-1.0,-12.5072759022,-1.0,-12.5072759022,-1.0,-12.5072759022,1.0,12.5072759022,0.0,0.0,0.0,0.0,-1.0,-12.5072759022,-1.0,-12.5072759022,1.0,12.5072759022,1.0,12.5072759022,-1,-12.5072759022,1,12.5072759022,1.0,12.5072759022,1.0,12.5072759022,-1.0,-12.5072759022,0.0,0.0,1.0,12.5072759022,-1.0,-12.5072759022,-1.0,-12.5072759022,1.0,12.5072759022,-1.0,-12.5072759022,1,12.5072759022,0,0.0,-1.0,-12.5072759022,0,0.0,-1.0,-12.5072759022,1.0,12.5072759022,-1,-12.5072759022,1.0,12.5072759022,0.0,0.0,1,12.5072759022,1,12.5072759022,-1.0,-12.5072759022,-1.0,-12.5072759022,1.0,12.5072759022,1.0,12.5072759022,1.0,12.5072759022,1.0,12.5072759022,1.0,12.5072759022,-1,-12.5072759022,0,0.0,1,12.5072759022,1,12.5072759022,-1,-12.5072759022,1.0,12.5072759022,-1.0,-12.5072759022,1,12.5072759022,1,12.5072759022,1.0,12.5072759022,0.0,0.0,1.0,12.5072759022,-1.0,-12.5072759022
20170605,@NEM7,-1.0,-0.00028019052956,71360.0,currency,1496695540,1.0,-0.0,0.0,0.0,-0.0,1.0,-0.0,-1,0.0,1.0,-0.0,-1.0,0.0,0.0,-0.0,-1.0,0.0,1.0,-0.0,-1.0,0.0,1.0,-0.0,-1,0.0,-1,0.0,-1,0.0,-1,0.0,-1.0,0.0,1.0,-0.0,0.0,-0.0,1.0,-0.0,-1.0,0.0,0,-0.0,-1.0,0.0,-1.0,0.0,-1,0.0,-1,0.0,1.0,-0.0,-1.0,0.0,1.0,-0.0,1.0,-0.0,-1.0,0.0,0.0,-0.0,0.0,-0.0,1.0,-0.0,-1,0.0,1.0,-0.0,-1,0.0,1.0,-0.0,-1.0,0.0,-1.0,0.0,-1.0,0.0,1.0,-0.0,0.0,-0.0,0.0,-0.0,-1.0,0.0,-1.0,0.0,1.0,-0.0,1.0,-0.0,-1,0.0,-1,0.0,1.0,-0.0,1.0,-0.0,-1.0,0.0,0.0,-0.0,1.0,-0.0,1.0,-0.0,0.0,-0.0,1.0,-0.0,1.0,-0.0,1,-0.0,1,-0.0,-1.0,0.0,0,-0.0,-1.0,0.0,1.0,-0.0,-1,0.0,1.0,-0.0,0.0,-0.0,1,-0.0,1,-0.0,-1.0,0.0,1.0,-0.0,1.0,-0.0,-1.0,0.0,0.0,-0.0,1.0,-0.0,-1.0,0.0,-1,0.0,-1,0.0,1,-0.0,1,-0.0,-1,0.0,1.0,-0.0,-1.0,0.0,1,-0.0,1,-0.0,1.0,-0.0,0.0,-0.0,1.0,-0.0,-1.0,0.0
20170605,@ADM7,1.0,0.00712940543449,74870.0,currency,1496695540,1.0,0.0,0.0,-1.0,-0.0,-1.0,-0.0,-1,-0.0,-1.0,-0.0,1.0,0.0,1.0,0.0,1.0,0.0,1.0,0.0,1.0,0.0,1.0,0.0,0,0.0,-1,-0.0,-1,-0.0,0,0.0,1.0,0.0,-1.0,-0.0,-1.0,-0.0,-1.0,-0.0,1.0,0.0,0,0.0,-1.0,-0.0,1.0,0.0,-1,-0.0,0,0.0,0.0,0.0,1.0,0.0,1.0,0.0,-1.0,-0.0,-1.0,-0.0,-1.0,-0.0,1.0,0.0,-1.0,-0.0,-1,-0.0,1.0,0.0,1,0.0,1.0,0.0,0.0,0.0,-1.0,-0.0,1.0,0.0,1.0,0.0,1.0,0.0,-1.0,-0.0,1.0,0.0,-1.0,-0.0,-1.0,-0.0,1.0,0.0,1,0.0,-1,-0.0,0.0,0.0,1.0,0.0,-1.0,-0.0,1.0,0.0,1.0,0.0,1.0,0.0,0.0,0.0,-1.0,-0.0,1.0,0.0,1,0.0,1,0.0,-1.0,-0.0,0,0.0,1.0,0.0,1.0,0.0,1,0.0,-1.0,-0.0,1.0,0.0,1,0.0,0,0.0,0.0,0.0,1.0,0.0,1.0,0.0,-1.0,-0.0,0.0,0.0,-1.0,-0.0,-1.0,-0.0,-1,-0.0,-1,-0.0,0,0.0,1,0.0,-1,-0.0,-1.0,-0.0,-1.0,-0.0,0,0.0,1,0.0,-1.0,-0.0,-1.0,-0.0,-1.0,-0.0,-1.0,-0.0
20170606,@BON7,1.0,0.00191632066432,18822.0,grain,1496772787,1.0,0.0,0.0,-1.0,-0.0,-1.0,-0.0,-1,-0.0,1.0,0.0,1.0,0.0,1.0,0.0,1.0,0.0,1.0,0.0,1.0,0.0,1.0,0.0,0,0.0,-1,-0.0,-1,-0.0,0,0.0,1.0,0.0,1.0,0.0,0.0,0.0,1.0,0.0,-1.0,-0.0,0,0.0,-1.0,-0.0,1.0,0.0,-1,-0.0,-1,-0.0,0.0,0.0,-1.0,-0.0,1.0,0.0,-1.0,-0.0,-1.0,-0.0,-1.0,-0.0,1.0,0.0,-1.0,-0.0,-1,-0.0,1.0,0.0,-1,-0.0,1.0,0.0,-1.0,-0.0,-1.0,-0.0,-1.0,-0.0,1.0,0.0,0.0,0.0,0.0,0.0,-1.0,-0.0,-1.0,-0.0,1.0,0.0,1.0,0.0,1,0.0,1,0.0,1.0,0.0,1.0,0.0,-1.0,-0.0,0.0,0.0,1.0,0.0,-1.0,-0.0,-1.0,-0.0,-1.0,-0.0,-1.0,-0.0,1,0.0,0,0.0,-1.0,-0.0,0,0.0,1.0,0.0,1.0,0.0,1,0.0,-1.0,-0.0,1.0,0.0,1,0.0,1,0.0,0.0,0.0,-1.0,-0.0,1.0,0.0,1.0,0.0,1.0,0.0,1.0,0.0,1.0,0.0,-1,-0.0,0,0.0,0,0.0,1,0.0,-1,-0.0,-1.0,-0.0,-1.0,-0.0,0,0.0,1,0.0,-1.0,-0.0,-1.0,-0.0,-1.0,-0.0,-1.0,-0.0
20170606,@YMM7,-1.0,-0.00235815686459,105765.0,index,1496781875,1.0,-0.0,0.0,0.0,-0.0,1.0,-0.0,-1,0.0,-1.0,0.0,-1.0,0.0,0.0,-0.0,1.0,-0.0,-1.0,0.0,1.0,-0.0,-1.0,0.0,-1,0.0,-1,0.0,-1,0.0,-1,0.0,1.0,-0.0,1.0,-0.0,-1.0,0.0,-1.0,0.0,1.0,-0.0,0,-0.0,-1.0,0.0,-1.0,0.0,1,-0.0,0,-0.0,1.0,-0.0,-1.0,0.0,1.0,-0.0,1.0,-0.0,1.0,-0.0,0.0,-0.0,0.0,-0.0,-1.0,0.0,-1,0.0,1.0,-0.0,1,-0.0,-1.0,0.0,0.0,-0.0,1.0,-0.0,-1.0,0.0,1.0,-0.0,1.0,-0.0,-1.0,0.0,1.0,-0.0,-1.0,0.0,-1.0,0.0,1.0,-0.0,-1,0.0,1,-0.0,0.0,-0.0,-1.0,0.0,-1.0,0.0,1.0,-0.0,1.0,-0.0,-1.0,0.0,-1.0,0.0,1.0,-0.0,1.0,-0.0,-1,0.0,0,-0.0,-1.0,0.0,0,-0.0,-1.0,0.0,-1.0,0.0,-1,0.0,1.0,-0.0,0.0,-0.0,-1,0.0,0,-0.0,-1.0,0.0,-1.0,0.0,1.0,-0.0,1.0,-0.0,1.0,-0.0,1.0,-0.0,-1.0,0.0,1,-0.0,0,-0.0,1,-0.0,1,-0.0,1,-0.0,-1.0,0.0,1.0,-0.0,1,-0.0,1,-0.0,1.0,-0.0,0.0,-0.0,-1.0,0.0,1.0,-0.0
20170606,@BPM7,1.0,0.00217323812481,80700.0,currency,1496781875,1.0,0.0,0.0,-1.0,-0.0,-1.0,-0.0,-1,-0.0,-1.0,-0.0,1.0,0.0,1.0,0.0,1.0,0.0,1.0,0.0,1.0,0.0,1.0,0.0,0,0.0,-1,-0.0,-1,-0.0,0,0.0,1.0,0.0,-1.0,-0.0,-1.0,-0.0,-1.0,-0.0,1.0,0.0,0,0.0,-1.0,-0.0,1.0,0.0,-1,-0.0,0,0.0,0.0,0.0,1.0,0.0,1.0,0.0,-1.0,-0.0,-1.0,-0.0,-1.0,-0.0,1.0,0.0,-1.0,-0.0,-1,-0.0,1.0,0.0,1,0.0,1.0,0.0,0.0,0.0,-1.0,-0.0,1.0,0.0,1.0,0.0,1.0,0.0,-1.0,-0.0,1.0,0.0,-1.0,-0.0,-1.0,-0.0,1.0,0.0,1,0.0,-1,-0.0,0.0,0.0,1.0,0.0,-1.0,-0.0,1.0,0.0,1.0,0.0,1.0,0.0,0.0,0.0,-1.0,-0.0,1.0,0.0,1,0.0,1,0.0,-1.0,-0.0,0,0.0,1.0,0.0,1.0,0.0,1,0.0,-1.0,-0.0,1.0,0.0,1,0.0,0,0.0,0.0,0.0,1.0,0.0,1.0,0.0,-1.0,-0.0,0.0,0.0,-1.0,-0.0,-1.0,-0.0,-1,-0.0,-1,-0.0,0,0.0,1,0.0,-1,-0.0,-1.0,-0.0,-1.0,-0.0,0,0.0,1,0.0,-1.0,-0.0,-1.0,-0.0,-1.0,-0.0,-1.0,-0.0
20170606,@CN7,1.0,0.0127345844504,18887.5,grain,1496772787,1.0,240.524463807,240.524463807,0.0,0.0,-1.0,-240.524463807,-1,-240.524463807,-1.0,-240.524463807,-1.0,-240.524463807,1.0,240.524463807,1.0,240.524463807,1.0,240.524463807,-1.0,-240.524463807,1.0,240.524463807,-1,-240.524463807,-1,-240.524463807,-1,-240.524463807,0,0.0,-1.0,-240.524463807,-1.0,-240.524463807,-1.0,-240.524463807,-1.0,-240.524463807,1.0,240.524463807,0,0.0,-1.0,-240.524463807,1.0,240.524463807,-1,-240.524463807,0,0.0,1.0,240.524463807,1.0,240.524463807,1.0,240.524463807,1.0,240.524463807,-1.0,-240.524463807,0.0,0.0,0.0,0.0,1.0,240.524463807,-1,-240.524463807,1.0,240.524463807,1,240.524463807,1.0,240.524463807,0.0,0.0,-1.0,-240.524463807,1.0,240.524463807,1.0,240.524463807,1.0,240.524463807,-1.0,-240.524463807,1.0,240.524463807,-1.0,-240.524463807,-1.0,-240.524463807,1.0,240.524463807,-1,-240.524463807,1,240.524463807,0.0,0.0,1.0,240.524463807,-1.0,-240.524463807,1.0,240.524463807,1.0,240.524463807,-1.0,-240.524463807,-1.0,-240.524463807,-1.0,-240.524463807,-1.0,-240.524463807,1,240.524463807,0,0.0,-1.0,-240.524463807,0,0.0,-1.0,-240.524463807,1.0,240.524463807,1,240.524463807,1.0,240.524463807,0.0,0.0,1,240.524463807,0,0.0,-1.0,-240.524463807,-1.0,-240.524463807,1.0,240.524463807,1.0,240.524463807,1.0,240.524463807,-1.0,-240.524463807,1.0,240.524463807,-1,-240.524463807,0,0.0,0,0.0,1,240.524463807,-1,-240.524463807,1.0,240.524463807,-1.0,-240.524463807,1,240.524463807,1,240.524463807,1.0,240.524463807,-1.0,-240.524463807,-1.0,-240.524463807,-1.0,-240.524463807
20170606,@CDM7,1.0,0.00323777403035,74365.0,currency,1496781875,1.0,0.0,0.0,0.0,0.0,1.0,0.0,-1,-0.0,-1.0,-0.0,-1.0,-0.0,0.0,0.0,-1.0,-0.0,1.0,0.0,-1.0,-0.0,1.0,0.0,-1,-0.0,-1,-0.0,-1,-0.0,-1,-0.0,-1.0,-0.0,-1.0,-0.0,-1.0,-0.0,-1.0,-0.0,1.0,0.0,0,0.0,-1.0,-0.0,-1.0,-0.0,-1,-0.0,0,0.0,1.0,0.0,1.0,0.0,1.0,0.0,1.0,0.0,-1.0,-0.0,0.0,0.0,0.0,0.0,1.0,0.0,-1,-0.0,1.0,0.0,1,0.0,1.0,0.0,0.0,0.0,-1.0,-0.0,1.0,0.0,1.0,0.0,1.0,0.0,-1.0,-0.0,1.0,0.0,-1.0,-0.0,-1.0,-0.0,1.0,0.0,-1,-0.0,-1,-0.0,0.0,0.0,1.0,0.0,-1.0,-0.0,1.0,0.0,1.0,0.0,1.0,0.0,0.0,0.0,1.0,0.0,1.0,0.0,1,0.0,1,0.0,-1.0,-0.0,0,0.0,-1.0,-0.0,1.0,0.0,-1,-0.0,1.0,0.0,0.0,0.0,1,0.0,0,0.0,-1.0,-0.0,1.0,0.0,1.0,0.0,-1.0,-0.0,0.0,0.0,-1.0,-0.0,-1.0,-0.0,-1,-0.0,-1,-0.0,1,0.0,1,0.0,-1,-0.0,1.0,0.0,-1.0,-0.0,1,0.0,1,0.0,1.0,0.0,0.0,0.0,1.0,0.0,-1.0,-0.0
20170606,QCLN7,1.0,0.00650440621066,47970.0,energy,1496781875,1.0,312.016365925,312.016365925,-1.0,-312.016365925,-1.0,-312.016365925,1,312.016365925,1.0,312.016365925,-1.0,-312.016365925,1.0,312.016365925,1.0,312.016365925,1.0,312.016365925,1.0,312.016365925,1.0,312.016365925,0,0.0,1,312.016365925,-1,-312.016365925,0,0.0,1.0,312.016365925,1.0,312.016365925,0.0,0.0,-1.0,-312.016365925,1.0,312.016365925,0,0.0,-1.0,-312.016365925,-1.0,-312.016365925,-1,-312.016365925,-1,-312.016365925,0.0,0.0,-1.0,-312.016365925,-1.0,-312.016365925,1.0,312.016365925,-1.0,-312.016365925,-1.0,-312.016365925,1.0,312.016365925,-1.0,-312.016365925,-1,-312.016365925,1.0,312.016365925,-1,-312.016365925,-1.0,-312.016365925,-1.0,-312.016365925,-1.0,-312.016365925,-1.0,-312.016365925,-1.0,-312.016365925,0.0,0.0,0.0,0.0,1.0,312.016365925,1.0,312.016365925,-1.0,-312.016365925,1.0,312.016365925,1,312.016365925,1,312.016365925,1.0,312.016365925,1.0,312.016365925,1.0,312.016365925,0.0,0.0,-1.0,-312.016365925,-1.0,-312.016365925,-1.0,-312.016365925,1.0,312.016365925,1.0,312.016365925,-1,-312.016365925,0,0.0,1.0,312.016365925,0,0.0,-1.0,-312.016365925,1.0,312.016365925,1,312.016365925,-1.0,-312.016365925,1.0,312.016365925,1,312.016365925,1,312.016365925,0.0,0.0,-1.0,-312.016365925,1.0,312.016365925,1.0,312.016365925,1.0,312.016365925,1.0,312.016365925,-1.0,-312.016365925,1,312.016365925,0,0.0,0,0.0,-1,-312.016365925,1,312.016365925,-1.0,-312.016365925,-1.0,-312.016365925,0,0.0,-1,-312.016365925,1.0,312.016365925,-1.0,-312.016365925,-1.0,-312.016365925,-1.0,-312.016365925
20170606,@EUM7,-1.0,-0.000531655664348,140993.75,currency,1496781875,1.0,-74.9601258252,74.9601258252,-1.0,74.9601258252,-1.0,74.9601258252,1,-74.9601258252,-1.0,74.9601258252,-1.0,74.9601258252,1.0,-74.9601258252,1.0,-74.9601258252,1.0,-74.9601258252,1.0,-74.9601258252,1.0,-74.9601258252,0,-0.0,1,-74.9601258252,-1,74.9601258252,0,-0.0,1.0,-74.9601258252,1.0,-74.9601258252,-1.0,74.9601258252,-1.0,74.9601258252,1.0,-74.9601258252,0,-0.0,1.0,-74.9601258252,-1.0,74.9601258252,1,-74.9601258252,0,-0.0,0.0,-0.0,-1.0,74.9601258252,-1.0,74.9601258252,1.0,-74.9601258252,-1.0,74.9601258252,-1.0,74.9601258252,1.0,-74.9601258252,-1.0,74.9601258252,-1,74.9601258252,1.0,-74.9601258252,1,-74.9601258252,-1.0,74.9601258252,0.0,-0.0,1.0,-74.9601258252,-1.0,74.9601258252,1.0,-74.9601258252,1.0,-74.9601258252,-1.0,74.9601258252,1.0,-74.9601258252,-1.0,74.9601258252,-1.0,74.9601258252,1.0,-74.9601258252,1,-74.9601258252,-1,74.9601258252,0.0,-0.0,-1.0,74.9601258252,-1.0,74.9601258252,1.0,-74.9601258252,1.0,-74.9601258252,-1.0,74.9601258252,0.0,-0.0,1.0,-74.9601258252,1.0,-74.9601258252,1,-74.9601258252,1,-74.9601258252,1.0,-74.9601258252,0,-0.0,-1.0,74.9601258252,1.0,-74.9601258252,1,-74.9601258252,-1.0,74.9601258252,1.0,-74.9601258252,-1,74.9601258252,0,-0.0,0.0,-0.0,1.0,-74.9601258252,-1.0,74.9601258252,1.0,-74.9601258252,0.0,-0.0,1.0,-74.9601258252,-1.0,74.9601258252,-1,74.9601258252,-1,74.9601258252,0,-0.0,-1,74.9601258252,1,-74.9601258252,-1.0,74.9601258252,-1.0,74.9601258252,0,-0.0,-1,74.9601258252,1.0,-74.9601258252,-1.0,74.9601258252,-1.0,74.9601258252,-1.0,74.9601258252
20170606,@EMDM7,-1.0,-0.0061746040821,173830.0,index,1496781875,1.0,-1073.33142759,1073.33142759,-1.0,1073.33142759,1.0,-1073.33142759,-1,1073.33142759,1.0,-1073.33142759,-1.0,1073.33142759,0.0,-0.0,1.0,-1073.33142759,-1.0,1073.33142759,1.0,-1073.33142759,1.0,-1073.33142759,0,-0.0,1,-1073.33142759,-1,1073.33142759,-1,1073.33142759,1.0,-1073.33142759,1.0,-1073.33142759,0.0,-0.0,-1.0,1073.33142759,1.0,-1073.33142759,0,-0.0,-1.0,1073.33142759,-1.0,1073.33142759,-1,1073.33142759,-1,1073.33142759,0.0,-0.0,-1.0,1073.33142759,-1.0,1073.33142759,1.0,-1073.33142759,-1.0,1073.33142759,-1.0,1073.33142759,1.0,-1073.33142759,-1.0,1073.33142759,-1,1073.33142759,1.0,-1073.33142759,-1,1073.33142759,-1.0,1073.33142759,-1.0,1073.33142759,-1.0,1073.33142759,-1.0,1073.33142759,-1.0,1073.33142759,0.0,-0.0,0.0,-0.0,1.0,-1073.33142759,1.0,-1073.33142759,-1.0,1073.33142759,1.0,-1073.33142759,1,-1073.33142759,1,-1073.33142759,1.0,-1073.33142759,1.0,-1073.33142759,1.0,-1073.33142759,0.0,-0.0,-1.0,1073.33142759,-1.0,1073.33142759,-1.0,1073.33142759,1.0,-1073.33142759,1.0,-1073.33142759,-1,1073.33142759,0,-0.0,1.0,-1073.33142759,0,-0.0,-1.0,1073.33142759,1.0,-1073.33142759,-1,1073.33142759,-1.0,1073.33142759,1.0,-1073.33142759,1,-1073.33142759,1,-1073.33142759,0.0,-0.0,-1.0,1073.33142759,1.0,-1073.33142759,1.0,-1073.33142759,1.0,-1073.33142759,1.0,-1073.33142759,-1.0,1073.33142759,1,-1073.33142759,0,-0.0,1,-1073.33142759,1,-1073.33142759,1,-1073.33142759,-1.0,1073.33142759,-1.0,1073.33142759,0,-0.0,-1,1073.33142759,1.0,-1073.33142759,0.0,-0.0,-1.0,1073.33142759,1.0,-1073.33142759
20170606,@ESM7,-1.0,-0.00297405394319,121525.0,index,1496781875,1.0,-361.421905446,361.421905446,0.0,-0.0,1.0,-361.421905446,-1,361.421905446,-1.0,361.421905446,-1.0,361.421905446,0.0,-0.0,1.0,-361.421905446,-1.0,361.421905446,1.0,-361.421905446,-1.0,361.421905446,-1,361.421905446,-1,361.421905446,-1,361.421905446,-1,361.421905446,1.0,-361.421905446,1.0,-361.421905446,-1.0,361.421905446,-1.0,361.421905446,1.0,-361.421905446,1,-297.405394319,-1.0,361.421905446,-1.0,361.421905446,1,-361.421905446,0,-0.0,1.0,-361.421905446,-1.0,361.421905446,1.0,-361.421905446,1.0,-361.421905446,1.0,-361.421905446,0.0,-0.0,0.0,-0.0,-1.0,361.421905446,-1,361.421905446,1.0,-361.421905446,1,-361.421905446,-1.0,361.421905446,0.0,-0.0,1.0,-361.421905446,-1.0,361.421905446,1.0,-361.421905446,1.0,-361.421905446,-1.0,361.421905446,1.0,-361.421905446,-1.0,361.421905446,-1.0,361.421905446,1.0,-361.421905446,-1,361.421905446,1,-361.421905446,0.0,-0.0,-1.0,361.421905446,-1.0,361.421905446,1.0,-361.421905446,1.0,-361.421905446,-1.0,361.421905446,-1.0,361.421905446,1.0,-361.421905446,1.0,-361.421905446,-1,361.421905446,0,-0.0,-1.0,361.421905446,0,-0.0,-1.0,361.421905446,-1.0,361.421905446,-1,361.421905446,1.0,-361.421905446,0.0,-0.0,-1,361.421905446,0,-0.0,-1.0,361.421905446,-1.0,361.421905446,1.0,-361.421905446,1.0,-361.421905446,1.0,-361.421905446,1.0,-361.421905446,-1.0,361.421905446,1,-361.421905446,0,-0.0,1,-361.421905446,1,-361.421905446,1,-361.421905446,-1.0,361.421905446,1.0,-361.421905446,1,-361.421905446,1,-361.421905446,1.0,-361.421905446,0.0,-0.0,-1.0,361.421905446,1.0,-361.421905446
20170606,@GFQ7,-1.0,-0.0281469898358,77687.5,meat,1496771970,1.0,-0.0,0.0,0.0,-0.0,1.0,-0.0,-1,0.0,1.0,-0.0,-1.0,0.0,0.0,-0.0,-1.0,0.0,1.0,-0.0,-1.0,0.0,1.0,-0.0,-1,0.0,-1,0.0,-1,0.0,-1,0.0,-1.0,0.0,1.0,-0.0,0.0,-0.0,1.0,-0.0,-1.0,0.0,0,-0.0,-1.0,0.0,-1.0,0.0,-1,0.0,-1,0.0,1.0,-0.0,-1.0,0.0,1.0,-0.0,1.0,-0.0,-1.0,0.0,0.0,-0.0,0.0,-0.0,1.0,-0.0,1,-0.0,1.0,-0.0,-1,0.0,1.0,-0.0,-1.0,0.0,-1.0,0.0,-1.0,0.0,1.0,-0.0,0.0,-0.0,0.0,-0.0,-1.0,0.0,-1.0,0.0,1.0,-0.0,-1.0,0.0,-1,0.0,-1,0.0,1.0,-0.0,1.0,-0.0,-1.0,0.0,0.0,-0.0,1.0,-0.0,1.0,-0.0,0.0,-0.0,1.0,-0.0,1.0,-0.0,1,-0.0,1,-0.0,-1.0,0.0,0,-0.0,-1.0,0.0,1.0,-0.0,-1,0.0,1.0,-0.0,0.0,-0.0,1,-0.0,1,-0.0,-1.0,0.0,1.0,-0.0,1.0,-0.0,-1.0,0.0,0.0,-0.0,1.0,-0.0,-1.0,0.0,-1,0.0,-1,0.0,1,-0.0,1,-0.0,-1,0.0,1.0,-0.0,-1.0,0.0,1,-0.0,1,-0.0,1.0,-0.0,0.0,-0.0,1.0,-0.0,-1.0,0.0
20170606,@FVU7,1.0,0.000461619625429,118523.4375,rates,1496781875,2.0,0.0,0.0,1.0,0.0,1.0,0.0,1,0.0,1.0,0.0,-1.0,-0.0,-1.0,-0.0,-1.0,-0.0,-1.0,-0.0,-1.0,-0.0,-1.0,-0.0,0,0.0,1,0.0,1,0.0,0,0.0,-1.0,-0.0,1.0,0.0,1.0,0.0,1.0,0.0,-1.0,-0.0,0,0.0,1.0,0.0,-1.0,-0.0,1,0.0,0,0.0,0.0,0.0,-1.0,-0.0,-1.0,-0.0,1.0,0.0,1.0,0.0,1.0,0.0,-1.0,-0.0,1.0,0.0,-1,-0.0,-1.0,-0.0,-1,-0.0,-1.0,-0.0,0.0,0.0,1.0,0.0,-1.0,-0.0,-1.0,-0.0,-1.0,-0.0,1.0,0.0,-1.0,-0.0,1.0,0.0,1.0,0.0,1.0,0.0,-1,-0.0,-1,-0.0,0.0,0.0,-1.0,-0.0,1.0,0.0,-1.0,-0.0,-1.0,-0.0,1.0,0.0,1.0,0.0,1.0,0.0,1.0,0.0,-1,-0.0,0,0.0,1.0,0.0,0,0.0,-1.0,-0.0,-1.0,-0.0,-1,-0.0,1.0,0.0,-1.0,-0.0,-1,-0.0,0,0.0,0.0,0.0,1.0,0.0,-1.0,-0.0,-1.0,-0.0,-1.0,-0.0,1.0,0.0,-1.0,-0.0,1,0.0,0,0.0,0,0.0,-1,-0.0,1,0.0,1.0,0.0,1.0,0.0,0,0.0,-1,-0.0,1.0,0.0,1.0,0.0,1.0,0.0,1.0,0.0
20170606,QGCQ7,1.0,0.0122637087955,129590.0,metal,1496781875,1.0,0.0,0.0,1.0,0.0,1.0,0.0,-1,-0.0,-1.0,-0.0,1.0,0.0,-1.0,-0.0,-1.0,-0.0,-1.0,-0.0,-1.0,-0.0,-1.0,-0.0,0,0.0,-1,-0.0,1,0.0,0,0.0,-1.0,-0.0,-1.0,-0.0,0.0,0.0,1.0,0.0,-1.0,-0.0,0,0.0,-1.0,-0.0,1.0,0.0,1,0.0,1,0.0,0.0,0.0,1.0,0.0,1.0,0.0,-1.0,-0.0,1.0,0.0,1.0,0.0,-1.0,-0.0,1.0,0.0,-1,-0.0,-1.0,-0.0,1,0.0,1.0,0.0,1.0,0.0,1.0,0.0,1.0,0.0,1.0,0.0,0.0,0.0,0.0,0.0,-1.0,-0.0,-1.0,-0.0,1.0,0.0,1.0,0.0,-1,-0.0,1,0.0,-1.0,-0.0,-1.0,-0.0,-1.0,-0.0,0.0,0.0,1.0,0.0,1.0,0.0,0.0,0.0,-1.0,-0.0,-1.0,-0.0,-1,-0.0,-1,-0.0,-1.0,-0.0,0,0.0,1.0,0.0,-1.0,-0.0,-1,-0.0,1.0,0.0,-1.0,-0.0,-1,-0.0,-1,-0.0,0.0,0.0,-1.0,-0.0,1.0,0.0,-1.0,-0.0,0.0,0.0,-1.0,-0.0,1.0,0.0,1,0.0,1,0.0,0,0.0,1,0.0,-1,-0.0,1.0,0.0,1.0,0.0,0,0.0,1,0.0,-1.0,-0.0,1.0,0.0,1.0,0.0,1.0,0.0
20170606,QHGN7,-1.0,-0.0106816857642,63675.0,metal,1496781875,1.0,-680.156341037,680.156341037,-1.0,680.156341037,-1.0,680.156341037,1,-680.156341037,-1.0,680.156341037,-1.0,680.156341037,1.0,-680.156341037,1.0,-680.156341037,1.0,-680.156341037,1.0,-680.156341037,1.0,-680.156341037,0,-0.0,1,-680.156341037,-1,680.156341037,0,-0.0,1.0,-680.156341037,1.0,-680.156341037,-1.0,680.156341037,-1.0,680.156341037,1.0,-680.156341037,0,-0.0,-1.0,680.156341037,-1.0,680.156341037,1,-680.156341037,0,-0.0,0.0,-0.0,-1.0,680.156341037,-1.0,680.156341037,1.0,-680.156341037,-1.0,680.156341037,-1.0,680.156341037,1.0,-680.156341037,-1.0,680.156341037,-1,680.156341037,1.0,-680.156341037,1,-680.156341037,-1.0,680.156341037,0.0,-0.0,1.0,-680.156341037,-1.0,680.156341037,1.0,-680.156341037,1.0,-680.156341037,-1.0,680.156341037,1.0,-680.156341037,-1.0,680.156341037,-1.0,680.156341037,1.0,-680.156341037,1,-680.156341037,1,-680.156341037,0.0,-0.0,-1.0,680.156341037,-1.0,680.156341037,1.0,-680.156341037,1.0,-680.156341037,-1.0,680.156341037,-1.0,680.156341037,1.0,-680.156341037,1.0,-680.156341037,-1,680.156341037,0,-0.0,1.0,-680.156341037,0,-0.0,-1.0,680.156341037,1.0,-680.156341037,1,-680.156341037,-1.0,680.156341037,1.0,-680.156341037,-1,680.156341037,0,-0.0,0.0,-0.0,-1.0,680.156341037,1.0,-680.156341037,1.0,-680.156341037,1.0,-680.156341037,1.0,-680.156341037,-1.0,680.156341037,1,-680.156341037,0,-0.0,0,-0.0,-1,680.156341037,1,-680.156341037,-1.0,680.156341037,-1.0,680.156341037,0,-0.0,-1,680.156341037,1.0,-680.156341037,-1.0,680.156341037,-1.0,680.156341037,-1.0,680.156341037
20170606,QHON7,-1.0,-0.0188577586207,61185.6,energy,1496781875,1.0,-0.0,0.0,-1.0,0.0,1.0,-0.0,-1,0.0,1.0,-0.0,-1.0,0.0,0.0,-0.0,1.0,-0.0,-1.0,0.0,1.0,-0.0,1.0,-0.0,0,-0.0,1,-0.0,-1,0.0,-1,0.0,1.0,-0.0,1.0,-0.0,0.0,-0.0,-1.0,0.0,1.0,-0.0,0,-0.0,-1.0,0.0,-1.0,0.0,-1,0.0,-1,0.0,0.0,-0.0,-1.0,0.0,-1.0,0.0,1.0,-0.0,-1.0,0.0,-1.0,0.0,1.0,-0.0,-1.0,0.0,-1,0.0,1.0,-0.0,-1,0.0,-1.0,0.0,-1.0,0.0,-1.0,0.0,-1.0,0.0,-1.0,0.0,0.0,-0.0,0.0,-0.0,1.0,-0.0,1.0,-0.0,-1.0,0.0,1.0,-0.0,1,-0.0,1,-0.0,1.0,-0.0,1.0,-0.0,1.0,-0.0,0.0,-0.0,-1.0,0.0,-1.0,0.0,-1.0,0.0,1.0,-0.0,1.0,-0.0,-1,0.0,0,-0.0,1.0,-0.0,0,-0.0,-1.0,0.0,1.0,-0.0,-1,0.0,-1.0,0.0,1.0,-0.0,1,-0.0,1,-0.0,0.0,-0.0,-1.0,0.0,1.0,-0.0,1.0,-0.0,1.0,-0.0,1.0,-0.0,-1.0,0.0,1,-0.0,0,-0.0,1,-0.0,1,-0.0,1,-0.0,-1.0,0.0,-1.0,0.0,0,-0.0,-1,0.0,1.0,-0.0,0.0,-0.0,-1.0,0.0,1.0,-0.0
20170606,@JYM7,1.0,0.00910947937945,114237.5,currency,1496781875,1.0,1040.64415061,1040.64415061,1.0,1040.64415061,1.0,1040.64415061,-1,-1040.64415061,-1.0,-1040.64415061,1.0,1040.64415061,-1.0,-1040.64415061,-1.0,-1040.64415061,-1.0,-1040.64415061,-1.0,-1040.64415061,-1.0,-1040.64415061,0,0.0,-1,-1040.64415061,1,1040.64415061,0,0.0,-1.0,-1040.64415061,-1.0,-1040.64415061,0.0,0.0,1.0,1040.64415061,-1.0,-1040.64415061,0,0.0,1.0,1040.64415061,1.0,1040.64415061,1,1040.64415061,1,1040.64415061,0.0,0.0,1.0,1040.64415061,1.0,1040.64415061,-1.0,-1040.64415061,1.0,1040.64415061,1.0,1040.64415061,-1.0,-1040.64415061,1.0,1040.64415061,-1,-1040.64415061,-1.0,-1040.64415061,1,1040.64415061,1.0,1040.64415061,1.0,1040.64415061,1.0,1040.64415061,1.0,1040.64415061,1.0,1040.64415061,0.0,0.0,0.0,0.0,-1.0,-1040.64415061,-1.0,-1040.64415061,1.0,1040.64415061,1.0,1040.64415061,-1,-1040.64415061,-1,-1040.64415061,-1.0,-1040.64415061,-1.0,-1040.64415061,-1.0,-1040.64415061,0.0,0.0,1.0,1040.64415061,1.0,1040.64415061,1.0,1040.64415061,-1.0,-1040.64415061,-1.0,-1040.64415061,1,1040.64415061,0,0.0,-1.0,-1040.64415061,0,0.0,1.0,1040.64415061,-1.0,-1040.64415061,-1,-1040.64415061,1.0,1040.64415061,-1.0,-1040.64415061,-1,-1040.64415061,-1,-1040.64415061,0.0,0.0,1.0,1040.64415061,-1.0,-1040.64415061,-1.0,-1040.64415061,-1.0,-1040.64415061,-1.0,-1040.64415061,1.0,1040.64415061,-1,-1040.64415061,0,0.0,0,0.0,1,1040.64415061,-1,-1040.64415061,1.0,1040.64415061,1.0,1040.64415061,0,0.0,1,1040.64415061,-1.0,-1040.64415061,1.0,1040.64415061,1.0,1040.64415061,1.0,1040.64415061
20170606,@LEQ7,-1.0,-0.0190174326466,49520.0,meat,1496771970,1.0,-0.0,0.0,0.0,-0.0,1.0,-0.0,-1,0.0,-1.0,0.0,-1.0,0.0,0.0,-0.0,-1.0,0.0,1.0,-0.0,-1.0,0.0,1.0,-0.0,-1,0.0,-1,0.0,-1,0.0,-1,0.0,-1.0,0.0,-1.0,0.0,-1.0,0.0,-1.0,0.0,1.0,-0.0,0,-0.0,-1.0,0.0,-1.0,0.0,-1,0.0,0,-0.0,1.0,-0.0,1.0,-0.0,1.0,-0.0,1.0,-0.0,-1.0,0.0,0.0,-0.0,0.0,-0.0,1.0,-0.0,1,-0.0,1.0,-0.0,1,-0.0,1.0,-0.0,0.0,-0.0,-1.0,0.0,1.0,-0.0,1.0,-0.0,1.0,-0.0,-1.0,0.0,1.0,-0.0,-1.0,0.0,-1.0,0.0,-1.0,0.0,-1,0.0,-1,0.0,0.0,-0.0,1.0,-0.0,-1.0,0.0,1.0,-0.0,1.0,-0.0,1.0,-0.0,0.0,-0.0,1.0,-0.0,1.0,-0.0,1,-0.0,1,-0.0,-1.0,0.0,0,-0.0,-1.0,0.0,1.0,-0.0,-1,0.0,1.0,-0.0,0.0,-0.0,1,-0.0,0,-0.0,-1.0,0.0,1.0,-0.0,1.0,-0.0,-1.0,0.0,0.0,-0.0,-1.0,0.0,-1.0,0.0,-1,0.0,-1,0.0,1,-0.0,1,-0.0,-1,0.0,1.0,-0.0,-1.0,0.0,1,-0.0,1,-0.0,1.0,-0.0,0.0,-0.0,1.0,-0.0,-1.0,0.0
20170606,@ADM7,1.0,0.00968523002421,75060.0,currency,1496781875,1.0,0.0,0.0,0.0,0.0,1.0,0.0,-1,-0.0,-1.0,-0.0,-1.0,-0.0,0.0,0.0,-1.0,-0.0,1.0,0.0,-1.0,-0.0,1.0,0.0,-1,-0.0,-1,-0.0,-1,-0.0,-1,-0.0,-1.0,-0.0,-1.0,-0.0,-1.0,-0.0,-1.0,-0.0,1.0,0.0,0,0.0,-1.0,-0.0,-1.0,-0.0,-1,-0.0,0,0.0,1.0,0.0,1.0,0.0,1.0,0.0,1.0,0.0,-1.0,-0.0,0.0,0.0,0.0,0.0,1.0,0.0,-1,-0.0,1.0,0.0,1,0.0,1.0,0.0,0.0,0.0,-1.0,-0.0,1.0,0.0,1.0,0.0,1.0,0.0,-1.0,-0.0,1.0,0.0,-1.0,-0.0,-1.0,-0.0,1.0,0.0,-1,-0.0,-1,-0.0,0.0,0.0,1.0,0.0,-1.0,-0.0,1.0,0.0,1.0,0.0,1.0,0.0,0.0,0.0,1.0,0.0,1.0,0.0,1,0.0,1,0.0,-1.0,-0.0,0,0.0,-1.0,-0.0,1.0,0.0,-1,-0.0,1.0,0.0,0.0,0.0,1,0.0,0,0.0,-1.0,-0.0,1.0,0.0,1.0,0.0,-1.0,-0.0,0.0,0.0,-1.0,-0.0,-1.0,-0.0,-1,-0.0,-1,-0.0,1,0.0,1,0.0,-1,-0.0,1.0,0.0,-1.0,-0.0,1,0.0,1,0.0,1.0,0.0,0.0,0.0,1.0,0.0,-1.0,-0.0
20170606,@PXM7,1.0,0.0262812089356,27335.0,currency,1496781875,1.0,0.0,0.0,0.0,0.0,1.0,0.0,-1,-0.0,-1.0,-0.0,-1.0,-0.0,0.0,0.0,-1.0,-0.0,1.0,0.0,-1.0,-0.0,1.0,0.0,-1,-0.0,-1,-0.0,-1,-0.0,-1,-0.0,-1.0,-0.0,-1.0,-0.0,-1.0,-0.0,-1.0,-0.0,1.0,0.0,0,0.0,-1.0,-0.0,-1.0,-0.0,-1,-0.0,0,0.0,1.0,0.0,1.0,0.0,1.0,0.0,1.0,0.0,-1.0,-0.0,0.0,0.0,0.0,0.0,1.0,0.0,-1,-0.0,1.0,0.0,1,0.0,1.0,0.0,0.0,0.0,-1.0,-0.0,1.0,0.0,1.0,0.0,1.0,0.0,-1.0,-0.0,1.0,0.0,-1.0,-0.0,-1.0,-0.0,1.0,0.0,-1,-0.0,1,0.0,0.0,0.0,1.0,0.0,-1.0,-0.0,1.0,0.0,1.0,0.0,-1.0,-0.0,-1.0,-0.0,1.0,0.0,-1.0,-0.0,1,0.0,0,0.0,-1.0,-0.0,0,0.0,-1.0,-0.0,1.0,0.0,-1,-0.0,1.0,0.0,0.0,0.0,1,0.0,0,0.0,-1.0,-0.0,-1.0,-0.0,1.0,0.0,1.0,0.0,1.0,0.0,-1.0,-0.0,1.0,0.0,-1,-0.0,0,0.0,1,0.0,1,0.0,-1,-0.0,1.0,0.0,-1.0,-0.0,1,0.0,1,0.0,1.0,0.0,0.0,0.0,1.0,0.0,-1.0,-0.0
20170606,QNGN7,1.0,0.0190063354451,30560.0,energy,1496781875,1.0,580.833611204,580.833611204,-1.0,-580.833611204,-1.0,-580.833611204,1,580.833611204,-1.0,-580.833611204,-1.0,-580.833611204,1.0,580.833611204,1.0,580.833611204,1.0,580.833611204,1.0,580.833611204,1.0,580.833611204,0,0.0,1,580.833611204,-1,-580.833611204,0,0.0,1.0,580.833611204,1.0,580.833611204,-1.0,-580.833611204,-1.0,-580.833611204,1.0,580.833611204,0,0.0,1.0,580.833611204,-1.0,-580.833611204,1,580.833611204,0,0.0,0.0,0.0,-1.0,-580.833611204,-1.0,-580.833611204,1.0,580.833611204,-1.0,-580.833611204,-1.0,-580.833611204,1.0,580.833611204,-1.0,-580.833611204,-1,-580.833611204,1.0,580.833611204,1,580.833611204,-1.0,-580.833611204,0.0,0.0,1.0,580.833611204,-1.0,-580.833611204,1.0,580.833611204,1.0,580.833611204,-1.0,-580.833611204,1.0,580.833611204,-1.0,-580.833611204,-1.0,-580.833611204,1.0,580.833611204,1,580.833611204,-1,-580.833611204,0.0,0.0,-1.0,-580.833611204,-1.0,-580.833611204,1.0,580.833611204,1.0,580.833611204,-1.0,-580.833611204,0.0,0.0,1.0,580.833611204,1.0,580.833611204,1,580.833611204,1,580.833611204,1.0,580.833611204,0,0.0,-1.0,-580.833611204,1.0,580.833611204,1,580.833611204,-1.0,-580.833611204,1.0,580.833611204,-1,-580.833611204,0,0.0,0.0,0.0,1.0,580.833611204,-1.0,-580.833611204,1.0,580.833611204,0.0,0.0,1.0,580.833611204,-1.0,-580.833611204,-1,-580.833611204,-1,-580.833611204,0,0.0,-1,-580.833611204,1,580.833611204,-1.0,-580.833611204,-1.0,-580.833611204,0,0.0,-1,-580.833611204,1.0,580.833611204,-1.0,-580.833611204,-1.0,-580.833611204,-1.0,-580.833611204
20170606,@NKDM7,-1.0,-0.0109099925614,90289.7238569,index,1496781875,1.0,-0.0,0.0,-1.0,0.0,-1.0,0.0,1,-0.0,-1.0,0.0,-1.0,0.0,1.0,-0.0,1.0,-0.0,1.0,-0.0,1.0,-0.0,1.0,-0.0,0,-0.0,1,-0.0,-1,0.0,0,-0.0,1.0,-0.0,1.0,-0.0,-1.0,0.0,-1.0,0.0,1.0,-0.0,0,-0.0,-1.0,0.0,-1.0,0.0,1,-0.0,0,-0.0,0.0,-0.0,-1.0,0.0,-1.0,0.0,1.0,-0.0,-1.0,0.0,-1.0,0.0,1.0,-0.0,-1.0,0.0,1,-0.0,1.0,-0.0,1,-0.0,-1.0,0.0,0.0,-0.0,1.0,-0.0,-1.0,0.0,1.0,-0.0,1.0,-0.0,-1.0,0.0,1.0,-0.0,-1.0,0.0,-1.0,0.0,-1.0,0.0,1,-0.0,1,-0.0,0.0,-0.0,-1.0,0.0,-1.0,0.0,1.0,-0.0,1.0,-0.0,-1.0,0.0,-1.0,0.0,1.0,-0.0,1.0,-0.0,-1,0.0,0,-0.0,1.0,-0.0,0,-0.0,-1.0,0.0,1.0,-0.0,1,-0.0,-1.0,0.0,1.0,-0.0,-1,0.0,0,-0.0,0.0,-0.0,-1.0,0.0,1.0,-0.0,1.0,-0.0,1.0,-0.0,1.0,-0.0,-1.0,0.0,1,-0.0,0,-0.0,0,-0.0,-1,0.0,1,-0.0,-1.0,0.0,-1.0,0.0,0,-0.0,-1,0.0,1.0,-0.0,-1.0,0.0,-1.0,0.0,-1.0,0.0
20170606,@NQM7,-1.0,-0.00407747196738,117240.0,index,1496781875,1.0,-0.0,0.0,0.0,-0.0,1.0,-0.0,-1,0.0,-1.0,0.0,-1.0,0.0,0.0,-0.0,1.0,-0.0,-1.0,0.0,1.0,-0.0,-1.0,0.0,-1,0.0,-1,0.0,-1,0.0,-1,0.0,1.0,-0.0,1.0,-0.0,-1.0,0.0,-1.0,0.0,1.0,-0.0,0,-0.0,-1.0,0.0,-1.0,0.0,1,-0.0,0,-0.0,1.0,-0.0,-1.0,0.0,1.0,-0.0,1.0,-0.0,1.0,-0.0,0.0,-0.0,0.0,-0.0,-1.0,0.0,-1,0.0,1.0,-0.0,1,-0.0,-1.0,0.0,0.0,-0.0,1.0,-0.0,-1.0,0.0,1.0,-0.0,1.0,-0.0,-1.0,0.0,1.0,-0.0,-1.0,0.0,-1.0,0.0,1.0,-0.0,-1,0.0,1,-0.0,0.0,-0.0,-1.0,0.0,-1.0,0.0,1.0,-0.0,1.0,-0.0,-1.0,0.0,-1.0,0.0,1.0,-0.0,1.0,-0.0,-1,0.0,0,-0.0,-1.0,0.0,0,-0.0,-1.0,0.0,-1.0,0.0,-1,0.0,1.0,-0.0,0.0,-0.0,-1,0.0,0,-0.0,-1.0,0.0,-1.0,0.0,1.0,-0.0,1.0,-0.0,1.0,-0.0,1.0,-0.0,-1.0,0.0,1,-0.0,0,-0.0,1,-0.0,1,-0.0,1,-0.0,-1.0,0.0,1.0,-0.0,1,-0.0,1,-0.0,1.0,-0.0,0.0,-0.0,-1.0,0.0,1.0,-0.0
20170606,QPAU7,1.0,0.0167256159703,84800.0,metal,1496781875,1.0,0.0,0.0,0.0,0.0,1.0,0.0,-1,-0.0,-1.0,-0.0,-1.0,-0.0,0.0,0.0,-1.0,-0.0,1.0,0.0,-1.0,-0.0,1.0,0.0,-1,-0.0,-1,-0.0,-1,-0.0,-1,-0.0,-1.0,-0.0,-1.0,-0.0,-1.0,-0.0,-1.0,-0.0,1.0,0.0,0,0.0,-1.0,-0.0,-1.0,-0.0,-1,-0.0,0,0.0,1.0,0.0,1.0,0.0,1.0,0.0,1.0,0.0,-1.0,-0.0,0.0,0.0,0.0,0.0,1.0,0.0,-1,-0.0,1.0,0.0,1,0.0,1.0,0.0,0.0,0.0,-1.0,-0.0,1.0,0.0,1.0,0.0,1.0,0.0,-1.0,-0.0,1.0,0.0,-1.0,-0.0,-1.0,-0.0,1.0,0.0,-1,-0.0,1,0.0,0.0,0.0,1.0,0.0,-1.0,-0.0,1.0,0.0,1.0,0.0,-1.0,-0.0,-1.0,-0.0,1.0,0.0,-1.0,-0.0,1,0.0,0,0.0,-1.0,-0.0,0,0.0,-1.0,-0.0,1.0,0.0,-1,-0.0,1.0,0.0,0.0,0.0,1,0.0,0,0.0,-1.0,-0.0,-1.0,-0.0,1.0,0.0,1.0,0.0,1.0,0.0,-1.0,-0.0,1.0,0.0,-1,-0.0,0,0.0,1,0.0,1,0.0,-1,-0.0,1.0,0.0,-1.0,-0.0,1,0.0,1,0.0,1.0,0.0,0.0,0.0,1.0,0.0,-1.0,-0.0
20170606,QPLN7,1.0,0.00943989930774,48120.0,metal,1496781875,1.0,0.0,0.0,1.0,0.0,-1.0,-0.0,1,0.0,-1.0,-0.0,1.0,0.0,0.0,0.0,-1.0,-0.0,1.0,0.0,-1.0,-0.0,-1.0,-0.0,0,0.0,-1,-0.0,1,0.0,1,0.0,-1.0,-0.0,-1.0,-0.0,0.0,0.0,1.0,0.0,-1.0,-0.0,0,0.0,-1.0,-0.0,1.0,0.0,1,0.0,1,0.0,0.0,0.0,1.0,0.0,1.0,0.0,-1.0,-0.0,1.0,0.0,1.0,0.0,-1.0,-0.0,1.0,0.0,-1,-0.0,-1.0,-0.0,1,0.0,1.0,0.0,1.0,0.0,1.0,0.0,1.0,0.0,1.0,0.0,0.0,0.0,0.0,0.0,-1.0,-0.0,-1.0,-0.0,1.0,0.0,1.0,0.0,-1,-0.0,1,0.0,-1.0,-0.0,-1.0,-0.0,-1.0,-0.0,0.0,0.0,1.0,0.0,1.0,0.0,0.0,0.0,-1.0,-0.0,-1.0,-0.0,-1,-0.0,-1,-0.0,-1.0,-0.0,0,0.0,1.0,0.0,-1.0,-0.0,1,0.0,1.0,0.0,-1.0,-0.0,-1,-0.0,-1,-0.0,0.0,0.0,-1.0,-0.0,1.0,0.0,-1.0,-0.0,0.0,0.0,-1.0,-0.0,1.0,0.0,1,0.0,1,0.0,-1,-0.0,-1,-0.0,-1,-0.0,1.0,0.0,1.0,0.0,0,0.0,1,0.0,-1.0,-0.0,0.0,0.0,1.0,0.0,-1.0,-0.0
20170606,QRBN7,-1.0,-0.0256800456534,64537.2,energy,1496781875,1.0,-0.0,0.0,-1.0,0.0,-1.0,0.0,1,-0.0,1.0,-0.0,-1.0,0.0,1.0,-0.0,1.0,-0.0,1.0,-0.0,1.0,-0.0,1.0,-0.0,0,-0.0,1,-0.0,-1,0.0,0,-0.0,1.0,-0.0,1.0,-0.0,0.0,-0.0,-1.0,0.0,1.0,-0.0,0,-0.0,-1.0,0.0,-1.0,0.0,-1,0.0,-1,0.0,0.0,-0.0,-1.0,0.0,-1.0,0.0,1.0,-0.0,-1.0,0.0,-1.0,0.0,1.0,-0.0,-1.0,0.0,-1,0.0,1.0,-0.0,-1,0.0,-1.0,0.0,-1.0,0.0,-1.0,0.0,-1.0,0.0,-1.0,0.0,0.0,-0.0,0.0,-0.0,1.0,-0.0,1.0,-0.0,-1.0,0.0,1.0,-0.0,1,-0.0,1,-0.0,1.0,-0.0,1.0,-0.0,1.0,-0.0,0.0,-0.0,-1.0,0.0,-1.0,0.0,-1.0,0.0,1.0,-0.0,1.0,-0.0,-1,0.0,0,-0.0,1.0,-0.0,0,-0.0,-1.0,0.0,1.0,-0.0,1,-0.0,-1.0,0.0,1.0,-0.0,1,-0.0,1,-0.0,0.0,-0.0,-1.0,0.0,1.0,-0.0,1.0,-0.0,1.0,-0.0,1.0,-0.0,-1.0,0.0,1,-0.0,0,-0.0,0,-0.0,-1,0.0,1,-0.0,-1.0,0.0,-1.0,0.0,0,-0.0,-1,0.0,1.0,-0.0,-1.0,0.0,-1.0,0.0,-1.0,0.0
20170606,@SN7,1.0,0.00433839479393,46300.0,grain,1496772787,1.0,0.0,0.0,-1.0,-0.0,-1.0,-0.0,-1,-0.0,1.0,0.0,1.0,0.0,1.0,0.0,1.0,0.0,1.0,0.0,1.0,0.0,1.0,0.0,0,0.0,-1,-0.0,-1,-0.0,0,0.0,1.0,0.0,1.0,0.0,0.0,0.0,1.0,0.0,-1.0,-0.0,0,0.0,-1.0,-0.0,1.0,0.0,-1,-0.0,-1,-0.0,0.0,0.0,-1.0,-0.0,1.0,0.0,-1.0,-0.0,-1.0,-0.0,-1.0,-0.0,1.0,0.0,-1.0,-0.0,1,0.0,1.0,0.0,-1,-0.0,1.0,0.0,-1.0,-0.0,-1.0,-0.0,-1.0,-0.0,1.0,0.0,0.0,0.0,0.0,0.0,-1.0,-0.0,-1.0,-0.0,1.0,0.0,-1.0,-0.0,1,0.0,1,0.0,1.0,0.0,1.0,0.0,-1.0,-0.0,0.0,0.0,1.0,0.0,-1.0,-0.0,-1.0,-0.0,-1.0,-0.0,-1.0,-0.0,1,0.0,0,0.0,-1.0,-0.0,0,0.0,1.0,0.0,1.0,0.0,1,0.0,-1.0,-0.0,1.0,0.0,1,0.0,1,0.0,0.0,0.0,-1.0,-0.0,1.0,0.0,1.0,0.0,1.0,0.0,1.0,0.0,1.0,0.0,-1,-0.0,0,0.0,0,0.0,1,0.0,-1,-0.0,-1.0,-0.0,-1.0,-0.0,0,0.0,1,0.0,-1.0,-0.0,-1.0,-0.0,-1.0,-0.0,-1.0,-0.0
20170606,@SFM7,1.0,0.000962556550197,129987.5,currency,1496781875,1.0,0.0,0.0,0.0,0.0,1.0,0.0,-1,-0.0,-1.0,-0.0,-1.0,-0.0,0.0,0.0,1.0,0.0,-1.0,-0.0,1.0,0.0,-1.0,-0.0,-1,-0.0,-1,-0.0,-1,-0.0,-1,-0.0,1.0,0.0,1.0,0.0,-1.0,-0.0,-1.0,-0.0,1.0,0.0,0,0.0,1.0,0.0,-1.0,-0.0,1,0.0,0,0.0,1.0,0.0,-1.0,-0.0,1.0,0.0,1.0,0.0,1.0,0.0,0.0,0.0,0.0,0.0,-1.0,-0.0,-1,-0.0,1.0,0.0,1,0.0,-1.0,-0.0,0.0,0.0,1.0,0.0,-1.0,-0.0,1.0,0.0,1.0,0.0,-1.0,-0.0,1.0,0.0,-1.0,-0.0,-1.0,-0.0,1.0,0.0,-1,-0.0,-1,-0.0,0.0,0.0,-1.0,-0.0,-1.0,-0.0,1.0,0.0,1.0,0.0,-1.0,-0.0,0.0,0.0,1.0,0.0,1.0,0.0,1,0.0,1,0.0,-1.0,-0.0,0,0.0,-1.0,-0.0,-1.0,-0.0,-1,-0.0,1.0,0.0,0.0,0.0,-1,-0.0,0,0.0,-1.0,-0.0,1.0,0.0,-1.0,-0.0,1.0,0.0,0.0,0.0,1.0,0.0,-1.0,-0.0,-1,-0.0,-1,-0.0,1,0.0,1,0.0,1,0.0,-1.0,-0.0,1.0,0.0,1,0.0,1,0.0,1.0,0.0,0.0,0.0,-1.0,-0.0,1.0,0.0
20170606,QSIN7,1.0,0.00941512125535,88450.0,metal,1496781875,1.0,0.0,0.0,1.0,0.0,1.0,0.0,-1,-0.0,-1.0,-0.0,1.0,0.0,-1.0,-0.0,-1.0,-0.0,-1.0,-0.0,-1.0,-0.0,-1.0,-0.0,0,0.0,-1,-0.0,1,0.0,0,0.0,-1.0,-0.0,-1.0,-0.0,0.0,0.0,1.0,0.0,-1.0,-0.0,0,0.0,-1.0,-0.0,1.0,0.0,1,0.0,1,0.0,0.0,0.0,1.0,0.0,1.0,0.0,-1.0,-0.0,1.0,0.0,1.0,0.0,-1.0,-0.0,1.0,0.0,-1,-0.0,-1.0,-0.0,1,0.0,1.0,0.0,1.0,0.0,1.0,0.0,1.0,0.0,1.0,0.0,0.0,0.0,0.0,0.0,-1.0,-0.0,-1.0,-0.0,1.0,0.0,1.0,0.0,-1,-0.0,1,0.0,-1.0,-0.0,-1.0,-0.0,-1.0,-0.0,0.0,0.0,1.0,0.0,1.0,0.0,0.0,0.0,-1.0,-0.0,-1.0,-0.0,-1,-0.0,-1,-0.0,-1.0,-0.0,0,0.0,1.0,0.0,-1.0,-0.0,-1,-0.0,1.0,0.0,-1.0,-0.0,-1,-0.0,-1,-0.0,0.0,0.0,-1.0,-0.0,1.0,0.0,-1.0,-0.0,0.0,0.0,-1.0,-0.0,1.0,0.0,1,0.0,1,0.0,0,0.0,1,0.0,-1,-0.0,1.0,0.0,1.0,0.0,0,0.0,1,0.0,-1.0,-0.0,1.0,0.0,1.0,0.0,1.0,0.0
20170606,@SMN7,1.0,0.0043246839654,30190.0,grain,1496772787,1.0,130.562208915,130.562208915,-1.0,-130.562208915,-1.0,-130.562208915,1,130.562208915,1.0,130.562208915,-1.0,-130.562208915,1.0,130.562208915,1.0,130.562208915,1.0,130.562208915,1.0,130.562208915,1.0,130.562208915,0,0.0,1,130.562208915,-1,-130.562208915,0,0.0,1.0,130.562208915,1.0,130.562208915,0.0,0.0,-1.0,-130.562208915,1.0,130.562208915,0,0.0,-1.0,-130.562208915,-1.0,-130.562208915,-1,-130.562208915,-1,-130.562208915,0.0,0.0,-1.0,-130.562208915,-1.0,-130.562208915,1.0,130.562208915,-1.0,-130.562208915,-1.0,-130.562208915,1.0,130.562208915,-1.0,-130.562208915,1,130.562208915,1.0,130.562208915,-1,-130.562208915,-1.0,-130.562208915,-1.0,-130.562208915,-1.0,-130.562208915,-1.0,-130.562208915,-1.0,-130.562208915,0.0,0.0,0.0,0.0,1.0,130.562208915,1.0,130.562208915,-1.0,-130.562208915,-1.0,-130.562208915,1,130.562208915,1,130.562208915,1.0,130.562208915,1.0,130.562208915,1.0,130.562208915,0.0,0.0,-1.0,-130.562208915,-1.0,-130.562208915,-1.0,-130.562208915,1.0,130.562208915,1.0,130.562208915,-1,-130.562208915,0,0.0,1.0,130.562208915,0,0.0,-1.0,-130.562208915,1.0,130.562208915,1,130.562208915,-1.0,-130.562208915,1.0,130.562208915,1,130.562208915,1,130.562208915,0.0,0.0,-1.0,-130.562208915,1.0,130.562208915,1.0,130.562208915,1.0,130.562208915,1.0,130.562208915,-1.0,-130.562208915,1,130.562208915,0,0.0,0,0.0,-1,-130.562208915,1,130.562208915,-1.0,-130.562208915,-1.0,-130.562208915,0,0.0,-1,-130.562208915,1.0,130.562208915,-1.0,-130.562208915,-1.0,-130.562208915,-1.0,-130.562208915
20170606,@TUU7,1.0,0.0,216437.5,rates,1496781875,2.0,0.0,0.0,1.0,0.0,1.0,0.0,1,0.0,1.0,0.0,-1.0,-0.0,-1.0,-0.0,-1.0,-0.0,-1.0,-0.0,-1.0,-0.0,-1.0,-0.0,0,0.0,1,0.0,1,0.0,0,0.0,-1.0,-0.0,1.0,0.0,1.0,0.0,1.0,0.0,-1.0,-0.0,0,0.0,1.0,0.0,-1.0,-0.0,1,0.0,0,0.0,0.0,0.0,-1.0,-0.0,-1.0,-0.0,1.0,0.0,1.0,0.0,1.0,0.0,-1.0,-0.0,1.0,0.0,-1,-0.0,-1.0,-0.0,-1,-0.0,-1.0,-0.0,0.0,0.0,1.0,0.0,-1.0,-0.0,-1.0,-0.0,-1.0,-0.0,1.0,0.0,-1.0,-0.0,1.0,0.0,1.0,0.0,1.0,0.0,-1,-0.0,1,0.0,0.0,0.0,-1.0,-0.0,1.0,0.0,-1.0,-0.0,-1.0,-0.0,-1.0,-0.0,0.0,0.0,1.0,0.0,-1.0,-0.0,-1,-0.0,-1,-0.0,1.0,0.0,0,0.0,-1.0,-0.0,-1.0,-0.0,-1,-0.0,1.0,0.0,-1.0,-0.0,-1,-0.0,0,0.0,0.0,0.0,-1.0,-0.0,-1.0,-0.0,1.0,0.0,0.0,0.0,1.0,0.0,1.0,0.0,1,0.0,1,0.0,0,0.0,-1,-0.0,1,0.0,1.0,0.0,1.0,0.0,0,0.0,-1,-0.0,1.0,0.0,1.0,0.0,1.0,0.0,1.0,0.0
20170606,@TYU7,1.0,0.00098704503393,126765.625,rates,1496781875,1.0,125.123380629,125.123380629,1.0,125.123380629,1.0,125.123380629,1,125.123380629,-1.0,-125.123380629,-1.0,-125.123380629,-1.0,-125.123380629,-1.0,-125.123380629,-1.0,-125.123380629,-1.0,-125.123380629,-1.0,-125.123380629,0,0.0,1,125.123380629,1,125.123380629,0,0.0,-1.0,-125.123380629,-1.0,-125.123380629,0.0,0.0,-1.0,-125.123380629,1.0,125.123380629,0,0.0,1.0,125.123380629,-1.0,-125.123380629,1,125.123380629,1,125.123380629,0.0,0.0,1.0,125.123380629,-1.0,-125.123380629,1.0,125.123380629,1.0,125.123380629,1.0,125.123380629,-1.0,-125.123380629,1.0,125.123380629,-1,-125.123380629,-1.0,-125.123380629,1,125.123380629,-1.0,-125.123380629,1.0,125.123380629,1.0,125.123380629,1.0,125.123380629,-1.0,-125.123380629,0.0,0.0,0.0,0.0,1.0,125.123380629,1.0,125.123380629,-1.0,-125.123380629,1.0,125.123380629,-1,-125.123380629,-1,-125.123380629,-1.0,-125.123380629,-1.0,-125.123380629,1.0,125.123380629,0.0,0.0,-1.0,-125.123380629,1.0,125.123380629,1.0,125.123380629,1.0,125.123380629,1.0,125.123380629,-1,-125.123380629,0,0.0,1.0,125.123380629,0,0.0,-1.0,-125.123380629,-1.0,-125.123380629,-1,-125.123380629,1.0,125.123380629,-1.0,-125.123380629,-1,-125.123380629,-1,-125.123380629,0.0,0.0,1.0,125.123380629,-1.0,-125.123380629,-1.0,-125.123380629,-1.0,-125.123380629,-1.0,-125.123380629,-1.0,-125.123380629,1,125.123380629,0,0.0,0,0.0,-1,-125.123380629,1,125.123380629,1.0,125.123380629,1.0,125.123380629,0,0.0,-1,-125.123380629,1.0,125.123380629,1.0,125.123380629,1.0,125.123380629,1.0,125.123380629
20170606,@USU7,1.0,0.00121089808274,155031.25,rates,1496781875,1.0,0.0,0.0,1.0,0.0,1.0,0.0,1,0.0,-1.0,-0.0,-1.0,-0.0,-1.0,-0.0,-1.0,-0.0,-1.0,-0.0,-1.0,-0.0,-1.0,-0.0,0,0.0,1,0.0,1,0.0,0,0.0,-1.0,-0.0,-1.0,-0.0,0.0,0.0,-1.0,-0.0,1.0,0.0,0,0.0,1.0,0.0,-1.0,-0.0,1,0.0,1,0.0,0.0,0.0,1.0,0.0,-1.0,-0.0,1.0,0.0,1.0,0.0,1.0,0.0,-1.0,-0.0,1.0,0.0,-1,-0.0,-1.0,-0.0,1,0.0,-1.0,-0.0,1.0,0.0,1.0,0.0,1.0,0.0,-1.0,-0.0,0.0,0.0,0.0,0.0,1.0,0.0,1.0,0.0,-1.0,-0.0,1.0,0.0,-1,-0.0,-1,-0.0,-1.0,-0.0,-1.0,-0.0,1.0,0.0,0.0,0.0,-1.0,-0.0,1.0,0.0,1.0,0.0,1.0,0.0,1.0,0.0,-1,-0.0,0,0.0,1.0,0.0,0,0.0,-1.0,-0.0,-1.0,-0.0,-1,-0.0,1.0,0.0,-1.0,-0.0,-1,-0.0,-1,-0.0,0.0,0.0,1.0,0.0,-1.0,-0.0,-1.0,-0.0,-1.0,-0.0,-1.0,-0.0,-1.0,-0.0,1,0.0,0,0.0,0,0.0,-1,-0.0,1,0.0,1.0,0.0,1.0,0.0,0,0.0,-1,-0.0,1.0,0.0,1.0,0.0,1.0,0.0,1.0,0.0
20170606,@WN7,1.0,0.0139697322468,21775.0,grain,1496772787,1.0,304.190919674,304.190919674,0.0,0.0,-1.0,-304.190919674,-1,-304.190919674,-1.0,-304.190919674,-1.0,-304.190919674,1.0,304.190919674,1.0,304.190919674,1.0,304.190919674,-1.0,-304.190919674,1.0,304.190919674,-1,-304.190919674,-1,-304.190919674,-1,-304.190919674,0,0.0,-1.0,-304.190919674,-1.0,-304.190919674,-1.0,-304.190919674,-1.0,-304.190919674,1.0,304.190919674,0,0.0,-1.0,-304.190919674,1.0,304.190919674,-1,-304.190919674,0,0.0,1.0,304.190919674,1.0,304.190919674,1.0,304.190919674,1.0,304.190919674,-1.0,-304.190919674,0.0,0.0,0.0,0.0,1.0,304.190919674,-1,-304.190919674,1.0,304.190919674,1,304.190919674,1.0,304.190919674,0.0,0.0,-1.0,-304.190919674,1.0,304.190919674,1.0,304.190919674,1.0,304.190919674,-1.0,-304.190919674,1.0,304.190919674,-1.0,-304.190919674,-1.0,-304.190919674,1.0,304.190919674,-1,-304.190919674,1,304.190919674,0.0,0.0,1.0,304.190919674,-1.0,-304.190919674,1.0,304.190919674,1.0,304.190919674,-1.0,-304.190919674,-1.0,-304.190919674,-1.0,-304.190919674,-1.0,-304.190919674,1,304.190919674,0,0.0,-1.0,-304.190919674,0,0.0,-1.0,-304.190919674,1.0,304.190919674,1,304.190919674,1.0,304.190919674,0.0,0.0,1,304.190919674,0,0.0,-1.0,-304.190919674,-1.0,-304.190919674,1.0,304.190919674,1.0,304.190919674,1.0,304.190919674,-1.0,-304.190919674,1.0,304.190919674,-1,-304.190919674,0,0.0,0,0.0,1,304.190919674,-1,-304.190919674,1.0,304.190919674,-1.0,-304.190919674,1,304.190919674,1,304.190919674,1.0,304.190919674,-1.0,-304.190919674,-1.0,-304.190919674,-1.0,-304.190919674
20170606,@NEM7,1.0,0.0063042869151,71830.0,currency,1496781875,1.0,0.0,0.0,0.0,0.0,1.0,0.0,-1,-0.0,1.0,0.0,-1.0,-0.0,0.0,0.0,1.0,0.0,-1.0,-0.0,1.0,0.0,-1.0,-0.0,-1,-0.0,-1,-0.0,-1,-0.0,-1,-0.0,1.0,0.0,1.0,0.0,0.0,0.0,-1.0,-0.0,1.0,0.0,0,0.0,1.0,0.0,-1.0,-0.0,-1,-0.0,-1,-0.0,1.0,0.0,-1.0,-0.0,1.0,0.0,1.0,0.0,1.0,0.0,0.0,0.0,0.0,0.0,-1.0,-0.0,-1,-0.0,1.0,0.0,-1,-0.0,-1.0,-0.0,-1.0,-0.0,-1.0,-0.0,-1.0,-0.0,-1.0,-0.0,0.0,0.0,0.0,0.0,1.0,0.0,1.0,0.0,-1.0,-0.0,1.0,0.0,-1,-0.0,-1,-0.0,1.0,0.0,1.0,0.0,1.0,0.0,0.0,0.0,-1.0,-0.0,-1.0,-0.0,0.0,0.0,1.0,0.0,1.0,0.0,1,0.0,1,0.0,-1.0,-0.0,0,0.0,-1.0,-0.0,-1.0,-0.0,-1,-0.0,1.0,0.0,0.0,0.0,1,0.0,1,0.0,-1.0,-0.0,1.0,0.0,-1.0,-0.0,1.0,0.0,0.0,0.0,1.0,0.0,-1.0,-0.0,-1,-0.0,-1,-0.0,1,0.0,1,0.0,1,0.0,-1.0,-0.0,1.0,0.0,1,0.0,1,0.0,1.0,0.0,0.0,0.0,-1.0,-0.0,1.0,0.0
20170606,@HEN7,1.0,0.0102580043519,32500.0,meat,1496771970,1.0,0.0,0.0,0.0,0.0,1.0,0.0,-1,-0.0,1.0,0.0,-1.0,-0.0,0.0,0.0,1.0,0.0,-1.0,-0.0,1.0,0.0,-1.0,-0.0,-1,-0.0,-1,-0.0,-1,-0.0,-1,-0.0,1.0,0.0,1.0,0.0,0.0,0.0,-1.0,-0.0,1.0,0.0,0,0.0,1.0,0.0,-1.0,-0.0,-1,-0.0,-1,-0.0,1.0,0.0,-1.0,-0.0,1.0,0.0,1.0,0.0,1.0,0.0,0.0,0.0,0.0,0.0,-1.0,-0.0,1,0.0,1.0,0.0,-1,-0.0,-1.0,-0.0,-1.0,-0.0,-1.0,-0.0,-1.0,-0.0,-1.0,-0.0,0.0,0.0,0.0,0.0,1.0,0.0,1.0,0.0,-1.0,-0.0,-1.0,-0.0,-1,-0.0,-1,-0.0,1.0,0.0,1.0,0.0,1.0,0.0,0.0,0.0,-1.0,-0.0,-1.0,-0.0,0.0,0.0,1.0,0.0,1.0,0.0,1,0.0,1,0.0,-1.0,-0.0,0,0.0,-1.0,-0.0,-1.0,-0.0,-1,-0.0,1.0,0.0,0.0,0.0,1,0.0,1,0.0,-1.0,-0.0,1.0,0.0,-1.0,-0.0,1.0,0.0,0.0,0.0,1.0,0.0,-1.0,-0.0,-1,-0.0,-1,-0.0,1,0.0,1,0.0,1,0.0,-1.0,-0.0,1.0,0.0,1,0.0,1,0.0,1.0,0.0,0.0,0.0,-1.0,-0.0,1.0,0.0
