Date,Contract,ACT,LastPctChg,contractValue,group,timestamp,QTY_MICRO,chgValue,abs_chgValue,Anti-19,PNL_Anti-19,50/50,PNL_50/50,29,PNL_29,LowestEquity,PNL_LowestEquity,24,PNL_24,25,PNL_25,26,PNL_26,27,PNL_27,20,PNL_20,21,PNL_21,22,PNL_22,23,PNL_23,RiskOff,PNL_RiskOff,28,PNL_28,Anti-18,PNL_Anti-18,2,PNL_2,4,PNL_4,6,PNL_6,8,PNL_8,benchmark,PNL_benchmark,Anti-33,PNL_Anti-33,30,PNL_30,11,PNL_11,10,PNL_10,13,PNL_13,12,PNL_12,15,PNL_15,14,PNL_14,17,PNL_17,16,PNL_16,19,PNL_19,18,PNL_18,Anti-Custom,PNL_Anti-Custom,RiskOn,PNL_RiskOn,AntiLowestEquity,PNL_AntiLowestEquity,Previous,PNL_Previous,Anti-1,PNL_Anti-1,Anti-3,PNL_Anti-3,Anti-2,PNL_Anti-2,Anti-5,PNL_Anti-5,Anti-4,PNL_Anti-4,Anti-7,PNL_Anti-7,Anti-6,PNL_Anti-6,Anti-9,PNL_Anti-9,Anti-8,PNL_Anti-8,Custom,PNL_Custom,AntiHighestEquity,PNL_AntiHighestEquity,Anti-Seasonality,PNL_Anti-Seasonality,1,PNL_1,3,PNL_3,5,PNL_5,7,PNL_7,9,PNL_9,Anti-32,PNL_Anti-32,Anti-31,PNL_Anti-31,Anti-30,PNL_Anti-30,Anti-36,PNL_Anti-36,Anti-35,PNL_Anti-35,Anti-34,PNL_Anti-34,Anti-15,PNL_Anti-15,Off,PNL_Off,Anti-14,PNL_Anti-14,Anti-17,PNL_Anti-17,Anti50/50,PNL_Anti50/50,HighestEquity,PNL_HighestEquity,Anti-16,PNL_Anti-16,Anti-11,PNL_Anti-11,Anti-10,PNL_Anti-10,Anti-13,PNL_Anti-13,Seasonality,PNL_Seasonality,33,PNL_33,32,PNL_32,31,PNL_31,Anti-12,PNL_Anti-12,36,PNL_36,35,PNL_35,34,PNL_34,Anti-28,PNL_Anti-28,Anti-29,PNL_Anti-29,Anti-Previous,PNL_Anti-Previous,Anti-20,PNL_Anti-20,Anti-21,PNL_Anti-21,Anti-22,PNL_Anti-22,Anti-23,PNL_Anti-23,Anti-24,PNL_Anti-24,Anti-25,PNL_Anti-25,Anti-26,PNL_Anti-26,Anti-27,PNL_Anti-27
20170106,@YMH7,1.0,0.00383431713839,99485.0,index,1483739006,1.0,0.0,0.0,0.0,0.0,1.0,0.0,-1.0,-0.0,-1.0,-0.0,-1.0,-0.0,0.0,0.0,1.0,0.0,-1.0,-0.0,1.0,0.0,-1.0,-0.0,-1,-0.0,-1,-0.0,-1,-0.0,-1.0,-0.0,1.0,0.0,1.0,0.0,-1.0,-0.0,-1.0,-0.0,1.0,0.0,0,0.0,-1.0,-0.0,-1.0,-0.0,1.0,0.0,0.0,0.0,0.0,0.0,-1.0,-0.0,-1.0,-0.0,1.0,0.0,-1,-0.0,-1,-0.0,0.0,0.0,-1.0,-0.0,-1,-0.0,1.0,0.0,1,0.0,-1.0,-0.0,0.0,0.0,1.0,0.0,-1.0,-0.0,1.0,0.0,1.0,0.0,-1.0,-0.0,1.0,0.0,-1.0,-0.0,-1.0,-0.0,1.0,0.0,-1,-0.0,1,0.0,0.0,0.0,-1.0,-0.0,-1.0,-0.0,1.0,0.0,1.0,0.0,-1.0,-0.0,-1.0,-0.0,1.0,0.0,1.0,0.0,-1,-0.0,0,0.0,1.0,0.0,0,0.0,-1.0,-0.0,1,0.0,-1,-0.0,1.0,0.0,1,0.0,-1.0,-0.0,0.0,0.0,0.0,0.0,-1.0,-0.0,1.0,0.0,1.0,0.0,1.0,0.0,1.0,0.0,-1.0,-0.0,1,0.0,0,0.0,1.0,0.0,1.0,0.0,1,0.0,-1.0,-0.0,1.0,0.0,1,0.0,1,0.0,1.0,0.0,0.0,0.0,-1.0,-0.0,1.0,0.0
20170106,@USH7,-1.0,-0.00491803278689,151750.0,rates,1483739006,1.0,-0.0,0.0,0.0,-0.0,-1.0,0.0,-1.0,0.0,-1.0,0.0,1.0,-0.0,-1.0,0.0,-1.0,0.0,-1.0,0.0,-1.0,0.0,1.0,-0.0,1,-0.0,1,-0.0,1,-0.0,0.0,-0.0,-1.0,0.0,-1.0,0.0,0.0,-0.0,1.0,-0.0,-1.0,0.0,0,-0.0,-1.0,0.0,1.0,-0.0,-1.0,0.0,0.0,-0.0,0.0,-0.0,1.0,-0.0,1.0,-0.0,-1.0,0.0,1,-0.0,1,-0.0,0.0,-0.0,1.0,-0.0,-1,0.0,-1.0,0.0,1,-0.0,1.0,-0.0,1.0,-0.0,1.0,-0.0,1.0,-0.0,1.0,-0.0,0.0,-0.0,1.0,-0.0,-1.0,0.0,1.0,-0.0,1.0,-0.0,1.0,-0.0,1,-0.0,1,-0.0,-1.0,0.0,-1.0,0.0,-1.0,0.0,-1.0,0.0,-1.0,0.0,1.0,-0.0,0.0,-0.0,-1.0,0.0,-1.0,0.0,-1,0.0,-1,0.0,-1.0,0.0,0,-0.0,1.0,-0.0,-1,0.0,1,-0.0,-1.0,0.0,-1,0.0,1.0,-0.0,0.0,-0.0,0.0,-0.0,-1.0,0.0,1.0,-0.0,-1.0,0.0,0.0,-0.0,-1.0,0.0,1.0,-0.0,1,-0.0,1,-0.0,0.0,-0.0,1.0,-0.0,-1,0.0,1.0,-0.0,-1.0,0.0,-1,0.0,-1,0.0,-1.0,0.0,1.0,-0.0,1.0,-0.0,1.0,-0.0
20170106,@TYH7,-1.0,-0.0035048191263,124390.625,rates,1483739006,1.0,-435.966641632,435.966641632,1.0,-435.966641632,1.0,-435.966641632,1.0,-435.966641632,1.0,-435.966641632,1.0,-435.966641632,0.0,-0.0,-1.0,435.966641632,1.0,-435.966641632,-1.0,435.966641632,-1.0,435.966641632,0,-0.0,-1,435.966641632,1,-435.966641632,1.0,-435.966641632,-1.0,435.966641632,-1.0,435.966641632,1.0,-435.966641632,1.0,-435.966641632,-1.0,435.966641632,0,-0.0,1.0,-435.966641632,1.0,-435.966641632,1.0,-435.966641632,1.0,-435.966641632,-1.0,435.966641632,1.0,-435.966641632,-1.0,435.966641632,-1.0,435.966641632,-1,435.966641632,0,-0.0,-1.0,435.966641632,1.0,-435.966641632,-1,435.966641632,-1.0,435.966641632,-1,435.966641632,1.0,-435.966641632,0.0,-0.0,-1.0,435.966641632,1.0,-435.966641632,-1.0,435.966641632,-1.0,435.966641632,0.0,-0.0,-1.0,435.966641632,-1.0,435.966641632,1.0,-435.966641632,1.0,-435.966641632,-1,435.966641632,-1,435.966641632,0.0,-0.0,1.0,-435.966641632,1.0,-435.966641632,0.0,-0.0,1.0,-435.966641632,1.0,-435.966641632,1.0,-435.966641632,-1.0,435.966641632,-1.0,435.966641632,1,-435.966641632,0,-0.0,1.0,-435.966641632,0,-0.0,1.0,-435.966641632,1,-435.966641632,-1,435.966641632,1.0,-435.966641632,0,-0.0,-1.0,435.966641632,-1.0,435.966641632,1.0,-435.966641632,1.0,-435.966641632,-1.0,435.966641632,-1.0,435.966641632,-1.0,435.966641632,-1.0,435.966641632,1.0,-435.966641632,-1,435.966641632,0,-0.0,-1.0,435.966641632,-1.0,435.966641632,-1,435.966641632,1.0,-435.966641632,1.0,-435.966641632,0,-0.0,1,-435.966641632,-1.0,435.966641632,0.0,-0.0,1.0,-435.966641632,-1.0,435.966641632
20170106,@TUH7,-1.0,-0.000793021411578,216562.5,rates,1483739006,2.0,-0.0,0.0,1.0,-0.0,1.0,-0.0,1.0,-0.0,1.0,-0.0,1.0,-0.0,0.0,-0.0,-1.0,0.0,1.0,-0.0,-1.0,0.0,-1.0,0.0,0,-0.0,-1,0.0,1,-0.0,1.0,-0.0,-1.0,0.0,-1.0,0.0,1.0,-0.0,1.0,-0.0,-1.0,0.0,0,-0.0,1.0,-0.0,1.0,-0.0,1.0,-0.0,1.0,-0.0,-1.0,0.0,1.0,-0.0,-1.0,0.0,-1.0,0.0,-1,0.0,0,-0.0,-1.0,0.0,1.0,-0.0,-1,0.0,-1.0,0.0,-1,0.0,1.0,-0.0,0.0,-0.0,-1.0,0.0,1.0,-0.0,-1.0,0.0,-1.0,0.0,0.0,-0.0,-1.0,0.0,-1.0,0.0,1.0,-0.0,1.0,-0.0,-1,0.0,-1,0.0,0.0,-0.0,1.0,-0.0,1.0,-0.0,0.0,-0.0,1.0,-0.0,1.0,-0.0,1.0,-0.0,-1.0,0.0,-1.0,0.0,1,-0.0,0,-0.0,1.0,-0.0,0,-0.0,1.0,-0.0,1,-0.0,-1,0.0,1.0,-0.0,0,-0.0,-1.0,0.0,-1.0,0.0,1.0,-0.0,1.0,-0.0,-1.0,0.0,-1.0,0.0,-1.0,0.0,-1.0,0.0,1.0,-0.0,-1,0.0,0,-0.0,-1.0,0.0,-1.0,0.0,-1,0.0,1.0,-0.0,1.0,-0.0,0,-0.0,1,-0.0,-1.0,0.0,0.0,-0.0,1.0,-0.0,-1.0,0.0
20170106,@SMH7,-1.0,-0.0226272784412,31100.0,grain,1483729970,1.0,-0.0,0.0,-1.0,0.0,-1.0,0.0,-1.0,0.0,-1.0,0.0,-1.0,0.0,0.0,-0.0,1.0,-0.0,-1.0,0.0,1.0,-0.0,1.0,-0.0,0,-0.0,1,-0.0,-1,0.0,-1.0,0.0,1.0,-0.0,1.0,-0.0,-1.0,0.0,-1.0,0.0,1.0,-0.0,0,-0.0,-1.0,0.0,-1.0,0.0,-1.0,0.0,-1.0,0.0,1.0,-0.0,-1.0,0.0,1.0,-0.0,1.0,-0.0,1,-0.0,0,-0.0,1.0,-0.0,-1.0,0.0,1,-0.0,1.0,-0.0,1,-0.0,-1.0,0.0,0.0,-0.0,1.0,-0.0,-1.0,0.0,1.0,-0.0,1.0,-0.0,0.0,-0.0,1.0,-0.0,1.0,-0.0,-1.0,0.0,-1.0,0.0,1,-0.0,1,-0.0,0.0,-0.0,-1.0,0.0,-1.0,0.0,0.0,-0.0,-1.0,0.0,-1.0,0.0,-1.0,0.0,1.0,-0.0,1.0,-0.0,-1,0.0,0,-0.0,-1.0,0.0,0,-0.0,-1.0,0.0,-1,0.0,1,-0.0,-1.0,0.0,0,-0.0,1.0,-0.0,1.0,-0.0,-1.0,0.0,-1.0,0.0,1.0,-0.0,1.0,-0.0,1.0,-0.0,1.0,-0.0,-1.0,0.0,1,-0.0,0,-0.0,1.0,-0.0,1.0,-0.0,1,-0.0,-1.0,0.0,-1.0,0.0,0,-0.0,-1,0.0,1.0,-0.0,0.0,-0.0,-1.0,0.0,1.0,-0.0
20170106,QSIH7,-1.0,-0.00733305283404,82575.0,metal,1483739006,1.0,-0.0,0.0,1.0,-0.0,1.0,-0.0,1.0,-0.0,-1.0,0.0,1.0,-0.0,0.0,-0.0,-1.0,0.0,1.0,-0.0,-1.0,0.0,-1.0,0.0,0,-0.0,-1,0.0,1,-0.0,1.0,-0.0,-1.0,0.0,-1.0,0.0,0.0,-0.0,1.0,-0.0,-1.0,0.0,0,-0.0,1.0,-0.0,1.0,-0.0,1.0,-0.0,1.0,-0.0,-1.0,0.0,1.0,-0.0,-1.0,0.0,-1.0,0.0,-1,0.0,0,-0.0,-1.0,0.0,1.0,-0.0,-1,0.0,-1.0,0.0,1,-0.0,1.0,-0.0,1.0,-0.0,1.0,-0.0,1.0,-0.0,1.0,-0.0,0.0,-0.0,0.0,-0.0,-1.0,0.0,-1.0,0.0,1.0,-0.0,1.0,-0.0,-1,0.0,-1,0.0,-1.0,0.0,-1.0,0.0,-1.0,0.0,0.0,-0.0,1.0,-0.0,1.0,-0.0,1.0,-0.0,-1.0,0.0,-1.0,0.0,1,-0.0,0,-0.0,1.0,-0.0,0,-0.0,1.0,-0.0,1,-0.0,-1,0.0,1.0,-0.0,0,-0.0,-1.0,0.0,-1.0,0.0,1.0,-0.0,1.0,-0.0,-1.0,0.0,-1.0,0.0,-1.0,0.0,-1.0,0.0,1.0,-0.0,-1,0.0,0,-0.0,-1.0,0.0,-1.0,0.0,-1,0.0,1.0,-0.0,1.0,-0.0,0,-0.0,1,-0.0,-1.0,0.0,0.0,-0.0,1.0,-0.0,-1.0,0.0
20170106,@SFH7,-1.0,-0.00715077047034,123225.0,currency,1483739006,1.0,-0.0,0.0,0.0,-0.0,1.0,-0.0,-1.0,0.0,-1.0,0.0,-1.0,0.0,0.0,-0.0,-1.0,0.0,1.0,-0.0,-1.0,0.0,1.0,-0.0,-1,0.0,-1,0.0,-1,0.0,-1.0,0.0,1.0,-0.0,-1.0,0.0,-1.0,0.0,-1.0,0.0,1.0,-0.0,0,-0.0,-1.0,0.0,-1.0,0.0,-1.0,0.0,0.0,-0.0,0.0,-0.0,1.0,-0.0,1.0,-0.0,-1.0,0.0,-1,0.0,-1,0.0,0.0,-0.0,-1.0,0.0,-1,0.0,1.0,-0.0,1,-0.0,1.0,-0.0,0.0,-0.0,-1.0,0.0,1.0,-0.0,1.0,-0.0,1.0,-0.0,-1.0,0.0,1.0,-0.0,-1.0,0.0,-1.0,0.0,1.0,-0.0,-1,0.0,1,-0.0,0.0,-0.0,1.0,-0.0,-1.0,0.0,1.0,-0.0,1.0,-0.0,-1.0,0.0,-1.0,0.0,1.0,-0.0,-1.0,0.0,1,-0.0,0,-0.0,-1.0,0.0,0,-0.0,1.0,-0.0,1,-0.0,-1,0.0,1.0,-0.0,1,-0.0,1.0,-0.0,0.0,-0.0,0.0,-0.0,-1.0,0.0,1.0,-0.0,1.0,-0.0,1.0,-0.0,-1.0,0.0,1.0,-0.0,-1,0.0,0,-0.0,1.0,-0.0,1.0,-0.0,-1,0.0,1.0,-0.0,-1.0,0.0,1,-0.0,1,-0.0,1.0,-0.0,0.0,-0.0,1.0,-0.0,-1.0,0.0
20170106,@SH7,-1.0,-0.0177777777778,49725.0,grain,1483729970,1.0,-0.0,0.0,-1.0,0.0,-1.0,0.0,-1.0,0.0,1.0,-0.0,-1.0,0.0,0.0,-0.0,1.0,-0.0,-1.0,0.0,1.0,-0.0,1.0,-0.0,0,-0.0,1,-0.0,-1,0.0,-1.0,0.0,1.0,-0.0,1.0,-0.0,0.0,-0.0,-1.0,0.0,1.0,-0.0,0,-0.0,-1.0,0.0,-1.0,0.0,-1.0,0.0,-1.0,0.0,1.0,-0.0,-1.0,0.0,1.0,-0.0,1.0,-0.0,1,-0.0,0,-0.0,1.0,-0.0,-1.0,0.0,1,-0.0,1.0,-0.0,-1,0.0,-1.0,0.0,-1.0,0.0,-1.0,0.0,-1.0,0.0,-1.0,0.0,0.0,-0.0,0.0,-0.0,1.0,-0.0,1.0,-0.0,-1.0,0.0,-1.0,0.0,1,-0.0,1,-0.0,1.0,-0.0,1.0,-0.0,1.0,-0.0,0.0,-0.0,-1.0,0.0,-1.0,0.0,-1.0,0.0,1.0,-0.0,1.0,-0.0,-1,0.0,0,-0.0,-1.0,0.0,0,-0.0,-1.0,0.0,-1,0.0,1,-0.0,-1.0,0.0,0,-0.0,1.0,-0.0,1.0,-0.0,-1.0,0.0,-1.0,0.0,1.0,-0.0,1.0,-0.0,1.0,-0.0,1.0,-0.0,-1.0,0.0,1,-0.0,0,-0.0,1.0,-0.0,1.0,-0.0,1,-0.0,-1.0,0.0,-1.0,0.0,0,-0.0,-1,0.0,1.0,-0.0,0.0,-0.0,-1.0,0.0,1.0,-0.0
20170106,QRBG7,-1.0,-0.00738841057581,68275.2,energy,1483739006,1.0,-0.0,0.0,0.0,-0.0,1.0,-0.0,-1.0,0.0,-1.0,0.0,-1.0,0.0,0.0,-0.0,1.0,-0.0,-1.0,0.0,1.0,-0.0,-1.0,0.0,-1,0.0,-1,0.0,-1,0.0,-1.0,0.0,1.0,-0.0,1.0,-0.0,-1.0,0.0,-1.0,0.0,1.0,-0.0,0,-0.0,-1.0,0.0,-1.0,0.0,1.0,-0.0,0.0,-0.0,0.0,-0.0,-1.0,0.0,-1.0,0.0,1.0,-0.0,-1,0.0,-1,0.0,0.0,-0.0,-1.0,0.0,-1,0.0,1.0,-0.0,1,-0.0,-1.0,0.0,0.0,-0.0,1.0,-0.0,-1.0,0.0,1.0,-0.0,1.0,-0.0,-1.0,0.0,1.0,-0.0,-1.0,0.0,-1.0,0.0,1.0,-0.0,-1,0.0,1,-0.0,0.0,-0.0,-1.0,0.0,-1.0,0.0,1.0,-0.0,1.0,-0.0,-1.0,0.0,-1.0,0.0,1.0,-0.0,1.0,-0.0,-1,0.0,0,-0.0,1.0,-0.0,0,-0.0,-1.0,0.0,1,-0.0,-1,0.0,1.0,-0.0,1,-0.0,-1.0,0.0,0.0,-0.0,0.0,-0.0,-1.0,0.0,1.0,-0.0,1.0,-0.0,1.0,-0.0,1.0,-0.0,-1.0,0.0,1,-0.0,0,-0.0,1.0,-0.0,1.0,-0.0,1,-0.0,-1.0,0.0,1.0,-0.0,1,-0.0,1,-0.0,1.0,-0.0,0.0,-0.0,-1.0,0.0,1.0,-0.0
20170106,QPLJ7,-1.0,-0.00553278688525,48530.0,metal,1483739006,1.0,-0.0,0.0,0.0,-0.0,-1.0,0.0,1.0,-0.0,-1.0,0.0,1.0,-0.0,0.0,-0.0,-1.0,0.0,1.0,-0.0,-1.0,0.0,1.0,-0.0,1,-0.0,1,-0.0,1,-0.0,1.0,-0.0,-1.0,0.0,-1.0,0.0,0.0,-0.0,1.0,-0.0,-1.0,0.0,0,-0.0,1.0,-0.0,1.0,-0.0,1.0,-0.0,1.0,-0.0,-1.0,0.0,1.0,-0.0,-1.0,0.0,-1.0,0.0,-1,0.0,0,-0.0,0.0,-0.0,1.0,-0.0,-1,0.0,-1.0,0.0,1,-0.0,1.0,-0.0,1.0,-0.0,1.0,-0.0,1.0,-0.0,1.0,-0.0,0.0,-0.0,0.0,-0.0,-1.0,0.0,-1.0,0.0,1.0,-0.0,1.0,-0.0,-1,0.0,-1,0.0,-1.0,0.0,-1.0,0.0,-1.0,0.0,0.0,-0.0,1.0,-0.0,1.0,-0.0,1.0,-0.0,-1.0,0.0,-1.0,0.0,1,-0.0,0,-0.0,1.0,-0.0,0,-0.0,1.0,-0.0,1,-0.0,1,-0.0,1.0,-0.0,0,-0.0,-1.0,0.0,-1.0,0.0,1.0,-0.0,1.0,-0.0,-1.0,0.0,-1.0,0.0,-1.0,0.0,-1.0,0.0,1.0,-0.0,-1,0.0,0,-0.0,-1.0,0.0,-1.0,0.0,-1,0.0,1.0,-0.0,-1.0,0.0,-1,0.0,-1,0.0,-1.0,0.0,0.0,-0.0,1.0,-0.0,-1.0,0.0
20170106,QPAH7,1.0,0.02688973178,75805.0,metal,1483739006,1.0,0.0,0.0,0.0,0.0,1.0,0.0,-1.0,-0.0,-1.0,-0.0,-1.0,-0.0,1.0,0.0,1.0,0.0,1.0,0.0,-1.0,-0.0,1.0,0.0,-1,-0.0,-1,-0.0,-1,-0.0,0.0,0.0,1.0,0.0,-1.0,-0.0,-1.0,-0.0,-1.0,-0.0,1.0,0.0,0,0.0,-1.0,-0.0,1.0,0.0,-1.0,-0.0,0.0,0.0,0.0,0.0,1.0,0.0,1.0,0.0,-1.0,-0.0,-1,-0.0,-1,-0.0,0.0,0.0,-1.0,-0.0,-1,-0.0,1.0,0.0,1,0.0,1.0,0.0,0.0,0.0,-1.0,-0.0,1.0,0.0,1.0,0.0,1.0,0.0,-1.0,-0.0,1.0,0.0,-1.0,-0.0,-1.0,-0.0,1.0,0.0,-1,-0.0,-1,-0.0,0.0,0.0,1.0,0.0,-1.0,-0.0,1.0,0.0,1.0,0.0,1.0,0.0,0.0,0.0,-1.0,-0.0,1.0,0.0,1,0.0,1,0.0,-1.0,-0.0,0,0.0,1.0,0.0,1,0.0,-1,-0.0,1.0,0.0,1,0.0,1.0,0.0,0.0,0.0,0.0,0.0,1.0,0.0,1.0,0.0,-1.0,-0.0,0.0,0.0,-1.0,-0.0,-1.0,-0.0,-1,-0.0,-1,-0.0,0.0,0.0,1.0,0.0,-1,-0.0,1.0,0.0,-1.0,-0.0,1,0.0,1,0.0,1.0,0.0,-1.0,-0.0,-1.0,-0.0,-1.0,-0.0
20170106,@NQH7,1.0,0.00861547762999,100095.0,index,1483739006,1.0,0.0,0.0,-1.0,-0.0,-1.0,-0.0,-1.0,-0.0,-1.0,-0.0,1.0,0.0,0.0,0.0,-1.0,-0.0,1.0,0.0,1.0,0.0,1.0,0.0,0,0.0,-1,-0.0,-1,-0.0,-1.0,-0.0,1.0,0.0,-1.0,-0.0,-1.0,-0.0,-1.0,-0.0,1.0,0.0,0,0.0,-1.0,-0.0,-1.0,-0.0,-1.0,-0.0,0.0,0.0,0.0,0.0,1.0,0.0,1.0,0.0,-1.0,-0.0,-1,-0.0,-1,-0.0,1.0,0.0,-1.0,-0.0,-1,-0.0,1.0,0.0,1,0.0,1.0,0.0,0.0,0.0,-1.0,-0.0,1.0,0.0,1.0,0.0,1.0,0.0,-1.0,-0.0,1.0,0.0,-1.0,-0.0,-1.0,-0.0,1.0,0.0,-1,-0.0,1,0.0,0.0,0.0,1.0,0.0,-1.0,-0.0,1.0,0.0,1.0,0.0,-1.0,-0.0,-1.0,-0.0,1.0,0.0,-1.0,-0.0,1,0.0,0,0.0,-1.0,-0.0,0,0.0,1.0,0.0,1,0.0,1,0.0,1.0,0.0,1,0.0,1.0,0.0,0.0,0.0,0.0,0.0,-1.0,-0.0,1.0,0.0,1.0,0.0,1.0,0.0,-1.0,-0.0,1.0,0.0,-1,-0.0,0,0.0,1.0,0.0,1.0,0.0,-1,-0.0,-1.0,-0.0,-1.0,-0.0,0,0.0,1,0.0,-1.0,-0.0,0.0,0.0,1.0,0.0,-1.0,-0.0
20170106,@NKDH7,1.0,0.00772200772201,84828.3931357,index,1483739006,1.0,0.0,0.0,-1.0,-0.0,-1.0,-0.0,-1.0,-0.0,1.0,0.0,-1.0,-0.0,0.0,0.0,1.0,0.0,-1.0,-0.0,1.0,0.0,1.0,0.0,0,0.0,1,0.0,-1,-0.0,-1.0,-0.0,1.0,0.0,1.0,0.0,0.0,0.0,-1.0,-0.0,1.0,0.0,0,0.0,-1.0,-0.0,-1.0,-0.0,-1.0,-0.0,-1.0,-0.0,1.0,0.0,-1.0,-0.0,1.0,0.0,1.0,0.0,1,0.0,0,0.0,1.0,0.0,-1.0,-0.0,1,0.0,1.0,0.0,-1,-0.0,-1.0,-0.0,-1.0,-0.0,-1.0,-0.0,-1.0,-0.0,-1.0,-0.0,0.0,0.0,0.0,0.0,1.0,0.0,1.0,0.0,-1.0,-0.0,-1.0,-0.0,1,0.0,1,0.0,1.0,0.0,1.0,0.0,1.0,0.0,0.0,0.0,-1.0,-0.0,-1.0,-0.0,-1.0,-0.0,1.0,0.0,1.0,0.0,-1,-0.0,0,0.0,-1.0,-0.0,0,0.0,-1.0,-0.0,-1,-0.0,1,0.0,-1.0,-0.0,0,0.0,1.0,0.0,1.0,0.0,-1.0,-0.0,-1.0,-0.0,1.0,0.0,1.0,0.0,1.0,0.0,1.0,0.0,-1.0,-0.0,1,0.0,0,0.0,1.0,0.0,1.0,0.0,1,0.0,-1.0,-0.0,-1.0,-0.0,0,0.0,-1,-0.0,1.0,0.0,0.0,0.0,-1.0,-0.0,1.0,0.0
20170106,QNGH7,1.0,0.00214198286414,32750.0,energy,1483739006,1.0,70.1499388005,70.1499388005,-1.0,-70.1499388005,-1.0,-70.1499388005,-1.0,-70.1499388005,1.0,70.1499388005,1.0,70.1499388005,1.0,70.1499388005,1.0,70.1499388005,1.0,70.1499388005,1.0,70.1499388005,1.0,70.1499388005,0,0.0,-1,-70.1499388005,-1,-70.1499388005,0.0,0.0,-1.0,-70.1499388005,1.0,70.1499388005,0.0,0.0,1.0,70.1499388005,-1.0,-70.1499388005,0,0.0,-1.0,-70.1499388005,1.0,70.1499388005,-1.0,-70.1499388005,-1.0,-70.1499388005,1.0,70.1499388005,-1.0,-70.1499388005,1.0,70.1499388005,1.0,70.1499388005,-1,-70.1499388005,0,0.0,1.0,70.1499388005,1.0,70.1499388005,-1,-70.1499388005,1.0,70.1499388005,-1,-70.1499388005,1.0,70.1499388005,-1.0,-70.1499388005,-1.0,-70.1499388005,-1.0,-70.1499388005,1.0,70.1499388005,0.0,0.0,0.0,0.0,-1.0,-70.1499388005,-1.0,-70.1499388005,1.0,70.1499388005,1.0,70.1499388005,1,70.1499388005,-1,-70.1499388005,1.0,70.1499388005,1.0,70.1499388005,-1.0,-70.1499388005,0.0,0.0,1.0,70.1499388005,1.0,70.1499388005,0.0,0.0,-1.0,-70.1499388005,1.0,70.1499388005,1,70.1499388005,1,70.1499388005,-1.0,-70.1499388005,0,0.0,-1.0,-70.1499388005,1,70.1499388005,1,70.1499388005,-1.0,-70.1499388005,0,0.0,1.0,70.1499388005,1.0,70.1499388005,-1.0,-70.1499388005,1.0,70.1499388005,1.0,70.1499388005,-1.0,-70.1499388005,0.0,0.0,1.0,70.1499388005,-1.0,-70.1499388005,-1,-70.1499388005,-1,-70.1499388005,0.0,0.0,1.0,70.1499388005,-1,-70.1499388005,-1.0,-70.1499388005,-1.0,-70.1499388005,0,0.0,1,70.1499388005,-1.0,-70.1499388005,-1.0,-70.1499388005,-1.0,-70.1499388005,-1.0,-70.1499388005
20170106,@NEH7,-1.0,-0.00870433789954,69470.0,currency,1483739006,1.0,-0.0,0.0,0.0,-0.0,1.0,-0.0,-1.0,0.0,1.0,-0.0,-1.0,0.0,0.0,-0.0,-1.0,0.0,1.0,-0.0,-1.0,0.0,1.0,-0.0,-1,0.0,-1,0.0,-1,0.0,-1.0,0.0,1.0,-0.0,1.0,-0.0,0.0,-0.0,1.0,-0.0,1.0,-0.0,0,-0.0,-1.0,0.0,-1.0,0.0,-1.0,0.0,0.0,-0.0,0.0,-0.0,1.0,-0.0,1.0,-0.0,-1.0,0.0,-1,0.0,-1,0.0,0.0,-0.0,-1.0,0.0,-1,0.0,1.0,-0.0,-1,0.0,1.0,-0.0,-1.0,0.0,-1.0,0.0,-1.0,0.0,1.0,-0.0,0.0,-0.0,-1.0,0.0,-1.0,0.0,-1.0,0.0,-1.0,0.0,1.0,-0.0,-1,0.0,1,-0.0,1.0,-0.0,1.0,-0.0,-1.0,0.0,1.0,-0.0,1.0,-0.0,-1.0,0.0,-1.0,0.0,1.0,-0.0,-1.0,0.0,1,-0.0,0,-0.0,-1.0,0.0,0,-0.0,1.0,-0.0,1,-0.0,-1,0.0,1.0,-0.0,1,-0.0,1.0,-0.0,0.0,-0.0,0.0,-0.0,-1.0,0.0,1.0,-0.0,1.0,-0.0,1.0,-0.0,-1.0,0.0,1.0,-0.0,-1,0.0,0,-0.0,1.0,-0.0,1.0,-0.0,-1,0.0,1.0,-0.0,-1.0,0.0,1,-0.0,1,-0.0,1.0,-0.0,0.0,-0.0,1.0,-0.0,-1.0,0.0
20170106,@PXH7,1.0,0.0121580547112,23310.0,currency,1483739006,1.0,0.0,0.0,-1.0,-0.0,-1.0,-0.0,-1.0,-0.0,-1.0,-0.0,1.0,0.0,1.0,0.0,1.0,0.0,1.0,0.0,1.0,0.0,1.0,0.0,0,0.0,-1,-0.0,-1,-0.0,0.0,0.0,-1.0,-0.0,-1.0,-0.0,-1.0,-0.0,-1.0,-0.0,-1.0,-0.0,0,0.0,-1.0,-0.0,1.0,0.0,-1.0,-0.0,-1.0,-0.0,1.0,0.0,-1.0,-0.0,1.0,0.0,1.0,0.0,-1,-0.0,0,0.0,1.0,0.0,1.0,0.0,-1,-0.0,1.0,0.0,1,0.0,1.0,0.0,0.0,0.0,-1.0,-0.0,1.0,0.0,1.0,0.0,1.0,0.0,0.0,0.0,1.0,0.0,-1.0,-0.0,1.0,0.0,1.0,0.0,1,0.0,-1,-0.0,0.0,0.0,1.0,0.0,-1.0,-0.0,0.0,0.0,1.0,0.0,1.0,0.0,0.0,0.0,-1.0,-0.0,1.0,0.0,1,0.0,1,0.0,-1.0,-0.0,0,0.0,-1.0,-0.0,1,0.0,1,0.0,-1.0,-0.0,0,0.0,1.0,0.0,1.0,0.0,-1.0,-0.0,1.0,0.0,1.0,0.0,-1.0,-0.0,0.0,0.0,1.0,0.0,-1.0,-0.0,-1,-0.0,-1,-0.0,0.0,0.0,1.0,0.0,-1,-0.0,-1.0,-0.0,-1.0,-0.0,0,0.0,1,0.0,-1.0,-0.0,-1.0,-0.0,-1.0,-0.0,-1.0,-0.0
20170106,@WH7,-1.0,-0.00938416422287,21112.5,grain,1483729970,1.0,-0.0,0.0,-1.0,0.0,-1.0,0.0,-1.0,0.0,-1.0,0.0,1.0,-0.0,0.0,-0.0,-1.0,0.0,1.0,-0.0,1.0,-0.0,1.0,-0.0,0,-0.0,-1,0.0,-1,0.0,-1.0,0.0,1.0,-0.0,-1.0,0.0,-1.0,0.0,-1.0,0.0,1.0,-0.0,0,-0.0,-1.0,0.0,-1.0,0.0,-1.0,0.0,0.0,-0.0,0.0,-0.0,1.0,-0.0,1.0,-0.0,-1.0,0.0,-1,0.0,-1,0.0,1.0,-0.0,-1.0,0.0,-1,0.0,1.0,-0.0,1,-0.0,1.0,-0.0,0.0,-0.0,-1.0,0.0,1.0,-0.0,1.0,-0.0,1.0,-0.0,-1.0,0.0,1.0,-0.0,-1.0,0.0,-1.0,0.0,1.0,-0.0,-1,0.0,1,-0.0,0.0,-0.0,1.0,-0.0,-1.0,0.0,1.0,-0.0,1.0,-0.0,-1.0,0.0,-1.0,0.0,1.0,-0.0,-1.0,0.0,1,-0.0,0,-0.0,-1.0,0.0,0,-0.0,1.0,-0.0,1,-0.0,1,-0.0,1.0,-0.0,1,-0.0,1.0,-0.0,0.0,-0.0,0.0,-0.0,-1.0,0.0,1.0,-0.0,1.0,-0.0,1.0,-0.0,-1.0,0.0,1.0,-0.0,-1,0.0,0,-0.0,1.0,-0.0,1.0,-0.0,-1,0.0,-1.0,0.0,-1.0,0.0,0,-0.0,1,-0.0,-1.0,0.0,0.0,-0.0,1.0,-0.0,-1.0,0.0
20170106,@LEG7,-1.0,-0.00195524657832,45940.0,meat,1483729312,1.0,-0.0,0.0,0.0,-0.0,1.0,-0.0,1.0,-0.0,-1.0,0.0,-1.0,0.0,1.0,-0.0,1.0,-0.0,1.0,-0.0,1.0,-0.0,-1.0,0.0,-1,0.0,-1,0.0,-1,0.0,0.0,-0.0,1.0,-0.0,1.0,-0.0,-1.0,0.0,-1.0,0.0,1.0,-0.0,0,-0.0,1.0,-0.0,-1.0,0.0,1.0,-0.0,0.0,-0.0,0.0,-0.0,-1.0,0.0,-1.0,0.0,1.0,-0.0,-1,0.0,-1,0.0,0.0,-0.0,-1.0,0.0,1,-0.0,1.0,-0.0,1,-0.0,-1.0,0.0,0.0,-0.0,1.0,-0.0,-1.0,0.0,1.0,-0.0,1.0,-0.0,-1.0,0.0,1.0,-0.0,-1.0,0.0,-1.0,0.0,-1.0,0.0,-1,0.0,-1,0.0,0.0,-0.0,-1.0,0.0,-1.0,0.0,1.0,-0.0,1.0,-0.0,-1.0,0.0,0.0,-0.0,1.0,-0.0,1.0,-0.0,1,-0.0,1,-0.0,1.0,-0.0,0,-0.0,-1.0,0.0,1,-0.0,-1,0.0,1.0,-0.0,1,-0.0,-1.0,0.0,0.0,-0.0,0.0,-0.0,1.0,-0.0,-1.0,0.0,1.0,-0.0,0.0,-0.0,1.0,-0.0,-1.0,0.0,-1,0.0,-1,0.0,0.0,-0.0,-1.0,0.0,1,-0.0,-1.0,0.0,1.0,-0.0,1,-0.0,1,-0.0,1.0,-0.0,-1.0,0.0,-1.0,0.0,-1.0,0.0
20170106,@HEG7,-1.0,-0.0146435452794,25570.0,meat,1483729312,1.0,-0.0,0.0,-1.0,0.0,-1.0,0.0,-1.0,0.0,-1.0,0.0,1.0,-0.0,1.0,-0.0,1.0,-0.0,1.0,-0.0,1.0,-0.0,1.0,-0.0,0,-0.0,-1,0.0,-1,0.0,0.0,-0.0,1.0,-0.0,-1.0,0.0,-1.0,0.0,-1.0,0.0,1.0,-0.0,0,-0.0,-1.0,0.0,1.0,-0.0,-1.0,0.0,0.0,-0.0,0.0,-0.0,1.0,-0.0,1.0,-0.0,-1.0,0.0,-1,0.0,-1,0.0,1.0,-0.0,-1.0,0.0,1,-0.0,1.0,-0.0,1,-0.0,1.0,-0.0,0.0,-0.0,-1.0,0.0,1.0,-0.0,1.0,-0.0,1.0,-0.0,-1.0,0.0,1.0,-0.0,-1.0,0.0,-1.0,0.0,-1.0,0.0,-1,0.0,-1,0.0,0.0,-0.0,1.0,-0.0,-1.0,0.0,1.0,-0.0,1.0,-0.0,1.0,-0.0,0.0,-0.0,-1.0,0.0,1.0,-0.0,1,-0.0,1,-0.0,-1.0,0.0,0,-0.0,1.0,-0.0,1,-0.0,1,-0.0,1.0,-0.0,1,-0.0,1.0,-0.0,0.0,-0.0,0.0,-0.0,1.0,-0.0,1.0,-0.0,-1.0,0.0,0.0,-0.0,-1.0,0.0,-1.0,0.0,-1,0.0,-1,0.0,0.0,-0.0,1.0,-0.0,-1,0.0,-1.0,0.0,-1.0,0.0,0,-0.0,1,-0.0,-1.0,0.0,-1.0,0.0,-1.0,0.0,-1.0,0.0
20170106,@BOH7,-1.0,-0.00653038046564,20994.0,grain,1483729970,1.0,-137.098807496,137.098807496,-1.0,137.098807496,-1.0,137.098807496,-1.0,137.098807496,1.0,-137.098807496,1.0,-137.098807496,0.0,-0.0,-1.0,137.098807496,1.0,-137.098807496,1.0,-137.098807496,1.0,-137.098807496,0,-0.0,-1,137.098807496,-1,137.098807496,-1.0,137.098807496,-1.0,137.098807496,1.0,-137.098807496,0.0,-0.0,1.0,-137.098807496,-1.0,137.098807496,0,-0.0,-1.0,137.098807496,-1.0,137.098807496,-1.0,137.098807496,-1.0,137.098807496,1.0,-137.098807496,-1.0,137.098807496,1.0,-137.098807496,1.0,-137.098807496,-1,137.098807496,0,-0.0,1.0,-137.098807496,1.0,-137.098807496,-1,137.098807496,1.0,-137.098807496,-1,137.098807496,1.0,-137.098807496,-1.0,137.098807496,-1.0,137.098807496,-1.0,137.098807496,1.0,-137.098807496,0.0,-0.0,0.0,-0.0,-1.0,137.098807496,-1.0,137.098807496,1.0,-137.098807496,1.0,-137.098807496,1,-137.098807496,1,-137.098807496,1.0,-137.098807496,1.0,-137.098807496,-1.0,137.098807496,0.0,-0.0,1.0,-137.098807496,-1.0,137.098807496,-1.0,137.098807496,1.0,-137.098807496,-1.0,137.098807496,1,-137.098807496,0,-0.0,-1.0,137.098807496,0,-0.0,-1.0,137.098807496,1,-137.098807496,1,-137.098807496,-1.0,137.098807496,0,-0.0,1.0,-137.098807496,1.0,-137.098807496,-1.0,137.098807496,-1.0,137.098807496,1.0,-137.098807496,1.0,-137.098807496,1.0,-137.098807496,1.0,-137.098807496,1.0,-137.098807496,-1,137.098807496,0,-0.0,1.0,-137.098807496,1.0,-137.098807496,-1,137.098807496,-1.0,137.098807496,-1.0,137.098807496,0,-0.0,1,-137.098807496,-1.0,137.098807496,0.0,-0.0,1.0,-137.098807496,-1.0,137.098807496
20170106,@BPH7,-1.0,-0.0103001528929,76868.75,currency,1483739006,1.0,-0.0,0.0,-1.0,0.0,-1.0,0.0,-1.0,0.0,-1.0,0.0,1.0,-0.0,0.0,-0.0,-1.0,0.0,1.0,-0.0,1.0,-0.0,1.0,-0.0,0,-0.0,-1,0.0,-1,0.0,-1.0,0.0,1.0,-0.0,-1.0,0.0,-1.0,0.0,-1.0,0.0,1.0,-0.0,0,-0.0,-1.0,0.0,-1.0,0.0,-1.0,0.0,0.0,-0.0,0.0,-0.0,1.0,-0.0,1.0,-0.0,-1.0,0.0,-1,0.0,-1,0.0,1.0,-0.0,-1.0,0.0,-1,0.0,1.0,-0.0,1,-0.0,1.0,-0.0,0.0,-0.0,-1.0,0.0,1.0,-0.0,1.0,-0.0,1.0,-0.0,-1.0,0.0,1.0,-0.0,-1.0,0.0,-1.0,0.0,1.0,-0.0,-1,0.0,1,-0.0,0.0,-0.0,1.0,-0.0,-1.0,0.0,1.0,-0.0,1.0,-0.0,-1.0,0.0,-1.0,0.0,1.0,-0.0,-1.0,0.0,1,-0.0,0,-0.0,-1.0,0.0,0,-0.0,1.0,-0.0,1,-0.0,1,-0.0,1.0,-0.0,1,-0.0,1.0,-0.0,0.0,-0.0,0.0,-0.0,-1.0,0.0,1.0,-0.0,1.0,-0.0,1.0,-0.0,-1.0,0.0,1.0,-0.0,-1,0.0,0,-0.0,1.0,-0.0,1.0,-0.0,-1,0.0,-1.0,0.0,-1.0,0.0,0,-0.0,1,-0.0,-1.0,0.0,0.0,-0.0,1.0,-0.0,-1.0,0.0
20170106,@CH7,-1.0,-0.00899653979239,17900.0,grain,1483729970,1.0,-0.0,0.0,0.0,-0.0,1.0,-0.0,-1.0,0.0,1.0,-0.0,-1.0,0.0,1.0,-0.0,1.0,-0.0,1.0,-0.0,-1.0,0.0,1.0,-0.0,-1,0.0,-1,0.0,-1,0.0,0.0,-0.0,1.0,-0.0,1.0,-0.0,0.0,-0.0,1.0,-0.0,1.0,-0.0,0,-0.0,-1.0,0.0,1.0,-0.0,-1.0,0.0,0.0,-0.0,0.0,-0.0,1.0,-0.0,1.0,-0.0,-1.0,0.0,-1,0.0,-1,0.0,0.0,-0.0,-1.0,0.0,-1,0.0,1.0,-0.0,-1,0.0,1.0,-0.0,-1.0,0.0,-1.0,0.0,-1.0,0.0,1.0,-0.0,0.0,-0.0,-1.0,0.0,-1.0,0.0,-1.0,0.0,-1.0,0.0,1.0,-0.0,-1,0.0,-1,0.0,1.0,-0.0,1.0,-0.0,-1.0,0.0,1.0,-0.0,1.0,-0.0,1.0,-0.0,0.0,-0.0,-1.0,0.0,1.0,-0.0,1,-0.0,1,-0.0,-1.0,0.0,0,-0.0,1.0,-0.0,1,-0.0,-1,0.0,1.0,-0.0,1,-0.0,1.0,-0.0,0.0,-0.0,0.0,-0.0,1.0,-0.0,1.0,-0.0,-1.0,0.0,0.0,-0.0,-1.0,0.0,-1.0,0.0,-1,0.0,-1,0.0,0.0,-0.0,1.0,-0.0,-1,0.0,1.0,-0.0,-1.0,0.0,1,-0.0,1,-0.0,1.0,-0.0,-1.0,0.0,-1.0,0.0,-1.0,0.0
20170106,@CDH7,1.0,0.000463054838923,75620.0,currency,1483739006,1.0,0.0,0.0,0.0,0.0,1.0,0.0,-1.0,-0.0,-1.0,-0.0,-1.0,-0.0,0.0,0.0,-1.0,-0.0,1.0,0.0,-1.0,-0.0,1.0,0.0,-1,-0.0,-1,-0.0,-1,-0.0,-1.0,-0.0,1.0,0.0,-1.0,-0.0,-1.0,-0.0,-1.0,-0.0,1.0,0.0,0,0.0,-1.0,-0.0,-1.0,-0.0,-1.0,-0.0,0.0,0.0,0.0,0.0,1.0,0.0,1.0,0.0,-1.0,-0.0,-1,-0.0,-1,-0.0,0.0,0.0,-1.0,-0.0,-1,-0.0,1.0,0.0,1,0.0,1.0,0.0,0.0,0.0,-1.0,-0.0,1.0,0.0,1.0,0.0,1.0,0.0,-1.0,-0.0,1.0,0.0,-1.0,-0.0,-1.0,-0.0,1.0,0.0,-1,-0.0,1,0.0,0.0,0.0,1.0,0.0,-1.0,-0.0,1.0,0.0,1.0,0.0,-1.0,-0.0,-1.0,-0.0,1.0,0.0,-1.0,-0.0,1,0.0,0,0.0,-1.0,-0.0,0,0.0,1.0,0.0,1,0.0,-1,-0.0,1.0,0.0,1,0.0,1.0,0.0,0.0,0.0,0.0,0.0,-1.0,-0.0,1.0,0.0,1.0,0.0,1.0,0.0,-1.0,-0.0,1.0,0.0,-1,-0.0,0,0.0,1.0,0.0,1.0,0.0,-1,-0.0,1.0,0.0,-1.0,-0.0,1,0.0,1,0.0,1.0,0.0,0.0,0.0,1.0,0.0,-1.0,-0.0
20170106,QCLG7,-1.0,-0.00111607142857,53700.0,energy,1483739006,1.0,-0.0,0.0,0.0,-0.0,1.0,-0.0,-1.0,0.0,1.0,-0.0,-1.0,0.0,0.0,-0.0,-1.0,0.0,1.0,-0.0,-1.0,0.0,1.0,-0.0,-1,0.0,-1,0.0,-1,0.0,-1.0,0.0,1.0,-0.0,1.0,-0.0,0.0,-0.0,1.0,-0.0,1.0,-0.0,0,-0.0,-1.0,0.0,-1.0,0.0,-1.0,0.0,0.0,-0.0,0.0,-0.0,1.0,-0.0,1.0,-0.0,-1.0,0.0,-1,0.0,-1,0.0,0.0,-0.0,-1.0,0.0,-1,0.0,1.0,-0.0,-1,0.0,1.0,-0.0,-1.0,0.0,-1.0,0.0,-1.0,0.0,1.0,-0.0,0.0,-0.0,-1.0,0.0,-1.0,0.0,-1.0,0.0,-1.0,0.0,1.0,-0.0,-1,0.0,1,-0.0,1.0,-0.0,1.0,-0.0,-1.0,0.0,1.0,-0.0,1.0,-0.0,-1.0,0.0,-1.0,0.0,1.0,-0.0,-1.0,0.0,1,-0.0,0,-0.0,-1.0,0.0,0,-0.0,1.0,-0.0,1,-0.0,-1,0.0,1.0,-0.0,1,-0.0,1.0,-0.0,0.0,-0.0,0.0,-0.0,-1.0,0.0,1.0,-0.0,1.0,-0.0,1.0,-0.0,-1.0,0.0,1.0,-0.0,-1,0.0,0,-0.0,1.0,-0.0,1.0,-0.0,-1,0.0,1.0,-0.0,-1.0,0.0,1,-0.0,1,-0.0,1.0,-0.0,0.0,-0.0,1.0,-0.0,-1.0,0.0
20170106,@EUH7,-1.0,-0.00574279796648,132012.5,currency,1483739006,1.0,-0.0,0.0,0.0,-0.0,1.0,-0.0,-1.0,0.0,-1.0,0.0,-1.0,0.0,0.0,-0.0,-1.0,0.0,1.0,-0.0,-1.0,0.0,1.0,-0.0,-1,0.0,-1,0.0,-1,0.0,-1.0,0.0,1.0,-0.0,-1.0,0.0,-1.0,0.0,-1.0,0.0,1.0,-0.0,0,-0.0,-1.0,0.0,-1.0,0.0,-1.0,0.0,0.0,-0.0,0.0,-0.0,1.0,-0.0,1.0,-0.0,-1.0,0.0,-1,0.0,-1,0.0,0.0,-0.0,-1.0,0.0,-1,0.0,1.0,-0.0,1,-0.0,1.0,-0.0,0.0,-0.0,-1.0,0.0,1.0,-0.0,1.0,-0.0,1.0,-0.0,-1.0,0.0,1.0,-0.0,-1.0,0.0,-1.0,0.0,1.0,-0.0,-1,0.0,1,-0.0,0.0,-0.0,1.0,-0.0,-1.0,0.0,1.0,-0.0,1.0,-0.0,-1.0,0.0,-1.0,0.0,1.0,-0.0,-1.0,0.0,1,-0.0,0,-0.0,-1.0,0.0,0,-0.0,1.0,-0.0,1,-0.0,-1,0.0,1.0,-0.0,1,-0.0,1.0,-0.0,0.0,-0.0,0.0,-0.0,-1.0,0.0,1.0,-0.0,1.0,-0.0,1.0,-0.0,-1.0,0.0,1.0,-0.0,-1,0.0,0,-0.0,1.0,-0.0,1.0,-0.0,-1,0.0,1.0,-0.0,-1.0,0.0,1,-0.0,1,-0.0,1.0,-0.0,0.0,-0.0,1.0,-0.0,-1.0,0.0
20170106,@ADH7,-1.0,-0.00518983884185,72840.0,currency,1483739006,1.0,-0.0,0.0,0.0,-0.0,1.0,-0.0,-1.0,0.0,1.0,-0.0,-1.0,0.0,1.0,-0.0,1.0,-0.0,1.0,-0.0,-1.0,0.0,1.0,-0.0,-1,0.0,-1,0.0,-1,0.0,0.0,-0.0,1.0,-0.0,1.0,-0.0,0.0,-0.0,1.0,-0.0,1.0,-0.0,0,-0.0,-1.0,0.0,1.0,-0.0,-1.0,0.0,0.0,-0.0,0.0,-0.0,1.0,-0.0,1.0,-0.0,-1.0,0.0,-1,0.0,-1,0.0,0.0,-0.0,-1.0,0.0,-1,0.0,1.0,-0.0,-1,0.0,1.0,-0.0,-1.0,0.0,-1.0,0.0,-1.0,0.0,1.0,-0.0,0.0,-0.0,-1.0,0.0,-1.0,0.0,-1.0,0.0,-1.0,0.0,1.0,-0.0,-1,0.0,-1,0.0,1.0,-0.0,1.0,-0.0,-1.0,0.0,1.0,-0.0,1.0,-0.0,1.0,-0.0,0.0,-0.0,-1.0,0.0,1.0,-0.0,1,-0.0,1,-0.0,-1.0,0.0,0,-0.0,1.0,-0.0,1,-0.0,-1,0.0,1.0,-0.0,1,-0.0,1.0,-0.0,0.0,-0.0,0.0,-0.0,1.0,-0.0,1.0,-0.0,-1.0,0.0,0.0,-0.0,-1.0,0.0,-1.0,0.0,-1,0.0,-1,0.0,0.0,-0.0,1.0,-0.0,-1,0.0,1.0,-0.0,-1.0,0.0,1,-0.0,1,-0.0,1.0,-0.0,-1.0,0.0,-1.0,0.0,-1.0,0.0
20170106,@ESH7,1.0,0.00331235508447,113587.5,index,1483739006,1.0,376.242133157,376.242133157,-1.0,-376.242133157,-1.0,-376.242133157,-1.0,-376.242133157,1.0,376.242133157,-1.0,-376.242133157,0.0,0.0,1.0,376.242133157,-1.0,-376.242133157,1.0,376.242133157,1.0,376.242133157,0,0.0,1,376.242133157,-1,-376.242133157,-1.0,-376.242133157,1.0,376.242133157,1.0,376.242133157,0.0,0.0,-1.0,-376.242133157,1.0,376.242133157,1,165.617754223,-1.0,-376.242133157,-1.0,-376.242133157,-1.0,-376.242133157,-1.0,-376.242133157,1.0,376.242133157,-1.0,-376.242133157,1.0,376.242133157,1.0,376.242133157,1,376.242133157,0,0.0,1.0,376.242133157,-1.0,-376.242133157,-1,-376.242133157,1.0,376.242133157,-1,-376.242133157,-1.0,-376.242133157,-1.0,-376.242133157,-1.0,-376.242133157,-1.0,-376.242133157,-1.0,-376.242133157,0.0,0.0,0.0,0.0,1.0,376.242133157,1.0,376.242133157,-1.0,-376.242133157,1.0,376.242133157,1,376.242133157,1,376.242133157,1.0,376.242133157,1.0,376.242133157,1.0,376.242133157,0.0,0.0,-1.0,-376.242133157,-1.0,-376.242133157,-1.0,-376.242133157,1.0,376.242133157,1.0,376.242133157,-1,-376.242133157,0,0.0,-1.0,-376.242133157,0,0.0,-1.0,-376.242133157,-1,-376.242133157,1,376.242133157,-1.0,-376.242133157,0,0.0,1.0,376.242133157,1.0,376.242133157,-1.0,-376.242133157,-1.0,-376.242133157,1.0,376.242133157,1.0,376.242133157,1.0,376.242133157,1.0,376.242133157,-1.0,-376.242133157,1,376.242133157,0,0.0,1.0,376.242133157,1.0,376.242133157,1,376.242133157,-1.0,-376.242133157,-1.0,-376.242133157,0,0.0,-1,-376.242133157,1.0,376.242133157,0.0,0.0,-1.0,-376.242133157,1.0,376.242133157
20170106,@GFH7,1.0,0.00040404040404,61900.0,meat,1483729312,1.0,0.0,0.0,0.0,0.0,1.0,0.0,1.0,0.0,1.0,0.0,-1.0,-0.0,1.0,0.0,1.0,0.0,1.0,0.0,1.0,0.0,-1.0,-0.0,-1,-0.0,-1,-0.0,-1,-0.0,0.0,0.0,1.0,0.0,1.0,0.0,0.0,0.0,-1.0,-0.0,1.0,0.0,0,0.0,1.0,0.0,-1.0,-0.0,1.0,0.0,0.0,0.0,0.0,0.0,-1.0,-0.0,-1.0,-0.0,1.0,0.0,-1,-0.0,-1,-0.0,0.0,0.0,-1.0,-0.0,1,0.0,1.0,0.0,-1,-0.0,-1.0,-0.0,-1.0,-0.0,-1.0,-0.0,-1.0,-0.0,-1.0,-0.0,0.0,0.0,-1.0,-0.0,1.0,0.0,-1.0,-0.0,-1.0,-0.0,-1.0,-0.0,-1,-0.0,-1,-0.0,1.0,0.0,1.0,0.0,1.0,0.0,1.0,0.0,1.0,0.0,-1.0,-0.0,0.0,0.0,1.0,0.0,1.0,0.0,1,0.0,1,0.0,1.0,0.0,0,0.0,-1.0,-0.0,1,0.0,-1,-0.0,1.0,0.0,1,0.0,-1.0,-0.0,0.0,0.0,0.0,0.0,1.0,0.0,-1.0,-0.0,1.0,0.0,0.0,0.0,1.0,0.0,-1.0,-0.0,-1,-0.0,-1,-0.0,0.0,0.0,-1.0,-0.0,1,0.0,-1.0,-0.0,1.0,0.0,1,0.0,1,0.0,1.0,0.0,-1.0,-0.0,-1.0,-0.0,-1.0,-0.0
20170106,@FVH7,-1.0,-0.0027157713453,117625.0,rates,1483739006,1.0,-0.0,0.0,1.0,-0.0,1.0,-0.0,1.0,-0.0,-1.0,0.0,1.0,-0.0,0.0,-0.0,-1.0,0.0,1.0,-0.0,-1.0,0.0,-1.0,0.0,0,-0.0,-1,0.0,1,-0.0,1.0,-0.0,-1.0,0.0,-1.0,0.0,0.0,-0.0,1.0,-0.0,-1.0,0.0,0,-0.0,1.0,-0.0,1.0,-0.0,1.0,-0.0,1.0,-0.0,-1.0,0.0,1.0,-0.0,-1.0,0.0,-1.0,0.0,-1,0.0,0,-0.0,-1.0,0.0,1.0,-0.0,-1,0.0,-1.0,0.0,1,-0.0,1.0,-0.0,1.0,-0.0,1.0,-0.0,1.0,-0.0,1.0,-0.0,0.0,-0.0,0.0,-0.0,-1.0,0.0,-1.0,0.0,1.0,-0.0,1.0,-0.0,-1,0.0,-1,0.0,-1.0,0.0,-1.0,0.0,-1.0,0.0,0.0,-0.0,1.0,-0.0,1.0,-0.0,1.0,-0.0,-1.0,0.0,-1.0,0.0,1,-0.0,0,-0.0,1.0,-0.0,0,-0.0,1.0,-0.0,1,-0.0,-1,0.0,1.0,-0.0,0,-0.0,-1.0,0.0,-1.0,0.0,1.0,-0.0,1.0,-0.0,-1.0,0.0,-1.0,0.0,-1.0,0.0,-1.0,0.0,1.0,-0.0,-1,0.0,0,-0.0,-1.0,0.0,-1.0,0.0,-1,0.0,1.0,-0.0,1.0,-0.0,0,-0.0,1,-0.0,-1.0,0.0,0.0,-0.0,1.0,-0.0,-1.0,0.0
20170106,QGCG7,-1.0,-0.00736476762888,117260.0,metal,1483739006,1.0,-0.0,0.0,1.0,-0.0,1.0,-0.0,1.0,-0.0,-1.0,0.0,1.0,-0.0,0.0,-0.0,-1.0,0.0,1.0,-0.0,-1.0,0.0,-1.0,0.0,0,-0.0,-1,0.0,1,-0.0,1.0,-0.0,-1.0,0.0,-1.0,0.0,0.0,-0.0,1.0,-0.0,-1.0,0.0,0,-0.0,1.0,-0.0,1.0,-0.0,1.0,-0.0,1.0,-0.0,-1.0,0.0,1.0,-0.0,-1.0,0.0,-1.0,0.0,-1,0.0,0,-0.0,-1.0,0.0,1.0,-0.0,-1,0.0,-1.0,0.0,1,-0.0,1.0,-0.0,1.0,-0.0,1.0,-0.0,1.0,-0.0,1.0,-0.0,0.0,-0.0,0.0,-0.0,-1.0,0.0,-1.0,0.0,1.0,-0.0,1.0,-0.0,-1,0.0,-1,0.0,-1.0,0.0,-1.0,0.0,-1.0,0.0,0.0,-0.0,1.0,-0.0,1.0,-0.0,1.0,-0.0,-1.0,0.0,-1.0,0.0,1,-0.0,0,-0.0,1.0,-0.0,0,-0.0,1.0,-0.0,1,-0.0,-1,0.0,1.0,-0.0,0,-0.0,-1.0,0.0,-1.0,0.0,1.0,-0.0,1.0,-0.0,-1.0,0.0,-1.0,0.0,-1.0,0.0,-1.0,0.0,1.0,-0.0,-1,0.0,0,-0.0,-1.0,0.0,-1.0,0.0,-1,0.0,1.0,-0.0,1.0,-0.0,0,-0.0,1,-0.0,-1.0,0.0,0.0,-0.0,1.0,-0.0,-1.0,0.0
20170106,QHGH7,1.0,0.000197044334975,63450.0,metal,1483739006,1.0,12.5024630542,12.5024630542,-1.0,-12.5024630542,-1.0,-12.5024630542,-1.0,-12.5024630542,1.0,12.5024630542,-1.0,-12.5024630542,0.0,0.0,1.0,12.5024630542,-1.0,-12.5024630542,1.0,12.5024630542,1.0,12.5024630542,0,0.0,1,12.5024630542,-1,-12.5024630542,-1.0,-12.5024630542,1.0,12.5024630542,1.0,12.5024630542,0.0,0.0,-1.0,-12.5024630542,1.0,12.5024630542,0,0.0,-1.0,-12.5024630542,-1.0,-12.5024630542,-1.0,-12.5024630542,-1.0,-12.5024630542,1.0,12.5024630542,-1.0,-12.5024630542,1.0,12.5024630542,1.0,12.5024630542,1,12.5024630542,0,0.0,1.0,12.5024630542,-1.0,-12.5024630542,-1,-12.5024630542,1.0,12.5024630542,-1,-12.5024630542,-1.0,-12.5024630542,-1.0,-12.5024630542,-1.0,-12.5024630542,-1.0,-12.5024630542,-1.0,-12.5024630542,0.0,0.0,0.0,0.0,1.0,12.5024630542,1.0,12.5024630542,-1.0,-12.5024630542,1.0,12.5024630542,1,12.5024630542,1,12.5024630542,1.0,12.5024630542,1.0,12.5024630542,1.0,12.5024630542,0.0,0.0,-1.0,-12.5024630542,-1.0,-12.5024630542,-1.0,-12.5024630542,1.0,12.5024630542,1.0,12.5024630542,-1,-12.5024630542,0,0.0,-1.0,-12.5024630542,0,0.0,-1.0,-12.5024630542,-1,-12.5024630542,1,12.5024630542,-1.0,-12.5024630542,0,0.0,1.0,12.5024630542,1.0,12.5024630542,-1.0,-12.5024630542,-1.0,-12.5024630542,1.0,12.5024630542,1.0,12.5024630542,1.0,12.5024630542,1.0,12.5024630542,-1.0,-12.5024630542,1,12.5024630542,0,0.0,1.0,12.5024630542,1.0,12.5024630542,1,12.5024630542,-1.0,-12.5024630542,-1.0,-12.5024630542,0,0.0,-1,-12.5024630542,1.0,12.5024630542,0.0,0.0,-1.0,-12.5024630542,1.0,12.5024630542
20170106,QHOG7,1.0,0.00194782198088,71295.0,energy,1483739006,1.0,0.0,0.0,0.0,0.0,1.0,0.0,-1.0,-0.0,-1.0,-0.0,-1.0,-0.0,0.0,0.0,-1.0,-0.0,1.0,0.0,-1.0,-0.0,1.0,0.0,-1,-0.0,-1,-0.0,-1,-0.0,-1.0,-0.0,1.0,0.0,-1.0,-0.0,-1.0,-0.0,-1.0,-0.0,1.0,0.0,0,0.0,-1.0,-0.0,-1.0,-0.0,-1.0,-0.0,0.0,0.0,0.0,0.0,1.0,0.0,1.0,0.0,-1.0,-0.0,-1,-0.0,-1,-0.0,0.0,0.0,-1.0,-0.0,-1,-0.0,1.0,0.0,1,0.0,1.0,0.0,0.0,0.0,-1.0,-0.0,1.0,0.0,1.0,0.0,1.0,0.0,-1.0,-0.0,1.0,0.0,-1.0,-0.0,-1.0,-0.0,1.0,0.0,-1,-0.0,1,0.0,0.0,0.0,1.0,0.0,-1.0,-0.0,1.0,0.0,1.0,0.0,-1.0,-0.0,-1.0,-0.0,1.0,0.0,-1.0,-0.0,1,0.0,0,0.0,-1.0,-0.0,0,0.0,1.0,0.0,1,0.0,-1,-0.0,1.0,0.0,1,0.0,1.0,0.0,0.0,0.0,0.0,0.0,-1.0,-0.0,1.0,0.0,1.0,0.0,1.0,0.0,-1.0,-0.0,1.0,0.0,-1,-0.0,0,0.0,1.0,0.0,1.0,0.0,-1,-0.0,1.0,0.0,-1.0,-0.0,1,0.0,1,0.0,1.0,0.0,0.0,0.0,1.0,0.0,-1.0,-0.0
20170106,@EMDH7,-1.0,-0.00208122732949,167820.0,index,1483739006,1.0,-0.0,0.0,-1.0,0.0,-1.0,0.0,-1.0,0.0,1.0,-0.0,-1.0,0.0,0.0,-0.0,1.0,-0.0,-1.0,0.0,1.0,-0.0,1.0,-0.0,0,-0.0,1,-0.0,-1,0.0,-1.0,0.0,1.0,-0.0,1.0,-0.0,0.0,-0.0,-1.0,0.0,1.0,-0.0,0,-0.0,-1.0,0.0,-1.0,0.0,-1.0,0.0,-1.0,0.0,1.0,-0.0,-1.0,0.0,1.0,-0.0,1.0,-0.0,1,-0.0,0,-0.0,1.0,-0.0,-1.0,0.0,-1,0.0,1.0,-0.0,-1,0.0,-1.0,0.0,-1.0,0.0,-1.0,0.0,-1.0,0.0,-1.0,0.0,0.0,-0.0,0.0,-0.0,1.0,-0.0,1.0,-0.0,-1.0,0.0,1.0,-0.0,1,-0.0,1,-0.0,1.0,-0.0,1.0,-0.0,1.0,-0.0,0.0,-0.0,-1.0,0.0,-1.0,0.0,-1.0,0.0,1.0,-0.0,1.0,-0.0,-1,0.0,0,-0.0,-1.0,0.0,0,-0.0,-1.0,0.0,-1,0.0,1,-0.0,-1.0,0.0,0,-0.0,1.0,-0.0,1.0,-0.0,-1.0,0.0,-1.0,0.0,1.0,-0.0,1.0,-0.0,1.0,-0.0,1.0,-0.0,-1.0,0.0,1,-0.0,0,-0.0,1.0,-0.0,1.0,-0.0,1,-0.0,-1.0,0.0,-1.0,0.0,0,-0.0,-1,0.0,1.0,-0.0,0.0,-0.0,-1.0,0.0,1.0,-0.0
20170106,@JYH7,-1.0,-0.0121065375303,107100.0,currency,1483739006,1.0,-0.0,0.0,0.0,-0.0,-1.0,0.0,1.0,-0.0,1.0,-0.0,1.0,-0.0,0.0,-0.0,-1.0,0.0,1.0,-0.0,-1.0,0.0,1.0,-0.0,1,-0.0,1,-0.0,1,-0.0,1.0,-0.0,-1.0,0.0,-1.0,0.0,1.0,-0.0,1.0,-0.0,-1.0,0.0,0,-0.0,1.0,-0.0,1.0,-0.0,-1.0,0.0,0.0,-0.0,0.0,-0.0,1.0,-0.0,1.0,-0.0,-1.0,0.0,1,-0.0,1,-0.0,0.0,-0.0,1.0,-0.0,-1,0.0,-1.0,0.0,-1,0.0,1.0,-0.0,0.0,-0.0,-1.0,0.0,1.0,-0.0,-1.0,0.0,-1.0,0.0,1.0,-0.0,-1.0,0.0,1.0,-0.0,1.0,-0.0,1.0,-0.0,1,-0.0,-1,0.0,0.0,-0.0,1.0,-0.0,1.0,-0.0,-1.0,0.0,-1.0,0.0,1.0,-0.0,1.0,-0.0,-1.0,0.0,-1.0,0.0,1,-0.0,0,-0.0,-1.0,0.0,0,-0.0,1.0,-0.0,-1,0.0,1,-0.0,-1.0,0.0,-1,0.0,1.0,-0.0,0.0,-0.0,0.0,-0.0,1.0,-0.0,-1.0,0.0,-1.0,0.0,-1.0,0.0,-1.0,0.0,1.0,-0.0,-1,0.0,0,-0.0,-1.0,0.0,-1.0,0.0,-1,0.0,1.0,-0.0,-1.0,0.0,-1,0.0,-1,0.0,-1.0,0.0,0.0,-0.0,1.0,-0.0,-1.0,0.0
20170109,QNGH7,-1.0,-0.0486618004866,31280.0,energy,1483998369,1.0,-1522.14111922,1522.14111922,0.0,-0.0,1.0,-1522.14111922,-1.0,1522.14111922,1.0,-1522.14111922,-1.0,1522.14111922,1.0,-1522.14111922,1.0,-1522.14111922,1.0,-1522.14111922,-1.0,1522.14111922,1.0,-1522.14111922,-1,1522.14111922,-1,1522.14111922,-1,1522.14111922,0.0,-0.0,1.0,-1522.14111922,1.0,-1522.14111922,0.0,-0.0,1.0,-1522.14111922,1.0,-1522.14111922,0,-0.0,-1.0,1522.14111922,1.0,-1522.14111922,-1.0,1522.14111922,0.0,-0.0,0.0,-0.0,1.0,-1522.14111922,1.0,-1522.14111922,-1.0,1522.14111922,-1,1522.14111922,-1,1522.14111922,0.0,-0.0,-1.0,1522.14111922,-1,1522.14111922,1.0,-1522.14111922,-1,1522.14111922,1.0,-1522.14111922,-1.0,1522.14111922,-1.0,1522.14111922,-1.0,1522.14111922,1.0,-1522.14111922,0.0,-0.0,-1.0,1522.14111922,-1.0,1522.14111922,-1.0,1522.14111922,-1.0,1522.14111922,1.0,-1522.14111922,-1,1522.14111922,-1,1522.14111922,1.0,-1522.14111922,1.0,-1522.14111922,-1.0,1522.14111922,1.0,-1522.14111922,1.0,-1522.14111922,1.0,-1522.14111922,0.0,-0.0,-1.0,1522.14111922,1.0,-1522.14111922,1,-1522.14111922,1,-1522.14111922,-1.0,1522.14111922,0,-0.0,1.0,-1522.14111922,1,-1522.14111922,-1,1522.14111922,1.0,-1522.14111922,1,-1522.14111922,1.0,-1522.14111922,0.0,-0.0,0.0,-0.0,1.0,-1522.14111922,1.0,-1522.14111922,-1.0,1522.14111922,0.0,-0.0,-1.0,1522.14111922,-1.0,1522.14111922,-1,1522.14111922,-1,1522.14111922,0.0,-0.0,1.0,-1522.14111922,-1,1522.14111922,1.0,-1522.14111922,-1.0,1522.14111922,1,-1522.14111922,1,-1522.14111922,1.0,-1522.14111922,-1.0,1522.14111922,-1.0,1522.14111922,-1.0,1522.14111922
20170109,@NKDH7,-1.0,-0.00816951748787,83005.7260063,index,1483998369,1.0,-0.0,0.0,0.0,-0.0,1.0,-0.0,-1.0,0.0,1.0,-0.0,-1.0,0.0,0.0,-0.0,-1.0,0.0,1.0,-0.0,-1.0,0.0,1.0,-0.0,-1,0.0,-1,0.0,-1,0.0,-1.0,0.0,1.0,-0.0,1.0,-0.0,0.0,-0.0,1.0,-0.0,1.0,-0.0,0,-0.0,-1.0,0.0,-1.0,0.0,-1.0,0.0,0.0,-0.0,0.0,-0.0,1.0,-0.0,1.0,-0.0,-1.0,0.0,-1,0.0,-1,0.0,0.0,-0.0,-1.0,0.0,1,-0.0,1.0,-0.0,-1,0.0,1.0,-0.0,-1.0,0.0,-1.0,0.0,-1.0,0.0,1.0,-0.0,0.0,-0.0,-1.0,0.0,-1.0,0.0,-1.0,0.0,-1.0,0.0,-1.0,0.0,-1,0.0,1,-0.0,1.0,-0.0,1.0,-0.0,-1.0,0.0,1.0,-0.0,1.0,-0.0,-1.0,0.0,-1.0,0.0,1.0,-0.0,-1.0,0.0,1,-0.0,0,-0.0,-1.0,0.0,0,-0.0,1.0,-0.0,1,-0.0,-1,0.0,1.0,-0.0,1,-0.0,1.0,-0.0,0.0,-0.0,0.0,-0.0,-1.0,0.0,1.0,-0.0,1.0,-0.0,1.0,-0.0,-1.0,0.0,1.0,-0.0,-1,0.0,0,-0.0,1.0,-0.0,1.0,-0.0,-1,0.0,1.0,-0.0,-1.0,0.0,1,-0.0,1,-0.0,1.0,-0.0,0.0,-0.0,1.0,-0.0,-1.0,0.0
20170109,@NQH7,1.0,0.00354716227018,100435.0,index,1483998369,1.0,0.0,0.0,0.0,0.0,1.0,0.0,-1.0,-0.0,1.0,0.0,-1.0,-0.0,0.0,0.0,-1.0,-0.0,1.0,0.0,-1.0,-0.0,1.0,0.0,-1,-0.0,-1,-0.0,-1,-0.0,-1.0,-0.0,1.0,0.0,1.0,0.0,0.0,0.0,1.0,0.0,1.0,0.0,0,0.0,-1.0,-0.0,-1.0,-0.0,-1.0,-0.0,0.0,0.0,0.0,0.0,1.0,0.0,1.0,0.0,-1.0,-0.0,-1,-0.0,-1,-0.0,0.0,0.0,-1.0,-0.0,-1,-0.0,1.0,0.0,-1,-0.0,1.0,0.0,-1.0,-0.0,-1.0,-0.0,-1.0,-0.0,1.0,0.0,0.0,0.0,-1.0,-0.0,-1.0,-0.0,-1.0,-0.0,-1.0,-0.0,1.0,0.0,-1,-0.0,1,0.0,1.0,0.0,1.0,0.0,-1.0,-0.0,1.0,0.0,1.0,0.0,-1.0,-0.0,-1.0,-0.0,1.0,0.0,-1.0,-0.0,1,0.0,0,0.0,-1.0,-0.0,0,0.0,1.0,0.0,1,0.0,-1,-0.0,1.0,0.0,1,0.0,1.0,0.0,0.0,0.0,0.0,0.0,-1.0,-0.0,1.0,0.0,1.0,0.0,1.0,0.0,-1.0,-0.0,1.0,0.0,-1,-0.0,0,0.0,1.0,0.0,1.0,0.0,-1,-0.0,1.0,0.0,-1.0,-0.0,1,0.0,1,0.0,1.0,0.0,0.0,0.0,1.0,0.0,-1.0,-0.0
20170109,QPAH7,1.0,0.00316476560955,76075.0,metal,1483998369,1.0,0.0,0.0,0.0,0.0,1.0,0.0,-1.0,-0.0,-1.0,-0.0,-1.0,-0.0,1.0,0.0,1.0,0.0,1.0,0.0,-1.0,-0.0,1.0,0.0,-1,-0.0,-1,-0.0,-1,-0.0,0.0,0.0,1.0,0.0,-1.0,-0.0,-1.0,-0.0,-1.0,-0.0,1.0,0.0,0,0.0,-1.0,-0.0,1.0,0.0,-1.0,-0.0,0.0,0.0,0.0,0.0,1.0,0.0,1.0,0.0,-1.0,-0.0,-1,-0.0,-1,-0.0,0.0,0.0,-1.0,-0.0,-1,-0.0,1.0,0.0,1,0.0,1.0,0.0,0.0,0.0,-1.0,-0.0,1.0,0.0,1.0,0.0,1.0,0.0,-1.0,-0.0,1.0,0.0,-1.0,-0.0,-1.0,-0.0,1.0,0.0,-1,-0.0,-1,-0.0,0.0,0.0,1.0,0.0,-1.0,-0.0,1.0,0.0,1.0,0.0,1.0,0.0,0.0,0.0,-1.0,-0.0,1.0,0.0,1,0.0,1,0.0,-1.0,-0.0,0,0.0,1.0,0.0,1,0.0,-1,-0.0,1.0,0.0,1,0.0,1.0,0.0,0.0,0.0,0.0,0.0,1.0,0.0,1.0,0.0,-1.0,-0.0,0.0,0.0,-1.0,-0.0,-1.0,-0.0,-1,-0.0,-1,-0.0,0.0,0.0,1.0,0.0,-1,-0.0,1.0,0.0,-1.0,-0.0,1,0.0,1,0.0,1.0,0.0,-1.0,-0.0,-1.0,-0.0,-1.0,-0.0
20170109,QPLJ7,1.0,0.0116422831238,49095.0,metal,1483998369,1.0,0.0,0.0,1.0,0.0,1.0,0.0,1.0,0.0,-1.0,-0.0,-1.0,-0.0,0.0,0.0,1.0,0.0,-1.0,-0.0,-1.0,-0.0,-1.0,-0.0,0,0.0,1,0.0,1,0.0,1.0,0.0,1.0,0.0,-1.0,-0.0,0.0,0.0,-1.0,-0.0,1.0,0.0,0,0.0,1.0,0.0,1.0,0.0,1.0,0.0,1.0,0.0,-1.0,-0.0,1.0,0.0,-1.0,-0.0,-1.0,-0.0,1,0.0,0,0.0,-1.0,-0.0,-1.0,-0.0,-1,-0.0,-1.0,-0.0,1,0.0,-1.0,-0.0,1.0,0.0,1.0,0.0,1.0,0.0,-1.0,-0.0,0.0,0.0,0.0,0.0,1.0,0.0,1.0,0.0,-1.0,-0.0,1.0,0.0,-1,-0.0,-1,-0.0,-1.0,-0.0,-1.0,-0.0,1.0,0.0,0.0,0.0,-1.0,-0.0,1.0,0.0,1.0,0.0,-1.0,-0.0,1.0,0.0,-1,-0.0,0,0.0,1.0,0.0,0,0.0,1.0,0.0,-1,-0.0,-1,-0.0,1.0,0.0,0,0.0,-1.0,-0.0,-1.0,-0.0,1.0,0.0,1.0,0.0,-1.0,-0.0,-1.0,-0.0,-1.0,-0.0,-1.0,-0.0,-1.0,-0.0,1,0.0,0,0.0,-1.0,-0.0,-1.0,-0.0,1,0.0,1.0,0.0,1.0,0.0,0,0.0,-1,-0.0,1.0,0.0,0.0,0.0,-1.0,-0.0,1.0,0.0
20170109,@SFH7,1.0,0.00273944805195,123537.5,currency,1483998369,1.0,0.0,0.0,0.0,0.0,1.0,0.0,-1.0,-0.0,-1.0,-0.0,-1.0,-0.0,0.0,0.0,1.0,0.0,-1.0,-0.0,1.0,0.0,-1.0,-0.0,-1,-0.0,-1,-0.0,-1,-0.0,-1.0,-0.0,1.0,0.0,1.0,0.0,-1.0,-0.0,-1.0,-0.0,1.0,0.0,0,0.0,-1.0,-0.0,-1.0,-0.0,1.0,0.0,0.0,0.0,0.0,0.0,-1.0,-0.0,-1.0,-0.0,1.0,0.0,-1,-0.0,-1,-0.0,0.0,0.0,-1.0,-0.0,-1,-0.0,1.0,0.0,1,0.0,-1.0,-0.0,0.0,0.0,1.0,0.0,-1.0,-0.0,1.0,0.0,1.0,0.0,-1.0,-0.0,1.0,0.0,-1.0,-0.0,-1.0,-0.0,1.0,0.0,-1,-0.0,1,0.0,0.0,0.0,-1.0,-0.0,-1.0,-0.0,1.0,0.0,1.0,0.0,-1.0,-0.0,-1.0,-0.0,1.0,0.0,1.0,0.0,-1,-0.0,0,0.0,1.0,0.0,0,0.0,-1.0,-0.0,1,0.0,-1,-0.0,1.0,0.0,1,0.0,-1.0,-0.0,0.0,0.0,0.0,0.0,-1.0,-0.0,1.0,0.0,1.0,0.0,1.0,0.0,1.0,0.0,-1.0,-0.0,1,0.0,0,0.0,1.0,0.0,1.0,0.0,1,0.0,-1.0,-0.0,1.0,0.0,1,0.0,1,0.0,1.0,0.0,0.0,0.0,-1.0,-0.0,1.0,0.0
20170109,@SH7,1.0,0.00753958280975,50112.5,grain,1483989227,1.0,0.0,0.0,0.0,0.0,1.0,0.0,-1.0,-0.0,1.0,0.0,-1.0,-0.0,0.0,0.0,1.0,0.0,-1.0,-0.0,1.0,0.0,-1.0,-0.0,-1,-0.0,-1,-0.0,-1,-0.0,-1.0,-0.0,1.0,0.0,1.0,0.0,0.0,0.0,-1.0,-0.0,1.0,0.0,0,0.0,-1.0,-0.0,-1.0,-0.0,1.0,0.0,0.0,0.0,0.0,0.0,-1.0,-0.0,-1.0,-0.0,1.0,0.0,-1,-0.0,-1,-0.0,0.0,0.0,-1.0,-0.0,1,0.0,1.0,0.0,-1,-0.0,-1.0,-0.0,-1.0,-0.0,-1.0,-0.0,-1.0,-0.0,-1.0,-0.0,0.0,0.0,-1.0,-0.0,1.0,0.0,-1.0,-0.0,-1.0,-0.0,-1.0,-0.0,-1,-0.0,1,0.0,1.0,0.0,1.0,0.0,1.0,0.0,1.0,0.0,1.0,0.0,-1.0,-0.0,-1.0,-0.0,1.0,0.0,1.0,0.0,-1,-0.0,0,0.0,1.0,0.0,0,0.0,-1.0,-0.0,1,0.0,-1,-0.0,1.0,0.0,1,0.0,-1.0,-0.0,0.0,0.0,0.0,0.0,-1.0,-0.0,1.0,0.0,1.0,0.0,1.0,0.0,1.0,0.0,-1.0,-0.0,1,0.0,0,0.0,1.0,0.0,1.0,0.0,1,0.0,-1.0,-0.0,1.0,0.0,1,0.0,1,0.0,1.0,0.0,0.0,0.0,-1.0,-0.0,1.0,0.0
20170109,@NEH7,1.0,0.00690548122572,69990.0,currency,1483998369,1.0,0.0,0.0,-1.0,-0.0,-1.0,-0.0,-1.0,-0.0,1.0,0.0,-1.0,-0.0,0.0,0.0,1.0,0.0,-1.0,-0.0,1.0,0.0,1.0,0.0,0,0.0,1,0.0,-1,-0.0,-1.0,-0.0,1.0,0.0,1.0,0.0,0.0,0.0,-1.0,-0.0,1.0,0.0,0,0.0,-1.0,-0.0,-1.0,-0.0,-1.0,-0.0,-1.0,-0.0,1.0,0.0,-1.0,-0.0,1.0,0.0,1.0,0.0,1,0.0,0,0.0,1.0,0.0,-1.0,-0.0,-1,-0.0,1.0,0.0,-1,-0.0,-1.0,-0.0,-1.0,-0.0,-1.0,-0.0,-1.0,-0.0,-1.0,-0.0,0.0,0.0,0.0,0.0,1.0,0.0,1.0,0.0,-1.0,-0.0,1.0,0.0,1,0.0,1,0.0,1.0,0.0,1.0,0.0,1.0,0.0,0.0,0.0,-1.0,-0.0,-1.0,-0.0,-1.0,-0.0,1.0,0.0,1.0,0.0,-1,-0.0,0,0.0,-1.0,-0.0,0,0.0,-1.0,-0.0,-1,-0.0,1,0.0,-1.0,-0.0,0,0.0,1.0,0.0,1.0,0.0,-1.0,-0.0,-1.0,-0.0,1.0,0.0,1.0,0.0,1.0,0.0,1.0,0.0,-1.0,-0.0,1,0.0,0,0.0,1.0,0.0,1.0,0.0,1,0.0,-1.0,-0.0,-1.0,-0.0,0,0.0,-1,-0.0,1.0,0.0,0.0,0.0,-1.0,-0.0,1.0,0.0
20170109,QSIH7,1.0,0.00520612627883,83025.0,metal,1483998369,1.0,0.0,0.0,1.0,0.0,1.0,0.0,1.0,0.0,1.0,0.0,-1.0,-0.0,0.0,0.0,1.0,0.0,-1.0,-0.0,-1.0,-0.0,-1.0,-0.0,0,0.0,1,0.0,1,0.0,1.0,0.0,1.0,0.0,1.0,0.0,1.0,0.0,1.0,0.0,1.0,0.0,0,0.0,1.0,0.0,1.0,0.0,1.0,0.0,1.0,0.0,-1.0,-0.0,1.0,0.0,-1.0,-0.0,-1.0,-0.0,1,0.0,0,0.0,-1.0,-0.0,-1.0,-0.0,-1,-0.0,-1.0,-0.0,-1,-0.0,-1.0,-0.0,0.0,0.0,1.0,0.0,-1.0,-0.0,-1.0,-0.0,-1.0,-0.0,0.0,0.0,-1.0,-0.0,1.0,0.0,-1.0,-0.0,1.0,0.0,-1,-0.0,-1,-0.0,0.0,0.0,-1.0,-0.0,1.0,0.0,0.0,0.0,-1.0,-0.0,1.0,0.0,1.0,0.0,-1.0,-0.0,1.0,0.0,-1,-0.0,0,0.0,1.0,0.0,0,0.0,1.0,0.0,-1,-0.0,-1,-0.0,1.0,0.0,0,0.0,-1.0,-0.0,-1.0,-0.0,1.0,0.0,1.0,0.0,-1.0,-0.0,-1.0,-0.0,-1.0,-0.0,-1.0,-0.0,-1.0,-0.0,1,0.0,0,0.0,-1.0,-0.0,-1.0,-0.0,1,0.0,1.0,0.0,1.0,0.0,0,0.0,-1,-0.0,1.0,0.0,0.0,0.0,-1.0,-0.0,1.0,0.0
20170109,@SMH7,1.0,0.00449726951494,31270.0,grain,1483989227,1.0,0.0,0.0,-1.0,-0.0,-1.0,-0.0,-1.0,-0.0,-1.0,-0.0,-1.0,-0.0,0.0,0.0,1.0,0.0,-1.0,-0.0,1.0,0.0,1.0,0.0,0,0.0,1,0.0,-1,-0.0,-1.0,-0.0,1.0,0.0,1.0,0.0,-1.0,-0.0,-1.0,-0.0,1.0,0.0,0,0.0,-1.0,-0.0,-1.0,-0.0,-1.0,-0.0,-1.0,-0.0,1.0,0.0,-1.0,-0.0,1.0,0.0,1.0,0.0,1,0.0,0,0.0,1.0,0.0,-1.0,-0.0,1,0.0,1.0,0.0,1,0.0,-1.0,-0.0,0.0,0.0,1.0,0.0,-1.0,-0.0,1.0,0.0,1.0,0.0,0.0,0.0,1.0,0.0,1.0,0.0,-1.0,-0.0,-1.0,-0.0,1,0.0,1,0.0,0.0,0.0,-1.0,-0.0,-1.0,-0.0,0.0,0.0,-1.0,-0.0,-1.0,-0.0,-1.0,-0.0,1.0,0.0,1.0,0.0,-1,-0.0,0,0.0,-1.0,-0.0,0,0.0,-1.0,-0.0,-1,-0.0,1,0.0,-1.0,-0.0,0,0.0,1.0,0.0,1.0,0.0,-1.0,-0.0,-1.0,-0.0,1.0,0.0,1.0,0.0,1.0,0.0,1.0,0.0,-1.0,-0.0,1,0.0,0,0.0,1.0,0.0,1.0,0.0,1,0.0,-1.0,-0.0,-1.0,-0.0,0,0.0,-1,-0.0,1.0,0.0,0.0,0.0,-1.0,-0.0,1.0,0.0
20170109,@TUH7,1.0,0.000577158935142,216703.125,rates,1483998369,2.0,0.0,0.0,1.0,0.0,1.0,0.0,1.0,0.0,-1.0,-0.0,-1.0,-0.0,0.0,0.0,1.0,0.0,-1.0,-0.0,-1.0,-0.0,-1.0,-0.0,0,0.0,1,0.0,1,0.0,1.0,0.0,1.0,0.0,-1.0,-0.0,0.0,0.0,-1.0,-0.0,1.0,0.0,0,0.0,1.0,0.0,1.0,0.0,1.0,0.0,1.0,0.0,-1.0,-0.0,1.0,0.0,-1.0,-0.0,-1.0,-0.0,1,0.0,0,0.0,-1.0,-0.0,-1.0,-0.0,-1,-0.0,-1.0,-0.0,1,0.0,-1.0,-0.0,1.0,0.0,1.0,0.0,1.0,0.0,-1.0,-0.0,0.0,0.0,0.0,0.0,1.0,0.0,1.0,0.0,-1.0,-0.0,1.0,0.0,-1,-0.0,-1,-0.0,-1.0,-0.0,-1.0,-0.0,1.0,0.0,0.0,0.0,-1.0,-0.0,1.0,0.0,1.0,0.0,-1.0,-0.0,1.0,0.0,-1,-0.0,0,0.0,1.0,0.0,0,0.0,1.0,0.0,-1,-0.0,-1,-0.0,1.0,0.0,0,0.0,-1.0,-0.0,-1.0,-0.0,1.0,0.0,1.0,0.0,-1.0,-0.0,-1.0,-0.0,-1.0,-0.0,-1.0,-0.0,-1.0,-0.0,1,0.0,0,0.0,-1.0,-0.0,-1.0,-0.0,1,0.0,1.0,0.0,1.0,0.0,0,0.0,-1,-0.0,1.0,0.0,0.0,0.0,-1.0,-0.0,1.0,0.0
20170109,@TYH7,1.0,0.00339110776187,124828.125,rates,1483998369,1.0,423.305623587,423.305623587,1.0,423.305623587,1.0,423.305623587,1.0,423.305623587,-1.0,-423.305623587,-1.0,-423.305623587,0.0,0.0,1.0,423.305623587,-1.0,-423.305623587,-1.0,-423.305623587,-1.0,-423.305623587,0,0.0,1,423.305623587,1,423.305623587,1.0,423.305623587,1.0,423.305623587,-1.0,-423.305623587,0.0,0.0,-1.0,-423.305623587,1.0,423.305623587,0,0.0,1.0,423.305623587,1.0,423.305623587,1.0,423.305623587,1.0,423.305623587,-1.0,-423.305623587,1.0,423.305623587,-1.0,-423.305623587,-1.0,-423.305623587,1,423.305623587,0,0.0,-1.0,-423.305623587,-1.0,-423.305623587,-1,-423.305623587,-1.0,-423.305623587,1,423.305623587,-1.0,-423.305623587,1.0,423.305623587,1.0,423.305623587,1.0,423.305623587,-1.0,-423.305623587,0.0,0.0,0.0,0.0,1.0,423.305623587,1.0,423.305623587,-1.0,-423.305623587,1.0,423.305623587,-1,-423.305623587,-1,-423.305623587,-1.0,-423.305623587,-1.0,-423.305623587,1.0,423.305623587,0.0,0.0,-1.0,-423.305623587,1.0,423.305623587,1.0,423.305623587,-1.0,-423.305623587,1.0,423.305623587,-1,-423.305623587,0,0.0,1.0,423.305623587,0,0.0,1.0,423.305623587,-1,-423.305623587,-1,-423.305623587,1.0,423.305623587,0,0.0,-1.0,-423.305623587,-1.0,-423.305623587,1.0,423.305623587,1.0,423.305623587,-1.0,-423.305623587,-1.0,-423.305623587,-1.0,-423.305623587,-1.0,-423.305623587,-1.0,-423.305623587,1,423.305623587,0,0.0,-1.0,-423.305623587,-1.0,-423.305623587,1,423.305623587,1.0,423.305623587,1.0,423.305623587,0,0.0,-1,-423.305623587,1.0,423.305623587,0.0,0.0,-1.0,-423.305623587,1.0,423.305623587
20170109,@USH7,1.0,0.00679431747993,152812.5,rates,1483998369,1.0,0.0,0.0,0.0,0.0,-1.0,-0.0,1.0,0.0,-1.0,-0.0,1.0,0.0,-1.0,-0.0,-1.0,-0.0,-1.0,-0.0,1.0,0.0,-1.0,-0.0,1,0.0,1,0.0,1,0.0,0.0,0.0,-1.0,-0.0,-1.0,-0.0,0.0,0.0,-1.0,-0.0,-1.0,-0.0,0,0.0,1.0,0.0,-1.0,-0.0,1.0,0.0,0.0,0.0,0.0,0.0,-1.0,-0.0,-1.0,-0.0,1.0,0.0,1,0.0,1,0.0,0.0,0.0,1.0,0.0,-1,-0.0,-1.0,-0.0,1,0.0,-1.0,-0.0,1.0,0.0,1.0,0.0,1.0,0.0,-1.0,-0.0,0.0,0.0,1.0,0.0,1.0,0.0,1.0,0.0,1.0,0.0,1.0,0.0,1,0.0,1,0.0,-1.0,-0.0,-1.0,-0.0,1.0,0.0,-1.0,-0.0,-1.0,-0.0,-1.0,-0.0,0.0,0.0,1.0,0.0,-1.0,-0.0,-1,-0.0,-1,-0.0,1.0,0.0,0,0.0,-1.0,-0.0,-1,-0.0,1,0.0,-1.0,-0.0,-1,-0.0,-1.0,-0.0,0.0,0.0,0.0,0.0,-1.0,-0.0,-1.0,-0.0,1.0,0.0,0.0,0.0,1.0,0.0,1.0,0.0,1,0.0,1,0.0,0.0,0.0,-1.0,-0.0,1,0.0,-1.0,-0.0,1.0,0.0,-1,-0.0,-1,-0.0,-1.0,-0.0,1.0,0.0,1.0,0.0,1.0,0.0
20170109,QRBG7,-1.0,-0.0391064871481,65944.2,energy,1483998369,1.0,-0.0,0.0,-1.0,0.0,-1.0,0.0,-1.0,0.0,-1.0,0.0,-1.0,0.0,0.0,-0.0,1.0,-0.0,-1.0,0.0,1.0,-0.0,1.0,-0.0,0,-0.0,1,-0.0,-1,0.0,-1.0,0.0,1.0,-0.0,1.0,-0.0,-1.0,0.0,-1.0,0.0,1.0,-0.0,0,-0.0,-1.0,0.0,-1.0,0.0,1.0,-0.0,0.0,-0.0,0.0,-0.0,-1.0,0.0,-1.0,0.0,1.0,-0.0,-1,0.0,-1,0.0,1.0,-0.0,-1.0,0.0,-1,0.0,1.0,-0.0,1,-0.0,-1.0,0.0,0.0,-0.0,1.0,-0.0,-1.0,0.0,1.0,-0.0,1.0,-0.0,-1.0,0.0,1.0,-0.0,-1.0,0.0,-1.0,0.0,1.0,-0.0,-1,0.0,1,-0.0,0.0,-0.0,-1.0,0.0,-1.0,0.0,1.0,-0.0,1.0,-0.0,-1.0,0.0,-1.0,0.0,1.0,-0.0,1.0,-0.0,-1,0.0,0,-0.0,1.0,-0.0,0,-0.0,-1.0,0.0,1,-0.0,1,-0.0,1.0,-0.0,1,-0.0,-1.0,0.0,0.0,-0.0,0.0,-0.0,-1.0,0.0,1.0,-0.0,1.0,-0.0,1.0,-0.0,1.0,-0.0,-1.0,0.0,1,-0.0,0,-0.0,1.0,-0.0,1.0,-0.0,1,-0.0,-1.0,0.0,-1.0,0.0,0,-0.0,-1,0.0,1.0,-0.0,0.0,-0.0,-1.0,0.0,1.0,-0.0
20170109,@PXH7,-1.0,-0.00749625187406,23170.0,currency,1483998369,1.0,-0.0,0.0,0.0,-0.0,1.0,-0.0,-1.0,0.0,1.0,-0.0,-1.0,0.0,1.0,-0.0,1.0,-0.0,1.0,-0.0,-1.0,0.0,1.0,-0.0,-1,0.0,-1,0.0,-1,0.0,0.0,-0.0,1.0,-0.0,1.0,-0.0,0.0,-0.0,1.0,-0.0,1.0,-0.0,0,-0.0,-1.0,0.0,1.0,-0.0,-1.0,0.0,0.0,-0.0,0.0,-0.0,1.0,-0.0,1.0,-0.0,-1.0,0.0,-1,0.0,-1,0.0,0.0,-0.0,-1.0,0.0,-1,0.0,1.0,-0.0,-1,0.0,1.0,-0.0,-1.0,0.0,-1.0,0.0,-1.0,0.0,1.0,-0.0,0.0,-0.0,-1.0,0.0,-1.0,0.0,-1.0,0.0,-1.0,0.0,1.0,-0.0,-1,0.0,-1,0.0,1.0,-0.0,1.0,-0.0,-1.0,0.0,1.0,-0.0,1.0,-0.0,1.0,-0.0,0.0,-0.0,-1.0,0.0,1.0,-0.0,1,-0.0,1,-0.0,-1.0,0.0,0,-0.0,1.0,-0.0,1,-0.0,-1,0.0,1.0,-0.0,1,-0.0,1.0,-0.0,0.0,-0.0,0.0,-0.0,1.0,-0.0,1.0,-0.0,-1.0,0.0,0.0,-0.0,-1.0,0.0,-1.0,0.0,-1,0.0,-1,0.0,0.0,-0.0,1.0,-0.0,-1,0.0,1.0,-0.0,-1.0,0.0,1,-0.0,1,-0.0,1.0,-0.0,-1.0,0.0,-1.0,0.0,-1.0,0.0
20170109,QHOG7,-1.0,-0.0394551432597,68712.0,energy,1483998369,1.0,-0.0,0.0,0.0,-0.0,1.0,-0.0,-1.0,0.0,1.0,-0.0,-1.0,0.0,0.0,-0.0,-1.0,0.0,1.0,-0.0,-1.0,0.0,1.0,-0.0,-1,0.0,-1,0.0,-1,0.0,-1.0,0.0,1.0,-0.0,1.0,-0.0,0.0,-0.0,1.0,-0.0,1.0,-0.0,0,-0.0,-1.0,0.0,-1.0,0.0,-1.0,0.0,0.0,-0.0,0.0,-0.0,1.0,-0.0,1.0,-0.0,-1.0,0.0,-1,0.0,-1,0.0,0.0,-0.0,-1.0,0.0,-1,0.0,1.0,-0.0,-1,0.0,1.0,-0.0,-1.0,0.0,-1.0,0.0,-1.0,0.0,1.0,-0.0,0.0,-0.0,-1.0,0.0,-1.0,0.0,-1.0,0.0,-1.0,0.0,1.0,-0.0,-1,0.0,1,-0.0,1.0,-0.0,1.0,-0.0,-1.0,0.0,1.0,-0.0,1.0,-0.0,-1.0,0.0,-1.0,0.0,1.0,-0.0,-1.0,0.0,1,-0.0,0,-0.0,-1.0,0.0,0,-0.0,1.0,-0.0,1,-0.0,-1,0.0,1.0,-0.0,1,-0.0,1.0,-0.0,0.0,-0.0,0.0,-0.0,-1.0,0.0,1.0,-0.0,1.0,-0.0,1.0,-0.0,-1.0,0.0,1.0,-0.0,-1,0.0,0,-0.0,1.0,-0.0,1.0,-0.0,-1,0.0,1.0,-0.0,-1.0,0.0,1,-0.0,1,-0.0,1.0,-0.0,0.0,-0.0,1.0,-0.0,-1.0,0.0
20170109,@LEG7,1.0,0.0148051382539,46610.0,meat,1483988571,1.0,0.0,0.0,0.0,0.0,1.0,0.0,1.0,0.0,-1.0,-0.0,-1.0,-0.0,1.0,0.0,1.0,0.0,1.0,0.0,1.0,0.0,-1.0,-0.0,-1,-0.0,-1,-0.0,-1,-0.0,0.0,0.0,1.0,0.0,1.0,0.0,-1.0,-0.0,-1.0,-0.0,1.0,0.0,0,0.0,1.0,0.0,-1.0,-0.0,1.0,0.0,0.0,0.0,0.0,0.0,-1.0,-0.0,-1.0,-0.0,1.0,0.0,-1,-0.0,-1,-0.0,0.0,0.0,-1.0,-0.0,1,0.0,1.0,0.0,1,0.0,-1.0,-0.0,0.0,0.0,1.0,0.0,-1.0,-0.0,1.0,0.0,1.0,0.0,-1.0,-0.0,1.0,0.0,-1.0,-0.0,-1.0,-0.0,-1.0,-0.0,-1,-0.0,-1,-0.0,0.0,0.0,-1.0,-0.0,-1.0,-0.0,1.0,0.0,1.0,0.0,-1.0,-0.0,0.0,0.0,1.0,0.0,1.0,0.0,1,0.0,1,0.0,1.0,0.0,0,0.0,-1.0,-0.0,1,0.0,-1,-0.0,1.0,0.0,1,0.0,-1.0,-0.0,0.0,0.0,0.0,0.0,1.0,0.0,-1.0,-0.0,1.0,0.0,0.0,0.0,1.0,0.0,-1.0,-0.0,-1,-0.0,-1,-0.0,0.0,0.0,-1.0,-0.0,1,0.0,-1.0,-0.0,1.0,0.0,1,0.0,1,0.0,1.0,0.0,-1.0,-0.0,-1.0,-0.0,-1.0,-0.0
20170109,@JYH7,1.0,0.00846319967315,107987.5,currency,1483998369,1.0,0.0,0.0,0.0,0.0,-1.0,-0.0,1.0,0.0,-1.0,-0.0,1.0,0.0,0.0,0.0,1.0,0.0,-1.0,-0.0,1.0,0.0,-1.0,-0.0,1,0.0,1,0.0,1,0.0,1.0,0.0,-1.0,-0.0,-1.0,-0.0,0.0,0.0,-1.0,-0.0,-1.0,-0.0,0,0.0,1.0,0.0,1.0,0.0,1.0,0.0,0.0,0.0,0.0,0.0,-1.0,-0.0,-1.0,-0.0,1.0,0.0,1,0.0,1,0.0,0.0,0.0,1.0,0.0,-1,-0.0,-1.0,-0.0,1,0.0,-1.0,-0.0,1.0,0.0,1.0,0.0,1.0,0.0,-1.0,-0.0,0.0,0.0,1.0,0.0,1.0,0.0,1.0,0.0,1.0,0.0,1.0,0.0,1,0.0,-1,-0.0,-1.0,-0.0,-1.0,-0.0,1.0,0.0,-1.0,-0.0,-1.0,-0.0,1.0,0.0,1.0,0.0,-1.0,-0.0,1.0,0.0,-1,-0.0,0,0.0,1.0,0.0,0,0.0,-1.0,-0.0,-1,-0.0,1,0.0,-1.0,-0.0,-1,-0.0,-1.0,-0.0,0.0,0.0,0.0,0.0,1.0,0.0,-1.0,-0.0,-1.0,-0.0,-1.0,-0.0,1.0,0.0,-1.0,-0.0,1,0.0,0,0.0,-1.0,-0.0,-1.0,-0.0,1,0.0,-1.0,-0.0,1.0,0.0,-1,-0.0,-1,-0.0,-1.0,-0.0,0.0,0.0,-1.0,-0.0,1.0,0.0
20170109,QHGH7,-1.0,-0.00589159465829,63275.0,metal,1483998369,1.0,-372.790652003,372.790652003,0.0,-0.0,1.0,-372.790652003,-1.0,372.790652003,-1.0,372.790652003,-1.0,372.790652003,0.0,-0.0,-1.0,372.790652003,1.0,-372.790652003,-1.0,372.790652003,1.0,-372.790652003,-1,372.790652003,-1,372.790652003,-1,372.790652003,-1.0,372.790652003,1.0,-372.790652003,-1.0,372.790652003,-1.0,372.790652003,-1.0,372.790652003,1.0,-372.790652003,0,-0.0,-1.0,372.790652003,-1.0,372.790652003,-1.0,372.790652003,0.0,-0.0,0.0,-0.0,1.0,-372.790652003,1.0,-372.790652003,-1.0,372.790652003,-1,372.790652003,-1,372.790652003,0.0,-0.0,-1.0,372.790652003,-1,372.790652003,1.0,-372.790652003,1,-372.790652003,1.0,-372.790652003,0.0,-0.0,-1.0,372.790652003,1.0,-372.790652003,1.0,-372.790652003,1.0,-372.790652003,-1.0,372.790652003,1.0,-372.790652003,-1.0,372.790652003,-1.0,372.790652003,1.0,-372.790652003,-1,372.790652003,1,-372.790652003,0.0,-0.0,1.0,-372.790652003,-1.0,372.790652003,1.0,-372.790652003,1.0,-372.790652003,-1.0,372.790652003,-1.0,372.790652003,1.0,-372.790652003,-1.0,372.790652003,1,-372.790652003,0,-0.0,-1.0,372.790652003,0,-0.0,1.0,-372.790652003,1,-372.790652003,-1,372.790652003,1.0,-372.790652003,1,-372.790652003,1.0,-372.790652003,0.0,-0.0,0.0,-0.0,-1.0,372.790652003,1.0,-372.790652003,1.0,-372.790652003,1.0,-372.790652003,-1.0,372.790652003,1.0,-372.790652003,-1,372.790652003,0,-0.0,1.0,-372.790652003,1.0,-372.790652003,-1,372.790652003,1.0,-372.790652003,-1.0,372.790652003,1,-372.790652003,1,-372.790652003,1.0,-372.790652003,0.0,-0.0,1.0,-372.790652003,-1.0,372.790652003
20170109,QGCG7,1.0,0.00715868416567,118180.0,metal,1483998369,1.0,0.0,0.0,1.0,0.0,1.0,0.0,1.0,0.0,-1.0,-0.0,-1.0,-0.0,0.0,0.0,1.0,0.0,-1.0,-0.0,-1.0,-0.0,-1.0,-0.0,0,0.0,1,0.0,1,0.0,1.0,0.0,1.0,0.0,-1.0,-0.0,0.0,0.0,-1.0,-0.0,1.0,0.0,0,0.0,1.0,0.0,1.0,0.0,1.0,0.0,1.0,0.0,-1.0,-0.0,1.0,0.0,-1.0,-0.0,-1.0,-0.0,1,0.0,0,0.0,-1.0,-0.0,-1.0,-0.0,-1,-0.0,-1.0,-0.0,1,0.0,-1.0,-0.0,1.0,0.0,1.0,0.0,1.0,0.0,-1.0,-0.0,0.0,0.0,0.0,0.0,1.0,0.0,1.0,0.0,-1.0,-0.0,1.0,0.0,-1,-0.0,-1,-0.0,-1.0,-0.0,-1.0,-0.0,1.0,0.0,0.0,0.0,-1.0,-0.0,1.0,0.0,1.0,0.0,-1.0,-0.0,1.0,0.0,-1,-0.0,0,0.0,1.0,0.0,0,0.0,1.0,0.0,-1,-0.0,-1,-0.0,1.0,0.0,0,0.0,-1.0,-0.0,-1.0,-0.0,1.0,0.0,1.0,0.0,-1.0,-0.0,-1.0,-0.0,-1.0,-0.0,-1.0,-0.0,-1.0,-0.0,1,0.0,0,0.0,-1.0,-0.0,-1.0,-0.0,1,0.0,1.0,0.0,1.0,0.0,0,0.0,-1,-0.0,1.0,0.0,0.0,0.0,-1.0,-0.0,1.0,0.0
20170109,@FVH7,1.0,0.00185947669013,117859.375,rates,1483998369,1.0,0.0,0.0,1.0,0.0,1.0,0.0,1.0,0.0,1.0,0.0,-1.0,-0.0,0.0,0.0,1.0,0.0,-1.0,-0.0,-1.0,-0.0,-1.0,-0.0,0,0.0,1,0.0,1,0.0,1.0,0.0,1.0,0.0,1.0,0.0,1.0,0.0,1.0,0.0,1.0,0.0,0,0.0,1.0,0.0,1.0,0.0,1.0,0.0,1.0,0.0,-1.0,-0.0,1.0,0.0,-1.0,-0.0,-1.0,-0.0,1,0.0,0,0.0,-1.0,-0.0,-1.0,-0.0,-1,-0.0,-1.0,-0.0,-1,-0.0,-1.0,-0.0,0.0,0.0,1.0,0.0,-1.0,-0.0,-1.0,-0.0,-1.0,-0.0,0.0,0.0,-1.0,-0.0,1.0,0.0,-1.0,-0.0,1.0,0.0,-1,-0.0,-1,-0.0,0.0,0.0,-1.0,-0.0,1.0,0.0,0.0,0.0,-1.0,-0.0,1.0,0.0,1.0,0.0,-1.0,-0.0,1.0,0.0,-1,-0.0,0,0.0,1.0,0.0,0,0.0,1.0,0.0,-1,-0.0,-1,-0.0,1.0,0.0,0,0.0,-1.0,-0.0,-1.0,-0.0,1.0,0.0,1.0,0.0,-1.0,-0.0,-1.0,-0.0,-1.0,-0.0,-1.0,-0.0,-1.0,-0.0,1,0.0,0,0.0,-1.0,-0.0,-1.0,-0.0,1,0.0,1.0,0.0,1.0,0.0,0,0.0,-1,-0.0,1.0,0.0,0.0,0.0,-1.0,-0.0,1.0,0.0
20170109,@ESH7,-1.0,-0.00286154523443,113250.0,index,1483998369,1.0,-324.069997799,324.069997799,-1.0,324.069997799,-1.0,324.069997799,-1.0,324.069997799,1.0,-324.069997799,1.0,-324.069997799,0.0,-0.0,-1.0,324.069997799,1.0,-324.069997799,1.0,-324.069997799,1.0,-324.069997799,0,-0.0,-1,324.069997799,-1,324.069997799,-1.0,324.069997799,-1.0,324.069997799,1.0,-324.069997799,0.0,-0.0,1.0,-324.069997799,-1.0,324.069997799,1,-143.077261721,-1.0,324.069997799,-1.0,324.069997799,-1.0,324.069997799,-1.0,324.069997799,1.0,-324.069997799,-1.0,324.069997799,1.0,-324.069997799,1.0,-324.069997799,-1,324.069997799,0,-0.0,1.0,-324.069997799,1.0,-324.069997799,-1,324.069997799,1.0,-324.069997799,-1,324.069997799,1.0,-324.069997799,-1.0,324.069997799,-1.0,324.069997799,-1.0,324.069997799,1.0,-324.069997799,0.0,-0.0,0.0,-0.0,-1.0,324.069997799,-1.0,324.069997799,1.0,-324.069997799,1.0,-324.069997799,1,-324.069997799,1,-324.069997799,1.0,-324.069997799,1.0,-324.069997799,-1.0,324.069997799,0.0,-0.0,1.0,-324.069997799,-1.0,324.069997799,-1.0,324.069997799,1.0,-324.069997799,-1.0,324.069997799,1,-324.069997799,0,-0.0,-1.0,324.069997799,0,-0.0,-1.0,324.069997799,1,-324.069997799,1,-324.069997799,-1.0,324.069997799,0,-0.0,1.0,-324.069997799,1.0,-324.069997799,-1.0,324.069997799,-1.0,324.069997799,1.0,-324.069997799,1.0,-324.069997799,1.0,-324.069997799,1.0,-324.069997799,1.0,-324.069997799,-1,324.069997799,0,-0.0,1.0,-324.069997799,1.0,-324.069997799,-1,324.069997799,-1.0,324.069997799,-1.0,324.069997799,0,-0.0,1,-324.069997799,-1.0,324.069997799,0.0,-0.0,1.0,-324.069997799,-1.0,324.069997799
20170109,@EMDH7,-1.0,-0.00637132309158,166870.0,index,1483998369,1.0,-0.0,0.0,0.0,-0.0,1.0,-0.0,-1.0,0.0,1.0,-0.0,-1.0,0.0,0.0,-0.0,1.0,-0.0,-1.0,0.0,1.0,-0.0,-1.0,0.0,-1,0.0,-1,0.0,-1,0.0,-1.0,0.0,1.0,-0.0,1.0,-0.0,0.0,-0.0,-1.0,0.0,1.0,-0.0,0,-0.0,-1.0,0.0,-1.0,0.0,1.0,-0.0,0.0,-0.0,0.0,-0.0,-1.0,0.0,-1.0,0.0,1.0,-0.0,-1,0.0,-1,0.0,0.0,-0.0,-1.0,0.0,-1,0.0,1.0,-0.0,-1,0.0,-1.0,0.0,-1.0,0.0,-1.0,0.0,-1.0,0.0,-1.0,0.0,0.0,-0.0,-1.0,0.0,1.0,-0.0,-1.0,0.0,-1.0,0.0,1.0,-0.0,-1,0.0,1,-0.0,1.0,-0.0,1.0,-0.0,1.0,-0.0,1.0,-0.0,1.0,-0.0,-1.0,0.0,-1.0,0.0,1.0,-0.0,1.0,-0.0,-1,0.0,0,-0.0,1.0,-0.0,0,-0.0,-1.0,0.0,1,-0.0,-1,0.0,1.0,-0.0,1,-0.0,-1.0,0.0,0.0,-0.0,0.0,-0.0,-1.0,0.0,1.0,-0.0,1.0,-0.0,1.0,-0.0,1.0,-0.0,-1.0,0.0,1,-0.0,0,-0.0,1.0,-0.0,1.0,-0.0,1,-0.0,-1.0,0.0,1.0,-0.0,1,-0.0,1,-0.0,1.0,-0.0,0.0,-0.0,-1.0,0.0,1.0,-0.0
20170109,@EUH7,1.0,0.0037875201212,132512.5,currency,1483998369,1.0,0.0,0.0,0.0,0.0,1.0,0.0,-1.0,-0.0,-1.0,-0.0,-1.0,-0.0,0.0,0.0,1.0,0.0,-1.0,-0.0,1.0,0.0,-1.0,-0.0,-1,-0.0,-1,-0.0,-1,-0.0,-1.0,-0.0,1.0,0.0,1.0,0.0,-1.0,-0.0,-1.0,-0.0,1.0,0.0,0,0.0,-1.0,-0.0,-1.0,-0.0,1.0,0.0,0.0,0.0,0.0,0.0,-1.0,-0.0,-1.0,-0.0,1.0,0.0,-1,-0.0,-1,-0.0,0.0,0.0,-1.0,-0.0,-1,-0.0,1.0,0.0,1,0.0,-1.0,-0.0,0.0,0.0,1.0,0.0,-1.0,-0.0,1.0,0.0,1.0,0.0,-1.0,-0.0,1.0,0.0,-1.0,-0.0,-1.0,-0.0,1.0,0.0,-1,-0.0,1,0.0,0.0,0.0,-1.0,-0.0,-1.0,-0.0,1.0,0.0,1.0,0.0,-1.0,-0.0,-1.0,-0.0,1.0,0.0,1.0,0.0,-1,-0.0,0,0.0,1.0,0.0,0,0.0,-1.0,-0.0,1,0.0,-1,-0.0,1.0,0.0,1,0.0,-1.0,-0.0,0.0,0.0,0.0,0.0,-1.0,-0.0,1.0,0.0,1.0,0.0,1.0,0.0,1.0,0.0,-1.0,-0.0,1,0.0,0,0.0,1.0,0.0,1.0,0.0,1,0.0,-1.0,-0.0,1.0,0.0,1,0.0,1,0.0,1.0,0.0,0.0,0.0,-1.0,-0.0,1.0,0.0
20170109,QCLG7,-1.0,-0.0401926282645,51820.0,energy,1483998369,1.0,-0.0,0.0,0.0,-0.0,1.0,-0.0,-1.0,0.0,-1.0,0.0,-1.0,0.0,0.0,-0.0,1.0,-0.0,-1.0,0.0,1.0,-0.0,-1.0,0.0,-1,0.0,-1,0.0,-1,0.0,-1.0,0.0,1.0,-0.0,1.0,-0.0,-1.0,0.0,-1.0,0.0,1.0,-0.0,0,-0.0,-1.0,0.0,-1.0,0.0,1.0,-0.0,0.0,-0.0,0.0,-0.0,-1.0,0.0,-1.0,0.0,1.0,-0.0,-1,0.0,-1,0.0,0.0,-0.0,-1.0,0.0,-1,0.0,1.0,-0.0,1,-0.0,-1.0,0.0,0.0,-0.0,1.0,-0.0,-1.0,0.0,1.0,-0.0,1.0,-0.0,-1.0,0.0,1.0,-0.0,-1.0,0.0,-1.0,0.0,1.0,-0.0,-1,0.0,1,-0.0,0.0,-0.0,-1.0,0.0,-1.0,0.0,1.0,-0.0,1.0,-0.0,-1.0,0.0,-1.0,0.0,1.0,-0.0,1.0,-0.0,-1,0.0,0,-0.0,1.0,-0.0,0,-0.0,-1.0,0.0,1,-0.0,-1,0.0,1.0,-0.0,1,-0.0,-1.0,0.0,0.0,-0.0,0.0,-0.0,-1.0,0.0,1.0,-0.0,1.0,-0.0,1.0,-0.0,1.0,-0.0,-1.0,0.0,1,-0.0,0,-0.0,1.0,-0.0,1.0,-0.0,1,-0.0,-1.0,0.0,1.0,-0.0,1,-0.0,1,-0.0,1.0,-0.0,0.0,-0.0,-1.0,0.0,1.0,-0.0
20170109,@CDH7,1.0,0.000992260369121,75660.0,currency,1483998369,1.0,0.0,0.0,0.0,0.0,1.0,0.0,-1.0,-0.0,1.0,0.0,-1.0,-0.0,0.0,0.0,-1.0,-0.0,1.0,0.0,-1.0,-0.0,1.0,0.0,-1,-0.0,-1,-0.0,-1,-0.0,-1.0,-0.0,1.0,0.0,1.0,0.0,0.0,0.0,1.0,0.0,1.0,0.0,0,0.0,-1.0,-0.0,-1.0,-0.0,-1.0,-0.0,0.0,0.0,0.0,0.0,1.0,0.0,1.0,0.0,-1.0,-0.0,-1,-0.0,-1,-0.0,0.0,0.0,-1.0,-0.0,-1,-0.0,1.0,0.0,-1,-0.0,1.0,0.0,-1.0,-0.0,-1.0,-0.0,-1.0,-0.0,1.0,0.0,0.0,0.0,-1.0,-0.0,-1.0,-0.0,-1.0,-0.0,-1.0,-0.0,1.0,0.0,-1,-0.0,1,0.0,1.0,0.0,1.0,0.0,-1.0,-0.0,1.0,0.0,1.0,0.0,-1.0,-0.0,-1.0,-0.0,1.0,0.0,-1.0,-0.0,1,0.0,0,0.0,-1.0,-0.0,0,0.0,1.0,0.0,1,0.0,-1,-0.0,1.0,0.0,1,0.0,1.0,0.0,0.0,0.0,0.0,0.0,-1.0,-0.0,1.0,0.0,1.0,0.0,1.0,0.0,-1.0,-0.0,1.0,0.0,-1,-0.0,0,0.0,1.0,0.0,1.0,0.0,-1,-0.0,1.0,0.0,-1.0,-0.0,1,0.0,1,0.0,1.0,0.0,0.0,0.0,1.0,0.0,-1.0,-0.0
20170109,@CH7,1.0,0.000698324022346,17912.5,grain,1483989227,2.0,0.0,0.0,-1.0,-0.0,-1.0,-0.0,1.0,0.0,1.0,0.0,-1.0,-0.0,1.0,0.0,1.0,0.0,1.0,0.0,1.0,0.0,1.0,0.0,0,0.0,1,0.0,-1,-0.0,0.0,0.0,1.0,0.0,1.0,0.0,0.0,0.0,-1.0,-0.0,1.0,0.0,0,0.0,1.0,0.0,-1.0,-0.0,-1.0,-0.0,-1.0,-0.0,1.0,0.0,-1.0,-0.0,1.0,0.0,1.0,0.0,1,0.0,0,0.0,1.0,0.0,-1.0,-0.0,-1,-0.0,1.0,0.0,-1,-0.0,-1.0,-0.0,-1.0,-0.0,-1.0,-0.0,-1.0,-0.0,-1.0,-0.0,0.0,0.0,0.0,0.0,1.0,0.0,1.0,0.0,-1.0,-0.0,1.0,0.0,1,0.0,-1,-0.0,1.0,0.0,1.0,0.0,1.0,0.0,0.0,0.0,-1.0,-0.0,-1.0,-0.0,0.0,0.0,1.0,0.0,1.0,0.0,1,0.0,1,0.0,-1.0,-0.0,0,0.0,-1.0,-0.0,-1,-0.0,1,0.0,-1.0,-0.0,0,0.0,1.0,0.0,1.0,0.0,-1.0,-0.0,1.0,0.0,-1.0,-0.0,1.0,0.0,0.0,0.0,1.0,0.0,-1.0,-0.0,-1,-0.0,-1,-0.0,0.0,0.0,-1.0,-0.0,1,0.0,-1.0,-0.0,-1.0,-0.0,0,0.0,-1,-0.0,1.0,0.0,-1.0,-0.0,-1.0,-0.0,-1.0,-0.0
20170109,@BPH7,-1.0,-0.00935491743269,76112.5,currency,1483998369,1.0,-0.0,0.0,0.0,-0.0,1.0,-0.0,-1.0,0.0,-1.0,0.0,-1.0,0.0,0.0,-0.0,1.0,-0.0,-1.0,0.0,1.0,-0.0,-1.0,0.0,-1,0.0,-1,0.0,-1,0.0,-1.0,0.0,1.0,-0.0,1.0,-0.0,-1.0,0.0,-1.0,0.0,1.0,-0.0,0,-0.0,-1.0,0.0,-1.0,0.0,1.0,-0.0,0.0,-0.0,0.0,-0.0,-1.0,0.0,-1.0,0.0,1.0,-0.0,-1,0.0,-1,0.0,0.0,-0.0,-1.0,0.0,-1,0.0,1.0,-0.0,1,-0.0,-1.0,0.0,0.0,-0.0,1.0,-0.0,-1.0,0.0,1.0,-0.0,1.0,-0.0,-1.0,0.0,1.0,-0.0,-1.0,0.0,-1.0,0.0,1.0,-0.0,-1,0.0,1,-0.0,0.0,-0.0,-1.0,0.0,-1.0,0.0,1.0,-0.0,1.0,-0.0,-1.0,0.0,-1.0,0.0,1.0,-0.0,1.0,-0.0,-1,0.0,0,-0.0,1.0,-0.0,0,-0.0,-1.0,0.0,1,-0.0,-1,0.0,1.0,-0.0,1,-0.0,-1.0,0.0,0.0,-0.0,0.0,-0.0,-1.0,0.0,1.0,-0.0,1.0,-0.0,1.0,-0.0,1.0,-0.0,-1.0,0.0,1,-0.0,0,-0.0,1.0,-0.0,1.0,-0.0,1,-0.0,-1.0,0.0,1.0,-0.0,1,-0.0,1,-0.0,1.0,-0.0,0.0,-0.0,-1.0,0.0,1.0,-0.0
20170109,@BOH7,1.0,0.0131503716409,21264.0,grain,1483989227,1.0,279.629502573,279.629502573,-1.0,-279.629502573,-1.0,-279.629502573,-1.0,-279.629502573,1.0,279.629502573,-1.0,-279.629502573,0.0,0.0,1.0,279.629502573,-1.0,-279.629502573,1.0,279.629502573,1.0,279.629502573,0,0.0,1,279.629502573,-1,-279.629502573,-1.0,-279.629502573,1.0,279.629502573,1.0,279.629502573,0.0,0.0,-1.0,-279.629502573,1.0,279.629502573,0,0.0,-1.0,-279.629502573,-1.0,-279.629502573,-1.0,-279.629502573,-1.0,-279.629502573,1.0,279.629502573,-1.0,-279.629502573,1.0,279.629502573,1.0,279.629502573,1,279.629502573,0,0.0,1.0,279.629502573,-1.0,-279.629502573,-1,-279.629502573,1.0,279.629502573,-1,-279.629502573,-1.0,-279.629502573,-1.0,-279.629502573,-1.0,-279.629502573,-1.0,-279.629502573,-1.0,-279.629502573,0.0,0.0,0.0,0.0,1.0,279.629502573,1.0,279.629502573,-1.0,-279.629502573,1.0,279.629502573,1,279.629502573,1,279.629502573,1.0,279.629502573,1.0,279.629502573,1.0,279.629502573,0.0,0.0,-1.0,-279.629502573,-1.0,-279.629502573,-1.0,-279.629502573,1.0,279.629502573,1.0,279.629502573,-1,-279.629502573,0,0.0,-1.0,-279.629502573,0,0.0,-1.0,-279.629502573,-1,-279.629502573,1,279.629502573,-1.0,-279.629502573,0,0.0,1.0,279.629502573,1.0,279.629502573,-1.0,-279.629502573,-1.0,-279.629502573,1.0,279.629502573,1.0,279.629502573,1.0,279.629502573,1.0,279.629502573,-1.0,-279.629502573,1,279.629502573,0,0.0,1.0,279.629502573,1.0,279.629502573,1,279.629502573,-1.0,-279.629502573,-1.0,-279.629502573,0,0.0,-1,-279.629502573,1.0,279.629502573,0.0,0.0,-1.0,-279.629502573,1.0,279.629502573
20170109,@WH7,1.0,0.00945067926757,21362.5,grain,1483989227,1.0,0.0,0.0,-1.0,-0.0,-1.0,-0.0,-1.0,-0.0,-1.0,-0.0,-1.0,-0.0,0.0,0.0,1.0,0.0,-1.0,-0.0,1.0,0.0,1.0,0.0,0,0.0,1,0.0,-1,-0.0,-1.0,-0.0,1.0,0.0,1.0,0.0,-1.0,-0.0,-1.0,-0.0,1.0,0.0,0,0.0,-1.0,-0.0,-1.0,-0.0,1.0,0.0,0.0,0.0,0.0,0.0,-1.0,-0.0,-1.0,-0.0,1.0,0.0,-1,-0.0,-1,-0.0,1.0,0.0,-1.0,-0.0,-1,-0.0,1.0,0.0,1,0.0,-1.0,-0.0,0.0,0.0,1.0,0.0,-1.0,-0.0,1.0,0.0,1.0,0.0,-1.0,-0.0,1.0,0.0,-1.0,-0.0,-1.0,-0.0,1.0,0.0,-1,-0.0,1,0.0,0.0,0.0,-1.0,-0.0,-1.0,-0.0,1.0,0.0,1.0,0.0,-1.0,-0.0,-1.0,-0.0,1.0,0.0,1.0,0.0,-1,-0.0,0,0.0,1.0,0.0,0,0.0,-1.0,-0.0,1,0.0,1,0.0,1.0,0.0,1,0.0,-1.0,-0.0,0.0,0.0,0.0,0.0,-1.0,-0.0,1.0,0.0,1.0,0.0,1.0,0.0,1.0,0.0,-1.0,-0.0,1,0.0,0,0.0,1.0,0.0,1.0,0.0,1,0.0,-1.0,-0.0,-1.0,-0.0,0,0.0,-1,-0.0,1.0,0.0,0.0,0.0,-1.0,-0.0,1.0,0.0
20170109,@HEG7,-1.0,-0.00312622118015,25510.0,meat,1483988571,1.0,-0.0,0.0,0.0,-0.0,1.0,-0.0,1.0,-0.0,1.0,-0.0,-1.0,0.0,1.0,-0.0,1.0,-0.0,1.0,-0.0,1.0,-0.0,-1.0,0.0,-1,0.0,-1,0.0,-1,0.0,0.0,-0.0,1.0,-0.0,1.0,-0.0,0.0,-0.0,-1.0,0.0,1.0,-0.0,0,-0.0,1.0,-0.0,-1.0,0.0,-1.0,0.0,-1.0,0.0,1.0,-0.0,-1.0,0.0,1.0,-0.0,1.0,-0.0,1,-0.0,0,-0.0,0.0,-0.0,-1.0,0.0,1,-0.0,1.0,-0.0,-1,0.0,-1.0,0.0,-1.0,0.0,-1.0,0.0,-1.0,0.0,-1.0,0.0,0.0,-0.0,0.0,-0.0,1.0,-0.0,1.0,-0.0,-1.0,0.0,-1.0,0.0,1,-0.0,-1,0.0,1.0,-0.0,1.0,-0.0,1.0,-0.0,0.0,-0.0,-1.0,0.0,-1.0,0.0,0.0,-0.0,1.0,-0.0,1.0,-0.0,1,-0.0,1,-0.0,-1.0,0.0,0,-0.0,-1.0,0.0,-1,0.0,-1,0.0,-1.0,0.0,0,-0.0,1.0,-0.0,1.0,-0.0,-1.0,0.0,1.0,-0.0,-1.0,0.0,1.0,-0.0,0.0,-0.0,1.0,-0.0,-1.0,0.0,-1,0.0,-1,0.0,0.0,-0.0,-1.0,0.0,1,-0.0,-1.0,0.0,1.0,-0.0,1,-0.0,1,-0.0,1.0,-0.0,-1.0,0.0,-1.0,0.0,-1.0,0.0
20170109,@GFH7,1.0,0.016155088853,62900.0,meat,1483988571,1.0,0.0,0.0,-1.0,-0.0,-1.0,-0.0,-1.0,-0.0,1.0,0.0,1.0,0.0,1.0,0.0,1.0,0.0,1.0,0.0,1.0,0.0,1.0,0.0,0,0.0,-1,-0.0,-1,-0.0,0.0,0.0,-1.0,-0.0,1.0,0.0,0.0,0.0,1.0,0.0,-1.0,-0.0,0,0.0,-1.0,-0.0,1.0,0.0,-1.0,-0.0,-1.0,-0.0,1.0,0.0,-1.0,-0.0,1.0,0.0,1.0,0.0,-1,-0.0,0,0.0,1.0,0.0,1.0,0.0,1,0.0,1.0,0.0,-1,-0.0,1.0,0.0,-1.0,-0.0,-1.0,-0.0,-1.0,-0.0,1.0,0.0,0.0,0.0,0.0,0.0,-1.0,-0.0,-1.0,-0.0,1.0,0.0,-1.0,-0.0,1,0.0,-1,-0.0,1.0,0.0,1.0,0.0,-1.0,-0.0,0.0,0.0,1.0,0.0,1.0,0.0,0.0,0.0,-1.0,-0.0,1.0,0.0,1,0.0,1,0.0,-1.0,-0.0,0,0.0,-1.0,-0.0,1,0.0,1,0.0,-1.0,-0.0,0,0.0,1.0,0.0,1.0,0.0,-1.0,-0.0,1.0,0.0,1.0,0.0,-1.0,-0.0,0.0,0.0,1.0,0.0,-1.0,-0.0,-1,-0.0,-1,-0.0,0.0,0.0,1.0,0.0,-1,-0.0,-1.0,-0.0,-1.0,-0.0,0,0.0,1,0.0,-1.0,-0.0,-1.0,-0.0,-1.0,-0.0,-1.0,-0.0
20170109,@YMH7,-1.0,-0.00371915364125,99115.0,index,1483998369,1.0,-0.0,0.0,0.0,-0.0,1.0,-0.0,-1.0,0.0,-1.0,0.0,-1.0,0.0,0.0,-0.0,-1.0,0.0,1.0,-0.0,-1.0,0.0,1.0,-0.0,-1,0.0,-1,0.0,-1,0.0,-1.0,0.0,1.0,-0.0,-1.0,0.0,-1.0,0.0,-1.0,0.0,1.0,-0.0,0,-0.0,-1.0,0.0,-1.0,0.0,-1.0,0.0,0.0,-0.0,0.0,-0.0,1.0,-0.0,1.0,-0.0,-1.0,0.0,-1,0.0,-1,0.0,0.0,-0.0,-1.0,0.0,-1,0.0,1.0,-0.0,1,-0.0,1.0,-0.0,0.0,-0.0,-1.0,0.0,1.0,-0.0,1.0,-0.0,1.0,-0.0,-1.0,0.0,1.0,-0.0,-1.0,0.0,-1.0,0.0,1.0,-0.0,-1,0.0,1,-0.0,0.0,-0.0,1.0,-0.0,-1.0,0.0,1.0,-0.0,1.0,-0.0,-1.0,0.0,-1.0,0.0,1.0,-0.0,-1.0,0.0,1,-0.0,0,-0.0,-1.0,0.0,0,-0.0,1.0,-0.0,1,-0.0,-1,0.0,1.0,-0.0,1,-0.0,1.0,-0.0,0.0,-0.0,0.0,-0.0,-1.0,0.0,1.0,-0.0,1.0,-0.0,1.0,-0.0,-1.0,0.0,1.0,-0.0,-1,0.0,0,-0.0,1.0,-0.0,1.0,-0.0,-1,0.0,1.0,-0.0,-1.0,0.0,1,-0.0,1,-0.0,1.0,-0.0,0.0,-0.0,1.0,-0.0,-1.0,0.0
20170109,@ADH7,1.0,0.00658165364048,73410.0,currency,1483998369,1.0,0.0,0.0,0.0,0.0,1.0,0.0,1.0,0.0,1.0,0.0,-1.0,-0.0,1.0,0.0,1.0,0.0,1.0,0.0,1.0,0.0,-1.0,-0.0,-1,-0.0,-1,-0.0,-1,-0.0,0.0,0.0,1.0,0.0,1.0,0.0,0.0,0.0,-1.0,-0.0,1.0,0.0,0,0.0,1.0,0.0,-1.0,-0.0,-1.0,-0.0,-1.0,-0.0,1.0,0.0,-1.0,-0.0,1.0,0.0,1.0,0.0,1,0.0,0,0.0,0.0,0.0,-1.0,-0.0,-1,-0.0,1.0,0.0,-1,-0.0,-1.0,-0.0,-1.0,-0.0,-1.0,-0.0,-1.0,-0.0,-1.0,-0.0,0.0,0.0,0.0,0.0,1.0,0.0,1.0,0.0,-1.0,-0.0,1.0,0.0,1,0.0,-1,-0.0,1.0,0.0,1.0,0.0,1.0,0.0,0.0,0.0,-1.0,-0.0,-1.0,-0.0,0.0,0.0,1.0,0.0,1.0,0.0,1,0.0,1,0.0,-1.0,-0.0,0,0.0,-1.0,-0.0,-1,-0.0,-1,-0.0,-1.0,-0.0,0,0.0,1.0,0.0,1.0,0.0,-1.0,-0.0,1.0,0.0,-1.0,-0.0,1.0,0.0,0.0,0.0,1.0,0.0,-1.0,-0.0,-1,-0.0,-1,-0.0,0.0,0.0,-1.0,-0.0,1,0.0,-1.0,-0.0,1.0,0.0,1,0.0,1,0.0,1.0,0.0,-1.0,-0.0,-1.0,-0.0,-1.0,-0.0
20170110,@BOH7,1.0,0.00140884756269,21324.0,grain,1484075648,1.0,30.0422654269,30.0422654269,0.0,0.0,1.0,30.0422654269,-1.0,-30.0422654269,1.0,30.0422654269,-1.0,-30.0422654269,0.0,0.0,-1.0,-30.0422654269,1.0,30.0422654269,-1.0,-30.0422654269,1.0,30.0422654269,-1,-30.0422654269,-1,-30.0422654269,-1,-30.0422654269,-1.0,-30.0422654269,1.0,30.0422654269,1.0,30.0422654269,0.0,0.0,1.0,30.0422654269,1.0,30.0422654269,0,0.0,-1.0,-30.0422654269,-1.0,-30.0422654269,-1.0,-30.0422654269,0.0,0.0,0.0,0.0,1.0,30.0422654269,1.0,30.0422654269,-1.0,-30.0422654269,-1,-30.0422654269,-1,-30.0422654269,0.0,0.0,-1.0,-30.0422654269,-1,-30.0422654269,1.0,30.0422654269,-1,-30.0422654269,1.0,30.0422654269,-1.0,-30.0422654269,-1.0,-30.0422654269,-1.0,-30.0422654269,1.0,30.0422654269,0.0,0.0,-1.0,-30.0422654269,-1.0,-30.0422654269,-1.0,-30.0422654269,-1.0,-30.0422654269,1.0,30.0422654269,-1,-30.0422654269,1,30.0422654269,1.0,30.0422654269,1.0,30.0422654269,-1.0,-30.0422654269,1.0,30.0422654269,1.0,30.0422654269,-1.0,-30.0422654269,-1.0,-30.0422654269,1.0,30.0422654269,-1.0,-30.0422654269,1,30.0422654269,0,0.0,-1.0,-30.0422654269,0,0.0,1.0,30.0422654269,1,30.0422654269,-1,-30.0422654269,1.0,30.0422654269,1,30.0422654269,1.0,30.0422654269,0.0,0.0,0.0,0.0,-1.0,-30.0422654269,1.0,30.0422654269,1.0,30.0422654269,1.0,30.0422654269,-1.0,-30.0422654269,1.0,30.0422654269,-1,-30.0422654269,0,0.0,1.0,30.0422654269,1.0,30.0422654269,-1,-30.0422654269,1.0,30.0422654269,-1.0,-30.0422654269,1,30.0422654269,1,30.0422654269,1.0,30.0422654269,0.0,0.0,1.0,30.0422654269,-1.0,-30.0422654269
20170110,@NKDH7,-1.0,-0.00514668039115,83268.7171534,index,1484084578,1.0,-0.0,0.0,0.0,-0.0,1.0,-0.0,-1.0,0.0,1.0,-0.0,-1.0,0.0,0.0,-0.0,1.0,-0.0,-1.0,0.0,1.0,-0.0,-1.0,0.0,-1,0.0,-1,0.0,-1,0.0,-1.0,0.0,1.0,-0.0,1.0,-0.0,0.0,-0.0,-1.0,0.0,1.0,-0.0,0,-0.0,-1.0,0.0,-1.0,0.0,-1.0,0.0,-1.0,0.0,1.0,-0.0,-1.0,0.0,1.0,-0.0,1.0,-0.0,1,-0.0,0,-0.0,0.0,-0.0,-1.0,0.0,1,-0.0,1.0,-0.0,-1,0.0,-1.0,0.0,-1.0,0.0,-1.0,0.0,-1.0,0.0,-1.0,0.0,0.0,-0.0,0.0,-0.0,1.0,-0.0,1.0,-0.0,-1.0,0.0,-1.0,0.0,1,-0.0,1,-0.0,1.0,-0.0,1.0,-0.0,1.0,-0.0,0.0,-0.0,-1.0,0.0,-1.0,0.0,-1.0,0.0,1.0,-0.0,1.0,-0.0,-1,0.0,0,-0.0,-1.0,0.0,0,-0.0,-1.0,0.0,-1,0.0,-1,0.0,-1.0,0.0,0,-0.0,1.0,-0.0,1.0,-0.0,-1.0,0.0,-1.0,0.0,1.0,-0.0,1.0,-0.0,1.0,-0.0,1.0,-0.0,-1.0,0.0,1,-0.0,0,-0.0,1.0,-0.0,1.0,-0.0,1,-0.0,-1.0,0.0,1.0,-0.0,1,-0.0,1,-0.0,1.0,-0.0,0.0,-0.0,-1.0,0.0,1.0,-0.0
20170110,@NQH7,1.0,0.00219036240542,100660.0,index,1484084578,1.0,0.0,0.0,0.0,0.0,1.0,0.0,-1.0,-0.0,-1.0,-0.0,-1.0,-0.0,0.0,0.0,-1.0,-0.0,1.0,0.0,-1.0,-0.0,1.0,0.0,-1,-0.0,-1,-0.0,-1,-0.0,-1.0,-0.0,1.0,0.0,-1.0,-0.0,-1.0,-0.0,-1.0,-0.0,1.0,0.0,0,0.0,-1.0,-0.0,-1.0,-0.0,-1.0,-0.0,0.0,0.0,0.0,0.0,1.0,0.0,1.0,0.0,-1.0,-0.0,-1,-0.0,-1,-0.0,0.0,0.0,-1.0,-0.0,-1,-0.0,1.0,0.0,1,0.0,1.0,0.0,0.0,0.0,-1.0,-0.0,1.0,0.0,1.0,0.0,1.0,0.0,-1.0,-0.0,1.0,0.0,-1.0,-0.0,-1.0,-0.0,1.0,0.0,-1,-0.0,1,0.0,0.0,0.0,1.0,0.0,-1.0,-0.0,1.0,0.0,1.0,0.0,-1.0,-0.0,-1.0,-0.0,1.0,0.0,-1.0,-0.0,1,0.0,0,0.0,-1.0,-0.0,0,0.0,1.0,0.0,1,0.0,-1,-0.0,1.0,0.0,1,0.0,1.0,0.0,0.0,0.0,0.0,0.0,-1.0,-0.0,1.0,0.0,1.0,0.0,1.0,0.0,-1.0,-0.0,1.0,0.0,-1,-0.0,0,0.0,1.0,0.0,1.0,0.0,-1,-0.0,1.0,0.0,-1.0,-0.0,1,0.0,1,0.0,1.0,0.0,0.0,0.0,1.0,0.0,-1.0,-0.0
20170110,QPAH7,1.0,0.0111602720729,76560.0,metal,1484084578,1.0,0.0,0.0,0.0,0.0,1.0,0.0,-1.0,-0.0,-1.0,-0.0,-1.0,-0.0,1.0,0.0,1.0,0.0,1.0,0.0,-1.0,-0.0,1.0,0.0,-1,-0.0,-1,-0.0,-1,-0.0,0.0,0.0,1.0,0.0,-1.0,-0.0,-1.0,-0.0,-1.0,-0.0,1.0,0.0,0,0.0,-1.0,-0.0,1.0,0.0,-1.0,-0.0,0.0,0.0,0.0,0.0,1.0,0.0,1.0,0.0,-1.0,-0.0,-1,-0.0,-1,-0.0,0.0,0.0,-1.0,-0.0,-1,-0.0,1.0,0.0,1,0.0,1.0,0.0,0.0,0.0,-1.0,-0.0,1.0,0.0,1.0,0.0,1.0,0.0,-1.0,-0.0,1.0,0.0,-1.0,-0.0,-1.0,-0.0,1.0,0.0,-1,-0.0,-1,-0.0,0.0,0.0,1.0,0.0,-1.0,-0.0,1.0,0.0,1.0,0.0,1.0,0.0,0.0,0.0,-1.0,-0.0,1.0,0.0,1,0.0,1,0.0,-1.0,-0.0,0,0.0,1.0,0.0,1,0.0,-1,-0.0,1.0,0.0,1,0.0,1.0,0.0,0.0,0.0,0.0,0.0,1.0,0.0,1.0,0.0,-1.0,-0.0,0.0,0.0,-1.0,-0.0,-1.0,-0.0,-1,-0.0,-1,-0.0,0.0,0.0,1.0,0.0,-1,-0.0,1.0,0.0,-1.0,-0.0,1,0.0,1,0.0,1.0,0.0,-1.0,-0.0,-1.0,-0.0,-1.0,-0.0
20170110,QPLJ7,-1.0,-0.000508854060655,49105.0,metal,1484084578,1.0,-0.0,0.0,1.0,-0.0,1.0,-0.0,1.0,-0.0,-1.0,0.0,1.0,-0.0,0.0,-0.0,-1.0,0.0,1.0,-0.0,-1.0,0.0,-1.0,0.0,0,-0.0,-1,0.0,1,-0.0,1.0,-0.0,-1.0,0.0,-1.0,0.0,0.0,-0.0,1.0,-0.0,-1.0,0.0,0,-0.0,1.0,-0.0,1.0,-0.0,1.0,-0.0,1.0,-0.0,-1.0,0.0,1.0,-0.0,-1.0,0.0,-1.0,0.0,-1,0.0,0,-0.0,-1.0,0.0,1.0,-0.0,-1,0.0,-1.0,0.0,1,-0.0,1.0,-0.0,1.0,-0.0,1.0,-0.0,1.0,-0.0,1.0,-0.0,0.0,-0.0,0.0,-0.0,-1.0,0.0,-1.0,0.0,1.0,-0.0,1.0,-0.0,-1,0.0,-1,0.0,-1.0,0.0,-1.0,0.0,-1.0,0.0,0.0,-0.0,1.0,-0.0,1.0,-0.0,1.0,-0.0,-1.0,0.0,-1.0,0.0,1,-0.0,0,-0.0,1.0,-0.0,0,-0.0,1.0,-0.0,1,-0.0,-1,0.0,1.0,-0.0,0,-0.0,-1.0,0.0,-1.0,0.0,1.0,-0.0,1.0,-0.0,-1.0,0.0,-1.0,0.0,-1.0,0.0,-1.0,0.0,1.0,-0.0,-1,0.0,0,-0.0,-1.0,0.0,-1.0,0.0,-1,0.0,1.0,-0.0,1.0,-0.0,0,-0.0,1,-0.0,-1.0,0.0,0.0,-0.0,1.0,-0.0,-1.0,0.0
20170110,QRBG7,-1.0,-0.0136244986312,65070.6,energy,1484084578,1.0,-0.0,0.0,-1.0,0.0,-1.0,0.0,-1.0,0.0,-1.0,0.0,-1.0,0.0,0.0,-0.0,1.0,-0.0,-1.0,0.0,1.0,-0.0,1.0,-0.0,0,-0.0,1,-0.0,-1,0.0,-1.0,0.0,1.0,-0.0,1.0,-0.0,-1.0,0.0,-1.0,0.0,1.0,-0.0,0,-0.0,-1.0,0.0,-1.0,0.0,1.0,-0.0,0.0,-0.0,0.0,-0.0,-1.0,0.0,-1.0,0.0,1.0,-0.0,-1,0.0,-1,0.0,1.0,-0.0,-1.0,0.0,-1,0.0,1.0,-0.0,1,-0.0,-1.0,0.0,0.0,-0.0,1.0,-0.0,-1.0,0.0,1.0,-0.0,1.0,-0.0,-1.0,0.0,1.0,-0.0,-1.0,0.0,-1.0,0.0,1.0,-0.0,-1,0.0,1,-0.0,0.0,-0.0,-1.0,0.0,-1.0,0.0,1.0,-0.0,1.0,-0.0,-1.0,0.0,-1.0,0.0,1.0,-0.0,1.0,-0.0,-1,0.0,0,-0.0,1.0,-0.0,0,-0.0,-1.0,0.0,1,-0.0,1,-0.0,1.0,-0.0,1,-0.0,-1.0,0.0,0.0,-0.0,0.0,-0.0,-1.0,0.0,1.0,-0.0,1.0,-0.0,1.0,-0.0,1.0,-0.0,-1.0,0.0,1,-0.0,0,-0.0,1.0,-0.0,1.0,-0.0,1,-0.0,-1.0,0.0,-1.0,0.0,0,-0.0,-1,0.0,1.0,-0.0,0.0,-0.0,-1.0,0.0,1.0,-0.0
20170110,@SH7,1.0,0.00646605322059,50587.5,grain,1484075648,1.0,0.0,0.0,0.0,0.0,1.0,0.0,-1.0,-0.0,1.0,0.0,-1.0,-0.0,0.0,0.0,-1.0,-0.0,1.0,0.0,-1.0,-0.0,1.0,0.0,-1,-0.0,-1,-0.0,-1,-0.0,-1.0,-0.0,1.0,0.0,1.0,0.0,0.0,0.0,1.0,0.0,1.0,0.0,0,0.0,-1.0,-0.0,-1.0,-0.0,-1.0,-0.0,0.0,0.0,0.0,0.0,1.0,0.0,1.0,0.0,-1.0,-0.0,-1,-0.0,-1,-0.0,0.0,0.0,-1.0,-0.0,1,0.0,1.0,0.0,-1,-0.0,1.0,0.0,-1.0,-0.0,-1.0,-0.0,-1.0,-0.0,1.0,0.0,0.0,0.0,-1.0,-0.0,-1.0,-0.0,-1.0,-0.0,-1.0,-0.0,-1.0,-0.0,-1,-0.0,1,0.0,1.0,0.0,1.0,0.0,-1.0,-0.0,1.0,0.0,1.0,0.0,-1.0,-0.0,-1.0,-0.0,1.0,0.0,-1.0,-0.0,1,0.0,0,0.0,-1.0,-0.0,0,0.0,1.0,0.0,1,0.0,-1,-0.0,1.0,0.0,1,0.0,1.0,0.0,0.0,0.0,0.0,0.0,-1.0,-0.0,1.0,0.0,1.0,0.0,1.0,0.0,-1.0,-0.0,1.0,0.0,-1,-0.0,0,0.0,1.0,0.0,1.0,0.0,-1,-0.0,1.0,0.0,-1.0,-0.0,1,0.0,1,0.0,1.0,0.0,0.0,0.0,1.0,0.0,-1.0,-0.0
20170110,@SFH7,-1.0,-0.00222401940962,123375.0,currency,1484084578,1.0,-0.0,0.0,0.0,-0.0,1.0,-0.0,-1.0,0.0,-1.0,0.0,-1.0,0.0,0.0,-0.0,-1.0,0.0,1.0,-0.0,-1.0,0.0,1.0,-0.0,-1,0.0,-1,0.0,-1,0.0,-1.0,0.0,1.0,-0.0,-1.0,0.0,-1.0,0.0,-1.0,0.0,1.0,-0.0,0,-0.0,-1.0,0.0,-1.0,0.0,-1.0,0.0,0.0,-0.0,0.0,-0.0,1.0,-0.0,1.0,-0.0,-1.0,0.0,-1,0.0,-1,0.0,0.0,-0.0,-1.0,0.0,-1,0.0,1.0,-0.0,1,-0.0,1.0,-0.0,0.0,-0.0,-1.0,0.0,1.0,-0.0,1.0,-0.0,1.0,-0.0,-1.0,0.0,1.0,-0.0,-1.0,0.0,-1.0,0.0,1.0,-0.0,-1,0.0,1,-0.0,0.0,-0.0,1.0,-0.0,-1.0,0.0,1.0,-0.0,1.0,-0.0,-1.0,0.0,-1.0,0.0,1.0,-0.0,-1.0,0.0,1,-0.0,0,-0.0,-1.0,0.0,0,-0.0,1.0,-0.0,1,-0.0,-1,0.0,1.0,-0.0,1,-0.0,1.0,-0.0,0.0,-0.0,0.0,-0.0,-1.0,0.0,1.0,-0.0,1.0,-0.0,1.0,-0.0,-1.0,0.0,1.0,-0.0,-1,0.0,0,-0.0,1.0,-0.0,1.0,-0.0,-1,0.0,1.0,-0.0,-1.0,0.0,1,-0.0,1,-0.0,1.0,-0.0,0.0,-0.0,1.0,-0.0,-1.0,0.0
20170110,@SMH7,1.0,0.00987575661039,31700.0,grain,1484075648,1.0,0.0,0.0,-1.0,-0.0,-1.0,-0.0,-1.0,-0.0,1.0,0.0,1.0,0.0,0.0,0.0,-1.0,-0.0,1.0,0.0,1.0,0.0,1.0,0.0,0,0.0,-1,-0.0,-1,-0.0,-1.0,-0.0,-1.0,-0.0,1.0,0.0,0.0,0.0,1.0,0.0,-1.0,-0.0,0,0.0,-1.0,-0.0,-1.0,-0.0,-1.0,-0.0,-1.0,-0.0,1.0,0.0,-1.0,-0.0,1.0,0.0,1.0,0.0,-1,-0.0,0,0.0,1.0,0.0,1.0,0.0,1,0.0,1.0,0.0,-1,-0.0,1.0,0.0,-1.0,-0.0,-1.0,-0.0,-1.0,-0.0,1.0,0.0,0.0,0.0,0.0,0.0,-1.0,-0.0,-1.0,-0.0,1.0,0.0,-1.0,-0.0,1,0.0,1,0.0,1.0,0.0,1.0,0.0,-1.0,-0.0,0.0,0.0,1.0,0.0,-1.0,-0.0,-1.0,-0.0,1.0,0.0,-1.0,-0.0,1,0.0,0,0.0,-1.0,-0.0,0,0.0,-1.0,-0.0,1,0.0,1,0.0,-1.0,-0.0,0,0.0,1.0,0.0,1.0,0.0,-1.0,-0.0,-1.0,-0.0,1.0,0.0,1.0,0.0,1.0,0.0,1.0,0.0,1.0,0.0,-1,-0.0,0,0.0,1.0,0.0,1.0,0.0,-1,-0.0,-1.0,-0.0,-1.0,-0.0,0,0.0,1,0.0,-1.0,-0.0,0.0,0.0,1.0,0.0,-1.0,-0.0
20170110,@TUH7,-1.0,-7.21032518567e-05,216687.5,rates,1484084578,2.0,-0.0,0.0,0.0,-0.0,-1.0,0.0,1.0,-0.0,-1.0,0.0,1.0,-0.0,0.0,-0.0,-1.0,0.0,1.0,-0.0,-1.0,0.0,1.0,-0.0,1,-0.0,1,-0.0,1,-0.0,1.0,-0.0,-1.0,0.0,-1.0,0.0,0.0,-0.0,1.0,-0.0,-1.0,0.0,0,-0.0,1.0,-0.0,1.0,-0.0,-1.0,0.0,0.0,-0.0,0.0,-0.0,1.0,-0.0,1.0,-0.0,-1.0,0.0,1,-0.0,1,-0.0,0.0,-0.0,1.0,-0.0,-1,0.0,-1.0,0.0,1,-0.0,1.0,-0.0,1.0,-0.0,1.0,-0.0,1.0,-0.0,1.0,-0.0,0.0,-0.0,1.0,-0.0,-1.0,0.0,1.0,-0.0,1.0,-0.0,1.0,-0.0,1,-0.0,-1,0.0,-1.0,0.0,-1.0,0.0,-1.0,0.0,-1.0,0.0,-1.0,0.0,1.0,-0.0,1.0,-0.0,-1.0,0.0,-1.0,0.0,1,-0.0,0,-0.0,-1.0,0.0,0,-0.0,1.0,-0.0,-1,0.0,1,-0.0,-1.0,0.0,-1,0.0,1.0,-0.0,0.0,-0.0,0.0,-0.0,1.0,-0.0,-1.0,0.0,-1.0,0.0,-1.0,0.0,-1.0,0.0,1.0,-0.0,-1,0.0,0,-0.0,-1.0,0.0,-1.0,0.0,-1,0.0,1.0,-0.0,-1.0,0.0,-1,0.0,-1,0.0,-1.0,0.0,0.0,-0.0,1.0,-0.0,-1.0,0.0
20170110,@TYH7,-1.0,-0.000125219133484,124765.625,rates,1484084578,1.0,-15.623043451,15.623043451,1.0,-15.623043451,1.0,-15.623043451,1.0,-15.623043451,1.0,-15.623043451,1.0,-15.623043451,0.0,-0.0,-1.0,15.623043451,1.0,-15.623043451,-1.0,15.623043451,-1.0,15.623043451,0,-0.0,-1,15.623043451,1,-15.623043451,1.0,-15.623043451,-1.0,15.623043451,-1.0,15.623043451,1.0,-15.623043451,1.0,-15.623043451,-1.0,15.623043451,0,-0.0,1.0,-15.623043451,1.0,-15.623043451,1.0,-15.623043451,1.0,-15.623043451,-1.0,15.623043451,1.0,-15.623043451,-1.0,15.623043451,-1.0,15.623043451,-1,15.623043451,0,-0.0,-1.0,15.623043451,1.0,-15.623043451,-1,15.623043451,-1.0,15.623043451,-1,15.623043451,1.0,-15.623043451,0.0,-0.0,-1.0,15.623043451,1.0,-15.623043451,-1.0,15.623043451,-1.0,15.623043451,0.0,-0.0,-1.0,15.623043451,-1.0,15.623043451,1.0,-15.623043451,1.0,-15.623043451,-1,15.623043451,-1,15.623043451,0.0,-0.0,1.0,-15.623043451,1.0,-15.623043451,0.0,-0.0,1.0,-15.623043451,1.0,-15.623043451,1.0,-15.623043451,-1.0,15.623043451,-1.0,15.623043451,1,-15.623043451,0,-0.0,1.0,-15.623043451,0,-0.0,1.0,-15.623043451,1,-15.623043451,-1,15.623043451,1.0,-15.623043451,0,-0.0,-1.0,15.623043451,-1.0,15.623043451,1.0,-15.623043451,1.0,-15.623043451,-1.0,15.623043451,-1.0,15.623043451,-1.0,15.623043451,-1.0,15.623043451,1.0,-15.623043451,-1,15.623043451,0,-0.0,-1.0,15.623043451,-1.0,15.623043451,-1,15.623043451,1.0,-15.623043451,1.0,-15.623043451,0,-0.0,1,-15.623043451,-1.0,15.623043451,0.0,-0.0,1.0,-15.623043451,-1.0,15.623043451
20170110,@USH7,-1.0,-0.000818498056067,152593.75,rates,1484084578,1.0,-0.0,0.0,1.0,-0.0,1.0,-0.0,-1.0,0.0,-1.0,0.0,1.0,-0.0,-1.0,0.0,-1.0,0.0,-1.0,0.0,-1.0,0.0,-1.0,0.0,0,-0.0,-1,0.0,1,-0.0,0.0,-0.0,-1.0,0.0,-1.0,0.0,0.0,-0.0,1.0,-0.0,-1.0,0.0,0,-0.0,-1.0,0.0,1.0,-0.0,1.0,-0.0,1.0,-0.0,-1.0,0.0,1.0,-0.0,-1.0,0.0,-1.0,0.0,-1,0.0,0,-0.0,-1.0,0.0,1.0,-0.0,-1,0.0,-1.0,0.0,1,-0.0,1.0,-0.0,1.0,-0.0,1.0,-0.0,1.0,-0.0,1.0,-0.0,0.0,-0.0,0.0,-0.0,-1.0,0.0,-1.0,0.0,1.0,-0.0,1.0,-0.0,-1,0.0,1,-0.0,-1.0,0.0,-1.0,0.0,-1.0,0.0,0.0,-0.0,1.0,-0.0,1.0,-0.0,0.0,-0.0,-1.0,0.0,-1.0,0.0,-1,0.0,-1,0.0,1.0,-0.0,0,-0.0,1.0,-0.0,1,-0.0,-1,0.0,1.0,-0.0,0,-0.0,-1.0,0.0,-1.0,0.0,1.0,-0.0,-1.0,0.0,1.0,-0.0,-1.0,0.0,0.0,-0.0,-1.0,0.0,1.0,-0.0,1,-0.0,1,-0.0,0.0,-0.0,1.0,-0.0,-1,0.0,1.0,-0.0,1.0,-0.0,0,-0.0,1,-0.0,-1.0,0.0,1.0,-0.0,1.0,-0.0,1.0,-0.0
20170110,@WH7,-1.0,-0.00175541252194,21325.0,grain,1484075648,1.0,-0.0,0.0,-1.0,0.0,-1.0,0.0,-1.0,0.0,-1.0,0.0,1.0,-0.0,0.0,-0.0,-1.0,0.0,1.0,-0.0,1.0,-0.0,1.0,-0.0,0,-0.0,-1,0.0,-1,0.0,-1.0,0.0,1.0,-0.0,-1.0,0.0,-1.0,0.0,-1.0,0.0,1.0,-0.0,0,-0.0,-1.0,0.0,-1.0,0.0,-1.0,0.0,0.0,-0.0,0.0,-0.0,1.0,-0.0,1.0,-0.0,-1.0,0.0,-1,0.0,-1,0.0,1.0,-0.0,-1.0,0.0,-1,0.0,1.0,-0.0,1,-0.0,1.0,-0.0,0.0,-0.0,-1.0,0.0,1.0,-0.0,1.0,-0.0,1.0,-0.0,-1.0,0.0,1.0,-0.0,-1.0,0.0,-1.0,0.0,1.0,-0.0,-1,0.0,1,-0.0,0.0,-0.0,1.0,-0.0,-1.0,0.0,1.0,-0.0,1.0,-0.0,-1.0,0.0,-1.0,0.0,1.0,-0.0,-1.0,0.0,1,-0.0,0,-0.0,-1.0,0.0,0,-0.0,1.0,-0.0,1,-0.0,1,-0.0,1.0,-0.0,1,-0.0,1.0,-0.0,0.0,-0.0,0.0,-0.0,-1.0,0.0,1.0,-0.0,1.0,-0.0,1.0,-0.0,-1.0,0.0,1.0,-0.0,-1,0.0,0,-0.0,1.0,-0.0,1.0,-0.0,-1,0.0,-1.0,0.0,-1.0,0.0,0,-0.0,1,-0.0,-1.0,0.0,0.0,-0.0,1.0,-0.0,-1.0,0.0
20170110,@YMH7,-1.0,-0.00146257817228,98995.0,index,1484084578,1.0,-0.0,0.0,0.0,-0.0,1.0,-0.0,-1.0,0.0,-1.0,0.0,-1.0,0.0,0.0,-0.0,1.0,-0.0,-1.0,0.0,1.0,-0.0,-1.0,0.0,-1,0.0,-1,0.0,-1,0.0,-1.0,0.0,1.0,-0.0,1.0,-0.0,-1.0,0.0,-1.0,0.0,1.0,-0.0,0,-0.0,-1.0,0.0,-1.0,0.0,1.0,-0.0,0.0,-0.0,0.0,-0.0,-1.0,0.0,-1.0,0.0,1.0,-0.0,-1,0.0,-1,0.0,0.0,-0.0,-1.0,0.0,-1,0.0,1.0,-0.0,1,-0.0,-1.0,0.0,0.0,-0.0,1.0,-0.0,-1.0,0.0,1.0,-0.0,1.0,-0.0,-1.0,0.0,1.0,-0.0,-1.0,0.0,-1.0,0.0,1.0,-0.0,-1,0.0,1,-0.0,0.0,-0.0,-1.0,0.0,-1.0,0.0,1.0,-0.0,1.0,-0.0,-1.0,0.0,-1.0,0.0,1.0,-0.0,1.0,-0.0,-1,0.0,0,-0.0,1.0,-0.0,0,-0.0,-1.0,0.0,1,-0.0,-1,0.0,1.0,-0.0,1,-0.0,-1.0,0.0,0.0,-0.0,0.0,-0.0,-1.0,0.0,1.0,-0.0,1.0,-0.0,1.0,-0.0,1.0,-0.0,-1.0,0.0,1,-0.0,0,-0.0,1.0,-0.0,1.0,-0.0,1,-0.0,-1.0,0.0,1.0,-0.0,1,-0.0,1,-0.0,1.0,-0.0,0.0,-0.0,-1.0,0.0,1.0,-0.0
20170110,QSIH7,1.0,0.00911107115027,84175.0,metal,1484084578,1.0,0.0,0.0,1.0,0.0,1.0,0.0,1.0,0.0,-1.0,-0.0,1.0,0.0,0.0,0.0,-1.0,-0.0,1.0,0.0,-1.0,-0.0,-1.0,-0.0,0,0.0,-1,-0.0,1,0.0,1.0,0.0,-1.0,-0.0,-1.0,-0.0,0.0,0.0,1.0,0.0,-1.0,-0.0,0,0.0,1.0,0.0,1.0,0.0,1.0,0.0,1.0,0.0,-1.0,-0.0,1.0,0.0,-1.0,-0.0,-1.0,-0.0,-1,-0.0,0,0.0,-1.0,-0.0,1.0,0.0,-1,-0.0,-1.0,-0.0,1,0.0,1.0,0.0,1.0,0.0,1.0,0.0,1.0,0.0,1.0,0.0,0.0,0.0,0.0,0.0,-1.0,-0.0,-1.0,-0.0,1.0,0.0,1.0,0.0,-1,-0.0,-1,-0.0,-1.0,-0.0,-1.0,-0.0,-1.0,-0.0,0.0,0.0,1.0,0.0,1.0,0.0,1.0,0.0,-1.0,-0.0,-1.0,-0.0,1,0.0,0,0.0,1.0,0.0,0,0.0,1.0,0.0,1,0.0,-1,-0.0,1.0,0.0,0,0.0,-1.0,-0.0,-1.0,-0.0,1.0,0.0,1.0,0.0,-1.0,-0.0,-1.0,-0.0,-1.0,-0.0,-1.0,-0.0,1.0,0.0,-1,-0.0,0,0.0,-1.0,-0.0,-1.0,-0.0,-1,-0.0,1.0,0.0,1.0,0.0,0,0.0,1,0.0,-1.0,-0.0,0.0,0.0,1.0,0.0,-1.0,-0.0
20170110,QNGH7,1.0,0.0491487311275,32660.0,energy,1484084578,1.0,1605.19755863,1605.19755863,-1.0,-1605.19755863,-1.0,-1605.19755863,1.0,1605.19755863,-1.0,-1605.19755863,-1.0,-1605.19755863,1.0,1605.19755863,1.0,1605.19755863,1.0,1605.19755863,1.0,1605.19755863,1.0,1605.19755863,0,0.0,1,1605.19755863,-1,-1605.19755863,0.0,0.0,1.0,1605.19755863,1.0,1605.19755863,-1.0,-1605.19755863,-1.0,-1605.19755863,1.0,1605.19755863,0,0.0,1.0,1605.19755863,-1.0,-1605.19755863,-1.0,-1605.19755863,-1.0,-1605.19755863,1.0,1605.19755863,-1.0,-1605.19755863,1.0,1605.19755863,1.0,1605.19755863,1,1605.19755863,0,0.0,1.0,1605.19755863,-1.0,-1605.19755863,-1,-1605.19755863,1.0,1605.19755863,1,1605.19755863,-1.0,-1605.19755863,0.0,0.0,1.0,1605.19755863,-1.0,-1605.19755863,1.0,1605.19755863,1.0,1605.19755863,0.0,0.0,1.0,1605.19755863,1.0,1605.19755863,-1.0,-1605.19755863,1.0,1605.19755863,1,1605.19755863,-1,-1605.19755863,0.0,0.0,-1.0,-1605.19755863,-1.0,-1605.19755863,0.0,0.0,-1.0,-1605.19755863,-1.0,-1605.19755863,0.0,0.0,1.0,1605.19755863,1.0,1605.19755863,1,1605.19755863,1,1605.19755863,-1.0,-1605.19755863,0,0.0,-1.0,-1605.19755863,-1,-1605.19755863,1,1605.19755863,-1.0,-1605.19755863,0,0.0,1.0,1605.19755863,1.0,1605.19755863,-1.0,-1605.19755863,1.0,1605.19755863,-1.0,-1605.19755863,1.0,1605.19755863,0.0,0.0,1.0,1605.19755863,-1.0,-1605.19755863,-1,-1605.19755863,-1,-1605.19755863,0.0,0.0,-1.0,-1605.19755863,1,1605.19755863,-1.0,-1605.19755863,-1.0,-1605.19755863,0,0.0,-1,-1605.19755863,1.0,1605.19755863,-1.0,-1605.19755863,-1.0,-1605.19755863,-1.0,-1605.19755863
20170110,@NEH7,-1.0,-0.0029987148365,69820.0,currency,1484084578,1.0,-0.0,0.0,-1.0,0.0,-1.0,0.0,-1.0,0.0,-1.0,0.0,1.0,-0.0,0.0,-0.0,-1.0,0.0,1.0,-0.0,1.0,-0.0,1.0,-0.0,0,-0.0,-1,0.0,-1,0.0,-1.0,0.0,-1.0,0.0,-1.0,0.0,-1.0,0.0,-1.0,0.0,-1.0,0.0,0,-0.0,-1.0,0.0,-1.0,0.0,-1.0,0.0,-1.0,0.0,1.0,-0.0,-1.0,0.0,1.0,-0.0,1.0,-0.0,-1,0.0,0,-0.0,1.0,-0.0,1.0,-0.0,-1,0.0,1.0,-0.0,1,-0.0,1.0,-0.0,0.0,-0.0,-1.0,0.0,1.0,-0.0,1.0,-0.0,1.0,-0.0,0.0,-0.0,1.0,-0.0,-1.0,0.0,1.0,-0.0,1.0,-0.0,1,-0.0,1,-0.0,0.0,-0.0,1.0,-0.0,-1.0,0.0,0.0,-0.0,1.0,-0.0,-1.0,0.0,-1.0,0.0,1.0,-0.0,-1.0,0.0,1,-0.0,0,-0.0,-1.0,0.0,0,-0.0,-1.0,0.0,1,-0.0,1,-0.0,-1.0,0.0,0,-0.0,1.0,-0.0,1.0,-0.0,-1.0,0.0,-1.0,0.0,1.0,-0.0,1.0,-0.0,1.0,-0.0,1.0,-0.0,1.0,-0.0,-1,0.0,0,-0.0,1.0,-0.0,1.0,-0.0,-1,0.0,-1.0,0.0,-1.0,0.0,0,-0.0,1,-0.0,-1.0,0.0,0.0,-0.0,1.0,-0.0,-1.0,0.0
20170110,@PXH7,-1.0,-0.0192017259978,22730.0,currency,1484084578,1.0,-0.0,0.0,0.0,-0.0,1.0,-0.0,1.0,-0.0,-1.0,0.0,-1.0,0.0,1.0,-0.0,1.0,-0.0,1.0,-0.0,1.0,-0.0,-1.0,0.0,-1,0.0,-1,0.0,-1,0.0,0.0,-0.0,1.0,-0.0,1.0,-0.0,-1.0,0.0,-1.0,0.0,1.0,-0.0,0,-0.0,1.0,-0.0,-1.0,0.0,1.0,-0.0,0.0,-0.0,0.0,-0.0,-1.0,0.0,-1.0,0.0,1.0,-0.0,-1,0.0,-1,0.0,0.0,-0.0,-1.0,0.0,-1,0.0,1.0,-0.0,1,-0.0,-1.0,0.0,0.0,-0.0,1.0,-0.0,-1.0,0.0,1.0,-0.0,1.0,-0.0,-1.0,0.0,1.0,-0.0,-1.0,0.0,-1.0,0.0,1.0,-0.0,-1,0.0,-1,0.0,0.0,-0.0,-1.0,0.0,-1.0,0.0,1.0,-0.0,1.0,-0.0,-1.0,0.0,0.0,-0.0,1.0,-0.0,1.0,-0.0,1,-0.0,1,-0.0,1.0,-0.0,0,-0.0,-1.0,0.0,1,-0.0,-1,0.0,1.0,-0.0,1,-0.0,-1.0,0.0,0.0,-0.0,0.0,-0.0,1.0,-0.0,-1.0,0.0,1.0,-0.0,0.0,-0.0,1.0,-0.0,-1.0,0.0,-1,0.0,-1,0.0,0.0,-0.0,-1.0,0.0,1,-0.0,-1.0,0.0,1.0,-0.0,1,-0.0,1,-0.0,1.0,-0.0,-1.0,0.0,-1.0,0.0,-1.0,0.0
20170110,@BPH7,1.0,0.000985383478404,76187.5,currency,1484084578,1.0,0.0,0.0,-1.0,-0.0,-1.0,-0.0,-1.0,-0.0,-1.0,-0.0,-1.0,-0.0,0.0,0.0,1.0,0.0,-1.0,-0.0,1.0,0.0,1.0,0.0,0,0.0,1,0.0,-1,-0.0,-1.0,-0.0,1.0,0.0,1.0,0.0,-1.0,-0.0,-1.0,-0.0,1.0,0.0,0,0.0,-1.0,-0.0,-1.0,-0.0,-1.0,-0.0,-1.0,-0.0,1.0,0.0,-1.0,-0.0,1.0,0.0,1.0,0.0,1,0.0,0,0.0,1.0,0.0,-1.0,-0.0,-1,-0.0,1.0,0.0,1,0.0,-1.0,-0.0,0.0,0.0,1.0,0.0,-1.0,-0.0,1.0,0.0,1.0,0.0,0.0,0.0,1.0,0.0,1.0,0.0,-1.0,-0.0,1.0,0.0,1,0.0,1,0.0,0.0,0.0,-1.0,-0.0,-1.0,-0.0,0.0,0.0,-1.0,-0.0,-1.0,-0.0,-1.0,-0.0,1.0,0.0,1.0,0.0,-1,-0.0,0,0.0,-1.0,-0.0,0,0.0,-1.0,-0.0,-1,-0.0,1,0.0,-1.0,-0.0,0,0.0,1.0,0.0,1.0,0.0,-1.0,-0.0,-1.0,-0.0,1.0,0.0,1.0,0.0,1.0,0.0,1.0,0.0,-1.0,-0.0,1,0.0,0,0.0,1.0,0.0,1.0,0.0,1,0.0,-1.0,-0.0,-1.0,-0.0,0,0.0,-1,-0.0,1.0,0.0,0.0,0.0,-1.0,-0.0,1.0,0.0
20170110,@CH7,-1.0,-0.00555555555556,17900.0,grain,1484075648,2.0,-0.0,0.0,-1.0,0.0,-1.0,0.0,-1.0,0.0,1.0,-0.0,1.0,-0.0,1.0,-0.0,1.0,-0.0,1.0,-0.0,1.0,-0.0,1.0,-0.0,0,-0.0,-1,0.0,-1,0.0,0.0,-0.0,-1.0,0.0,1.0,-0.0,0.0,-0.0,1.0,-0.0,-1.0,0.0,0,-0.0,-1.0,0.0,1.0,-0.0,-1.0,0.0,-1.0,0.0,1.0,-0.0,-1.0,0.0,1.0,-0.0,1.0,-0.0,-1,0.0,0,-0.0,1.0,-0.0,1.0,-0.0,-1,0.0,1.0,-0.0,-1,0.0,1.0,-0.0,-1.0,0.0,-1.0,0.0,-1.0,0.0,1.0,-0.0,0.0,-0.0,0.0,-0.0,-1.0,0.0,-1.0,0.0,1.0,-0.0,1.0,-0.0,1,-0.0,-1,0.0,1.0,-0.0,1.0,-0.0,-1.0,0.0,0.0,-0.0,1.0,-0.0,1.0,-0.0,0.0,-0.0,-1.0,0.0,1.0,-0.0,1,-0.0,1,-0.0,-1.0,0.0,0,-0.0,-1.0,0.0,1,-0.0,1,-0.0,-1.0,0.0,0,-0.0,1.0,-0.0,1.0,-0.0,-1.0,0.0,1.0,-0.0,1.0,-0.0,-1.0,0.0,0.0,-0.0,1.0,-0.0,-1.0,0.0,-1,0.0,-1,0.0,0.0,-0.0,1.0,-0.0,-1,0.0,-1.0,0.0,-1.0,0.0,0,-0.0,1,-0.0,-1.0,0.0,-1.0,0.0,-1.0,0.0,-1.0,0.0
20170110,@CDH7,-1.0,-0.000528785775663,75605.0,currency,1484084578,1.0,-0.0,0.0,0.0,-0.0,1.0,-0.0,-1.0,0.0,-1.0,0.0,-1.0,0.0,0.0,-0.0,-1.0,0.0,1.0,-0.0,-1.0,0.0,1.0,-0.0,-1,0.0,-1,0.0,-1,0.0,-1.0,0.0,1.0,-0.0,-1.0,0.0,-1.0,0.0,-1.0,0.0,1.0,-0.0,0,-0.0,-1.0,0.0,-1.0,0.0,-1.0,0.0,0.0,-0.0,0.0,-0.0,1.0,-0.0,1.0,-0.0,-1.0,0.0,-1,0.0,-1,0.0,0.0,-0.0,-1.0,0.0,-1,0.0,1.0,-0.0,1,-0.0,1.0,-0.0,0.0,-0.0,-1.0,0.0,1.0,-0.0,1.0,-0.0,1.0,-0.0,-1.0,0.0,1.0,-0.0,-1.0,0.0,-1.0,0.0,1.0,-0.0,-1,0.0,1,-0.0,0.0,-0.0,1.0,-0.0,-1.0,0.0,1.0,-0.0,1.0,-0.0,-1.0,0.0,-1.0,0.0,1.0,-0.0,-1.0,0.0,1,-0.0,0,-0.0,-1.0,0.0,0,-0.0,1.0,-0.0,1,-0.0,-1,0.0,1.0,-0.0,1,-0.0,1.0,-0.0,0.0,-0.0,0.0,-0.0,-1.0,0.0,1.0,-0.0,1.0,-0.0,1.0,-0.0,-1.0,0.0,1.0,-0.0,-1,0.0,0,-0.0,1.0,-0.0,1.0,-0.0,-1,0.0,1.0,-0.0,-1.0,0.0,1,-0.0,1,-0.0,1.0,-0.0,0.0,-0.0,1.0,-0.0,-1.0,0.0
20170110,QCLG7,-1.0,-0.0227097767513,50780.0,energy,1484084578,1.0,-0.0,0.0,0.0,-0.0,1.0,-0.0,-1.0,0.0,1.0,-0.0,-1.0,0.0,0.0,-0.0,1.0,-0.0,-1.0,0.0,1.0,-0.0,-1.0,0.0,-1,0.0,-1,0.0,-1,0.0,-1.0,0.0,1.0,-0.0,1.0,-0.0,0.0,-0.0,-1.0,0.0,1.0,-0.0,0,-0.0,-1.0,0.0,-1.0,0.0,1.0,-0.0,0.0,-0.0,0.0,-0.0,-1.0,0.0,-1.0,0.0,1.0,-0.0,-1,0.0,-1,0.0,0.0,-0.0,-1.0,0.0,-1,0.0,1.0,-0.0,-1,0.0,-1.0,0.0,-1.0,0.0,-1.0,0.0,-1.0,0.0,-1.0,0.0,0.0,-0.0,-1.0,0.0,1.0,-0.0,-1.0,0.0,-1.0,0.0,1.0,-0.0,-1,0.0,1,-0.0,1.0,-0.0,1.0,-0.0,1.0,-0.0,1.0,-0.0,1.0,-0.0,-1.0,0.0,-1.0,0.0,1.0,-0.0,1.0,-0.0,-1,0.0,0,-0.0,1.0,-0.0,0,-0.0,-1.0,0.0,1,-0.0,-1,0.0,1.0,-0.0,1,-0.0,-1.0,0.0,0.0,-0.0,0.0,-0.0,-1.0,0.0,1.0,-0.0,1.0,-0.0,1.0,-0.0,1.0,-0.0,-1.0,0.0,1,-0.0,0,-0.0,1.0,-0.0,1.0,-0.0,1,-0.0,-1.0,0.0,1.0,-0.0,1,-0.0,1,-0.0,1.0,-0.0,0.0,-0.0,-1.0,0.0,1.0,-0.0
20170110,@EUH7,-1.0,-0.00193277707066,132325.0,currency,1484084578,1.0,-0.0,0.0,0.0,-0.0,1.0,-0.0,-1.0,0.0,-1.0,0.0,-1.0,0.0,0.0,-0.0,-1.0,0.0,1.0,-0.0,-1.0,0.0,1.0,-0.0,-1,0.0,-1,0.0,-1,0.0,-1.0,0.0,1.0,-0.0,-1.0,0.0,-1.0,0.0,-1.0,0.0,1.0,-0.0,0,-0.0,-1.0,0.0,-1.0,0.0,-1.0,0.0,0.0,-0.0,0.0,-0.0,1.0,-0.0,1.0,-0.0,-1.0,0.0,-1,0.0,-1,0.0,0.0,-0.0,-1.0,0.0,-1,0.0,1.0,-0.0,1,-0.0,1.0,-0.0,0.0,-0.0,-1.0,0.0,1.0,-0.0,1.0,-0.0,1.0,-0.0,-1.0,0.0,1.0,-0.0,-1.0,0.0,-1.0,0.0,1.0,-0.0,-1,0.0,1,-0.0,0.0,-0.0,1.0,-0.0,-1.0,0.0,1.0,-0.0,1.0,-0.0,-1.0,0.0,-1.0,0.0,1.0,-0.0,-1.0,0.0,1,-0.0,0,-0.0,-1.0,0.0,0,-0.0,1.0,-0.0,1,-0.0,-1,0.0,1.0,-0.0,1,-0.0,1.0,-0.0,0.0,-0.0,0.0,-0.0,-1.0,0.0,1.0,-0.0,1.0,-0.0,1.0,-0.0,-1.0,0.0,1.0,-0.0,-1,0.0,0,-0.0,1.0,-0.0,1.0,-0.0,-1,0.0,1.0,-0.0,-1.0,0.0,1,-0.0,1,-0.0,1.0,-0.0,0.0,-0.0,1.0,-0.0,-1.0,0.0
20170110,@EMDH7,1.0,0.00719381332054,168010.0,index,1484084578,1.0,0.0,0.0,0.0,0.0,1.0,0.0,-1.0,-0.0,1.0,0.0,-1.0,-0.0,0.0,0.0,1.0,0.0,-1.0,-0.0,1.0,0.0,-1.0,-0.0,-1,-0.0,-1,-0.0,-1,-0.0,-1.0,-0.0,1.0,0.0,1.0,0.0,0.0,0.0,-1.0,-0.0,1.0,0.0,0,0.0,-1.0,-0.0,-1.0,-0.0,1.0,0.0,0.0,0.0,0.0,0.0,-1.0,-0.0,-1.0,-0.0,1.0,0.0,-1,-0.0,-1,-0.0,0.0,0.0,-1.0,-0.0,-1,-0.0,1.0,0.0,-1,-0.0,-1.0,-0.0,-1.0,-0.0,-1.0,-0.0,-1.0,-0.0,-1.0,-0.0,0.0,0.0,-1.0,-0.0,1.0,0.0,-1.0,-0.0,-1.0,-0.0,1.0,0.0,-1,-0.0,1,0.0,1.0,0.0,1.0,0.0,1.0,0.0,1.0,0.0,1.0,0.0,-1.0,-0.0,-1.0,-0.0,1.0,0.0,1.0,0.0,-1,-0.0,0,0.0,1.0,0.0,0,0.0,-1.0,-0.0,1,0.0,-1,-0.0,1.0,0.0,1,0.0,-1.0,-0.0,0.0,0.0,0.0,0.0,-1.0,-0.0,1.0,0.0,1.0,0.0,1.0,0.0,1.0,0.0,-1.0,-0.0,1,0.0,0,0.0,1.0,0.0,1.0,0.0,1,0.0,-1.0,-0.0,1.0,0.0,1,0.0,1,0.0,1.0,0.0,0.0,0.0,-1.0,-0.0,1.0,0.0
20170110,@ADH7,1.0,0.00163309744148,73600.0,currency,1484084578,1.0,0.0,0.0,-1.0,-0.0,-1.0,-0.0,-1.0,-0.0,-1.0,-0.0,1.0,0.0,1.0,0.0,1.0,0.0,1.0,0.0,1.0,0.0,1.0,0.0,0,0.0,-1,-0.0,-1,-0.0,0.0,0.0,1.0,0.0,-1.0,-0.0,-1.0,-0.0,-1.0,-0.0,1.0,0.0,0,0.0,-1.0,-0.0,1.0,0.0,-1.0,-0.0,0.0,0.0,0.0,0.0,1.0,0.0,1.0,0.0,-1.0,-0.0,-1,-0.0,-1,-0.0,1.0,0.0,-1.0,-0.0,-1,-0.0,1.0,0.0,1,0.0,1.0,0.0,0.0,0.0,-1.0,-0.0,1.0,0.0,1.0,0.0,1.0,0.0,-1.0,-0.0,1.0,0.0,-1.0,-0.0,-1.0,-0.0,1.0,0.0,-1,-0.0,-1,-0.0,0.0,0.0,1.0,0.0,-1.0,-0.0,1.0,0.0,1.0,0.0,1.0,0.0,0.0,0.0,-1.0,-0.0,1.0,0.0,1,0.0,1,0.0,-1.0,-0.0,0,0.0,1.0,0.0,1,0.0,1,0.0,1.0,0.0,1,0.0,1.0,0.0,0.0,0.0,0.0,0.0,1.0,0.0,1.0,0.0,-1.0,-0.0,0.0,0.0,-1.0,-0.0,-1.0,-0.0,-1,-0.0,-1,-0.0,0.0,0.0,1.0,0.0,-1,-0.0,-1.0,-0.0,-1.0,-0.0,0,0.0,1,0.0,-1.0,-0.0,-1.0,-0.0,-1.0,-0.0,-1.0,-0.0
20170110,@ESH7,-1.0,-0.000220750551876,113225.0,index,1484084578,1.0,-24.9944812362,24.9944812362,-1.0,24.9944812362,-1.0,24.9944812362,-1.0,24.9944812362,1.0,-24.9944812362,-1.0,24.9944812362,0.0,-0.0,1.0,-24.9944812362,-1.0,24.9944812362,1.0,-24.9944812362,1.0,-24.9944812362,0,-0.0,1,-24.9944812362,-1,24.9944812362,-1.0,24.9944812362,1.0,-24.9944812362,1.0,-24.9944812362,0.0,-0.0,-1.0,24.9944812362,1.0,-24.9944812362,1,-11.0375275938,-1.0,24.9944812362,-1.0,24.9944812362,-1.0,24.9944812362,-1.0,24.9944812362,1.0,-24.9944812362,-1.0,24.9944812362,1.0,-24.9944812362,1.0,-24.9944812362,1,-24.9944812362,0,-0.0,1.0,-24.9944812362,-1.0,24.9944812362,-1,24.9944812362,1.0,-24.9944812362,-1,24.9944812362,-1.0,24.9944812362,-1.0,24.9944812362,-1.0,24.9944812362,-1.0,24.9944812362,-1.0,24.9944812362,0.0,-0.0,0.0,-0.0,1.0,-24.9944812362,1.0,-24.9944812362,-1.0,24.9944812362,1.0,-24.9944812362,1,-24.9944812362,1,-24.9944812362,1.0,-24.9944812362,1.0,-24.9944812362,1.0,-24.9944812362,0.0,-0.0,-1.0,24.9944812362,-1.0,24.9944812362,-1.0,24.9944812362,1.0,-24.9944812362,1.0,-24.9944812362,-1,24.9944812362,0,-0.0,-1.0,24.9944812362,0,-0.0,-1.0,24.9944812362,-1,24.9944812362,1,-24.9944812362,-1.0,24.9944812362,0,-0.0,1.0,-24.9944812362,1.0,-24.9944812362,-1.0,24.9944812362,-1.0,24.9944812362,1.0,-24.9944812362,1.0,-24.9944812362,1.0,-24.9944812362,1.0,-24.9944812362,-1.0,24.9944812362,1,-24.9944812362,0,-0.0,1.0,-24.9944812362,1.0,-24.9944812362,1,-24.9944812362,-1.0,24.9944812362,-1.0,24.9944812362,0,-0.0,-1,24.9944812362,1.0,-24.9944812362,0.0,-0.0,-1.0,24.9944812362,1.0,-24.9944812362
20170110,@FVH7,1.0,0.0,117851.5625,rates,1484084578,1.0,0.0,0.0,0.0,0.0,-1.0,-0.0,1.0,0.0,-1.0,-0.0,1.0,0.0,0.0,0.0,-1.0,-0.0,1.0,0.0,-1.0,-0.0,1.0,0.0,1,0.0,1,0.0,1,0.0,1.0,0.0,-1.0,-0.0,-1.0,-0.0,0.0,0.0,1.0,0.0,-1.0,-0.0,0,0.0,1.0,0.0,1.0,0.0,-1.0,-0.0,0.0,0.0,0.0,0.0,1.0,0.0,1.0,0.0,-1.0,-0.0,1,0.0,1,0.0,0.0,0.0,1.0,0.0,-1,-0.0,-1.0,-0.0,1,0.0,1.0,0.0,1.0,0.0,1.0,0.0,1.0,0.0,1.0,0.0,0.0,0.0,1.0,0.0,-1.0,-0.0,1.0,0.0,1.0,0.0,1.0,0.0,1,0.0,-1,-0.0,-1.0,-0.0,-1.0,-0.0,-1.0,-0.0,-1.0,-0.0,-1.0,-0.0,1.0,0.0,1.0,0.0,-1.0,-0.0,-1.0,-0.0,1,0.0,0,0.0,-1.0,-0.0,0,0.0,1.0,0.0,-1,-0.0,1,0.0,-1.0,-0.0,-1,-0.0,1.0,0.0,0.0,0.0,0.0,0.0,1.0,0.0,-1.0,-0.0,-1.0,-0.0,-1.0,-0.0,-1.0,-0.0,1.0,0.0,-1,-0.0,0,0.0,-1.0,-0.0,-1.0,-0.0,-1,-0.0,1.0,0.0,-1.0,-0.0,-1,-0.0,-1,-0.0,-1.0,-0.0,0.0,0.0,1.0,0.0,-1.0,-0.0
20170110,QGCG7,1.0,0.00261625453625,118800.0,metal,1484084578,1.0,0.0,0.0,1.0,0.0,1.0,0.0,1.0,0.0,-1.0,-0.0,1.0,0.0,0.0,0.0,-1.0,-0.0,1.0,0.0,-1.0,-0.0,-1.0,-0.0,0,0.0,-1,-0.0,1,0.0,1.0,0.0,-1.0,-0.0,-1.0,-0.0,0.0,0.0,1.0,0.0,-1.0,-0.0,0,0.0,1.0,0.0,1.0,0.0,1.0,0.0,1.0,0.0,-1.0,-0.0,1.0,0.0,-1.0,-0.0,-1.0,-0.0,-1,-0.0,0,0.0,-1.0,-0.0,1.0,0.0,-1,-0.0,-1.0,-0.0,1,0.0,1.0,0.0,1.0,0.0,1.0,0.0,1.0,0.0,1.0,0.0,0.0,0.0,0.0,0.0,-1.0,-0.0,-1.0,-0.0,1.0,0.0,1.0,0.0,-1,-0.0,-1,-0.0,-1.0,-0.0,-1.0,-0.0,-1.0,-0.0,0.0,0.0,1.0,0.0,1.0,0.0,1.0,0.0,-1.0,-0.0,-1.0,-0.0,1,0.0,0,0.0,1.0,0.0,0,0.0,1.0,0.0,1,0.0,-1,-0.0,1.0,0.0,0,0.0,-1.0,-0.0,-1.0,-0.0,1.0,0.0,1.0,0.0,-1.0,-0.0,-1.0,-0.0,-1.0,-0.0,-1.0,-0.0,1.0,0.0,-1,-0.0,0,0.0,-1.0,-0.0,-1.0,-0.0,-1,-0.0,1.0,0.0,1.0,0.0,0,0.0,1,0.0,-1.0,-0.0,0.0,0.0,1.0,0.0,-1.0,-0.0
20170110,QHGH7,1.0,0.028954106756,65300.0,metal,1484084578,1.0,1890.70317116,1890.70317116,0.0,0.0,1.0,1890.70317116,-1.0,-1890.70317116,-1.0,-1890.70317116,-1.0,-1890.70317116,0.0,0.0,1.0,1890.70317116,-1.0,-1890.70317116,1.0,1890.70317116,-1.0,-1890.70317116,-1,-1890.70317116,-1,-1890.70317116,-1,-1890.70317116,-1.0,-1890.70317116,1.0,1890.70317116,1.0,1890.70317116,-1.0,-1890.70317116,-1.0,-1890.70317116,1.0,1890.70317116,0,0.0,-1.0,-1890.70317116,-1.0,-1890.70317116,1.0,1890.70317116,0.0,0.0,0.0,0.0,-1.0,-1890.70317116,-1.0,-1890.70317116,1.0,1890.70317116,-1,-1890.70317116,-1,-1890.70317116,0.0,0.0,-1.0,-1890.70317116,-1,-1890.70317116,1.0,1890.70317116,1,1890.70317116,-1.0,-1890.70317116,0.0,0.0,1.0,1890.70317116,-1.0,-1890.70317116,1.0,1890.70317116,1.0,1890.70317116,-1.0,-1890.70317116,1.0,1890.70317116,-1.0,-1890.70317116,-1.0,-1890.70317116,1.0,1890.70317116,-1,-1890.70317116,1,1890.70317116,0.0,0.0,-1.0,-1890.70317116,-1.0,-1890.70317116,1.0,1890.70317116,1.0,1890.70317116,-1.0,-1890.70317116,-1.0,-1890.70317116,1.0,1890.70317116,1.0,1890.70317116,-1,-1890.70317116,0,0.0,1.0,1890.70317116,0,0.0,-1.0,-1890.70317116,1,1890.70317116,-1,-1890.70317116,1.0,1890.70317116,1,1890.70317116,-1.0,-1890.70317116,0.0,0.0,0.0,0.0,-1.0,-1890.70317116,1.0,1890.70317116,1.0,1890.70317116,1.0,1890.70317116,1.0,1890.70317116,-1.0,-1890.70317116,1,1890.70317116,0,0.0,1.0,1890.70317116,1.0,1890.70317116,1,1890.70317116,-1.0,-1890.70317116,1.0,1890.70317116,1,1890.70317116,1,1890.70317116,1.0,1890.70317116,0.0,0.0,-1.0,-1890.70317116,1.0,1890.70317116
20170110,QHOG7,-1.0,-0.0166707376649,67632.6,energy,1484084578,1.0,-0.0,0.0,-1.0,0.0,-1.0,0.0,-1.0,0.0,-1.0,0.0,-1.0,0.0,0.0,-0.0,1.0,-0.0,-1.0,0.0,1.0,-0.0,1.0,-0.0,0,-0.0,1,-0.0,-1,0.0,-1.0,0.0,1.0,-0.0,1.0,-0.0,-1.0,0.0,-1.0,0.0,1.0,-0.0,0,-0.0,-1.0,0.0,-1.0,0.0,-1.0,0.0,-1.0,0.0,1.0,-0.0,-1.0,0.0,1.0,-0.0,1.0,-0.0,1,-0.0,0,-0.0,1.0,-0.0,-1.0,0.0,-1,0.0,1.0,-0.0,1,-0.0,-1.0,0.0,0.0,-0.0,1.0,-0.0,-1.0,0.0,1.0,-0.0,1.0,-0.0,0.0,-0.0,1.0,-0.0,1.0,-0.0,-1.0,0.0,1.0,-0.0,1,-0.0,1,-0.0,0.0,-0.0,-1.0,0.0,-1.0,0.0,0.0,-0.0,-1.0,0.0,-1.0,0.0,-1.0,0.0,1.0,-0.0,1.0,-0.0,-1,0.0,0,-0.0,-1.0,0.0,0,-0.0,-1.0,0.0,-1,0.0,1,-0.0,-1.0,0.0,0,-0.0,1.0,-0.0,1.0,-0.0,-1.0,0.0,-1.0,0.0,1.0,-0.0,1.0,-0.0,1.0,-0.0,1.0,-0.0,-1.0,0.0,1,-0.0,0,-0.0,1.0,-0.0,1.0,-0.0,1,-0.0,-1.0,0.0,-1.0,0.0,0,-0.0,-1,0.0,1.0,-0.0,0.0,-0.0,-1.0,0.0,1.0,-0.0
20170110,@JYH7,1.0,0.00225759768452,108212.5,currency,1484084578,1.0,0.0,0.0,0.0,0.0,-1.0,-0.0,1.0,0.0,-1.0,-0.0,1.0,0.0,0.0,0.0,-1.0,-0.0,1.0,0.0,-1.0,-0.0,1.0,0.0,1,0.0,1,0.0,1,0.0,1.0,0.0,-1.0,-0.0,-1.0,-0.0,0.0,0.0,1.0,0.0,-1.0,-0.0,0,0.0,1.0,0.0,1.0,0.0,-1.0,-0.0,0.0,0.0,0.0,0.0,1.0,0.0,1.0,0.0,-1.0,-0.0,1,0.0,1,0.0,0.0,0.0,1.0,0.0,-1,-0.0,-1.0,-0.0,1,0.0,1.0,0.0,1.0,0.0,1.0,0.0,1.0,0.0,1.0,0.0,0.0,0.0,1.0,0.0,-1.0,-0.0,1.0,0.0,1.0,0.0,1.0,0.0,1,0.0,-1,-0.0,-1.0,-0.0,-1.0,-0.0,-1.0,-0.0,-1.0,-0.0,-1.0,-0.0,1.0,0.0,1.0,0.0,-1.0,-0.0,-1.0,-0.0,1,0.0,0,0.0,-1.0,-0.0,0,0.0,1.0,0.0,-1,-0.0,1,0.0,-1.0,-0.0,-1,-0.0,1.0,0.0,0.0,0.0,0.0,0.0,1.0,0.0,-1.0,-0.0,-1.0,-0.0,-1.0,-0.0,-1.0,-0.0,1.0,0.0,-1,-0.0,0,0.0,-1.0,-0.0,-1.0,-0.0,-1,-0.0,1.0,0.0,-1.0,-0.0,-1,-0.0,-1,-0.0,-1.0,-0.0,0.0,0.0,1.0,0.0,-1.0,-0.0
20170110,@LEG7,1.0,0.0257455481656,47810.0,meat,1484074974,1.0,0.0,0.0,-1.0,-0.0,-1.0,-0.0,-1.0,-0.0,-1.0,-0.0,1.0,0.0,1.0,0.0,1.0,0.0,1.0,0.0,1.0,0.0,1.0,0.0,0,0.0,-1,-0.0,-1,-0.0,0.0,0.0,-1.0,-0.0,-1.0,-0.0,-1.0,-0.0,-1.0,-0.0,-1.0,-0.0,0,0.0,-1.0,-0.0,1.0,0.0,-1.0,-0.0,-1.0,-0.0,1.0,0.0,-1.0,-0.0,1.0,0.0,1.0,0.0,-1,-0.0,0,0.0,1.0,0.0,1.0,0.0,1,0.0,1.0,0.0,1,0.0,1.0,0.0,0.0,0.0,-1.0,-0.0,1.0,0.0,1.0,0.0,1.0,0.0,0.0,0.0,1.0,0.0,-1.0,-0.0,1.0,0.0,-1.0,-0.0,1,0.0,-1,-0.0,0.0,0.0,1.0,0.0,-1.0,-0.0,0.0,0.0,1.0,0.0,1.0,0.0,0.0,0.0,-1.0,-0.0,1.0,0.0,1,0.0,1,0.0,-1.0,-0.0,0,0.0,-1.0,-0.0,1,0.0,1,0.0,-1.0,-0.0,0,0.0,1.0,0.0,1.0,0.0,-1.0,-0.0,1.0,0.0,1.0,0.0,-1.0,-0.0,0.0,0.0,1.0,0.0,-1.0,-0.0,-1,-0.0,-1,-0.0,0.0,0.0,1.0,0.0,-1,-0.0,-1.0,-0.0,-1.0,-0.0,0,0.0,1,0.0,-1.0,-0.0,-1.0,-0.0,-1.0,-0.0,-1.0,-0.0
20170110,@GFH7,1.0,0.0358565737052,65000.0,meat,1484074974,1.0,0.0,0.0,0.0,0.0,1.0,0.0,-1.0,-0.0,1.0,0.0,-1.0,-0.0,1.0,0.0,1.0,0.0,1.0,0.0,-1.0,-0.0,1.0,0.0,-1,-0.0,-1,-0.0,-1,-0.0,0.0,0.0,1.0,0.0,1.0,0.0,0.0,0.0,1.0,0.0,1.0,0.0,0,0.0,-1.0,-0.0,1.0,0.0,-1.0,-0.0,0.0,0.0,0.0,0.0,1.0,0.0,1.0,0.0,-1.0,-0.0,-1,-0.0,-1,-0.0,0.0,0.0,-1.0,-0.0,1,0.0,1.0,0.0,-1,-0.0,1.0,0.0,-1.0,-0.0,-1.0,-0.0,-1.0,-0.0,1.0,0.0,0.0,0.0,-1.0,-0.0,-1.0,-0.0,-1.0,-0.0,-1.0,-0.0,-1.0,-0.0,-1,-0.0,-1,-0.0,1.0,0.0,1.0,0.0,-1.0,-0.0,1.0,0.0,1.0,0.0,1.0,0.0,0.0,0.0,-1.0,-0.0,1.0,0.0,1,0.0,1,0.0,-1.0,-0.0,0,0.0,1.0,0.0,1,0.0,-1,-0.0,1.0,0.0,1,0.0,1.0,0.0,0.0,0.0,0.0,0.0,1.0,0.0,1.0,0.0,-1.0,-0.0,0.0,0.0,-1.0,-0.0,-1.0,-0.0,-1,-0.0,-1,-0.0,0.0,0.0,1.0,0.0,-1,-0.0,1.0,0.0,-1.0,-0.0,1,0.0,1,0.0,1.0,0.0,-1.0,-0.0,-1.0,-0.0,-1.0,-0.0
20170110,@HEG7,1.0,0.0176470588235,25950.0,meat,1484074974,1.0,0.0,0.0,-1.0,-0.0,-1.0,-0.0,1.0,0.0,-1.0,-0.0,-1.0,-0.0,1.0,0.0,1.0,0.0,1.0,0.0,1.0,0.0,1.0,0.0,0,0.0,1,0.0,-1,-0.0,0.0,0.0,1.0,0.0,1.0,0.0,-1.0,-0.0,-1.0,-0.0,1.0,0.0,0,0.0,1.0,0.0,-1.0,-0.0,-1.0,-0.0,-1.0,-0.0,1.0,0.0,-1.0,-0.0,1.0,0.0,1.0,0.0,1,0.0,0,0.0,1.0,0.0,-1.0,-0.0,1,0.0,1.0,0.0,1,0.0,-1.0,-0.0,0.0,0.0,1.0,0.0,-1.0,-0.0,1.0,0.0,1.0,0.0,0.0,0.0,1.0,0.0,1.0,0.0,-1.0,-0.0,-1.0,-0.0,1,0.0,-1,-0.0,0.0,0.0,-1.0,-0.0,-1.0,-0.0,0.0,0.0,-1.0,-0.0,-1.0,-0.0,0.0,0.0,1.0,0.0,1.0,0.0,1,0.0,1,0.0,-1.0,-0.0,0,0.0,-1.0,-0.0,-1,-0.0,1,0.0,-1.0,-0.0,0,0.0,1.0,0.0,1.0,0.0,-1.0,-0.0,1.0,0.0,-1.0,-0.0,1.0,0.0,0.0,0.0,1.0,0.0,-1.0,-0.0,-1,-0.0,-1,-0.0,0.0,0.0,-1.0,-0.0,1,0.0,-1.0,-0.0,-1.0,-0.0,0,0.0,-1,-0.0,1.0,0.0,-1.0,-0.0,-1.0,-0.0,-1.0,-0.0
20170111,@YMH7,1.0,0.00454821103699,99390.0,index,1484171198,1.0,0.0,0.0,-1.0,-0.0,-1.0,-0.0,-1.0,-0.0,-1.0,-0.0,-1.0,-0.0,0.0,0.0,1.0,0.0,-1.0,-0.0,1.0,0.0,1.0,0.0,0,0.0,1,0.0,-1,-0.0,-1.0,-0.0,1.0,0.0,1.0,0.0,-1.0,-0.0,-1.0,-0.0,1.0,0.0,0,0.0,-1.0,-0.0,-1.0,-0.0,-1.0,-0.0,-1.0,-0.0,1.0,0.0,-1.0,-0.0,1.0,0.0,1.0,0.0,1,0.0,0,0.0,1.0,0.0,-1.0,-0.0,-1,-0.0,1.0,0.0,1,0.0,-1.0,-0.0,0.0,0.0,1.0,0.0,-1.0,-0.0,1.0,0.0,1.0,0.0,0.0,0.0,1.0,0.0,1.0,0.0,-1.0,-0.0,1.0,0.0,1,0.0,1,0.0,0.0,0.0,-1.0,-0.0,-1.0,-0.0,0.0,0.0,-1.0,-0.0,-1.0,-0.0,-1.0,-0.0,1.0,0.0,1.0,0.0,-1,-0.0,0,0.0,-1.0,-0.0,0,0.0,-1.0,-0.0,-1,-0.0,1,0.0,-1.0,-0.0,0,0.0,1.0,0.0,1.0,0.0,-1.0,-0.0,-1.0,-0.0,1.0,0.0,1.0,0.0,1.0,0.0,1.0,0.0,-1.0,-0.0,1,0.0,0,0.0,1.0,0.0,1.0,0.0,1,0.0,-1.0,-0.0,-1.0,-0.0,0,0.0,-1,-0.0,1.0,0.0,0.0,0.0,-1.0,-0.0,1.0,0.0
20170111,@BOH7,1.0,0.0103815937149,21606.0,grain,1484162030,1.0,224.304713805,224.304713805,-1.0,-224.304713805,-1.0,-224.304713805,-1.0,-224.304713805,1.0,224.304713805,1.0,224.304713805,0.0,0.0,-1.0,-224.304713805,1.0,224.304713805,1.0,224.304713805,1.0,224.304713805,0,0.0,-1,-224.304713805,-1,-224.304713805,-1.0,-224.304713805,-1.0,-224.304713805,1.0,224.304713805,0.0,0.0,1.0,224.304713805,-1.0,-224.304713805,0,0.0,-1.0,-224.304713805,-1.0,-224.304713805,-1.0,-224.304713805,-1.0,-224.304713805,1.0,224.304713805,-1.0,-224.304713805,1.0,224.304713805,1.0,224.304713805,-1,-224.304713805,0,0.0,1.0,224.304713805,1.0,224.304713805,-1,-224.304713805,1.0,224.304713805,-1,-224.304713805,1.0,224.304713805,-1.0,-224.304713805,-1.0,-224.304713805,-1.0,-224.304713805,1.0,224.304713805,0.0,0.0,0.0,0.0,-1.0,-224.304713805,-1.0,-224.304713805,1.0,224.304713805,1.0,224.304713805,1,224.304713805,1,224.304713805,1.0,224.304713805,1.0,224.304713805,-1.0,-224.304713805,0.0,0.0,1.0,224.304713805,-1.0,-224.304713805,-1.0,-224.304713805,1.0,224.304713805,-1.0,-224.304713805,1,224.304713805,0,0.0,-1.0,-224.304713805,0,0.0,-1.0,-224.304713805,1,224.304713805,1,224.304713805,-1.0,-224.304713805,0,0.0,1.0,224.304713805,1.0,224.304713805,-1.0,-224.304713805,-1.0,-224.304713805,1.0,224.304713805,1.0,224.304713805,1.0,224.304713805,1.0,224.304713805,1.0,224.304713805,-1,-224.304713805,0,0.0,1.0,224.304713805,1.0,224.304713805,-1,-224.304713805,-1.0,-224.304713805,-1.0,-224.304713805,0,0.0,1,224.304713805,-1.0,-224.304713805,0.0,0.0,1.0,224.304713805,-1.0,-224.304713805
20170111,@USH7,1.0,0.00225363654989,152875.0,rates,1484171198,1.0,0.0,0.0,1.0,0.0,1.0,0.0,1.0,0.0,1.0,0.0,-1.0,-0.0,-1.0,-0.0,-1.0,-0.0,-1.0,-0.0,-1.0,-0.0,-1.0,-0.0,0,0.0,1,0.0,1,0.0,0.0,0.0,1.0,0.0,1.0,0.0,1.0,0.0,1.0,0.0,1.0,0.0,0,0.0,1.0,0.0,-1.0,-0.0,1.0,0.0,1.0,0.0,-1.0,-0.0,1.0,0.0,-1.0,-0.0,-1.0,-0.0,1,0.0,0,0.0,-1.0,-0.0,-1.0,-0.0,-1,-0.0,-1.0,-0.0,-1,-0.0,-1.0,-0.0,0.0,0.0,1.0,0.0,-1.0,-0.0,-1.0,-0.0,-1.0,-0.0,0.0,0.0,-1.0,-0.0,1.0,0.0,-1.0,-0.0,1.0,0.0,-1,-0.0,1,0.0,0.0,0.0,-1.0,-0.0,1.0,0.0,0.0,0.0,-1.0,-0.0,-1.0,-0.0,0.0,0.0,1.0,0.0,-1.0,-0.0,-1,-0.0,-1,-0.0,1.0,0.0,0,0.0,1.0,0.0,-1,-0.0,-1,-0.0,1.0,0.0,0,0.0,-1.0,-0.0,-1.0,-0.0,1.0,0.0,-1.0,-0.0,-1.0,-0.0,1.0,0.0,0.0,0.0,-1.0,-0.0,1.0,0.0,1,0.0,1,0.0,0.0,0.0,-1.0,-0.0,1,0.0,1.0,0.0,1.0,0.0,0,0.0,-1,-0.0,1.0,0.0,1.0,0.0,1.0,0.0,1.0,0.0
20170111,@TYH7,1.0,0.000250469630557,124796.875,rates,1484171198,1.0,31.2578271759,31.2578271759,1.0,31.2578271759,1.0,31.2578271759,1.0,31.2578271759,1.0,31.2578271759,-1.0,-31.2578271759,0.0,0.0,1.0,31.2578271759,-1.0,-31.2578271759,-1.0,-31.2578271759,-1.0,-31.2578271759,0,0.0,1,31.2578271759,1,31.2578271759,1.0,31.2578271759,1.0,31.2578271759,1.0,31.2578271759,1.0,31.2578271759,1.0,31.2578271759,1.0,31.2578271759,0,0.0,1.0,31.2578271759,1.0,31.2578271759,1.0,31.2578271759,1.0,31.2578271759,-1.0,-31.2578271759,1.0,31.2578271759,-1.0,-31.2578271759,-1.0,-31.2578271759,1,31.2578271759,0,0.0,-1.0,-31.2578271759,-1.0,-31.2578271759,-1,-31.2578271759,-1.0,-31.2578271759,-1,-31.2578271759,-1.0,-31.2578271759,0.0,0.0,1.0,31.2578271759,-1.0,-31.2578271759,-1.0,-31.2578271759,-1.0,-31.2578271759,0.0,0.0,-1.0,-31.2578271759,1.0,31.2578271759,-1.0,-31.2578271759,1.0,31.2578271759,-1,-31.2578271759,-1,-31.2578271759,0.0,0.0,-1.0,-31.2578271759,1.0,31.2578271759,0.0,0.0,-1.0,-31.2578271759,1.0,31.2578271759,1.0,31.2578271759,-1.0,-31.2578271759,1.0,31.2578271759,-1,-31.2578271759,0,0.0,1.0,31.2578271759,0,0.0,1.0,31.2578271759,-1,-31.2578271759,-1,-31.2578271759,1.0,31.2578271759,0,0.0,-1.0,-31.2578271759,-1.0,-31.2578271759,1.0,31.2578271759,1.0,31.2578271759,-1.0,-31.2578271759,-1.0,-31.2578271759,-1.0,-31.2578271759,-1.0,-31.2578271759,-1.0,-31.2578271759,1,31.2578271759,0,0.0,-1.0,-31.2578271759,-1.0,-31.2578271759,1,31.2578271759,1.0,31.2578271759,1.0,31.2578271759,0,0.0,-1,-31.2578271759,1.0,31.2578271759,0.0,0.0,-1.0,-31.2578271759,1.0,31.2578271759
20170111,@TUH7,1.0,7.21032518567e-05,216718.75,rates,1484171198,2.0,0.0,0.0,1.0,0.0,1.0,0.0,1.0,0.0,-1.0,-0.0,-1.0,-0.0,0.0,0.0,1.0,0.0,-1.0,-0.0,-1.0,-0.0,-1.0,-0.0,0,0.0,1,0.0,1,0.0,1.0,0.0,1.0,0.0,-1.0,-0.0,0.0,0.0,-1.0,-0.0,1.0,0.0,0,0.0,1.0,0.0,1.0,0.0,1.0,0.0,1.0,0.0,-1.0,-0.0,1.0,0.0,-1.0,-0.0,-1.0,-0.0,1,0.0,0,0.0,-1.0,-0.0,-1.0,-0.0,-1,-0.0,-1.0,-0.0,1,0.0,-1.0,-0.0,1.0,0.0,1.0,0.0,1.0,0.0,-1.0,-0.0,0.0,0.0,0.0,0.0,1.0,0.0,1.0,0.0,-1.0,-0.0,1.0,0.0,-1,-0.0,-1,-0.0,-1.0,-0.0,-1.0,-0.0,1.0,0.0,0.0,0.0,-1.0,-0.0,1.0,0.0,1.0,0.0,-1.0,-0.0,1.0,0.0,-1,-0.0,0,0.0,1.0,0.0,0,0.0,1.0,0.0,-1,-0.0,-1,-0.0,1.0,0.0,0,0.0,-1.0,-0.0,-1.0,-0.0,1.0,0.0,1.0,0.0,-1.0,-0.0,-1.0,-0.0,-1.0,-0.0,-1.0,-0.0,-1.0,-0.0,1,0.0,0,0.0,-1.0,-0.0,-1.0,-0.0,1,0.0,1.0,0.0,1.0,0.0,0,0.0,-1,-0.0,1.0,0.0,0.0,0.0,-1.0,-0.0,1.0,0.0
20170111,@SMH7,-1.0,-0.00724409448819,31520.0,grain,1484162030,1.0,-0.0,0.0,0.0,-0.0,1.0,-0.0,-1.0,0.0,-1.0,0.0,-1.0,0.0,1.0,-0.0,1.0,-0.0,1.0,-0.0,-1.0,0.0,1.0,-0.0,-1,0.0,-1,0.0,-1,0.0,0.0,-0.0,1.0,-0.0,-1.0,0.0,-1.0,0.0,-1.0,0.0,1.0,-0.0,0,-0.0,-1.0,0.0,1.0,-0.0,-1.0,0.0,0.0,-0.0,0.0,-0.0,1.0,-0.0,1.0,-0.0,-1.0,0.0,-1,0.0,-1,0.0,0.0,-0.0,-1.0,0.0,1,-0.0,1.0,-0.0,1,-0.0,1.0,-0.0,0.0,-0.0,-1.0,0.0,1.0,-0.0,1.0,-0.0,1.0,-0.0,-1.0,0.0,1.0,-0.0,-1.0,0.0,-1.0,0.0,-1.0,0.0,-1,0.0,-1,0.0,0.0,-0.0,1.0,-0.0,-1.0,0.0,1.0,-0.0,1.0,-0.0,1.0,-0.0,0.0,-0.0,-1.0,0.0,1.0,-0.0,1,-0.0,1,-0.0,-1.0,0.0,0,-0.0,1.0,-0.0,1,-0.0,-1,0.0,1.0,-0.0,1,-0.0,1.0,-0.0,0.0,-0.0,0.0,-0.0,1.0,-0.0,1.0,-0.0,-1.0,0.0,0.0,-0.0,-1.0,0.0,-1.0,0.0,-1,0.0,-1,0.0,0.0,-0.0,1.0,-0.0,-1,0.0,1.0,-0.0,-1.0,0.0,1,-0.0,1,-0.0,1.0,-0.0,-1.0,0.0,-1.0,0.0,-1.0,0.0
20170111,QSIH7,-1.0,-0.00403608736942,83900.0,metal,1484171198,1.0,-0.0,0.0,1.0,-0.0,1.0,-0.0,1.0,-0.0,-1.0,0.0,1.0,-0.0,0.0,-0.0,-1.0,0.0,1.0,-0.0,-1.0,0.0,-1.0,0.0,0,-0.0,-1,0.0,1,-0.0,1.0,-0.0,-1.0,0.0,-1.0,0.0,0.0,-0.0,1.0,-0.0,-1.0,0.0,0,-0.0,1.0,-0.0,1.0,-0.0,1.0,-0.0,1.0,-0.0,-1.0,0.0,1.0,-0.0,-1.0,0.0,-1.0,0.0,-1,0.0,0,-0.0,-1.0,0.0,1.0,-0.0,-1,0.0,-1.0,0.0,1,-0.0,1.0,-0.0,1.0,-0.0,1.0,-0.0,1.0,-0.0,1.0,-0.0,0.0,-0.0,0.0,-0.0,-1.0,0.0,-1.0,0.0,1.0,-0.0,1.0,-0.0,-1,0.0,-1,0.0,-1.0,0.0,-1.0,0.0,-1.0,0.0,0.0,-0.0,1.0,-0.0,1.0,-0.0,1.0,-0.0,-1.0,0.0,-1.0,0.0,1,-0.0,0,-0.0,1.0,-0.0,0,-0.0,1.0,-0.0,1,-0.0,-1,0.0,1.0,-0.0,0,-0.0,-1.0,0.0,-1.0,0.0,1.0,-0.0,1.0,-0.0,-1.0,0.0,-1.0,0.0,-1.0,0.0,-1.0,0.0,1.0,-0.0,-1,0.0,0,-0.0,-1.0,0.0,-1.0,0.0,-1,0.0,1.0,-0.0,1.0,-0.0,0,-0.0,1,-0.0,-1.0,0.0,0.0,-0.0,1.0,-0.0,-1.0,0.0
20170111,@SFH7,1.0,0.00243210376976,123650.0,currency,1484171198,1.0,0.0,0.0,0.0,0.0,1.0,0.0,-1.0,-0.0,-1.0,-0.0,-1.0,-0.0,0.0,0.0,1.0,0.0,-1.0,-0.0,1.0,0.0,-1.0,-0.0,-1,-0.0,-1,-0.0,-1,-0.0,-1.0,-0.0,1.0,0.0,1.0,0.0,-1.0,-0.0,-1.0,-0.0,1.0,0.0,0,0.0,-1.0,-0.0,-1.0,-0.0,1.0,0.0,0.0,0.0,0.0,0.0,-1.0,-0.0,-1.0,-0.0,1.0,0.0,-1,-0.0,-1,-0.0,0.0,0.0,-1.0,-0.0,-1,-0.0,1.0,0.0,1,0.0,-1.0,-0.0,0.0,0.0,1.0,0.0,-1.0,-0.0,1.0,0.0,1.0,0.0,-1.0,-0.0,1.0,0.0,-1.0,-0.0,-1.0,-0.0,1.0,0.0,-1,-0.0,1,0.0,0.0,0.0,-1.0,-0.0,-1.0,-0.0,1.0,0.0,1.0,0.0,-1.0,-0.0,-1.0,-0.0,1.0,0.0,1.0,0.0,-1,-0.0,0,0.0,1.0,0.0,0,0.0,-1.0,-0.0,1,0.0,-1,-0.0,1.0,0.0,1,0.0,-1.0,-0.0,0.0,0.0,0.0,0.0,-1.0,-0.0,1.0,0.0,1.0,0.0,1.0,0.0,1.0,0.0,-1.0,-0.0,1,0.0,0,0.0,1.0,0.0,1.0,0.0,1,0.0,-1.0,-0.0,1.0,0.0,1,0.0,1,0.0,1.0,0.0,0.0,0.0,-1.0,-0.0,1.0,0.0
20170111,@SH7,-1.0,-0.00123304562269,50625.0,grain,1484162030,1.0,-0.0,0.0,0.0,-0.0,1.0,-0.0,-1.0,0.0,1.0,-0.0,-1.0,0.0,0.0,-0.0,-1.0,0.0,1.0,-0.0,-1.0,0.0,1.0,-0.0,-1,0.0,-1,0.0,-1,0.0,-1.0,0.0,1.0,-0.0,1.0,-0.0,0.0,-0.0,1.0,-0.0,1.0,-0.0,0,-0.0,-1.0,0.0,-1.0,0.0,-1.0,0.0,0.0,-0.0,0.0,-0.0,1.0,-0.0,1.0,-0.0,-1.0,0.0,-1,0.0,-1,0.0,0.0,-0.0,-1.0,0.0,1,-0.0,1.0,-0.0,-1,0.0,1.0,-0.0,-1.0,0.0,-1.0,0.0,-1.0,0.0,1.0,-0.0,0.0,-0.0,-1.0,0.0,-1.0,0.0,-1.0,0.0,-1.0,0.0,-1.0,0.0,-1,0.0,1,-0.0,1.0,-0.0,1.0,-0.0,-1.0,0.0,1.0,-0.0,1.0,-0.0,-1.0,0.0,-1.0,0.0,1.0,-0.0,-1.0,0.0,1,-0.0,0,-0.0,-1.0,0.0,0,-0.0,1.0,-0.0,1,-0.0,-1,0.0,1.0,-0.0,1,-0.0,1.0,-0.0,0.0,-0.0,0.0,-0.0,-1.0,0.0,1.0,-0.0,1.0,-0.0,1.0,-0.0,-1.0,0.0,1.0,-0.0,-1,0.0,0,-0.0,1.0,-0.0,1.0,-0.0,-1,0.0,1.0,-0.0,-1.0,0.0,1,-0.0,1,-0.0,1.0,-0.0,0.0,-0.0,1.0,-0.0,-1.0,0.0
20170111,QRBG7,1.0,0.0350423482253,67237.8,energy,1484171198,1.0,0.0,0.0,-1.0,-0.0,-1.0,-0.0,-1.0,-0.0,-1.0,-0.0,-1.0,-0.0,0.0,0.0,1.0,0.0,-1.0,-0.0,1.0,0.0,1.0,0.0,0,0.0,1,0.0,-1,-0.0,-1.0,-0.0,1.0,0.0,1.0,0.0,-1.0,-0.0,-1.0,-0.0,1.0,0.0,0,0.0,-1.0,-0.0,-1.0,-0.0,-1.0,-0.0,-1.0,-0.0,1.0,0.0,-1.0,-0.0,1.0,0.0,1.0,0.0,1,0.0,0,0.0,1.0,0.0,-1.0,-0.0,-1,-0.0,1.0,0.0,1,0.0,-1.0,-0.0,0.0,0.0,1.0,0.0,-1.0,-0.0,1.0,0.0,1.0,0.0,0.0,0.0,1.0,0.0,1.0,0.0,-1.0,-0.0,1.0,0.0,1,0.0,1,0.0,0.0,0.0,-1.0,-0.0,-1.0,-0.0,0.0,0.0,-1.0,-0.0,-1.0,-0.0,-1.0,-0.0,1.0,0.0,1.0,0.0,-1,-0.0,0,0.0,-1.0,-0.0,0,0.0,-1.0,-0.0,-1,-0.0,1,0.0,-1.0,-0.0,0,0.0,1.0,0.0,1.0,0.0,-1.0,-0.0,-1.0,-0.0,1.0,0.0,1.0,0.0,1.0,0.0,1.0,0.0,-1.0,-0.0,1,0.0,0,0.0,1.0,0.0,1.0,0.0,1,0.0,-1.0,-0.0,-1.0,-0.0,0,0.0,-1,-0.0,1.0,0.0,0.0,0.0,-1.0,-0.0,1.0,0.0
20170111,QPLJ7,-1.0,-0.00671550671551,48810.0,metal,1484171198,1.0,-0.0,0.0,1.0,-0.0,1.0,-0.0,1.0,-0.0,-1.0,0.0,-1.0,0.0,0.0,-0.0,1.0,-0.0,-1.0,0.0,-1.0,0.0,-1.0,0.0,0,-0.0,1,-0.0,1,-0.0,1.0,-0.0,1.0,-0.0,-1.0,0.0,0.0,-0.0,-1.0,0.0,1.0,-0.0,0,-0.0,1.0,-0.0,1.0,-0.0,1.0,-0.0,1.0,-0.0,-1.0,0.0,1.0,-0.0,-1.0,0.0,-1.0,0.0,1,-0.0,0,-0.0,-1.0,0.0,-1.0,0.0,-1,0.0,-1.0,0.0,1,-0.0,-1.0,0.0,1.0,-0.0,1.0,-0.0,1.0,-0.0,-1.0,0.0,0.0,-0.0,0.0,-0.0,1.0,-0.0,1.0,-0.0,-1.0,0.0,1.0,-0.0,-1,0.0,-1,0.0,-1.0,0.0,-1.0,0.0,1.0,-0.0,0.0,-0.0,-1.0,0.0,1.0,-0.0,1.0,-0.0,-1.0,0.0,1.0,-0.0,-1,0.0,0,-0.0,1.0,-0.0,0,-0.0,1.0,-0.0,-1,0.0,-1,0.0,1.0,-0.0,0,-0.0,-1.0,0.0,-1.0,0.0,1.0,-0.0,1.0,-0.0,-1.0,0.0,-1.0,0.0,-1.0,0.0,-1.0,0.0,-1.0,0.0,1,-0.0,0,-0.0,-1.0,0.0,-1.0,0.0,1,-0.0,1.0,-0.0,1.0,-0.0,0,-0.0,-1,0.0,1.0,-0.0,0.0,-0.0,-1.0,0.0,1.0,-0.0
20170111,QPAH7,-1.0,-0.0111728193401,75670.0,metal,1484171198,1.0,-0.0,0.0,0.0,-0.0,1.0,-0.0,-1.0,0.0,-1.0,0.0,-1.0,0.0,1.0,-0.0,1.0,-0.0,1.0,-0.0,-1.0,0.0,1.0,-0.0,-1,0.0,-1,0.0,-1,0.0,0.0,-0.0,1.0,-0.0,-1.0,0.0,-1.0,0.0,-1.0,0.0,1.0,-0.0,0,-0.0,-1.0,0.0,1.0,-0.0,-1.0,0.0,0.0,-0.0,0.0,-0.0,1.0,-0.0,1.0,-0.0,-1.0,0.0,-1,0.0,-1,0.0,0.0,-0.0,-1.0,0.0,-1,0.0,1.0,-0.0,1,-0.0,1.0,-0.0,0.0,-0.0,-1.0,0.0,1.0,-0.0,1.0,-0.0,1.0,-0.0,-1.0,0.0,1.0,-0.0,-1.0,0.0,-1.0,0.0,1.0,-0.0,-1,0.0,-1,0.0,0.0,-0.0,1.0,-0.0,-1.0,0.0,1.0,-0.0,1.0,-0.0,1.0,-0.0,0.0,-0.0,-1.0,0.0,1.0,-0.0,1,-0.0,1,-0.0,-1.0,0.0,0,-0.0,1.0,-0.0,1,-0.0,-1,0.0,1.0,-0.0,1,-0.0,1.0,-0.0,0.0,-0.0,0.0,-0.0,1.0,-0.0,1.0,-0.0,-1.0,0.0,0.0,-0.0,-1.0,0.0,-1.0,0.0,-1,0.0,-1,0.0,0.0,-0.0,1.0,-0.0,-1,0.0,1.0,-0.0,-1.0,0.0,1,-0.0,1,-0.0,1.0,-0.0,-1.0,0.0,-1.0,0.0,-1.0,0.0
20170111,@NQH7,1.0,0.00313043478261,100940.0,index,1484171198,1.0,0.0,0.0,0.0,0.0,1.0,0.0,-1.0,-0.0,1.0,0.0,-1.0,-0.0,0.0,0.0,-1.0,-0.0,1.0,0.0,-1.0,-0.0,1.0,0.0,-1,-0.0,-1,-0.0,-1,-0.0,-1.0,-0.0,1.0,0.0,1.0,0.0,0.0,0.0,1.0,0.0,1.0,0.0,0,0.0,-1.0,-0.0,-1.0,-0.0,-1.0,-0.0,0.0,0.0,0.0,0.0,1.0,0.0,1.0,0.0,-1.0,-0.0,-1,-0.0,-1,-0.0,0.0,0.0,-1.0,-0.0,-1,-0.0,1.0,0.0,-1,-0.0,1.0,0.0,-1.0,-0.0,-1.0,-0.0,-1.0,-0.0,1.0,0.0,0.0,0.0,-1.0,-0.0,-1.0,-0.0,-1.0,-0.0,-1.0,-0.0,1.0,0.0,-1,-0.0,1,0.0,1.0,0.0,1.0,0.0,-1.0,-0.0,1.0,0.0,1.0,0.0,-1.0,-0.0,-1.0,-0.0,1.0,0.0,-1.0,-0.0,1,0.0,0,0.0,-1.0,-0.0,0,0.0,1.0,0.0,1,0.0,-1,-0.0,1.0,0.0,1,0.0,1.0,0.0,0.0,0.0,0.0,0.0,-1.0,-0.0,1.0,0.0,1.0,0.0,1.0,0.0,-1.0,-0.0,1.0,0.0,-1,-0.0,0,0.0,1.0,0.0,1.0,0.0,-1,-0.0,1.0,0.0,-1.0,-0.0,1,0.0,1,0.0,1.0,0.0,0.0,0.0,1.0,0.0,-1.0,-0.0
20170111,@NKDH7,1.0,0.00103492884864,83563.7149028,index,1484171198,1.0,0.0,0.0,0.0,0.0,1.0,0.0,-1.0,-0.0,1.0,0.0,-1.0,-0.0,0.0,0.0,1.0,0.0,-1.0,-0.0,1.0,0.0,-1.0,-0.0,-1,-0.0,-1,-0.0,-1,-0.0,-1.0,-0.0,1.0,0.0,1.0,0.0,0.0,0.0,-1.0,-0.0,1.0,0.0,0,0.0,-1.0,-0.0,-1.0,-0.0,-1.0,-0.0,-1.0,-0.0,1.0,0.0,-1.0,-0.0,1.0,0.0,1.0,0.0,1,0.0,0,0.0,0.0,0.0,-1.0,-0.0,1,0.0,1.0,0.0,-1,-0.0,-1.0,-0.0,-1.0,-0.0,-1.0,-0.0,-1.0,-0.0,-1.0,-0.0,0.0,0.0,0.0,0.0,1.0,0.0,1.0,0.0,-1.0,-0.0,-1.0,-0.0,1,0.0,1,0.0,1.0,0.0,1.0,0.0,1.0,0.0,0.0,0.0,-1.0,-0.0,-1.0,-0.0,-1.0,-0.0,1.0,0.0,1.0,0.0,-1,-0.0,0,0.0,-1.0,-0.0,0,0.0,-1.0,-0.0,-1,-0.0,-1,-0.0,-1.0,-0.0,0,0.0,1.0,0.0,1.0,0.0,-1.0,-0.0,-1.0,-0.0,1.0,0.0,1.0,0.0,1.0,0.0,1.0,0.0,-1.0,-0.0,1,0.0,0,0.0,1.0,0.0,1.0,0.0,1,0.0,-1.0,-0.0,1.0,0.0,1,0.0,1,0.0,1.0,0.0,0.0,0.0,-1.0,-0.0,1.0,0.0
20170111,QNGH7,1.0,0.0012213740458,32790.0,energy,1484171198,1.0,40.0488549618,40.0488549618,0.0,0.0,1.0,40.0488549618,-1.0,-40.0488549618,1.0,40.0488549618,-1.0,-40.0488549618,1.0,40.0488549618,1.0,40.0488549618,1.0,40.0488549618,-1.0,-40.0488549618,1.0,40.0488549618,-1,-40.0488549618,-1,-40.0488549618,-1,-40.0488549618,0.0,0.0,1.0,40.0488549618,1.0,40.0488549618,0.0,0.0,1.0,40.0488549618,1.0,40.0488549618,0,0.0,-1.0,-40.0488549618,1.0,40.0488549618,-1.0,-40.0488549618,0.0,0.0,0.0,0.0,1.0,40.0488549618,1.0,40.0488549618,-1.0,-40.0488549618,-1,-40.0488549618,-1,-40.0488549618,0.0,0.0,-1.0,-40.0488549618,-1,-40.0488549618,1.0,40.0488549618,-1,-40.0488549618,1.0,40.0488549618,-1.0,-40.0488549618,-1.0,-40.0488549618,-1.0,-40.0488549618,1.0,40.0488549618,0.0,0.0,-1.0,-40.0488549618,-1.0,-40.0488549618,-1.0,-40.0488549618,-1.0,-40.0488549618,1.0,40.0488549618,-1,-40.0488549618,-1,-40.0488549618,1.0,40.0488549618,1.0,40.0488549618,-1.0,-40.0488549618,1.0,40.0488549618,1.0,40.0488549618,1.0,40.0488549618,0.0,0.0,-1.0,-40.0488549618,1.0,40.0488549618,1,40.0488549618,1,40.0488549618,-1.0,-40.0488549618,0,0.0,1.0,40.0488549618,1,40.0488549618,-1,-40.0488549618,1.0,40.0488549618,1,40.0488549618,1.0,40.0488549618,0.0,0.0,0.0,0.0,1.0,40.0488549618,1.0,40.0488549618,-1.0,-40.0488549618,0.0,0.0,-1.0,-40.0488549618,-1.0,-40.0488549618,-1,-40.0488549618,-1,-40.0488549618,0.0,0.0,1.0,40.0488549618,-1,-40.0488549618,1.0,40.0488549618,-1.0,-40.0488549618,1,40.0488549618,1,40.0488549618,1.0,40.0488549618,-1.0,-40.0488549618,-1.0,-40.0488549618,-1.0,-40.0488549618
20170111,@NEH7,1.0,0.00917299699011,70410.0,currency,1484171198,1.0,0.0,0.0,-1.0,-0.0,-1.0,-0.0,-1.0,-0.0,1.0,0.0,-1.0,-0.0,0.0,0.0,1.0,0.0,-1.0,-0.0,1.0,0.0,1.0,0.0,0,0.0,1,0.0,-1,-0.0,-1.0,-0.0,1.0,0.0,1.0,0.0,0.0,0.0,-1.0,-0.0,1.0,0.0,0,0.0,-1.0,-0.0,-1.0,-0.0,-1.0,-0.0,-1.0,-0.0,1.0,0.0,-1.0,-0.0,1.0,0.0,1.0,0.0,1,0.0,0,0.0,1.0,0.0,-1.0,-0.0,-1,-0.0,1.0,0.0,-1,-0.0,-1.0,-0.0,-1.0,-0.0,-1.0,-0.0,-1.0,-0.0,-1.0,-0.0,0.0,0.0,0.0,0.0,1.0,0.0,1.0,0.0,-1.0,-0.0,1.0,0.0,1,0.0,1,0.0,1.0,0.0,1.0,0.0,1.0,0.0,0.0,0.0,-1.0,-0.0,-1.0,-0.0,-1.0,-0.0,1.0,0.0,1.0,0.0,-1,-0.0,0,0.0,-1.0,-0.0,0,0.0,-1.0,-0.0,-1,-0.0,1,0.0,-1.0,-0.0,0,0.0,1.0,0.0,1.0,0.0,-1.0,-0.0,-1.0,-0.0,1.0,0.0,1.0,0.0,1.0,0.0,1.0,0.0,-1.0,-0.0,1,0.0,0,0.0,1.0,0.0,1.0,0.0,1,0.0,-1.0,-0.0,-1.0,-0.0,0,0.0,-1,-0.0,1.0,0.0,0.0,0.0,-1.0,-0.0,1.0,0.0
20170111,@ADH7,1.0,0.0107380725839,74360.0,currency,1484171198,1.0,0.0,0.0,-1.0,-0.0,-1.0,-0.0,-1.0,-0.0,-1.0,-0.0,1.0,0.0,0.0,0.0,-1.0,-0.0,1.0,0.0,1.0,0.0,1.0,0.0,0,0.0,-1,-0.0,-1,-0.0,-1.0,-0.0,1.0,0.0,-1.0,-0.0,-1.0,-0.0,-1.0,-0.0,1.0,0.0,0,0.0,-1.0,-0.0,-1.0,-0.0,-1.0,-0.0,0.0,0.0,0.0,0.0,1.0,0.0,1.0,0.0,-1.0,-0.0,-1,-0.0,-1,-0.0,1.0,0.0,-1.0,-0.0,-1,-0.0,1.0,0.0,1,0.0,1.0,0.0,0.0,0.0,-1.0,-0.0,1.0,0.0,1.0,0.0,1.0,0.0,-1.0,-0.0,1.0,0.0,-1.0,-0.0,-1.0,-0.0,1.0,0.0,-1,-0.0,1,0.0,0.0,0.0,1.0,0.0,-1.0,-0.0,1.0,0.0,1.0,0.0,-1.0,-0.0,-1.0,-0.0,1.0,0.0,-1.0,-0.0,1,0.0,0,0.0,-1.0,-0.0,0,0.0,1.0,0.0,1,0.0,1,0.0,1.0,0.0,1,0.0,1.0,0.0,0.0,0.0,0.0,0.0,-1.0,-0.0,1.0,0.0,1.0,0.0,1.0,0.0,-1.0,-0.0,1.0,0.0,-1,-0.0,0,0.0,1.0,0.0,1.0,0.0,-1,-0.0,-1.0,-0.0,-1.0,-0.0,0,0.0,1,0.0,-1.0,-0.0,0.0,0.0,1.0,0.0,-1.0,-0.0
20170111,@PXH7,-1.0,-0.00636663007684,22630.0,currency,1484171198,1.0,-0.0,0.0,-1.0,0.0,-1.0,0.0,1.0,-0.0,1.0,-0.0,-1.0,0.0,1.0,-0.0,1.0,-0.0,1.0,-0.0,1.0,-0.0,1.0,-0.0,0,-0.0,1,-0.0,-1,0.0,0.0,-0.0,1.0,-0.0,1.0,-0.0,0.0,-0.0,-1.0,0.0,1.0,-0.0,0,-0.0,1.0,-0.0,-1.0,0.0,-1.0,0.0,-1.0,0.0,1.0,-0.0,-1.0,0.0,1.0,-0.0,1.0,-0.0,1,-0.0,0,-0.0,1.0,-0.0,-1.0,0.0,-1,0.0,1.0,-0.0,-1,0.0,-1.0,0.0,-1.0,0.0,-1.0,0.0,-1.0,0.0,-1.0,0.0,0.0,-0.0,0.0,-0.0,1.0,-0.0,1.0,-0.0,-1.0,0.0,1.0,-0.0,1,-0.0,-1,0.0,1.0,-0.0,1.0,-0.0,1.0,-0.0,0.0,-0.0,-1.0,0.0,-1.0,0.0,0.0,-0.0,1.0,-0.0,1.0,-0.0,1,-0.0,1,-0.0,-1.0,0.0,0,-0.0,-1.0,0.0,-1,0.0,1,-0.0,-1.0,0.0,0,-0.0,1.0,-0.0,1.0,-0.0,-1.0,0.0,1.0,-0.0,-1.0,0.0,1.0,-0.0,0.0,-0.0,1.0,-0.0,-1.0,0.0,-1,0.0,-1,0.0,0.0,-0.0,-1.0,0.0,1,-0.0,-1.0,0.0,-1.0,0.0,0,-0.0,-1,0.0,1.0,-0.0,-1.0,0.0,-1.0,0.0,-1.0,0.0
20170111,@LEG7,-1.0,-0.00355574147668,47640.0,meat,1484161367,1.0,-0.0,0.0,-1.0,0.0,-1.0,0.0,-1.0,0.0,-1.0,0.0,1.0,-0.0,1.0,-0.0,1.0,-0.0,1.0,-0.0,1.0,-0.0,1.0,-0.0,0,-0.0,-1,0.0,-1,0.0,0.0,-0.0,1.0,-0.0,-1.0,0.0,-1.0,0.0,-1.0,0.0,1.0,-0.0,0,-0.0,-1.0,0.0,1.0,-0.0,-1.0,0.0,0.0,-0.0,0.0,-0.0,1.0,-0.0,1.0,-0.0,-1.0,0.0,-1,0.0,-1,0.0,1.0,-0.0,-1.0,0.0,1,-0.0,1.0,-0.0,1,-0.0,1.0,-0.0,0.0,-0.0,-1.0,0.0,1.0,-0.0,1.0,-0.0,1.0,-0.0,-1.0,0.0,1.0,-0.0,-1.0,0.0,-1.0,0.0,-1.0,0.0,-1,0.0,-1,0.0,0.0,-0.0,1.0,-0.0,-1.0,0.0,1.0,-0.0,1.0,-0.0,1.0,-0.0,0.0,-0.0,-1.0,0.0,1.0,-0.0,1,-0.0,1,-0.0,-1.0,0.0,0,-0.0,1.0,-0.0,1,-0.0,1,-0.0,1.0,-0.0,1,-0.0,1.0,-0.0,0.0,-0.0,0.0,-0.0,1.0,-0.0,1.0,-0.0,-1.0,0.0,0.0,-0.0,-1.0,0.0,-1.0,0.0,-1,0.0,-1,0.0,0.0,-0.0,1.0,-0.0,-1,0.0,-1.0,0.0,-1.0,0.0,0,-0.0,1,-0.0,-1.0,0.0,-1.0,0.0,-1.0,0.0,-1.0,0.0
20170111,@JYH7,1.0,0.003465003465,108600.0,currency,1484171198,1.0,0.0,0.0,0.0,0.0,-1.0,-0.0,1.0,0.0,-1.0,-0.0,1.0,0.0,0.0,0.0,-1.0,-0.0,1.0,0.0,-1.0,-0.0,1.0,0.0,1,0.0,1,0.0,1,0.0,1.0,0.0,-1.0,-0.0,-1.0,-0.0,0.0,0.0,1.0,0.0,-1.0,-0.0,0,0.0,1.0,0.0,1.0,0.0,-1.0,-0.0,0.0,0.0,0.0,0.0,1.0,0.0,1.0,0.0,-1.0,-0.0,1,0.0,1,0.0,0.0,0.0,1.0,0.0,-1,-0.0,-1.0,-0.0,1,0.0,1.0,0.0,1.0,0.0,1.0,0.0,1.0,0.0,1.0,0.0,0.0,0.0,1.0,0.0,-1.0,-0.0,1.0,0.0,1.0,0.0,1.0,0.0,1,0.0,-1,-0.0,-1.0,-0.0,-1.0,-0.0,-1.0,-0.0,-1.0,-0.0,-1.0,-0.0,1.0,0.0,1.0,0.0,-1.0,-0.0,-1.0,-0.0,1,0.0,0,0.0,-1.0,-0.0,0,0.0,1.0,0.0,-1,-0.0,1,0.0,-1.0,-0.0,-1,-0.0,1.0,0.0,0.0,0.0,0.0,0.0,1.0,0.0,-1.0,-0.0,-1.0,-0.0,-1.0,-0.0,-1.0,-0.0,1.0,0.0,-1,-0.0,0,0.0,-1.0,-0.0,-1.0,-0.0,-1,-0.0,1.0,0.0,-1.0,-0.0,-1,-0.0,-1,-0.0,-1.0,-0.0,0.0,0.0,1.0,0.0,-1.0,-0.0
20170111,QHOG7,1.0,0.0292292416532,69657.0,energy,1484171198,1.0,0.0,0.0,0.0,0.0,1.0,0.0,-1.0,-0.0,1.0,0.0,-1.0,-0.0,0.0,0.0,1.0,0.0,-1.0,-0.0,1.0,0.0,-1.0,-0.0,-1,-0.0,-1,-0.0,-1,-0.0,-1.0,-0.0,1.0,0.0,1.0,0.0,0.0,0.0,-1.0,-0.0,1.0,0.0,0,0.0,-1.0,-0.0,-1.0,-0.0,-1.0,-0.0,-1.0,-0.0,1.0,0.0,-1.0,-0.0,1.0,0.0,1.0,0.0,1,0.0,0,0.0,0.0,0.0,-1.0,-0.0,-1,-0.0,1.0,0.0,-1,-0.0,-1.0,-0.0,-1.0,-0.0,-1.0,-0.0,-1.0,-0.0,-1.0,-0.0,0.0,0.0,0.0,0.0,1.0,0.0,1.0,0.0,-1.0,-0.0,1.0,0.0,1,0.0,1,0.0,1.0,0.0,1.0,0.0,1.0,0.0,0.0,0.0,-1.0,-0.0,-1.0,-0.0,-1.0,-0.0,1.0,0.0,1.0,0.0,-1,-0.0,0,0.0,-1.0,-0.0,0,0.0,-1.0,-0.0,-1,-0.0,-1,-0.0,-1.0,-0.0,0,0.0,1.0,0.0,1.0,0.0,-1.0,-0.0,-1.0,-0.0,1.0,0.0,1.0,0.0,1.0,0.0,1.0,0.0,-1.0,-0.0,1,0.0,0,0.0,1.0,0.0,1.0,0.0,1,0.0,-1.0,-0.0,1.0,0.0,1,0.0,1,0.0,1.0,0.0,0.0,0.0,-1.0,-0.0,1.0,0.0
20170111,QHGH7,-1.0,-0.00401913875598,65050.0,metal,1484171198,1.0,-261.444976077,261.444976077,0.0,-0.0,1.0,-261.444976077,-1.0,261.444976077,1.0,-261.444976077,-1.0,261.444976077,0.0,-0.0,-1.0,261.444976077,1.0,-261.444976077,-1.0,261.444976077,1.0,-261.444976077,-1,261.444976077,-1,261.444976077,-1,261.444976077,-1.0,261.444976077,1.0,-261.444976077,1.0,-261.444976077,0.0,-0.0,1.0,-261.444976077,1.0,-261.444976077,0,-0.0,-1.0,261.444976077,-1.0,261.444976077,-1.0,261.444976077,0.0,-0.0,0.0,-0.0,1.0,-261.444976077,1.0,-261.444976077,-1.0,261.444976077,-1,261.444976077,-1,261.444976077,0.0,-0.0,-1.0,261.444976077,-1,261.444976077,1.0,-261.444976077,-1,261.444976077,1.0,-261.444976077,-1.0,261.444976077,-1.0,261.444976077,-1.0,261.444976077,1.0,-261.444976077,0.0,-0.0,-1.0,261.444976077,-1.0,261.444976077,-1.0,261.444976077,-1.0,261.444976077,1.0,-261.444976077,-1,261.444976077,1,-261.444976077,1.0,-261.444976077,1.0,-261.444976077,-1.0,261.444976077,1.0,-261.444976077,1.0,-261.444976077,-1.0,261.444976077,-1.0,261.444976077,1.0,-261.444976077,-1.0,261.444976077,1,-261.444976077,0,-0.0,-1.0,261.444976077,0,-0.0,1.0,-261.444976077,1,-261.444976077,-1,261.444976077,1.0,-261.444976077,1,-261.444976077,1.0,-261.444976077,0.0,-0.0,0.0,-0.0,-1.0,261.444976077,1.0,-261.444976077,1.0,-261.444976077,1.0,-261.444976077,-1.0,261.444976077,1.0,-261.444976077,-1,261.444976077,0,-0.0,1.0,-261.444976077,1.0,-261.444976077,-1,261.444976077,1.0,-261.444976077,-1.0,261.444976077,1,-261.444976077,1,-261.444976077,1.0,-261.444976077,0.0,-0.0,1.0,-261.444976077,-1.0,261.444976077
20170111,QGCG7,1.0,0.00514550822438,119160.0,metal,1484171198,1.0,0.0,0.0,1.0,0.0,1.0,0.0,1.0,0.0,-1.0,-0.0,1.0,0.0,0.0,0.0,-1.0,-0.0,1.0,0.0,-1.0,-0.0,-1.0,-0.0,0,0.0,-1,-0.0,1,0.0,1.0,0.0,-1.0,-0.0,-1.0,-0.0,0.0,0.0,1.0,0.0,-1.0,-0.0,0,0.0,1.0,0.0,1.0,0.0,1.0,0.0,1.0,0.0,-1.0,-0.0,1.0,0.0,-1.0,-0.0,-1.0,-0.0,-1,-0.0,0,0.0,-1.0,-0.0,1.0,0.0,-1,-0.0,-1.0,-0.0,1,0.0,1.0,0.0,1.0,0.0,1.0,0.0,1.0,0.0,1.0,0.0,0.0,0.0,0.0,0.0,-1.0,-0.0,-1.0,-0.0,1.0,0.0,1.0,0.0,-1,-0.0,-1,-0.0,-1.0,-0.0,-1.0,-0.0,-1.0,-0.0,0.0,0.0,1.0,0.0,1.0,0.0,1.0,0.0,-1.0,-0.0,-1.0,-0.0,1,0.0,0,0.0,1.0,0.0,0,0.0,1.0,0.0,1,0.0,-1,-0.0,1.0,0.0,0,0.0,-1.0,-0.0,-1.0,-0.0,1.0,0.0,1.0,0.0,-1.0,-0.0,-1.0,-0.0,-1.0,-0.0,-1.0,-0.0,1.0,0.0,-1,-0.0,0,0.0,-1.0,-0.0,-1.0,-0.0,-1,-0.0,1.0,0.0,1.0,0.0,0,0.0,1,0.0,-1.0,-0.0,0.0,0.0,1.0,0.0,-1.0,-0.0
20170111,@FVH7,1.0,0.0,117851.5625,rates,1484171198,1.0,0.0,0.0,1.0,0.0,1.0,0.0,1.0,0.0,-1.0,-0.0,1.0,0.0,0.0,0.0,-1.0,-0.0,1.0,0.0,-1.0,-0.0,-1.0,-0.0,0,0.0,-1,-0.0,1,0.0,1.0,0.0,-1.0,-0.0,-1.0,-0.0,0.0,0.0,1.0,0.0,-1.0,-0.0,0,0.0,1.0,0.0,1.0,0.0,1.0,0.0,1.0,0.0,-1.0,-0.0,1.0,0.0,-1.0,-0.0,-1.0,-0.0,-1,-0.0,0,0.0,-1.0,-0.0,1.0,0.0,-1,-0.0,-1.0,-0.0,1,0.0,1.0,0.0,1.0,0.0,1.0,0.0,1.0,0.0,1.0,0.0,0.0,0.0,0.0,0.0,-1.0,-0.0,-1.0,-0.0,1.0,0.0,1.0,0.0,-1,-0.0,-1,-0.0,-1.0,-0.0,-1.0,-0.0,-1.0,-0.0,0.0,0.0,1.0,0.0,1.0,0.0,1.0,0.0,-1.0,-0.0,-1.0,-0.0,1,0.0,0,0.0,1.0,0.0,0,0.0,1.0,0.0,1,0.0,-1,-0.0,1.0,0.0,0,0.0,-1.0,-0.0,-1.0,-0.0,1.0,0.0,1.0,0.0,-1.0,-0.0,-1.0,-0.0,-1.0,-0.0,-1.0,-0.0,1.0,0.0,-1,-0.0,0,0.0,-1.0,-0.0,-1.0,-0.0,-1,-0.0,1.0,0.0,1.0,0.0,0,0.0,1,0.0,-1.0,-0.0,0.0,0.0,1.0,0.0,-1.0,-0.0
20170111,@GFH7,-1.0,-0.00288461538462,64812.5,meat,1484161367,1.0,-0.0,0.0,0.0,-0.0,1.0,-0.0,-1.0,0.0,1.0,-0.0,-1.0,0.0,0.0,-0.0,-1.0,0.0,1.0,-0.0,-1.0,0.0,1.0,-0.0,-1,0.0,-1,0.0,-1,0.0,-1.0,0.0,1.0,-0.0,1.0,-0.0,0.0,-0.0,1.0,-0.0,1.0,-0.0,0,-0.0,-1.0,0.0,-1.0,0.0,-1.0,0.0,0.0,-0.0,0.0,-0.0,1.0,-0.0,1.0,-0.0,-1.0,0.0,-1,0.0,-1,0.0,0.0,-0.0,-1.0,0.0,1,-0.0,1.0,-0.0,-1,0.0,1.0,-0.0,-1.0,0.0,-1.0,0.0,-1.0,0.0,1.0,-0.0,0.0,-0.0,-1.0,0.0,-1.0,0.0,-1.0,0.0,-1.0,0.0,-1.0,0.0,-1,0.0,1,-0.0,1.0,-0.0,1.0,-0.0,-1.0,0.0,1.0,-0.0,1.0,-0.0,-1.0,0.0,-1.0,0.0,1.0,-0.0,-1.0,0.0,1,-0.0,0,-0.0,-1.0,0.0,0,-0.0,1.0,-0.0,1,-0.0,-1,0.0,1.0,-0.0,1,-0.0,1.0,-0.0,0.0,-0.0,0.0,-0.0,-1.0,0.0,1.0,-0.0,1.0,-0.0,1.0,-0.0,-1.0,0.0,1.0,-0.0,-1,0.0,0,-0.0,1.0,-0.0,1.0,-0.0,-1,0.0,1.0,-0.0,-1.0,0.0,1,-0.0,1,-0.0,1.0,-0.0,0.0,-0.0,1.0,-0.0,-1.0,0.0
20170111,@ESH7,1.0,0.00320265046935,113550.0,index,1484171198,1.0,363.660960795,363.660960795,0.0,0.0,1.0,363.660960795,-1.0,-363.660960795,1.0,363.660960795,-1.0,-363.660960795,0.0,0.0,1.0,363.660960795,-1.0,-363.660960795,1.0,363.660960795,-1.0,-363.660960795,-1,-363.660960795,-1,-363.660960795,-1,-363.660960795,-1.0,-363.660960795,1.0,363.660960795,1.0,363.660960795,0.0,0.0,-1.0,-363.660960795,1.0,363.660960795,1,160.132523468,-1.0,-363.660960795,-1.0,-363.660960795,1.0,363.660960795,0.0,0.0,0.0,0.0,-1.0,-363.660960795,-1.0,-363.660960795,1.0,363.660960795,-1,-363.660960795,-1,-363.660960795,0.0,0.0,-1.0,-363.660960795,-1,-363.660960795,1.0,363.660960795,-1,-363.660960795,-1.0,-363.660960795,-1.0,-363.660960795,-1.0,-363.660960795,-1.0,-363.660960795,-1.0,-363.660960795,0.0,0.0,-1.0,-363.660960795,1.0,363.660960795,-1.0,-363.660960795,-1.0,-363.660960795,1.0,363.660960795,-1,-363.660960795,1,363.660960795,1.0,363.660960795,1.0,363.660960795,1.0,363.660960795,1.0,363.660960795,1.0,363.660960795,-1.0,-363.660960795,-1.0,-363.660960795,1.0,363.660960795,1.0,363.660960795,-1,-363.660960795,0,0.0,1.0,363.660960795,0,0.0,-1.0,-363.660960795,1,363.660960795,-1,-363.660960795,1.0,363.660960795,1,363.660960795,-1.0,-363.660960795,0.0,0.0,0.0,0.0,-1.0,-363.660960795,1.0,363.660960795,1.0,363.660960795,1.0,363.660960795,1.0,363.660960795,-1.0,-363.660960795,1,363.660960795,0,0.0,1.0,363.660960795,1.0,363.660960795,1,363.660960795,-1.0,-363.660960795,1.0,363.660960795,1,363.660960795,1,363.660960795,1.0,363.660960795,0.0,0.0,-1.0,-363.660960795,1.0,363.660960795
20170111,@EMDH7,1.0,0.00428775607432,168640.0,index,1484171198,1.0,0.0,0.0,-1.0,-0.0,-1.0,-0.0,-1.0,-0.0,1.0,0.0,1.0,0.0,0.0,0.0,-1.0,-0.0,1.0,0.0,1.0,0.0,1.0,0.0,0,0.0,-1,-0.0,-1,-0.0,-1.0,-0.0,-1.0,-0.0,1.0,0.0,0.0,0.0,1.0,0.0,-1.0,-0.0,0,0.0,-1.0,-0.0,-1.0,-0.0,-1.0,-0.0,-1.0,-0.0,1.0,0.0,-1.0,-0.0,1.0,0.0,1.0,0.0,-1,-0.0,0,0.0,1.0,0.0,1.0,0.0,-1,-0.0,1.0,0.0,-1,-0.0,1.0,0.0,-1.0,-0.0,-1.0,-0.0,-1.0,-0.0,1.0,0.0,0.0,0.0,0.0,0.0,-1.0,-0.0,-1.0,-0.0,1.0,0.0,1.0,0.0,1,0.0,1,0.0,1.0,0.0,1.0,0.0,-1.0,-0.0,0.0,0.0,1.0,0.0,-1.0,-0.0,-1.0,-0.0,1.0,0.0,-1.0,-0.0,1,0.0,0,0.0,-1.0,-0.0,0,0.0,-1.0,-0.0,1,0.0,1,0.0,-1.0,-0.0,0,0.0,1.0,0.0,1.0,0.0,-1.0,-0.0,-1.0,-0.0,1.0,0.0,1.0,0.0,1.0,0.0,1.0,0.0,1.0,0.0,-1,-0.0,0,0.0,1.0,0.0,1.0,0.0,-1,-0.0,-1.0,-0.0,-1.0,-0.0,0,0.0,1,0.0,-1.0,-0.0,0.0,0.0,1.0,0.0,-1.0,-0.0
20170111,@EUH7,1.0,0.00212534832097,132612.5,currency,1484171198,1.0,0.0,0.0,0.0,0.0,1.0,0.0,-1.0,-0.0,-1.0,-0.0,-1.0,-0.0,0.0,0.0,1.0,0.0,-1.0,-0.0,1.0,0.0,-1.0,-0.0,-1,-0.0,-1,-0.0,-1,-0.0,-1.0,-0.0,1.0,0.0,1.0,0.0,-1.0,-0.0,-1.0,-0.0,1.0,0.0,0,0.0,-1.0,-0.0,-1.0,-0.0,1.0,0.0,0.0,0.0,0.0,0.0,-1.0,-0.0,-1.0,-0.0,1.0,0.0,-1,-0.0,-1,-0.0,0.0,0.0,-1.0,-0.0,-1,-0.0,1.0,0.0,1,0.0,-1.0,-0.0,0.0,0.0,1.0,0.0,-1.0,-0.0,1.0,0.0,1.0,0.0,-1.0,-0.0,1.0,0.0,-1.0,-0.0,-1.0,-0.0,1.0,0.0,-1,-0.0,1,0.0,0.0,0.0,-1.0,-0.0,-1.0,-0.0,1.0,0.0,1.0,0.0,-1.0,-0.0,-1.0,-0.0,1.0,0.0,1.0,0.0,-1,-0.0,0,0.0,1.0,0.0,0,0.0,-1.0,-0.0,1,0.0,-1,-0.0,1.0,0.0,1,0.0,-1.0,-0.0,0.0,0.0,0.0,0.0,-1.0,-0.0,1.0,0.0,1.0,0.0,1.0,0.0,1.0,0.0,-1.0,-0.0,1,0.0,0,0.0,1.0,0.0,1.0,0.0,1,0.0,-1.0,-0.0,1.0,0.0,1,0.0,1,0.0,1.0,0.0,0.0,0.0,-1.0,-0.0,1.0,0.0
20170111,QCLG7,1.0,0.0308933490752,52390.0,energy,1484171198,1.0,0.0,0.0,-1.0,-0.0,-1.0,-0.0,-1.0,-0.0,1.0,0.0,-1.0,-0.0,0.0,0.0,1.0,0.0,-1.0,-0.0,1.0,0.0,1.0,0.0,0,0.0,1,0.0,-1,-0.0,-1.0,-0.0,1.0,0.0,1.0,0.0,0.0,0.0,-1.0,-0.0,1.0,0.0,0,0.0,-1.0,-0.0,-1.0,-0.0,-1.0,-0.0,-1.0,-0.0,1.0,0.0,-1.0,-0.0,1.0,0.0,1.0,0.0,1,0.0,0,0.0,1.0,0.0,-1.0,-0.0,-1,-0.0,1.0,0.0,-1,-0.0,-1.0,-0.0,-1.0,-0.0,-1.0,-0.0,-1.0,-0.0,-1.0,-0.0,0.0,0.0,0.0,0.0,1.0,0.0,1.0,0.0,-1.0,-0.0,1.0,0.0,1,0.0,1,0.0,1.0,0.0,1.0,0.0,1.0,0.0,0.0,0.0,-1.0,-0.0,-1.0,-0.0,-1.0,-0.0,1.0,0.0,1.0,0.0,-1,-0.0,0,0.0,-1.0,-0.0,0,0.0,-1.0,-0.0,-1,-0.0,1,0.0,-1.0,-0.0,0,0.0,1.0,0.0,1.0,0.0,-1.0,-0.0,-1.0,-0.0,1.0,0.0,1.0,0.0,1.0,0.0,1.0,0.0,-1.0,-0.0,1,0.0,0,0.0,1.0,0.0,1.0,0.0,1,0.0,-1.0,-0.0,-1.0,-0.0,0,0.0,-1,-0.0,1.0,0.0,0.0,0.0,-1.0,-0.0,1.0,0.0
20170111,@CDH7,1.0,0.00383420374165,75925.0,currency,1484171198,1.0,0.0,0.0,0.0,0.0,1.0,0.0,-1.0,-0.0,-1.0,-0.0,-1.0,-0.0,0.0,0.0,1.0,0.0,-1.0,-0.0,1.0,0.0,-1.0,-0.0,-1,-0.0,-1,-0.0,-1,-0.0,-1.0,-0.0,1.0,0.0,1.0,0.0,-1.0,-0.0,-1.0,-0.0,1.0,0.0,0,0.0,-1.0,-0.0,-1.0,-0.0,1.0,0.0,0.0,0.0,0.0,0.0,-1.0,-0.0,-1.0,-0.0,1.0,0.0,-1,-0.0,-1,-0.0,0.0,0.0,-1.0,-0.0,-1,-0.0,1.0,0.0,1,0.0,-1.0,-0.0,0.0,0.0,1.0,0.0,-1.0,-0.0,1.0,0.0,1.0,0.0,-1.0,-0.0,1.0,0.0,-1.0,-0.0,-1.0,-0.0,1.0,0.0,-1,-0.0,1,0.0,0.0,0.0,-1.0,-0.0,-1.0,-0.0,1.0,0.0,1.0,0.0,-1.0,-0.0,-1.0,-0.0,1.0,0.0,1.0,0.0,-1,-0.0,0,0.0,1.0,0.0,0,0.0,-1.0,-0.0,1,0.0,-1,-0.0,1.0,0.0,1,0.0,-1.0,-0.0,0.0,0.0,0.0,0.0,-1.0,-0.0,1.0,0.0,1.0,0.0,1.0,0.0,1.0,0.0,-1.0,-0.0,1,0.0,0,0.0,1.0,0.0,1.0,0.0,1,0.0,-1.0,-0.0,1.0,0.0,1,0.0,1,0.0,1.0,0.0,0.0,0.0,-1.0,-0.0,1.0,0.0
20170111,@CH7,-1.0,-0.00279134682484,17862.5,grain,1484162030,2.0,-0.0,0.0,0.0,-0.0,1.0,-0.0,1.0,-0.0,1.0,-0.0,-1.0,0.0,1.0,-0.0,1.0,-0.0,1.0,-0.0,1.0,-0.0,-1.0,0.0,-1,0.0,-1,0.0,-1,0.0,0.0,-0.0,1.0,-0.0,1.0,-0.0,0.0,-0.0,-1.0,0.0,1.0,-0.0,0,-0.0,1.0,-0.0,-1.0,0.0,1.0,-0.0,0.0,-0.0,0.0,-0.0,-1.0,0.0,-1.0,0.0,1.0,-0.0,-1,0.0,-1,0.0,0.0,-0.0,-1.0,0.0,-1,0.0,1.0,-0.0,-1,0.0,-1.0,0.0,-1.0,0.0,-1.0,0.0,-1.0,0.0,-1.0,0.0,0.0,-0.0,-1.0,0.0,1.0,-0.0,-1.0,0.0,-1.0,0.0,1.0,-0.0,-1,0.0,-1,0.0,1.0,-0.0,1.0,-0.0,1.0,-0.0,1.0,-0.0,1.0,-0.0,-1.0,0.0,0.0,-0.0,1.0,-0.0,1.0,-0.0,1,-0.0,1,-0.0,1.0,-0.0,0,-0.0,-1.0,0.0,1,-0.0,-1,0.0,1.0,-0.0,1,-0.0,-1.0,0.0,0.0,-0.0,0.0,-0.0,1.0,-0.0,-1.0,0.0,1.0,-0.0,0.0,-0.0,1.0,-0.0,-1.0,0.0,-1,0.0,-1,0.0,0.0,-0.0,-1.0,0.0,1,-0.0,-1.0,0.0,1.0,-0.0,1,-0.0,1,-0.0,1.0,-0.0,-1.0,0.0,-1.0,0.0,-1.0,0.0
20170111,@BPH7,1.0,0.00361277608999,76393.75,currency,1484171198,1.0,0.0,0.0,-1.0,-0.0,-1.0,-0.0,-1.0,-0.0,-1.0,-0.0,1.0,0.0,0.0,0.0,-1.0,-0.0,1.0,0.0,1.0,0.0,1.0,0.0,0,0.0,-1,-0.0,-1,-0.0,-1.0,-0.0,-1.0,-0.0,-1.0,-0.0,-1.0,-0.0,-1.0,-0.0,-1.0,-0.0,0,0.0,-1.0,-0.0,-1.0,-0.0,-1.0,-0.0,-1.0,-0.0,1.0,0.0,-1.0,-0.0,1.0,0.0,1.0,0.0,-1,-0.0,0,0.0,1.0,0.0,1.0,0.0,-1,-0.0,1.0,0.0,1,0.0,1.0,0.0,0.0,0.0,-1.0,-0.0,1.0,0.0,1.0,0.0,1.0,0.0,0.0,0.0,1.0,0.0,-1.0,-0.0,1.0,0.0,1.0,0.0,1,0.0,1,0.0,0.0,0.0,1.0,0.0,-1.0,-0.0,0.0,0.0,1.0,0.0,-1.0,-0.0,-1.0,-0.0,1.0,0.0,-1.0,-0.0,1,0.0,0,0.0,-1.0,-0.0,0,0.0,-1.0,-0.0,1,0.0,1,0.0,-1.0,-0.0,0,0.0,1.0,0.0,1.0,0.0,-1.0,-0.0,-1.0,-0.0,1.0,0.0,1.0,0.0,1.0,0.0,1.0,0.0,1.0,0.0,-1,-0.0,0,0.0,1.0,0.0,1.0,0.0,-1,-0.0,-1.0,-0.0,-1.0,-0.0,0,0.0,1,0.0,-1.0,-0.0,0.0,0.0,1.0,0.0,-1.0,-0.0
20170111,@HEG7,1.0,0.00730207532667,26210.0,meat,1484161367,1.0,0.0,0.0,-1.0,-0.0,-1.0,-0.0,-1.0,-0.0,-1.0,-0.0,1.0,0.0,1.0,0.0,1.0,0.0,1.0,0.0,1.0,0.0,1.0,0.0,0,0.0,-1,-0.0,-1,-0.0,0.0,0.0,-1.0,-0.0,-1.0,-0.0,-1.0,-0.0,-1.0,-0.0,-1.0,-0.0,0,0.0,-1.0,-0.0,1.0,0.0,-1.0,-0.0,-1.0,-0.0,1.0,0.0,-1.0,-0.0,1.0,0.0,1.0,0.0,-1,-0.0,0,0.0,1.0,0.0,1.0,0.0,1,0.0,1.0,0.0,1,0.0,1.0,0.0,0.0,0.0,-1.0,-0.0,1.0,0.0,1.0,0.0,1.0,0.0,0.0,0.0,1.0,0.0,-1.0,-0.0,1.0,0.0,-1.0,-0.0,1,0.0,-1,-0.0,0.0,0.0,1.0,0.0,-1.0,-0.0,0.0,0.0,1.0,0.0,1.0,0.0,0.0,0.0,-1.0,-0.0,1.0,0.0,1,0.0,1,0.0,-1.0,-0.0,0,0.0,-1.0,-0.0,1,0.0,1,0.0,-1.0,-0.0,0,0.0,1.0,0.0,1.0,0.0,-1.0,-0.0,1.0,0.0,1.0,0.0,-1.0,-0.0,0.0,0.0,1.0,0.0,-1.0,-0.0,-1,-0.0,-1,-0.0,0.0,0.0,1.0,0.0,-1,-0.0,-1.0,-0.0,-1.0,-0.0,0,0.0,1,0.0,-1.0,-0.0,-1.0,-0.0,-1.0,-0.0,-1.0,-0.0
20170111,@WH7,-1.0,-0.0193321616872,20925.0,grain,1484162030,1.0,-0.0,0.0,0.0,-0.0,1.0,-0.0,-1.0,0.0,-1.0,0.0,-1.0,0.0,0.0,-0.0,1.0,-0.0,-1.0,0.0,1.0,-0.0,-1.0,0.0,-1,0.0,-1,0.0,-1,0.0,-1.0,0.0,1.0,-0.0,1.0,-0.0,-1.0,0.0,-1.0,0.0,1.0,-0.0,0,-0.0,-1.0,0.0,-1.0,0.0,1.0,-0.0,0.0,-0.0,0.0,-0.0,-1.0,0.0,-1.0,0.0,1.0,-0.0,-1,0.0,-1,0.0,0.0,-0.0,-1.0,0.0,-1,0.0,1.0,-0.0,1,-0.0,-1.0,0.0,0.0,-0.0,1.0,-0.0,-1.0,0.0,1.0,-0.0,1.0,-0.0,-1.0,0.0,1.0,-0.0,-1.0,0.0,-1.0,0.0,1.0,-0.0,-1,0.0,1,-0.0,0.0,-0.0,-1.0,0.0,-1.0,0.0,1.0,-0.0,1.0,-0.0,-1.0,0.0,-1.0,0.0,1.0,-0.0,1.0,-0.0,-1,0.0,0,-0.0,1.0,-0.0,0,-0.0,-1.0,0.0,1,-0.0,-1,0.0,1.0,-0.0,1,-0.0,-1.0,0.0,0.0,-0.0,0.0,-0.0,-1.0,0.0,1.0,-0.0,1.0,-0.0,1.0,-0.0,1.0,-0.0,-1.0,0.0,1,-0.0,0,-0.0,1.0,-0.0,1.0,-0.0,1,-0.0,-1.0,0.0,1.0,-0.0,1,-0.0,1,-0.0,1.0,-0.0,0.0,-0.0,-1.0,0.0,1.0,-0.0
20170112,@ADH7,1.0,0.00659311087191,74810.0,currency,1484257436,1.0,0.0,0.0,0.0,0.0,1.0,0.0,-1.0,-0.0,-1.0,-0.0,-1.0,-0.0,0.0,0.0,-1.0,-0.0,1.0,0.0,-1.0,-0.0,1.0,0.0,-1,-0.0,-1,-0.0,-1,-0.0,-1.0,-0.0,1.0,0.0,-1.0,-0.0,-1.0,-0.0,-1.0,-0.0,1.0,0.0,0,0.0,-1.0,-0.0,-1.0,-0.0,-1.0,-0.0,0.0,0.0,0.0,0.0,1.0,0.0,1.0,0.0,-1.0,-0.0,-1,-0.0,-1,-0.0,0.0,0.0,-1.0,-0.0,-1,-0.0,1.0,0.0,1,0.0,1.0,0.0,0.0,0.0,-1.0,-0.0,1.0,0.0,1.0,0.0,1.0,0.0,-1.0,-0.0,1.0,0.0,-1.0,-0.0,-1.0,-0.0,1.0,0.0,-1,-0.0,1,0.0,0.0,0.0,1.0,0.0,-1.0,-0.0,1.0,0.0,1.0,0.0,-1.0,-0.0,-1.0,-0.0,1.0,0.0,-1.0,-0.0,1,0.0,0,0.0,-1.0,-0.0,0,0.0,1.0,0.0,1,0.0,-1,-0.0,1.0,0.0,1,0.0,1.0,0.0,0.0,0.0,0.0,0.0,-1.0,-0.0,1.0,0.0,1.0,0.0,1.0,0.0,-1.0,-0.0,1.0,0.0,-1,-0.0,0,0.0,1.0,0.0,1.0,0.0,-1,-0.0,1.0,0.0,-1.0,-0.0,1,0.0,1,0.0,1.0,0.0,0.0,0.0,1.0,0.0,-1.0,-0.0
20170112,@SH7,1.0,0.0244686109738,51812.5,grain,1484248454,1.0,0.0,0.0,-1.0,-0.0,-1.0,-0.0,-1.0,-0.0,1.0,0.0,-1.0,-0.0,0.0,0.0,1.0,0.0,-1.0,-0.0,1.0,0.0,1.0,0.0,0,0.0,1,0.0,-1,-0.0,-1.0,-0.0,1.0,0.0,1.0,0.0,0.0,0.0,-1.0,-0.0,1.0,0.0,0,0.0,-1.0,-0.0,-1.0,-0.0,-1.0,-0.0,-1.0,-0.0,1.0,0.0,-1.0,-0.0,1.0,0.0,1.0,0.0,1,0.0,0,0.0,1.0,0.0,-1.0,-0.0,1,0.0,1.0,0.0,-1,-0.0,-1.0,-0.0,-1.0,-0.0,-1.0,-0.0,-1.0,-0.0,-1.0,-0.0,0.0,0.0,0.0,0.0,1.0,0.0,1.0,0.0,-1.0,-0.0,-1.0,-0.0,1,0.0,1,0.0,1.0,0.0,1.0,0.0,1.0,0.0,0.0,0.0,-1.0,-0.0,-1.0,-0.0,-1.0,-0.0,1.0,0.0,1.0,0.0,-1,-0.0,0,0.0,-1.0,-0.0,0,0.0,-1.0,-0.0,-1,-0.0,1,0.0,-1.0,-0.0,0,0.0,1.0,0.0,1.0,0.0,-1.0,-0.0,-1.0,-0.0,1.0,0.0,1.0,0.0,1.0,0.0,1.0,0.0,-1.0,-0.0,1,0.0,0,0.0,1.0,0.0,1.0,0.0,1,0.0,-1.0,-0.0,-1.0,-0.0,0,0.0,-1,-0.0,1.0,0.0,0.0,0.0,-1.0,-0.0,1.0,0.0
20170112,@YMH7,-1.0,-0.00342103939226,99045.0,index,1484257436,1.0,-0.0,0.0,0.0,-0.0,1.0,-0.0,-1.0,0.0,-1.0,0.0,-1.0,0.0,0.0,-0.0,-1.0,0.0,1.0,-0.0,-1.0,0.0,1.0,-0.0,-1,0.0,-1,0.0,-1,0.0,-1.0,0.0,1.0,-0.0,-1.0,0.0,-1.0,0.0,-1.0,0.0,1.0,-0.0,0,-0.0,-1.0,0.0,-1.0,0.0,-1.0,0.0,0.0,-0.0,0.0,-0.0,1.0,-0.0,1.0,-0.0,-1.0,0.0,-1,0.0,-1,0.0,0.0,-0.0,-1.0,0.0,-1,0.0,1.0,-0.0,1,-0.0,1.0,-0.0,0.0,-0.0,-1.0,0.0,1.0,-0.0,1.0,-0.0,1.0,-0.0,-1.0,0.0,1.0,-0.0,-1.0,0.0,-1.0,0.0,1.0,-0.0,-1,0.0,1,-0.0,0.0,-0.0,1.0,-0.0,-1.0,0.0,1.0,-0.0,1.0,-0.0,-1.0,0.0,-1.0,0.0,1.0,-0.0,-1.0,0.0,1,-0.0,0,-0.0,-1.0,0.0,0,-0.0,1.0,-0.0,1,-0.0,-1,0.0,1.0,-0.0,1,-0.0,1.0,-0.0,0.0,-0.0,0.0,-0.0,-1.0,0.0,1.0,-0.0,1.0,-0.0,1.0,-0.0,-1.0,0.0,1.0,-0.0,-1,0.0,0,-0.0,1.0,-0.0,1.0,-0.0,-1,0.0,1.0,-0.0,-1.0,0.0,1,-0.0,1,-0.0,1.0,-0.0,0.0,-0.0,1.0,-0.0,-1.0,0.0
20170112,@WH7,1.0,0.014328358209,21237.5,grain,1484248454,1.0,0.0,0.0,0.0,0.0,1.0,0.0,-1.0,-0.0,-1.0,-0.0,-1.0,-0.0,0.0,0.0,1.0,0.0,-1.0,-0.0,1.0,0.0,-1.0,-0.0,-1,-0.0,-1,-0.0,-1,-0.0,-1.0,-0.0,1.0,0.0,1.0,0.0,-1.0,-0.0,-1.0,-0.0,1.0,0.0,0,0.0,-1.0,-0.0,-1.0,-0.0,1.0,0.0,0.0,0.0,0.0,0.0,-1.0,-0.0,-1.0,-0.0,1.0,0.0,-1,-0.0,-1,-0.0,0.0,0.0,-1.0,-0.0,-1,-0.0,1.0,0.0,1,0.0,-1.0,-0.0,0.0,0.0,1.0,0.0,-1.0,-0.0,1.0,0.0,1.0,0.0,-1.0,-0.0,1.0,0.0,-1.0,-0.0,-1.0,-0.0,1.0,0.0,-1,-0.0,1,0.0,0.0,0.0,-1.0,-0.0,-1.0,-0.0,1.0,0.0,1.0,0.0,-1.0,-0.0,-1.0,-0.0,1.0,0.0,1.0,0.0,-1,-0.0,0,0.0,1.0,0.0,0,0.0,-1.0,-0.0,1,0.0,-1,-0.0,1.0,0.0,1,0.0,-1.0,-0.0,0.0,0.0,0.0,0.0,-1.0,-0.0,1.0,0.0,1.0,0.0,1.0,0.0,1.0,0.0,-1.0,-0.0,1,0.0,0,0.0,1.0,0.0,1.0,0.0,1,0.0,-1.0,-0.0,1.0,0.0,1,0.0,1,0.0,1.0,0.0,0.0,0.0,-1.0,-0.0,1.0,0.0
20170112,@USH7,-1.0,-0.00122699386503,152625.0,rates,1484257436,1.0,-0.0,0.0,1.0,-0.0,1.0,-0.0,-1.0,0.0,1.0,-0.0,1.0,-0.0,-1.0,0.0,-1.0,0.0,-1.0,0.0,-1.0,0.0,-1.0,0.0,0,-0.0,-1,0.0,1,-0.0,0.0,-0.0,-1.0,0.0,-1.0,0.0,1.0,-0.0,1.0,-0.0,-1.0,0.0,0,-0.0,-1.0,0.0,1.0,-0.0,1.0,-0.0,1.0,-0.0,-1.0,0.0,1.0,-0.0,-1.0,0.0,-1.0,0.0,-1,0.0,0,-0.0,-1.0,0.0,1.0,-0.0,-1,0.0,-1.0,0.0,-1,0.0,1.0,-0.0,0.0,-0.0,-1.0,0.0,1.0,-0.0,-1.0,0.0,-1.0,0.0,0.0,-0.0,-1.0,0.0,-1.0,0.0,1.0,-0.0,1.0,-0.0,-1,0.0,1,-0.0,0.0,-0.0,1.0,-0.0,1.0,-0.0,0.0,-0.0,1.0,-0.0,1.0,-0.0,0.0,-0.0,-1.0,0.0,-1.0,0.0,-1,0.0,-1,0.0,1.0,-0.0,0,-0.0,1.0,-0.0,1,-0.0,-1,0.0,1.0,-0.0,0,-0.0,-1.0,0.0,-1.0,0.0,1.0,-0.0,-1.0,0.0,1.0,-0.0,-1.0,0.0,0.0,-0.0,-1.0,0.0,1.0,-0.0,1,-0.0,1,-0.0,0.0,-0.0,1.0,-0.0,-1,0.0,1.0,-0.0,1.0,-0.0,0,-0.0,1,-0.0,-1.0,0.0,1.0,-0.0,1.0,-0.0,1.0,-0.0
20170112,@TYH7,1.0,0.00100150225338,124937.5,rates,1484257436,1.0,125.125187782,125.125187782,1.0,125.125187782,1.0,125.125187782,1.0,125.125187782,1.0,125.125187782,1.0,125.125187782,0.0,0.0,-1.0,-125.125187782,1.0,125.125187782,-1.0,-125.125187782,-1.0,-125.125187782,0,0.0,-1,-125.125187782,1,125.125187782,1.0,125.125187782,-1.0,-125.125187782,-1.0,-125.125187782,1.0,125.125187782,1.0,125.125187782,-1.0,-125.125187782,0,0.0,1.0,125.125187782,1.0,125.125187782,1.0,125.125187782,1.0,125.125187782,-1.0,-125.125187782,1.0,125.125187782,-1.0,-125.125187782,-1.0,-125.125187782,-1,-125.125187782,0,0.0,-1.0,-125.125187782,1.0,125.125187782,-1,-125.125187782,-1.0,-125.125187782,-1,-125.125187782,1.0,125.125187782,0.0,0.0,-1.0,-125.125187782,1.0,125.125187782,-1.0,-125.125187782,-1.0,-125.125187782,0.0,0.0,-1.0,-125.125187782,-1.0,-125.125187782,1.0,125.125187782,1.0,125.125187782,-1,-125.125187782,-1,-125.125187782,0.0,0.0,1.0,125.125187782,1.0,125.125187782,0.0,0.0,1.0,125.125187782,1.0,125.125187782,1.0,125.125187782,-1.0,-125.125187782,-1.0,-125.125187782,1,125.125187782,0,0.0,1.0,125.125187782,0,0.0,1.0,125.125187782,1,125.125187782,-1,-125.125187782,1.0,125.125187782,0,0.0,-1.0,-125.125187782,-1.0,-125.125187782,1.0,125.125187782,1.0,125.125187782,-1.0,-125.125187782,-1.0,-125.125187782,-1.0,-125.125187782,-1.0,-125.125187782,1.0,125.125187782,-1,-125.125187782,0,0.0,-1.0,-125.125187782,-1.0,-125.125187782,-1,-125.125187782,1.0,125.125187782,1.0,125.125187782,0,0.0,1,125.125187782,-1.0,-125.125187782,0.0,0.0,1.0,125.125187782,-1.0,-125.125187782
20170112,@TUH7,1.0,0.000144196106705,216750.0,rates,1484257436,2.0,0.0,0.0,0.0,0.0,-1.0,-0.0,1.0,0.0,-1.0,-0.0,1.0,0.0,0.0,0.0,-1.0,-0.0,1.0,0.0,-1.0,-0.0,1.0,0.0,1,0.0,1,0.0,1,0.0,1.0,0.0,-1.0,-0.0,-1.0,-0.0,0.0,0.0,1.0,0.0,-1.0,-0.0,0,0.0,1.0,0.0,1.0,0.0,-1.0,-0.0,0.0,0.0,0.0,0.0,1.0,0.0,1.0,0.0,-1.0,-0.0,1,0.0,1,0.0,0.0,0.0,1.0,0.0,-1,-0.0,-1.0,-0.0,1,0.0,1.0,0.0,1.0,0.0,1.0,0.0,1.0,0.0,1.0,0.0,0.0,0.0,1.0,0.0,-1.0,-0.0,1.0,0.0,1.0,0.0,1.0,0.0,1,0.0,-1,-0.0,-1.0,-0.0,-1.0,-0.0,-1.0,-0.0,-1.0,-0.0,-1.0,-0.0,1.0,0.0,1.0,0.0,-1.0,-0.0,-1.0,-0.0,1,0.0,0,0.0,-1.0,-0.0,0,0.0,1.0,0.0,-1,-0.0,1,0.0,-1.0,-0.0,-1,-0.0,1.0,0.0,0.0,0.0,0.0,0.0,1.0,0.0,-1.0,-0.0,-1.0,-0.0,-1.0,-0.0,-1.0,-0.0,1.0,0.0,-1,-0.0,0,0.0,-1.0,-0.0,-1.0,-0.0,-1,-0.0,1.0,0.0,-1.0,-0.0,-1,-0.0,-1,-0.0,-1.0,-0.0,0.0,0.0,1.0,0.0,-1.0,-0.0
20170112,@SMH7,1.0,0.0377897745316,32680.0,grain,1484248454,1.0,0.0,0.0,-1.0,-0.0,-1.0,-0.0,1.0,0.0,-1.0,-0.0,-1.0,-0.0,1.0,0.0,1.0,0.0,1.0,0.0,1.0,0.0,1.0,0.0,0,0.0,1,0.0,-1,-0.0,0.0,0.0,1.0,0.0,1.0,0.0,-1.0,-0.0,-1.0,-0.0,1.0,0.0,0,0.0,1.0,0.0,-1.0,-0.0,1.0,0.0,0.0,0.0,0.0,0.0,-1.0,-0.0,-1.0,-0.0,1.0,0.0,-1,-0.0,-1,-0.0,1.0,0.0,-1.0,-0.0,1,0.0,1.0,0.0,1,0.0,-1.0,-0.0,0.0,0.0,1.0,0.0,-1.0,-0.0,1.0,0.0,1.0,0.0,-1.0,-0.0,1.0,0.0,-1.0,-0.0,-1.0,-0.0,-1.0,-0.0,-1,-0.0,-1,-0.0,0.0,0.0,-1.0,-0.0,-1.0,-0.0,1.0,0.0,1.0,0.0,-1.0,-0.0,0.0,0.0,1.0,0.0,1.0,0.0,1,0.0,1,0.0,1.0,0.0,0,0.0,-1.0,-0.0,1,0.0,1,0.0,1.0,0.0,1,0.0,-1.0,-0.0,0.0,0.0,0.0,0.0,1.0,0.0,-1.0,-0.0,1.0,0.0,0.0,0.0,1.0,0.0,-1.0,-0.0,-1,-0.0,-1,-0.0,0.0,0.0,-1.0,-0.0,1,0.0,-1.0,-0.0,-1.0,-0.0,0,0.0,-1,-0.0,1.0,0.0,-1.0,-0.0,-1.0,-0.0,-1.0,-0.0
20170112,QSIH7,-1.0,-0.00106964582838,84050.0,metal,1484257436,1.0,-0.0,0.0,0.0,-0.0,-1.0,0.0,1.0,-0.0,-1.0,0.0,1.0,-0.0,0.0,-0.0,1.0,-0.0,-1.0,0.0,1.0,-0.0,-1.0,0.0,1,-0.0,1,-0.0,1,-0.0,1.0,-0.0,1.0,-0.0,-1.0,0.0,0.0,-0.0,-1.0,0.0,1.0,-0.0,0,-0.0,1.0,-0.0,1.0,-0.0,1.0,-0.0,1.0,-0.0,-1.0,0.0,1.0,-0.0,-1.0,0.0,-1.0,0.0,1,-0.0,0,-0.0,0.0,-0.0,-1.0,0.0,-1,0.0,-1.0,0.0,1,-0.0,-1.0,0.0,1.0,-0.0,1.0,-0.0,1.0,-0.0,-1.0,0.0,0.0,-0.0,0.0,-0.0,1.0,-0.0,1.0,-0.0,-1.0,0.0,1.0,-0.0,-1,0.0,-1,0.0,-1.0,0.0,-1.0,0.0,1.0,-0.0,0.0,-0.0,-1.0,0.0,1.0,-0.0,1.0,-0.0,-1.0,0.0,1.0,-0.0,-1,0.0,0,-0.0,1.0,-0.0,0,-0.0,1.0,-0.0,-1,0.0,1,-0.0,1.0,-0.0,0,-0.0,-1.0,0.0,-1.0,0.0,1.0,-0.0,1.0,-0.0,-1.0,0.0,-1.0,0.0,-1.0,0.0,-1.0,0.0,-1.0,0.0,1,-0.0,0,-0.0,-1.0,0.0,-1.0,0.0,1,-0.0,-1.0,0.0,1.0,-0.0,-1,0.0,-1,0.0,-1.0,0.0,0.0,-0.0,-1.0,0.0,1.0,-0.0
20170112,@SFH7,1.0,0.00445073841796,124125.0,currency,1484257436,1.0,0.0,0.0,0.0,0.0,1.0,0.0,-1.0,-0.0,-1.0,-0.0,-1.0,-0.0,0.0,0.0,-1.0,-0.0,1.0,0.0,-1.0,-0.0,1.0,0.0,-1,-0.0,-1,-0.0,-1,-0.0,-1.0,-0.0,1.0,0.0,-1.0,-0.0,-1.0,-0.0,-1.0,-0.0,1.0,0.0,0,0.0,-1.0,-0.0,-1.0,-0.0,-1.0,-0.0,0.0,0.0,0.0,0.0,1.0,0.0,1.0,0.0,-1.0,-0.0,-1,-0.0,-1,-0.0,0.0,0.0,-1.0,-0.0,-1,-0.0,1.0,0.0,1,0.0,1.0,0.0,0.0,0.0,-1.0,-0.0,1.0,0.0,1.0,0.0,1.0,0.0,-1.0,-0.0,1.0,0.0,-1.0,-0.0,-1.0,-0.0,1.0,0.0,-1,-0.0,1,0.0,0.0,0.0,1.0,0.0,-1.0,-0.0,1.0,0.0,1.0,0.0,-1.0,-0.0,-1.0,-0.0,1.0,0.0,-1.0,-0.0,1,0.0,0,0.0,-1.0,-0.0,0,0.0,1.0,0.0,1,0.0,-1,-0.0,1.0,0.0,1,0.0,1.0,0.0,0.0,0.0,0.0,0.0,-1.0,-0.0,1.0,0.0,1.0,0.0,1.0,0.0,-1.0,-0.0,1.0,0.0,-1,-0.0,0,0.0,1.0,0.0,1.0,0.0,-1,-0.0,1.0,0.0,-1.0,-0.0,1,0.0,1,0.0,1.0,0.0,0.0,0.0,1.0,0.0,-1.0,-0.0
20170112,@BOH7,-1.0,-0.00305555555556,21534.0,grain,1484248454,1.0,-65.7983333333,65.7983333333,-1.0,65.7983333333,-1.0,65.7983333333,-1.0,65.7983333333,1.0,-65.7983333333,1.0,-65.7983333333,0.0,-0.0,-1.0,65.7983333333,1.0,-65.7983333333,1.0,-65.7983333333,1.0,-65.7983333333,0,-0.0,-1,65.7983333333,-1,65.7983333333,-1.0,65.7983333333,-1.0,65.7983333333,1.0,-65.7983333333,0.0,-0.0,1.0,-65.7983333333,-1.0,65.7983333333,0,-0.0,-1.0,65.7983333333,-1.0,65.7983333333,-1.0,65.7983333333,-1.0,65.7983333333,1.0,-65.7983333333,-1.0,65.7983333333,1.0,-65.7983333333,1.0,-65.7983333333,-1,65.7983333333,0,-0.0,1.0,-65.7983333333,1.0,-65.7983333333,-1,65.7983333333,1.0,-65.7983333333,-1,65.7983333333,1.0,-65.7983333333,-1.0,65.7983333333,-1.0,65.7983333333,-1.0,65.7983333333,1.0,-65.7983333333,0.0,-0.0,0.0,-0.0,-1.0,65.7983333333,-1.0,65.7983333333,1.0,-65.7983333333,1.0,-65.7983333333,1,-65.7983333333,1,-65.7983333333,1.0,-65.7983333333,1.0,-65.7983333333,-1.0,65.7983333333,0.0,-0.0,1.0,-65.7983333333,-1.0,65.7983333333,-1.0,65.7983333333,1.0,-65.7983333333,-1.0,65.7983333333,1,-65.7983333333,0,-0.0,-1.0,65.7983333333,0,-0.0,-1.0,65.7983333333,1,-65.7983333333,1,-65.7983333333,-1.0,65.7983333333,0,-0.0,1.0,-65.7983333333,1.0,-65.7983333333,-1.0,65.7983333333,-1.0,65.7983333333,1.0,-65.7983333333,1.0,-65.7983333333,1.0,-65.7983333333,1.0,-65.7983333333,1.0,-65.7983333333,-1,65.7983333333,0,-0.0,1.0,-65.7983333333,1.0,-65.7983333333,-1,65.7983333333,-1.0,65.7983333333,-1.0,65.7983333333,0,-0.0,1,-65.7983333333,-1.0,65.7983333333,0.0,-0.0,1.0,-65.7983333333,-1.0,65.7983333333
20170112,QRBH7,1.0,0.0136445020683,68955.6,energy,1484257436,1.0,0.0,0.0,-1.0,-0.0,-1.0,-0.0,-1.0,-0.0,-1.0,-0.0,1.0,0.0,1.0,0.0,1.0,0.0,1.0,0.0,1.0,0.0,1.0,0.0,0,0.0,-1,-0.0,-1,-0.0,0.0,0.0,-1.0,-0.0,-1.0,-0.0,-1.0,-0.0,-1.0,-0.0,-1.0,-0.0,0,0.0,-1.0,-0.0,1.0,0.0,-1.0,-0.0,-1.0,-0.0,1.0,0.0,-1.0,-0.0,1.0,0.0,1.0,0.0,-1,-0.0,0,0.0,1.0,0.0,1.0,0.0,-1,-0.0,1.0,0.0,1,0.0,1.0,0.0,0.0,0.0,-1.0,-0.0,1.0,0.0,1.0,0.0,1.0,0.0,0.0,0.0,1.0,0.0,-1.0,-0.0,1.0,0.0,1.0,0.0,1,0.0,-1,-0.0,0.0,0.0,1.0,0.0,-1.0,-0.0,0.0,0.0,1.0,0.0,1.0,0.0,0.0,0.0,-1.0,-0.0,1.0,0.0,1,0.0,1,0.0,-1.0,-0.0,0,0.0,-1.0,-0.0,1,0.0,1,0.0,-1.0,-0.0,0,0.0,1.0,0.0,1.0,0.0,-1.0,-0.0,1.0,0.0,1.0,0.0,-1.0,-0.0,0.0,0.0,1.0,0.0,-1.0,-0.0,-1,-0.0,-1,-0.0,0.0,0.0,1.0,0.0,-1,-0.0,-1.0,-0.0,-1.0,-0.0,0,0.0,1,0.0,-1.0,-0.0,-1.0,-0.0,-1.0,-0.0,-1.0,-0.0
20170112,QPLJ7,1.0,0.00460876689881,49045.0,metal,1484257436,1.0,0.0,0.0,1.0,0.0,1.0,0.0,1.0,0.0,-1.0,-0.0,-1.0,-0.0,0.0,0.0,1.0,0.0,-1.0,-0.0,-1.0,-0.0,-1.0,-0.0,0,0.0,1,0.0,1,0.0,1.0,0.0,1.0,0.0,-1.0,-0.0,0.0,0.0,-1.0,-0.0,1.0,0.0,0,0.0,1.0,0.0,1.0,0.0,1.0,0.0,1.0,0.0,-1.0,-0.0,1.0,0.0,-1.0,-0.0,-1.0,-0.0,1,0.0,0,0.0,-1.0,-0.0,-1.0,-0.0,-1,-0.0,-1.0,-0.0,1,0.0,-1.0,-0.0,1.0,0.0,1.0,0.0,1.0,0.0,-1.0,-0.0,0.0,0.0,0.0,0.0,1.0,0.0,1.0,0.0,-1.0,-0.0,1.0,0.0,-1,-0.0,-1,-0.0,-1.0,-0.0,-1.0,-0.0,1.0,0.0,0.0,0.0,-1.0,-0.0,1.0,0.0,1.0,0.0,-1.0,-0.0,1.0,0.0,-1,-0.0,0,0.0,1.0,0.0,0,0.0,1.0,0.0,-1,-0.0,-1,-0.0,1.0,0.0,0,0.0,-1.0,-0.0,-1.0,-0.0,1.0,0.0,1.0,0.0,-1.0,-0.0,-1.0,-0.0,-1.0,-0.0,-1.0,-0.0,-1.0,-0.0,1,0.0,0,0.0,-1.0,-0.0,-1.0,-0.0,1,0.0,1.0,0.0,1.0,0.0,0,0.0,-1,-0.0,1.0,0.0,0.0,0.0,-1.0,-0.0,1.0,0.0
20170112,QPAH7,1.0,0.00782597161427,75980.0,metal,1484257436,1.0,0.0,0.0,0.0,0.0,1.0,0.0,1.0,0.0,-1.0,-0.0,-1.0,-0.0,1.0,0.0,1.0,0.0,1.0,0.0,1.0,0.0,-1.0,-0.0,-1,-0.0,-1,-0.0,-1,-0.0,0.0,0.0,1.0,0.0,1.0,0.0,-1.0,-0.0,-1.0,-0.0,1.0,0.0,0,0.0,1.0,0.0,-1.0,-0.0,1.0,0.0,0.0,0.0,0.0,0.0,-1.0,-0.0,-1.0,-0.0,1.0,0.0,-1,-0.0,-1,-0.0,0.0,0.0,-1.0,-0.0,-1,-0.0,1.0,0.0,1,0.0,-1.0,-0.0,0.0,0.0,1.0,0.0,-1.0,-0.0,1.0,0.0,1.0,0.0,-1.0,-0.0,1.0,0.0,-1.0,-0.0,-1.0,-0.0,1.0,0.0,-1,-0.0,-1,-0.0,0.0,0.0,-1.0,-0.0,-1.0,-0.0,1.0,0.0,1.0,0.0,-1.0,-0.0,0.0,0.0,1.0,0.0,1.0,0.0,1,0.0,1,0.0,1.0,0.0,0,0.0,-1.0,-0.0,1,0.0,-1,-0.0,1.0,0.0,1,0.0,-1.0,-0.0,0.0,0.0,0.0,0.0,1.0,0.0,-1.0,-0.0,1.0,0.0,0.0,0.0,1.0,0.0,-1.0,-0.0,-1,-0.0,-1,-0.0,0.0,0.0,-1.0,-0.0,1,0.0,-1.0,-0.0,1.0,0.0,1,0.0,1,0.0,1.0,0.0,-1.0,-0.0,-1.0,-0.0,-1.0,-0.0
20170112,@NQH7,-1.0,-0.00213018924007,100715.0,index,1484257436,1.0,-0.0,0.0,0.0,-0.0,1.0,-0.0,-1.0,0.0,-1.0,0.0,-1.0,0.0,0.0,-0.0,-1.0,0.0,1.0,-0.0,-1.0,0.0,1.0,-0.0,-1,0.0,-1,0.0,-1,0.0,-1.0,0.0,1.0,-0.0,-1.0,0.0,-1.0,0.0,-1.0,0.0,1.0,-0.0,0,-0.0,-1.0,0.0,-1.0,0.0,-1.0,0.0,0.0,-0.0,0.0,-0.0,1.0,-0.0,1.0,-0.0,-1.0,0.0,-1,0.0,-1,0.0,0.0,-0.0,-1.0,0.0,-1,0.0,1.0,-0.0,1,-0.0,1.0,-0.0,0.0,-0.0,-1.0,0.0,1.0,-0.0,1.0,-0.0,1.0,-0.0,-1.0,0.0,1.0,-0.0,-1.0,0.0,-1.0,0.0,1.0,-0.0,-1,0.0,1,-0.0,0.0,-0.0,1.0,-0.0,-1.0,0.0,1.0,-0.0,1.0,-0.0,-1.0,0.0,-1.0,0.0,1.0,-0.0,-1.0,0.0,1,-0.0,0,-0.0,-1.0,0.0,0,-0.0,1.0,-0.0,1,-0.0,-1,0.0,1.0,-0.0,1,-0.0,1.0,-0.0,0.0,-0.0,0.0,-0.0,-1.0,0.0,1.0,-0.0,1.0,-0.0,1.0,-0.0,-1.0,0.0,1.0,-0.0,-1,0.0,0,-0.0,1.0,-0.0,1.0,-0.0,-1,0.0,1.0,-0.0,-1.0,0.0,1,-0.0,1,-0.0,1.0,-0.0,0.0,-0.0,1.0,-0.0,-1.0,0.0
20170112,QNGH7,1.0,0.0447622008082,33610.0,energy,1484257436,1.0,1504.45756916,1504.45756916,0.0,0.0,1.0,1504.45756916,-1.0,-1504.45756916,1.0,1504.45756916,-1.0,-1504.45756916,1.0,1504.45756916,1.0,1504.45756916,1.0,1504.45756916,-1.0,-1504.45756916,1.0,1504.45756916,-1,-1504.45756916,-1,-1504.45756916,-1,-1504.45756916,0.0,0.0,-1.0,-1504.45756916,1.0,1504.45756916,0.0,0.0,1.0,1504.45756916,-1.0,-1504.45756916,0,0.0,-1.0,-1504.45756916,1.0,1504.45756916,-1.0,-1504.45756916,-1.0,-1504.45756916,1.0,1504.45756916,-1.0,-1504.45756916,1.0,1504.45756916,1.0,1504.45756916,-1,-1504.45756916,0,0.0,0.0,0.0,1.0,1504.45756916,-1,-1504.45756916,1.0,1504.45756916,-1,-1504.45756916,1.0,1504.45756916,-1.0,-1504.45756916,-1.0,-1504.45756916,-1.0,-1504.45756916,1.0,1504.45756916,0.0,0.0,0.0,0.0,-1.0,-1504.45756916,-1.0,-1504.45756916,1.0,1504.45756916,1.0,1504.45756916,1,1504.45756916,-1,-1504.45756916,1.0,1504.45756916,1.0,1504.45756916,-1.0,-1504.45756916,0.0,0.0,1.0,1504.45756916,1.0,1504.45756916,0.0,0.0,-1.0,-1504.45756916,1.0,1504.45756916,1,1504.45756916,1,1504.45756916,-1.0,-1504.45756916,0,0.0,-1.0,-1504.45756916,1,1504.45756916,-1,-1504.45756916,-1.0,-1504.45756916,0,0.0,1.0,1504.45756916,1.0,1504.45756916,-1.0,-1504.45756916,1.0,1504.45756916,1.0,1504.45756916,-1.0,-1504.45756916,0.0,0.0,1.0,1504.45756916,-1.0,-1504.45756916,-1,-1504.45756916,-1,-1504.45756916,0.0,0.0,1.0,1504.45756916,-1,-1504.45756916,1.0,1504.45756916,-1.0,-1504.45756916,1,1504.45756916,1,1504.45756916,1.0,1504.45756916,-1.0,-1504.45756916,-1.0,-1504.45756916,-1.0,-1504.45756916
20170112,@NEH7,1.0,0.00937766410912,71040.0,currency,1484257436,1.0,0.0,0.0,0.0,0.0,1.0,0.0,-1.0,-0.0,-1.0,-0.0,-1.0,-0.0,0.0,0.0,-1.0,-0.0,1.0,0.0,-1.0,-0.0,1.0,0.0,-1,-0.0,-1,-0.0,-1,-0.0,-1.0,-0.0,1.0,0.0,-1.0,-0.0,-1.0,-0.0,-1.0,-0.0,1.0,0.0,0,0.0,-1.0,-0.0,-1.0,-0.0,-1.0,-0.0,0.0,0.0,0.0,0.0,1.0,0.0,1.0,0.0,-1.0,-0.0,-1,-0.0,-1,-0.0,0.0,0.0,-1.0,-0.0,-1,-0.0,1.0,0.0,1,0.0,1.0,0.0,0.0,0.0,-1.0,-0.0,1.0,0.0,1.0,0.0,1.0,0.0,-1.0,-0.0,1.0,0.0,-1.0,-0.0,-1.0,-0.0,1.0,0.0,-1,-0.0,1,0.0,0.0,0.0,1.0,0.0,-1.0,-0.0,1.0,0.0,1.0,0.0,-1.0,-0.0,-1.0,-0.0,1.0,0.0,-1.0,-0.0,1,0.0,0,0.0,-1.0,-0.0,0,0.0,1.0,0.0,1,0.0,-1,-0.0,1.0,0.0,1,0.0,1.0,0.0,0.0,0.0,0.0,0.0,-1.0,-0.0,1.0,0.0,1.0,0.0,1.0,0.0,-1.0,-0.0,1.0,0.0,-1,-0.0,0,0.0,1.0,0.0,1.0,0.0,-1,-0.0,1.0,0.0,-1.0,-0.0,1,0.0,1,0.0,1.0,0.0,0.0,0.0,1.0,0.0,-1.0,-0.0
20170112,@NKDH7,-1.0,-0.00879007238883,83073.3229329,index,1484257436,1.0,-0.0,0.0,0.0,-0.0,1.0,-0.0,-1.0,0.0,1.0,-0.0,-1.0,0.0,0.0,-0.0,-1.0,0.0,1.0,-0.0,-1.0,0.0,1.0,-0.0,-1,0.0,-1,0.0,-1,0.0,-1.0,0.0,-1.0,0.0,1.0,-0.0,0.0,-0.0,1.0,-0.0,-1.0,0.0,0,-0.0,-1.0,0.0,-1.0,0.0,-1.0,0.0,-1.0,0.0,1.0,-0.0,-1.0,0.0,1.0,-0.0,1.0,-0.0,-1,0.0,0,-0.0,0.0,-0.0,1.0,-0.0,1,-0.0,1.0,-0.0,-1,0.0,1.0,-0.0,-1.0,0.0,-1.0,0.0,-1.0,0.0,1.0,-0.0,0.0,-0.0,0.0,-0.0,-1.0,0.0,-1.0,0.0,1.0,-0.0,-1.0,0.0,1,-0.0,1,-0.0,1.0,-0.0,1.0,-0.0,-1.0,0.0,0.0,-0.0,1.0,-0.0,-1.0,0.0,-1.0,0.0,1.0,-0.0,-1.0,0.0,1,-0.0,0,-0.0,-1.0,0.0,0,-0.0,-1.0,0.0,1,-0.0,-1,0.0,-1.0,0.0,0,-0.0,1.0,-0.0,1.0,-0.0,-1.0,0.0,-1.0,0.0,1.0,-0.0,1.0,-0.0,1.0,-0.0,1.0,-0.0,1.0,-0.0,-1,0.0,0,-0.0,1.0,-0.0,1.0,-0.0,-1,0.0,1.0,-0.0,-1.0,0.0,1,-0.0,1,-0.0,1.0,-0.0,0.0,-0.0,1.0,-0.0,-1.0,0.0
20170112,@HEG7,1.0,0.00381097560976,26340.0,meat,1484247804,1.0,0.0,0.0,0.0,0.0,1.0,0.0,-1.0,-0.0,-1.0,-0.0,-1.0,-0.0,1.0,0.0,1.0,0.0,1.0,0.0,-1.0,-0.0,1.0,0.0,-1,-0.0,-1,-0.0,-1,-0.0,0.0,0.0,1.0,0.0,-1.0,-0.0,-1.0,-0.0,-1.0,-0.0,1.0,0.0,0,0.0,-1.0,-0.0,1.0,0.0,-1.0,-0.0,0.0,0.0,0.0,0.0,1.0,0.0,1.0,0.0,-1.0,-0.0,-1,-0.0,-1,-0.0,0.0,0.0,-1.0,-0.0,1,0.0,1.0,0.0,1,0.0,1.0,0.0,0.0,0.0,-1.0,-0.0,1.0,0.0,1.0,0.0,1.0,0.0,-1.0,-0.0,1.0,0.0,-1.0,-0.0,-1.0,-0.0,-1.0,-0.0,-1,-0.0,-1,-0.0,0.0,0.0,1.0,0.0,-1.0,-0.0,1.0,0.0,1.0,0.0,1.0,0.0,0.0,0.0,-1.0,-0.0,1.0,0.0,1,0.0,1,0.0,-1.0,-0.0,0,0.0,1.0,0.0,1,0.0,-1,-0.0,1.0,0.0,1,0.0,1.0,0.0,0.0,0.0,0.0,0.0,1.0,0.0,1.0,0.0,-1.0,-0.0,0.0,0.0,-1.0,-0.0,-1.0,-0.0,-1,-0.0,-1,-0.0,0.0,0.0,1.0,0.0,-1,-0.0,1.0,0.0,-1.0,-0.0,1,0.0,1,0.0,1.0,0.0,-1.0,-0.0,-1.0,-0.0,-1.0,-0.0
20170112,@BPH7,-1.0,-0.00327251902152,76143.75,currency,1484257436,1.0,-0.0,0.0,0.0,-0.0,1.0,-0.0,-1.0,0.0,-1.0,0.0,-1.0,0.0,0.0,-0.0,-1.0,0.0,1.0,-0.0,-1.0,0.0,1.0,-0.0,-1,0.0,-1,0.0,-1,0.0,-1.0,0.0,1.0,-0.0,-1.0,0.0,-1.0,0.0,-1.0,0.0,1.0,-0.0,0,-0.0,-1.0,0.0,-1.0,0.0,-1.0,0.0,0.0,-0.0,0.0,-0.0,1.0,-0.0,1.0,-0.0,-1.0,0.0,-1,0.0,-1,0.0,0.0,-0.0,-1.0,0.0,-1,0.0,1.0,-0.0,1,-0.0,1.0,-0.0,0.0,-0.0,-1.0,0.0,1.0,-0.0,1.0,-0.0,1.0,-0.0,-1.0,0.0,1.0,-0.0,-1.0,0.0,-1.0,0.0,1.0,-0.0,-1,0.0,1,-0.0,0.0,-0.0,1.0,-0.0,-1.0,0.0,1.0,-0.0,1.0,-0.0,-1.0,0.0,-1.0,0.0,1.0,-0.0,-1.0,0.0,1,-0.0,0,-0.0,-1.0,0.0,0,-0.0,1.0,-0.0,1,-0.0,-1,0.0,1.0,-0.0,1,-0.0,1.0,-0.0,0.0,-0.0,0.0,-0.0,-1.0,0.0,1.0,-0.0,1.0,-0.0,1.0,-0.0,-1.0,0.0,1.0,-0.0,-1,0.0,0,-0.0,1.0,-0.0,1.0,-0.0,-1,0.0,1.0,-0.0,-1.0,0.0,1,-0.0,1,-0.0,1.0,-0.0,0.0,-0.0,1.0,-0.0,-1.0,0.0
20170112,@CH7,-1.0,-0.000699790062981,17850.0,grain,1484248454,1.0,-0.0,0.0,0.0,-0.0,1.0,-0.0,1.0,-0.0,1.0,-0.0,-1.0,0.0,1.0,-0.0,1.0,-0.0,1.0,-0.0,1.0,-0.0,-1.0,0.0,-1,0.0,-1,0.0,-1,0.0,0.0,-0.0,1.0,-0.0,1.0,-0.0,0.0,-0.0,-1.0,0.0,1.0,-0.0,0,-0.0,1.0,-0.0,-1.0,0.0,1.0,-0.0,0.0,-0.0,0.0,-0.0,-1.0,0.0,-1.0,0.0,1.0,-0.0,-1,0.0,-1,0.0,0.0,-0.0,-1.0,0.0,-1,0.0,1.0,-0.0,-1,0.0,-1.0,0.0,-1.0,0.0,-1.0,0.0,-1.0,0.0,-1.0,0.0,0.0,-0.0,-1.0,0.0,1.0,-0.0,-1.0,0.0,-1.0,0.0,1.0,-0.0,-1,0.0,-1,0.0,1.0,-0.0,1.0,-0.0,1.0,-0.0,1.0,-0.0,1.0,-0.0,-1.0,0.0,0.0,-0.0,1.0,-0.0,1.0,-0.0,1,-0.0,1,-0.0,1.0,-0.0,0,-0.0,-1.0,0.0,1,-0.0,-1,0.0,1.0,-0.0,1,-0.0,-1.0,0.0,0.0,-0.0,0.0,-0.0,1.0,-0.0,-1.0,0.0,1.0,-0.0,0.0,-0.0,1.0,-0.0,-1.0,0.0,-1,0.0,-1,0.0,0.0,-0.0,-1.0,0.0,1,-0.0,-1.0,0.0,1.0,-0.0,1,-0.0,1,-0.0,1.0,-0.0,-1.0,0.0,-1.0,0.0,-1.0,0.0
20170112,@CDH7,1.0,0.00236920039487,76155.0,currency,1484257436,1.0,0.0,0.0,0.0,0.0,1.0,0.0,-1.0,-0.0,-1.0,-0.0,-1.0,-0.0,0.0,0.0,-1.0,-0.0,1.0,0.0,-1.0,-0.0,1.0,0.0,-1,-0.0,-1,-0.0,-1,-0.0,-1.0,-0.0,1.0,0.0,-1.0,-0.0,-1.0,-0.0,-1.0,-0.0,1.0,0.0,0,0.0,-1.0,-0.0,-1.0,-0.0,-1.0,-0.0,0.0,0.0,0.0,0.0,1.0,0.0,1.0,0.0,-1.0,-0.0,-1,-0.0,-1,-0.0,0.0,0.0,-1.0,-0.0,-1,-0.0,1.0,0.0,1,0.0,1.0,0.0,0.0,0.0,-1.0,-0.0,1.0,0.0,1.0,0.0,1.0,0.0,-1.0,-0.0,1.0,0.0,-1.0,-0.0,-1.0,-0.0,1.0,0.0,-1,-0.0,1,0.0,0.0,0.0,1.0,0.0,-1.0,-0.0,1.0,0.0,1.0,0.0,-1.0,-0.0,-1.0,-0.0,1.0,0.0,-1.0,-0.0,1,0.0,0,0.0,-1.0,-0.0,0,0.0,1.0,0.0,1,0.0,-1,-0.0,1.0,0.0,1,0.0,1.0,0.0,0.0,0.0,0.0,0.0,-1.0,-0.0,1.0,0.0,1.0,0.0,1.0,0.0,-1.0,-0.0,1.0,0.0,-1,-0.0,0,0.0,1.0,0.0,1.0,0.0,-1,-0.0,1.0,0.0,-1.0,-0.0,1,0.0,1,0.0,1.0,0.0,0.0,0.0,1.0,0.0,-1.0,-0.0
20170112,QCLH7,1.0,0.0150772710139,53860.0,energy,1484257436,1.0,0.0,0.0,0.0,0.0,1.0,0.0,-1.0,-0.0,1.0,0.0,-1.0,-0.0,1.0,0.0,1.0,0.0,1.0,0.0,-1.0,-0.0,1.0,0.0,-1,-0.0,-1,-0.0,-1,-0.0,0.0,0.0,1.0,0.0,1.0,0.0,0.0,0.0,1.0,0.0,1.0,0.0,0,0.0,-1.0,-0.0,1.0,0.0,-1.0,-0.0,0.0,0.0,0.0,0.0,1.0,0.0,1.0,0.0,-1.0,-0.0,-1,-0.0,-1,-0.0,0.0,0.0,-1.0,-0.0,-1,-0.0,1.0,0.0,-1,-0.0,1.0,0.0,-1.0,-0.0,-1.0,-0.0,-1.0,-0.0,1.0,0.0,0.0,0.0,-1.0,-0.0,-1.0,-0.0,-1.0,-0.0,-1.0,-0.0,1.0,0.0,-1,-0.0,-1,-0.0,1.0,0.0,1.0,0.0,-1.0,-0.0,1.0,0.0,1.0,0.0,1.0,0.0,0.0,0.0,-1.0,-0.0,1.0,0.0,1,0.0,1,0.0,-1.0,-0.0,0,0.0,1.0,0.0,1,0.0,-1,-0.0,1.0,0.0,1,0.0,1.0,0.0,0.0,0.0,0.0,0.0,1.0,0.0,1.0,0.0,-1.0,-0.0,0.0,0.0,-1.0,-0.0,-1.0,-0.0,-1,-0.0,-1,-0.0,0.0,0.0,1.0,0.0,-1,-0.0,1.0,0.0,-1.0,-0.0,1,0.0,1,0.0,1.0,0.0,-1.0,-0.0,-1.0,-0.0,-1.0,-0.0
20170112,@PXH7,1.0,0.00641592920354,22745.0,currency,1484257436,1.0,0.0,0.0,-1.0,-0.0,-1.0,-0.0,1.0,0.0,1.0,0.0,-1.0,-0.0,1.0,0.0,1.0,0.0,1.0,0.0,1.0,0.0,1.0,0.0,0,0.0,1,0.0,-1,-0.0,0.0,0.0,1.0,0.0,1.0,0.0,0.0,0.0,-1.0,-0.0,1.0,0.0,0,0.0,1.0,0.0,-1.0,-0.0,-1.0,-0.0,-1.0,-0.0,1.0,0.0,-1.0,-0.0,1.0,0.0,1.0,0.0,1,0.0,0,0.0,1.0,0.0,-1.0,-0.0,-1,-0.0,1.0,0.0,-1,-0.0,-1.0,-0.0,-1.0,-0.0,-1.0,-0.0,-1.0,-0.0,-1.0,-0.0,0.0,0.0,0.0,0.0,1.0,0.0,1.0,0.0,-1.0,-0.0,1.0,0.0,1,0.0,-1,-0.0,1.0,0.0,1.0,0.0,1.0,0.0,0.0,0.0,-1.0,-0.0,-1.0,-0.0,0.0,0.0,1.0,0.0,1.0,0.0,1,0.0,1,0.0,-1.0,-0.0,0,0.0,-1.0,-0.0,-1,-0.0,1,0.0,-1.0,-0.0,0,0.0,1.0,0.0,1.0,0.0,-1.0,-0.0,1.0,0.0,-1.0,-0.0,1.0,0.0,0.0,0.0,1.0,0.0,-1.0,-0.0,-1,-0.0,-1,-0.0,0.0,0.0,-1.0,-0.0,1,0.0,-1.0,-0.0,-1.0,-0.0,0,0.0,-1,-0.0,1.0,0.0,-1.0,-0.0,-1.0,-0.0,-1.0,-0.0
20170112,@EMDH7,-1.0,-0.00522286189091,167610.0,index,1484257436,1.0,-0.0,0.0,-1.0,0.0,-1.0,0.0,-1.0,0.0,1.0,-0.0,1.0,-0.0,0.0,-0.0,-1.0,0.0,1.0,-0.0,1.0,-0.0,1.0,-0.0,0,-0.0,-1,0.0,-1,0.0,-1.0,0.0,-1.0,0.0,1.0,-0.0,0.0,-0.0,1.0,-0.0,-1.0,0.0,0,-0.0,-1.0,0.0,-1.0,0.0,-1.0,0.0,-1.0,0.0,1.0,-0.0,-1.0,0.0,1.0,-0.0,1.0,-0.0,-1,0.0,0,-0.0,1.0,-0.0,1.0,-0.0,-1,0.0,1.0,-0.0,-1,0.0,1.0,-0.0,-1.0,0.0,-1.0,0.0,-1.0,0.0,1.0,-0.0,0.0,-0.0,0.0,-0.0,-1.0,0.0,-1.0,0.0,1.0,-0.0,1.0,-0.0,1,-0.0,1,-0.0,1.0,-0.0,1.0,-0.0,-1.0,0.0,0.0,-0.0,1.0,-0.0,-1.0,0.0,-1.0,0.0,1.0,-0.0,-1.0,0.0,1,-0.0,0,-0.0,-1.0,0.0,0,-0.0,-1.0,0.0,1,-0.0,1,-0.0,-1.0,0.0,0,-0.0,1.0,-0.0,1.0,-0.0,-1.0,0.0,-1.0,0.0,1.0,-0.0,1.0,-0.0,1.0,-0.0,1.0,-0.0,1.0,-0.0,-1,0.0,0,-0.0,1.0,-0.0,1.0,-0.0,-1,0.0,-1.0,0.0,-1.0,0.0,0,-0.0,1,-0.0,-1.0,0.0,0.0,-0.0,1.0,-0.0,-1.0,0.0
20170112,@ESH7,-1.0,-0.00297291345519,113187.5,index,1484257436,1.0,-336.496641709,336.496641709,0.0,-0.0,1.0,-336.496641709,-1.0,336.496641709,-1.0,336.496641709,-1.0,336.496641709,0.0,-0.0,-1.0,336.496641709,1.0,-336.496641709,-1.0,336.496641709,1.0,-336.496641709,-1,336.496641709,-1,336.496641709,-1,336.496641709,-1.0,336.496641709,1.0,-336.496641709,-1.0,336.496641709,-1.0,336.496641709,-1.0,336.496641709,1.0,-336.496641709,1,-148.645672759,-1.0,336.496641709,-1.0,336.496641709,-1.0,336.496641709,0.0,-0.0,0.0,-0.0,1.0,-336.496641709,1.0,-336.496641709,-1.0,336.496641709,-1,336.496641709,-1,336.496641709,0.0,-0.0,-1.0,336.496641709,-1,336.496641709,1.0,-336.496641709,1,-336.496641709,1.0,-336.496641709,0.0,-0.0,-1.0,336.496641709,1.0,-336.496641709,1.0,-336.496641709,1.0,-336.496641709,-1.0,336.496641709,1.0,-336.496641709,-1.0,336.496641709,-1.0,336.496641709,1.0,-336.496641709,-1,336.496641709,1,-336.496641709,0.0,-0.0,1.0,-336.496641709,-1.0,336.496641709,1.0,-336.496641709,1.0,-336.496641709,-1.0,336.496641709,-1.0,336.496641709,1.0,-336.496641709,-1.0,336.496641709,1,-336.496641709,0,-0.0,-1.0,336.496641709,0,-0.0,1.0,-336.496641709,1,-336.496641709,-1,336.496641709,1.0,-336.496641709,1,-336.496641709,1.0,-336.496641709,0.0,-0.0,0.0,-0.0,-1.0,336.496641709,1.0,-336.496641709,1.0,-336.496641709,1.0,-336.496641709,-1.0,336.496641709,1.0,-336.496641709,-1,336.496641709,0,-0.0,1.0,-336.496641709,1.0,-336.496641709,-1,336.496641709,1.0,-336.496641709,-1.0,336.496641709,1,-336.496641709,1,-336.496641709,1.0,-336.496641709,0.0,-0.0,1.0,-336.496641709,-1.0,336.496641709
20170112,@EUH7,1.0,0.00363087659735,133025.0,currency,1484257436,1.0,0.0,0.0,0.0,0.0,1.0,0.0,-1.0,-0.0,-1.0,-0.0,-1.0,-0.0,0.0,0.0,-1.0,-0.0,1.0,0.0,-1.0,-0.0,1.0,0.0,-1,-0.0,-1,-0.0,-1,-0.0,-1.0,-0.0,1.0,0.0,-1.0,-0.0,-1.0,-0.0,-1.0,-0.0,1.0,0.0,0,0.0,-1.0,-0.0,-1.0,-0.0,-1.0,-0.0,0.0,0.0,0.0,0.0,1.0,0.0,1.0,0.0,-1.0,-0.0,-1,-0.0,-1,-0.0,0.0,0.0,-1.0,-0.0,-1,-0.0,1.0,0.0,1,0.0,1.0,0.0,0.0,0.0,-1.0,-0.0,1.0,0.0,1.0,0.0,1.0,0.0,-1.0,-0.0,1.0,0.0,-1.0,-0.0,-1.0,-0.0,1.0,0.0,-1,-0.0,1,0.0,0.0,0.0,1.0,0.0,-1.0,-0.0,1.0,0.0,1.0,0.0,-1.0,-0.0,-1.0,-0.0,1.0,0.0,-1.0,-0.0,1,0.0,0,0.0,-1.0,-0.0,0,0.0,1.0,0.0,1,0.0,-1,-0.0,1.0,0.0,1,0.0,1.0,0.0,0.0,0.0,0.0,0.0,-1.0,-0.0,1.0,0.0,1.0,0.0,1.0,0.0,-1.0,-0.0,1.0,0.0,-1,-0.0,0,0.0,1.0,0.0,1.0,0.0,-1,-0.0,1.0,0.0,-1.0,-0.0,1,0.0,1,0.0,1.0,0.0,0.0,0.0,1.0,0.0,-1.0,-0.0
20170112,@FVH7,1.0,0.000662866233594,117937.5,rates,1484257436,1.0,0.0,0.0,1.0,0.0,1.0,0.0,1.0,0.0,-1.0,-0.0,1.0,0.0,0.0,0.0,-1.0,-0.0,1.0,0.0,-1.0,-0.0,-1.0,-0.0,0,0.0,-1,-0.0,1,0.0,1.0,0.0,-1.0,-0.0,-1.0,-0.0,0.0,0.0,1.0,0.0,-1.0,-0.0,0,0.0,1.0,0.0,1.0,0.0,1.0,0.0,1.0,0.0,-1.0,-0.0,1.0,0.0,-1.0,-0.0,-1.0,-0.0,-1,-0.0,0,0.0,-1.0,-0.0,1.0,0.0,-1,-0.0,-1.0,-0.0,1,0.0,1.0,0.0,1.0,0.0,1.0,0.0,1.0,0.0,1.0,0.0,0.0,0.0,0.0,0.0,-1.0,-0.0,-1.0,-0.0,1.0,0.0,1.0,0.0,-1,-0.0,-1,-0.0,-1.0,-0.0,-1.0,-0.0,-1.0,-0.0,0.0,0.0,1.0,0.0,1.0,0.0,1.0,0.0,-1.0,-0.0,-1.0,-0.0,1,0.0,0,0.0,1.0,0.0,0,0.0,1.0,0.0,1,0.0,-1,-0.0,1.0,0.0,0,0.0,-1.0,-0.0,-1.0,-0.0,1.0,0.0,1.0,0.0,-1.0,-0.0,-1.0,-0.0,-1.0,-0.0,-1.0,-0.0,1.0,0.0,-1,-0.0,0,0.0,-1.0,-0.0,-1.0,-0.0,-1,-0.0,1.0,0.0,1.0,0.0,0,0.0,1,0.0,-1.0,-0.0,0.0,0.0,1.0,0.0,-1.0,-0.0
20170112,QGCG7,-1.0,-0.000417850576634,119610.0,metal,1484257436,1.0,-0.0,0.0,1.0,-0.0,1.0,-0.0,1.0,-0.0,-1.0,0.0,1.0,-0.0,0.0,-0.0,-1.0,0.0,1.0,-0.0,-1.0,0.0,-1.0,0.0,0,-0.0,-1,0.0,1,-0.0,1.0,-0.0,-1.0,0.0,-1.0,0.0,0.0,-0.0,1.0,-0.0,-1.0,0.0,0,-0.0,1.0,-0.0,1.0,-0.0,1.0,-0.0,1.0,-0.0,-1.0,0.0,1.0,-0.0,-1.0,0.0,-1.0,0.0,-1,0.0,0,-0.0,-1.0,0.0,1.0,-0.0,-1,0.0,-1.0,0.0,1,-0.0,1.0,-0.0,1.0,-0.0,1.0,-0.0,1.0,-0.0,1.0,-0.0,0.0,-0.0,0.0,-0.0,-1.0,0.0,-1.0,0.0,1.0,-0.0,1.0,-0.0,-1,0.0,-1,0.0,-1.0,0.0,-1.0,0.0,-1.0,0.0,0.0,-0.0,1.0,-0.0,1.0,-0.0,1.0,-0.0,-1.0,0.0,-1.0,0.0,1,-0.0,0,-0.0,1.0,-0.0,0,-0.0,1.0,-0.0,1,-0.0,-1,0.0,1.0,-0.0,0,-0.0,-1.0,0.0,-1.0,0.0,1.0,-0.0,1.0,-0.0,-1.0,0.0,-1.0,0.0,-1.0,0.0,-1.0,0.0,1.0,-0.0,-1,0.0,0,-0.0,-1.0,0.0,-1.0,0.0,-1,0.0,1.0,-0.0,1.0,-0.0,0,-0.0,1,-0.0,-1.0,0.0,0.0,-0.0,1.0,-0.0,-1.0,0.0
20170112,QHGH7,1.0,0.0227925684735,66750.0,metal,1484257436,1.0,1521.4039456,1521.4039456,0.0,0.0,1.0,1521.4039456,-1.0,-1521.4039456,-1.0,-1521.4039456,-1.0,-1521.4039456,0.0,0.0,1.0,1521.4039456,-1.0,-1521.4039456,1.0,1521.4039456,-1.0,-1521.4039456,-1,-1521.4039456,-1,-1521.4039456,-1,-1521.4039456,-1.0,-1521.4039456,1.0,1521.4039456,1.0,1521.4039456,-1.0,-1521.4039456,-1.0,-1521.4039456,1.0,1521.4039456,0,0.0,-1.0,-1521.4039456,-1.0,-1521.4039456,1.0,1521.4039456,0.0,0.0,0.0,0.0,-1.0,-1521.4039456,-1.0,-1521.4039456,1.0,1521.4039456,-1,-1521.4039456,-1,-1521.4039456,0.0,0.0,-1.0,-1521.4039456,-1,-1521.4039456,1.0,1521.4039456,1,1521.4039456,-1.0,-1521.4039456,0.0,0.0,1.0,1521.4039456,-1.0,-1521.4039456,1.0,1521.4039456,1.0,1521.4039456,-1.0,-1521.4039456,1.0,1521.4039456,-1.0,-1521.4039456,-1.0,-1521.4039456,1.0,1521.4039456,-1,-1521.4039456,1,1521.4039456,0.0,0.0,-1.0,-1521.4039456,-1.0,-1521.4039456,1.0,1521.4039456,1.0,1521.4039456,-1.0,-1521.4039456,-1.0,-1521.4039456,1.0,1521.4039456,1.0,1521.4039456,-1,-1521.4039456,0,0.0,1.0,1521.4039456,0,0.0,-1.0,-1521.4039456,1,1521.4039456,-1,-1521.4039456,1.0,1521.4039456,1,1521.4039456,-1.0,-1521.4039456,0.0,0.0,0.0,0.0,-1.0,-1521.4039456,1.0,1521.4039456,1.0,1521.4039456,1.0,1521.4039456,1.0,1521.4039456,-1.0,-1521.4039456,1,1521.4039456,0,0.0,1.0,1521.4039456,1.0,1521.4039456,1,1521.4039456,-1.0,-1521.4039456,1.0,1521.4039456,1,1521.4039456,1,1521.4039456,1.0,1521.4039456,0.0,0.0,-1.0,-1521.4039456,1.0,1521.4039456
20170112,QHOH7,1.0,0.0134769267794,70749.0,energy,1484257436,1.0,0.0,0.0,0.0,0.0,1.0,0.0,-1.0,-0.0,1.0,0.0,-1.0,-0.0,1.0,0.0,1.0,0.0,1.0,0.0,-1.0,-0.0,1.0,0.0,-1,-0.0,-1,-0.0,-1,-0.0,0.0,0.0,1.0,0.0,1.0,0.0,0.0,0.0,1.0,0.0,1.0,0.0,0,0.0,-1.0,-0.0,1.0,0.0,-1.0,-0.0,0.0,0.0,0.0,0.0,1.0,0.0,1.0,0.0,-1.0,-0.0,-1,-0.0,-1,-0.0,0.0,0.0,-1.0,-0.0,-1,-0.0,1.0,0.0,-1,-0.0,1.0,0.0,-1.0,-0.0,-1.0,-0.0,-1.0,-0.0,1.0,0.0,0.0,0.0,-1.0,-0.0,-1.0,-0.0,-1.0,-0.0,-1.0,-0.0,1.0,0.0,-1,-0.0,-1,-0.0,1.0,0.0,1.0,0.0,-1.0,-0.0,1.0,0.0,1.0,0.0,1.0,0.0,0.0,0.0,-1.0,-0.0,1.0,0.0,1,0.0,1,0.0,-1.0,-0.0,0,0.0,1.0,0.0,1,0.0,-1,-0.0,1.0,0.0,1,0.0,1.0,0.0,0.0,0.0,0.0,0.0,1.0,0.0,1.0,0.0,-1.0,-0.0,0.0,0.0,-1.0,-0.0,-1.0,-0.0,-1,-0.0,-1,-0.0,0.0,0.0,1.0,0.0,-1,-0.0,1.0,0.0,-1.0,-0.0,1,0.0,1,0.0,1.0,0.0,-1.0,-0.0,-1.0,-0.0,-1.0,-0.0
20170112,@JYH7,1.0,0.00616181975238,109200.0,currency,1484257436,1.0,0.0,0.0,0.0,0.0,-1.0,-0.0,-1.0,-0.0,-1.0,-0.0,1.0,0.0,-1.0,-0.0,-1.0,-0.0,-1.0,-0.0,-1.0,-0.0,1.0,0.0,1,0.0,1,0.0,1,0.0,0.0,0.0,-1.0,-0.0,-1.0,-0.0,0.0,0.0,1.0,0.0,-1.0,-0.0,0,0.0,-1.0,-0.0,1.0,0.0,-1.0,-0.0,0.0,0.0,0.0,0.0,1.0,0.0,1.0,0.0,-1.0,-0.0,1,0.0,1,0.0,0.0,0.0,1.0,0.0,-1,-0.0,-1.0,-0.0,1,0.0,1.0,0.0,1.0,0.0,1.0,0.0,1.0,0.0,1.0,0.0,0.0,0.0,1.0,0.0,-1.0,-0.0,1.0,0.0,1.0,0.0,1.0,0.0,1,0.0,1,0.0,-1.0,-0.0,-1.0,-0.0,-1.0,-0.0,-1.0,-0.0,-1.0,-0.0,1.0,0.0,0.0,0.0,-1.0,-0.0,-1.0,-0.0,-1,-0.0,-1,-0.0,-1.0,-0.0,0,0.0,1.0,0.0,-1,-0.0,1,0.0,-1.0,-0.0,-1,-0.0,1.0,0.0,0.0,0.0,0.0,0.0,-1.0,-0.0,1.0,0.0,-1.0,-0.0,0.0,0.0,-1.0,-0.0,1.0,0.0,1,0.0,1,0.0,0.0,0.0,1.0,0.0,-1,-0.0,1.0,0.0,-1.0,-0.0,-1,-0.0,-1,-0.0,-1.0,-0.0,1.0,0.0,1.0,0.0,1.0,0.0
20170112,@LEG7,-1.0,-0.0136411332634,47000.0,meat,1484247804,1.0,-0.0,0.0,0.0,-0.0,1.0,-0.0,1.0,-0.0,1.0,-0.0,-1.0,0.0,1.0,-0.0,1.0,-0.0,1.0,-0.0,1.0,-0.0,-1.0,0.0,-1,0.0,-1,0.0,-1,0.0,0.0,-0.0,1.0,-0.0,1.0,-0.0,0.0,-0.0,-1.0,0.0,1.0,-0.0,0,-0.0,1.0,-0.0,-1.0,0.0,1.0,-0.0,0.0,-0.0,0.0,-0.0,-1.0,0.0,-1.0,0.0,1.0,-0.0,-1,0.0,-1,0.0,0.0,-0.0,-1.0,0.0,1,-0.0,1.0,-0.0,-1,0.0,-1.0,0.0,-1.0,0.0,-1.0,0.0,-1.0,0.0,-1.0,0.0,0.0,-0.0,-1.0,0.0,1.0,-0.0,-1.0,0.0,-1.0,0.0,-1.0,0.0,-1,0.0,-1,0.0,1.0,-0.0,1.0,-0.0,1.0,-0.0,1.0,-0.0,1.0,-0.0,-1.0,0.0,0.0,-0.0,1.0,-0.0,1.0,-0.0,1,-0.0,1,-0.0,1.0,-0.0,0,-0.0,-1.0,0.0,1,-0.0,-1,0.0,1.0,-0.0,1,-0.0,-1.0,0.0,0.0,-0.0,0.0,-0.0,1.0,-0.0,-1.0,0.0,1.0,-0.0,0.0,-0.0,1.0,-0.0,-1.0,0.0,-1,0.0,-1,0.0,0.0,-0.0,-1.0,0.0,1,-0.0,-1.0,0.0,1.0,-0.0,1,-0.0,1,-0.0,1.0,-0.0,-1.0,0.0,-1.0,0.0,-1.0,0.0
20170112,@GFH7,-1.0,-0.0142719382835,63887.5,meat,1484247804,1.0,-0.0,0.0,-1.0,0.0,-1.0,0.0,-1.0,0.0,-1.0,0.0,-1.0,0.0,0.0,-0.0,1.0,-0.0,-1.0,0.0,1.0,-0.0,1.0,-0.0,0,-0.0,1,-0.0,-1,0.0,-1.0,0.0,1.0,-0.0,1.0,-0.0,-1.0,0.0,-1.0,0.0,1.0,-0.0,0,-0.0,-1.0,0.0,-1.0,0.0,1.0,-0.0,0.0,-0.0,0.0,-0.0,-1.0,0.0,-1.0,0.0,1.0,-0.0,-1,0.0,-1,0.0,1.0,-0.0,-1.0,0.0,1,-0.0,1.0,-0.0,1,-0.0,-1.0,0.0,0.0,-0.0,1.0,-0.0,-1.0,0.0,1.0,-0.0,1.0,-0.0,-1.0,0.0,1.0,-0.0,-1.0,0.0,-1.0,0.0,-1.0,0.0,-1,0.0,1,-0.0,0.0,-0.0,-1.0,0.0,-1.0,0.0,1.0,-0.0,1.0,-0.0,-1.0,0.0,-1.0,0.0,1.0,-0.0,1.0,-0.0,-1,0.0,0,-0.0,1.0,-0.0,0,-0.0,-1.0,0.0,1,-0.0,1,-0.0,1.0,-0.0,1,-0.0,-1.0,0.0,0.0,-0.0,0.0,-0.0,-1.0,0.0,1.0,-0.0,1.0,-0.0,1.0,-0.0,1.0,-0.0,-1.0,0.0,1,-0.0,0,-0.0,1.0,-0.0,1.0,-0.0,1,-0.0,-1.0,0.0,-1.0,0.0,0,-0.0,-1,0.0,1.0,-0.0,0.0,-0.0,-1.0,0.0,1.0,-0.0
20170113,@FVH7,-1.0,-0.00119268486615,117765.625,rates,1484343863,1.0,-0.0,0.0,1.0,-0.0,1.0,-0.0,-1.0,0.0,-1.0,0.0,1.0,-0.0,-1.0,0.0,-1.0,0.0,-1.0,0.0,-1.0,0.0,-1.0,0.0,0,-0.0,-1,0.0,1,-0.0,0.0,-0.0,-1.0,0.0,-1.0,0.0,0.0,-0.0,1.0,-0.0,-1.0,0.0,0,-0.0,-1.0,0.0,1.0,-0.0,1.0,-0.0,1.0,-0.0,-1.0,0.0,1.0,-0.0,-1.0,0.0,-1.0,0.0,-1,0.0,0,-0.0,-1.0,0.0,1.0,-0.0,-1,0.0,-1.0,0.0,1,-0.0,1.0,-0.0,1.0,-0.0,1.0,-0.0,1.0,-0.0,1.0,-0.0,0.0,-0.0,0.0,-0.0,-1.0,0.0,-1.0,0.0,1.0,-0.0,1.0,-0.0,-1,0.0,1,-0.0,-1.0,0.0,-1.0,0.0,-1.0,0.0,0.0,-0.0,1.0,-0.0,1.0,-0.0,0.0,-0.0,-1.0,0.0,-1.0,0.0,-1,0.0,-1,0.0,1.0,-0.0,0,-0.0,1.0,-0.0,1,-0.0,-1,0.0,1.0,-0.0,0,-0.0,-1.0,0.0,-1.0,0.0,1.0,-0.0,-1.0,0.0,1.0,-0.0,-1.0,0.0,0.0,-0.0,-1.0,0.0,1.0,-0.0,1,-0.0,1,-0.0,0.0,-0.0,1.0,-0.0,-1,0.0,1.0,-0.0,1.0,-0.0,0,-0.0,1,-0.0,-1.0,0.0,1.0,-0.0,1.0,-0.0,1.0,-0.0
20170113,@LEJ7,1.0,0.0124490233956,47170.0,meat,1484334197,1.0,0.0,0.0,0.0,0.0,1.0,0.0,1.0,0.0,1.0,0.0,-1.0,-0.0,1.0,0.0,1.0,0.0,1.0,0.0,1.0,0.0,-1.0,-0.0,-1,-0.0,-1,-0.0,-1,-0.0,0.0,0.0,1.0,0.0,1.0,0.0,0.0,0.0,-1.0,-0.0,1.0,0.0,0,0.0,1.0,0.0,-1.0,-0.0,-1.0,-0.0,-1.0,-0.0,1.0,0.0,-1.0,-0.0,1.0,0.0,1.0,0.0,1,0.0,0,0.0,0.0,0.0,-1.0,-0.0,1,0.0,1.0,0.0,-1,-0.0,-1.0,-0.0,-1.0,-0.0,-1.0,-0.0,-1.0,-0.0,-1.0,-0.0,0.0,0.0,0.0,0.0,1.0,0.0,1.0,0.0,-1.0,-0.0,-1.0,-0.0,1,0.0,-1,-0.0,1.0,0.0,1.0,0.0,1.0,0.0,0.0,0.0,-1.0,-0.0,-1.0,-0.0,0.0,0.0,1.0,0.0,1.0,0.0,1,0.0,1,0.0,-1.0,-0.0,0,0.0,-1.0,-0.0,-1,-0.0,-1,-0.0,-1.0,-0.0,0,0.0,1.0,0.0,1.0,0.0,-1.0,-0.0,1.0,0.0,-1.0,-0.0,1.0,0.0,0.0,0.0,1.0,0.0,-1.0,-0.0,-1,-0.0,-1,-0.0,0.0,0.0,-1.0,-0.0,1,0.0,-1.0,-0.0,1.0,0.0,1,0.0,1,0.0,1.0,0.0,-1.0,-0.0,-1.0,-0.0,-1.0,-0.0
20170113,@JYH7,1.0,0.00160238067987,109387.5,currency,1484343863,1.0,0.0,0.0,1.0,0.0,1.0,0.0,-1.0,-0.0,1.0,0.0,1.0,0.0,-1.0,-0.0,-1.0,-0.0,-1.0,-0.0,-1.0,-0.0,-1.0,-0.0,0,0.0,-1,-0.0,1,0.0,0.0,0.0,-1.0,-0.0,-1.0,-0.0,1.0,0.0,1.0,0.0,-1.0,-0.0,0,0.0,-1.0,-0.0,1.0,0.0,1.0,0.0,1.0,0.0,-1.0,-0.0,1.0,0.0,-1.0,-0.0,-1.0,-0.0,-1,-0.0,0,0.0,-1.0,-0.0,1.0,0.0,-1,-0.0,-1.0,-0.0,-1,-0.0,1.0,0.0,0.0,0.0,-1.0,-0.0,1.0,0.0,-1.0,-0.0,-1.0,-0.0,0.0,0.0,-1.0,-0.0,-1.0,-0.0,1.0,0.0,1.0,0.0,-1,-0.0,1,0.0,0.0,0.0,1.0,0.0,1.0,0.0,0.0,0.0,1.0,0.0,1.0,0.0,0.0,0.0,-1.0,-0.0,-1.0,-0.0,-1,-0.0,-1,-0.0,1.0,0.0,0,0.0,1.0,0.0,1,0.0,-1,-0.0,1.0,0.0,0,0.0,-1.0,-0.0,-1.0,-0.0,1.0,0.0,-1.0,-0.0,1.0,0.0,-1.0,-0.0,0.0,0.0,-1.0,-0.0,1.0,0.0,1,0.0,1,0.0,0.0,0.0,1.0,0.0,-1,-0.0,1.0,0.0,1.0,0.0,0,0.0,1,0.0,-1.0,-0.0,1.0,0.0,1.0,0.0,1.0,0.0
20170113,QHOH7,-1.0,-0.0108076009501,69963.6,energy,1484343863,1.0,-0.0,0.0,-1.0,0.0,-1.0,0.0,-1.0,0.0,1.0,-0.0,1.0,-0.0,1.0,-0.0,1.0,-0.0,1.0,-0.0,1.0,-0.0,1.0,-0.0,0,-0.0,-1,0.0,-1,0.0,0.0,-0.0,-1.0,0.0,1.0,-0.0,0.0,-0.0,1.0,-0.0,-1.0,0.0,0,-0.0,-1.0,0.0,1.0,-0.0,-1.0,0.0,-1.0,0.0,1.0,-0.0,-1.0,0.0,1.0,-0.0,1.0,-0.0,-1,0.0,0,-0.0,1.0,-0.0,1.0,-0.0,-1,0.0,1.0,-0.0,-1,0.0,1.0,-0.0,-1.0,0.0,-1.0,0.0,-1.0,0.0,1.0,-0.0,0.0,-0.0,0.0,-0.0,-1.0,0.0,-1.0,0.0,1.0,-0.0,1.0,-0.0,1,-0.0,-1,0.0,1.0,-0.0,1.0,-0.0,-1.0,0.0,0.0,-0.0,1.0,-0.0,1.0,-0.0,0.0,-0.0,-1.0,0.0,1.0,-0.0,1,-0.0,1,-0.0,-1.0,0.0,0,-0.0,-1.0,0.0,1,-0.0,1,-0.0,-1.0,0.0,0,-0.0,1.0,-0.0,1.0,-0.0,-1.0,0.0,1.0,-0.0,1.0,-0.0,-1.0,0.0,0.0,-0.0,1.0,-0.0,-1.0,0.0,-1,0.0,-1,0.0,0.0,-0.0,1.0,-0.0,-1,0.0,-1.0,0.0,-1.0,0.0,0,-0.0,1,-0.0,-1.0,0.0,-1.0,0.0,-1.0,0.0,-1.0,0.0
20170113,QHGH7,1.0,0.00917087778402,67400.0,metal,1484343863,1.0,618.117162643,618.117162643,-1.0,-618.117162643,-1.0,-618.117162643,-1.0,-618.117162643,1.0,618.117162643,1.0,618.117162643,0.0,0.0,-1.0,-618.117162643,1.0,618.117162643,1.0,618.117162643,1.0,618.117162643,0,0.0,-1,-618.117162643,-1,-618.117162643,-1.0,-618.117162643,-1.0,-618.117162643,1.0,618.117162643,0.0,0.0,1.0,618.117162643,-1.0,-618.117162643,0,0.0,-1.0,-618.117162643,-1.0,-618.117162643,-1.0,-618.117162643,-1.0,-618.117162643,1.0,618.117162643,-1.0,-618.117162643,1.0,618.117162643,1.0,618.117162643,-1,-618.117162643,0,0.0,1.0,618.117162643,1.0,618.117162643,-1,-618.117162643,1.0,618.117162643,-1,-618.117162643,1.0,618.117162643,-1.0,-618.117162643,-1.0,-618.117162643,-1.0,-618.117162643,1.0,618.117162643,0.0,0.0,0.0,0.0,-1.0,-618.117162643,-1.0,-618.117162643,1.0,618.117162643,1.0,618.117162643,1,618.117162643,1,618.117162643,1.0,618.117162643,1.0,618.117162643,-1.0,-618.117162643,0.0,0.0,1.0,618.117162643,-1.0,-618.117162643,-1.0,-618.117162643,1.0,618.117162643,-1.0,-618.117162643,1,618.117162643,0,0.0,-1.0,-618.117162643,0,0.0,-1.0,-618.117162643,1,618.117162643,1,618.117162643,-1.0,-618.117162643,0,0.0,1.0,618.117162643,1.0,618.117162643,-1.0,-618.117162643,-1.0,-618.117162643,1.0,618.117162643,1.0,618.117162643,1.0,618.117162643,1.0,618.117162643,1.0,618.117162643,-1,-618.117162643,0,0.0,1.0,618.117162643,1.0,618.117162643,-1,-618.117162643,-1.0,-618.117162643,-1.0,-618.117162643,0,0.0,1,618.117162643,-1.0,-618.117162643,0.0,0.0,1.0,618.117162643,-1.0,-618.117162643
20170113,QGCG7,-1.0,-0.00166694449075,119780.0,metal,1484343863,1.0,-0.0,0.0,1.0,-0.0,1.0,-0.0,1.0,-0.0,1.0,-0.0,-1.0,0.0,0.0,-0.0,1.0,-0.0,-1.0,0.0,-1.0,0.0,-1.0,0.0,0,-0.0,1,-0.0,1,-0.0,1.0,-0.0,1.0,-0.0,1.0,-0.0,1.0,-0.0,1.0,-0.0,1.0,-0.0,0,-0.0,1.0,-0.0,1.0,-0.0,1.0,-0.0,1.0,-0.0,-1.0,0.0,1.0,-0.0,-1.0,0.0,-1.0,0.0,1,-0.0,0,-0.0,-1.0,0.0,-1.0,0.0,-1,0.0,-1.0,0.0,-1,0.0,-1.0,0.0,0.0,-0.0,1.0,-0.0,-1.0,0.0,-1.0,0.0,-1.0,0.0,0.0,-0.0,-1.0,0.0,1.0,-0.0,-1.0,0.0,1.0,-0.0,-1,0.0,-1,0.0,0.0,-0.0,-1.0,0.0,1.0,-0.0,0.0,-0.0,-1.0,0.0,1.0,-0.0,1.0,-0.0,-1.0,0.0,1.0,-0.0,-1,0.0,0,-0.0,1.0,-0.0,0,-0.0,1.0,-0.0,-1,0.0,-1,0.0,1.0,-0.0,0,-0.0,-1.0,0.0,-1.0,0.0,1.0,-0.0,1.0,-0.0,-1.0,0.0,-1.0,0.0,-1.0,0.0,-1.0,0.0,-1.0,0.0,1,-0.0,0,-0.0,-1.0,0.0,-1.0,0.0,1,-0.0,1.0,-0.0,1.0,-0.0,0,-0.0,-1,0.0,1.0,-0.0,0.0,-0.0,-1.0,0.0,1.0,-0.0
20170113,@GFH7,1.0,0.0125244618395,64675.0,meat,1484334197,1.0,0.0,0.0,-1.0,-0.0,-1.0,-0.0,-1.0,-0.0,-1.0,-0.0,-1.0,-0.0,0.0,0.0,1.0,0.0,-1.0,-0.0,1.0,0.0,1.0,0.0,0,0.0,1,0.0,-1,-0.0,-1.0,-0.0,1.0,0.0,1.0,0.0,-1.0,-0.0,-1.0,-0.0,1.0,0.0,0,0.0,-1.0,-0.0,-1.0,-0.0,1.0,0.0,0.0,0.0,0.0,0.0,-1.0,-0.0,-1.0,-0.0,1.0,0.0,-1,-0.0,-1,-0.0,1.0,0.0,-1.0,-0.0,1,0.0,1.0,0.0,1,0.0,-1.0,-0.0,0.0,0.0,1.0,0.0,-1.0,-0.0,1.0,0.0,1.0,0.0,-1.0,-0.0,1.0,0.0,-1.0,-0.0,-1.0,-0.0,-1.0,-0.0,-1,-0.0,1,0.0,0.0,0.0,-1.0,-0.0,-1.0,-0.0,1.0,0.0,1.0,0.0,-1.0,-0.0,-1.0,-0.0,1.0,0.0,1.0,0.0,-1,-0.0,0,0.0,1.0,0.0,0,0.0,-1.0,-0.0,1,0.0,1,0.0,1.0,0.0,1,0.0,-1.0,-0.0,0.0,0.0,0.0,0.0,-1.0,-0.0,1.0,0.0,1.0,0.0,1.0,0.0,1.0,0.0,-1.0,-0.0,1,0.0,0,0.0,1.0,0.0,1.0,0.0,1,0.0,-1.0,-0.0,-1.0,-0.0,0,0.0,-1,-0.0,1.0,0.0,0.0,0.0,-1.0,-0.0,1.0,0.0
20170113,@HEJ7,-1.0,-0.000359453630482,27810.0,meat,1484334197,1.0,-0.0,0.0,0.0,-0.0,1.0,-0.0,-1.0,0.0,-1.0,0.0,-1.0,0.0,1.0,-0.0,1.0,-0.0,1.0,-0.0,-1.0,0.0,1.0,-0.0,-1,0.0,-1,0.0,-1,0.0,0.0,-0.0,1.0,-0.0,-1.0,0.0,-1.0,0.0,-1.0,0.0,1.0,-0.0,0,-0.0,-1.0,0.0,1.0,-0.0,-1.0,0.0,0.0,-0.0,0.0,-0.0,1.0,-0.0,1.0,-0.0,-1.0,0.0,-1,0.0,-1,0.0,0.0,-0.0,-1.0,0.0,1,-0.0,1.0,-0.0,1,-0.0,1.0,-0.0,0.0,-0.0,-1.0,0.0,1.0,-0.0,1.0,-0.0,1.0,-0.0,-1.0,0.0,1.0,-0.0,-1.0,0.0,-1.0,0.0,-1.0,0.0,-1,0.0,-1,0.0,0.0,-0.0,1.0,-0.0,-1.0,0.0,1.0,-0.0,1.0,-0.0,1.0,-0.0,0.0,-0.0,-1.0,0.0,1.0,-0.0,1,-0.0,1,-0.0,-1.0,0.0,0,-0.0,1.0,-0.0,1,-0.0,-1,0.0,1.0,-0.0,1,-0.0,1.0,-0.0,0.0,-0.0,0.0,-0.0,1.0,-0.0,1.0,-0.0,-1.0,0.0,0.0,-0.0,-1.0,0.0,-1.0,0.0,-1,0.0,-1,0.0,0.0,-0.0,1.0,-0.0,-1,0.0,1.0,-0.0,-1.0,0.0,1,-0.0,1,-0.0,1.0,-0.0,-1.0,0.0,-1.0,0.0,-1.0,0.0
20170113,@EMDH7,1.0,0.00566453997973,168660.0,index,1484343863,1.0,0.0,0.0,-1.0,-0.0,-1.0,-0.0,-1.0,-0.0,1.0,0.0,-1.0,-0.0,0.0,0.0,1.0,0.0,-1.0,-0.0,1.0,0.0,1.0,0.0,0,0.0,1,0.0,-1,-0.0,-1.0,-0.0,1.0,0.0,1.0,0.0,0.0,0.0,-1.0,-0.0,1.0,0.0,0,0.0,-1.0,-0.0,-1.0,-0.0,-1.0,-0.0,-1.0,-0.0,1.0,0.0,-1.0,-0.0,1.0,0.0,1.0,0.0,1,0.0,0,0.0,1.0,0.0,-1.0,-0.0,-1,-0.0,1.0,0.0,-1,-0.0,-1.0,-0.0,-1.0,-0.0,-1.0,-0.0,-1.0,-0.0,-1.0,-0.0,0.0,0.0,0.0,0.0,1.0,0.0,1.0,0.0,-1.0,-0.0,1.0,0.0,1,0.0,1,0.0,1.0,0.0,1.0,0.0,1.0,0.0,0.0,0.0,-1.0,-0.0,-1.0,-0.0,-1.0,-0.0,1.0,0.0,1.0,0.0,-1,-0.0,0,0.0,-1.0,-0.0,0,0.0,-1.0,-0.0,-1,-0.0,1,0.0,-1.0,-0.0,0,0.0,1.0,0.0,1.0,0.0,-1.0,-0.0,-1.0,-0.0,1.0,0.0,1.0,0.0,1.0,0.0,1.0,0.0,-1.0,-0.0,1,0.0,0,0.0,1.0,0.0,1.0,0.0,1,0.0,-1.0,-0.0,-1.0,-0.0,0,0.0,-1,-0.0,1.0,0.0,0.0,0.0,-1.0,-0.0,1.0,0.0
20170113,@EUH7,1.0,0.00173692611022,133368.75,currency,1484343863,1.0,0.0,0.0,0.0,0.0,1.0,0.0,-1.0,-0.0,-1.0,-0.0,-1.0,-0.0,0.0,0.0,-1.0,-0.0,1.0,0.0,-1.0,-0.0,1.0,0.0,-1,-0.0,-1,-0.0,-1,-0.0,-1.0,-0.0,1.0,0.0,-1.0,-0.0,-1.0,-0.0,-1.0,-0.0,1.0,0.0,0,0.0,-1.0,-0.0,-1.0,-0.0,-1.0,-0.0,0.0,0.0,0.0,0.0,1.0,0.0,1.0,0.0,-1.0,-0.0,-1,-0.0,-1,-0.0,0.0,0.0,-1.0,-0.0,-1,-0.0,1.0,0.0,1,0.0,1.0,0.0,0.0,0.0,-1.0,-0.0,1.0,0.0,1.0,0.0,1.0,0.0,-1.0,-0.0,1.0,0.0,-1.0,-0.0,-1.0,-0.0,1.0,0.0,-1,-0.0,1,0.0,0.0,0.0,1.0,0.0,-1.0,-0.0,1.0,0.0,1.0,0.0,-1.0,-0.0,-1.0,-0.0,1.0,0.0,-1.0,-0.0,1,0.0,0,0.0,-1.0,-0.0,0,0.0,1.0,0.0,1,0.0,-1,-0.0,1.0,0.0,1,0.0,1.0,0.0,0.0,0.0,0.0,0.0,-1.0,-0.0,1.0,0.0,1.0,0.0,1.0,0.0,-1.0,-0.0,1.0,0.0,-1,-0.0,0,0.0,1.0,0.0,1.0,0.0,-1,-0.0,1.0,0.0,-1.0,-0.0,1,0.0,1,0.0,1.0,0.0,0.0,0.0,1.0,0.0,-1.0,-0.0
20170113,QCLH7,-1.0,-0.0104011887073,53280.0,energy,1484343863,1.0,-0.0,0.0,-1.0,0.0,-1.0,0.0,-1.0,0.0,1.0,-0.0,1.0,-0.0,1.0,-0.0,1.0,-0.0,1.0,-0.0,1.0,-0.0,1.0,-0.0,0,-0.0,-1,0.0,-1,0.0,0.0,-0.0,-1.0,0.0,1.0,-0.0,0.0,-0.0,1.0,-0.0,-1.0,0.0,0,-0.0,-1.0,0.0,1.0,-0.0,-1.0,0.0,-1.0,0.0,1.0,-0.0,-1.0,0.0,1.0,-0.0,1.0,-0.0,-1,0.0,0,-0.0,1.0,-0.0,1.0,-0.0,-1,0.0,1.0,-0.0,-1,0.0,1.0,-0.0,-1.0,0.0,-1.0,0.0,-1.0,0.0,1.0,-0.0,0.0,-0.0,0.0,-0.0,-1.0,0.0,-1.0,0.0,1.0,-0.0,1.0,-0.0,1,-0.0,-1,0.0,1.0,-0.0,1.0,-0.0,-1.0,0.0,0.0,-0.0,1.0,-0.0,1.0,-0.0,0.0,-0.0,-1.0,0.0,1.0,-0.0,1,-0.0,1,-0.0,-1.0,0.0,0,-0.0,-1.0,0.0,1,-0.0,1,-0.0,-1.0,0.0,0,-0.0,1.0,-0.0,1.0,-0.0,-1.0,0.0,1.0,-0.0,1.0,-0.0,-1.0,0.0,0.0,-0.0,1.0,-0.0,-1.0,0.0,-1,0.0,-1,0.0,0.0,-0.0,1.0,-0.0,-1,0.0,-1.0,0.0,-1.0,0.0,0,-0.0,1,-0.0,-1.0,0.0,-1.0,0.0,-1.0,0.0,-1.0,0.0
20170113,@CDH7,1.0,0.000196798740488,76235.0,currency,1484343863,1.0,0.0,0.0,0.0,0.0,1.0,0.0,-1.0,-0.0,-1.0,-0.0,-1.0,-0.0,0.0,0.0,-1.0,-0.0,1.0,0.0,-1.0,-0.0,1.0,0.0,-1,-0.0,-1,-0.0,-1,-0.0,-1.0,-0.0,1.0,0.0,-1.0,-0.0,-1.0,-0.0,-1.0,-0.0,1.0,0.0,0,0.0,-1.0,-0.0,-1.0,-0.0,-1.0,-0.0,0.0,0.0,0.0,0.0,1.0,0.0,1.0,0.0,-1.0,-0.0,-1,-0.0,-1,-0.0,0.0,0.0,-1.0,-0.0,-1,-0.0,1.0,0.0,1,0.0,1.0,0.0,0.0,0.0,-1.0,-0.0,1.0,0.0,1.0,0.0,1.0,0.0,-1.0,-0.0,1.0,0.0,-1.0,-0.0,-1.0,-0.0,1.0,0.0,-1,-0.0,1,0.0,0.0,0.0,1.0,0.0,-1.0,-0.0,1.0,0.0,1.0,0.0,-1.0,-0.0,-1.0,-0.0,1.0,0.0,-1.0,-0.0,1,0.0,0,0.0,-1.0,-0.0,0,0.0,1.0,0.0,1,0.0,-1,-0.0,1.0,0.0,1,0.0,1.0,0.0,0.0,0.0,0.0,0.0,-1.0,-0.0,1.0,0.0,1.0,0.0,1.0,0.0,-1.0,-0.0,1.0,0.0,-1,-0.0,0,0.0,1.0,0.0,1.0,0.0,-1,-0.0,1.0,0.0,-1.0,-0.0,1,0.0,1,0.0,1.0,0.0,0.0,0.0,1.0,0.0,-1.0,-0.0
20170113,@CH7,-1.0,-0.000697836706211,17900.0,grain,1484334712,2.0,-0.0,0.0,0.0,-0.0,1.0,-0.0,1.0,-0.0,1.0,-0.0,-1.0,0.0,1.0,-0.0,1.0,-0.0,1.0,-0.0,1.0,-0.0,-1.0,0.0,-1,0.0,-1,0.0,-1,0.0,0.0,-0.0,1.0,-0.0,1.0,-0.0,0.0,-0.0,-1.0,0.0,1.0,-0.0,0,-0.0,1.0,-0.0,-1.0,0.0,1.0,-0.0,0.0,-0.0,0.0,-0.0,-1.0,0.0,-1.0,0.0,1.0,-0.0,-1,0.0,-1,0.0,0.0,-0.0,-1.0,0.0,-1,0.0,1.0,-0.0,-1,0.0,-1.0,0.0,-1.0,0.0,-1.0,0.0,-1.0,0.0,-1.0,0.0,0.0,-0.0,-1.0,0.0,1.0,-0.0,-1.0,0.0,-1.0,0.0,1.0,-0.0,-1,0.0,-1,0.0,1.0,-0.0,1.0,-0.0,1.0,-0.0,1.0,-0.0,1.0,-0.0,-1.0,0.0,0.0,-0.0,1.0,-0.0,1.0,-0.0,1,-0.0,1,-0.0,1.0,-0.0,0,-0.0,-1.0,0.0,1,-0.0,-1,0.0,1.0,-0.0,1,-0.0,-1.0,0.0,0.0,-0.0,0.0,-0.0,1.0,-0.0,-1.0,0.0,1.0,-0.0,0.0,-0.0,1.0,-0.0,-1.0,0.0,-1,0.0,-1,0.0,0.0,-0.0,-1.0,0.0,1,-0.0,-1.0,0.0,1.0,-0.0,1,-0.0,1,-0.0,1.0,-0.0,-1.0,0.0,-1.0,0.0,-1.0,0.0
20170113,@BPH7,1.0,0.00213499753654,76275.0,currency,1484343863,1.0,0.0,0.0,-1.0,-0.0,-1.0,-0.0,-1.0,-0.0,-1.0,-0.0,-1.0,-0.0,0.0,0.0,1.0,0.0,-1.0,-0.0,1.0,0.0,1.0,0.0,0,0.0,1,0.0,-1,-0.0,-1.0,-0.0,1.0,0.0,1.0,0.0,-1.0,-0.0,-1.0,-0.0,1.0,0.0,0,0.0,-1.0,-0.0,-1.0,-0.0,-1.0,-0.0,-1.0,-0.0,1.0,0.0,-1.0,-0.0,1.0,0.0,1.0,0.0,1,0.0,0,0.0,1.0,0.0,-1.0,-0.0,-1,-0.0,1.0,0.0,1,0.0,-1.0,-0.0,0.0,0.0,1.0,0.0,-1.0,-0.0,1.0,0.0,1.0,0.0,0.0,0.0,1.0,0.0,1.0,0.0,-1.0,-0.0,1.0,0.0,1,0.0,1,0.0,0.0,0.0,-1.0,-0.0,-1.0,-0.0,0.0,0.0,-1.0,-0.0,-1.0,-0.0,-1.0,-0.0,1.0,0.0,1.0,0.0,-1,-0.0,0,0.0,-1.0,-0.0,0,0.0,-1.0,-0.0,-1,-0.0,1,0.0,-1.0,-0.0,0,0.0,1.0,0.0,1.0,0.0,-1.0,-0.0,-1.0,-0.0,1.0,0.0,1.0,0.0,1.0,0.0,1.0,0.0,-1.0,-0.0,1,0.0,0,0.0,1.0,0.0,1.0,0.0,1,0.0,-1.0,-0.0,-1.0,-0.0,0,0.0,-1,-0.0,1.0,0.0,0.0,0.0,-1.0,-0.0,1.0,0.0
20170113,@ESH7,1.0,0.00375524629998,113600.0,index,1484343863,1.0,426.595979677,426.595979677,-1.0,-426.595979677,-1.0,-426.595979677,-1.0,-426.595979677,1.0,426.595979677,-1.0,-426.595979677,0.0,0.0,1.0,426.595979677,-1.0,-426.595979677,1.0,426.595979677,1.0,426.595979677,0,0.0,1,426.595979677,-1,-426.595979677,-1.0,-426.595979677,1.0,426.595979677,1.0,426.595979677,0.0,0.0,-1.0,-426.595979677,1.0,426.595979677,1,187.762314999,-1.0,-426.595979677,-1.0,-426.595979677,-1.0,-426.595979677,-1.0,-426.595979677,1.0,426.595979677,-1.0,-426.595979677,1.0,426.595979677,1.0,426.595979677,1,426.595979677,0,0.0,1.0,426.595979677,-1.0,-426.595979677,-1,-426.595979677,1.0,426.595979677,-1,-426.595979677,-1.0,-426.595979677,-1.0,-426.595979677,-1.0,-426.595979677,-1.0,-426.595979677,-1.0,-426.595979677,0.0,0.0,0.0,0.0,1.0,426.595979677,1.0,426.595979677,-1.0,-426.595979677,1.0,426.595979677,1,426.595979677,1,426.595979677,1.0,426.595979677,1.0,426.595979677,1.0,426.595979677,0.0,0.0,-1.0,-426.595979677,-1.0,-426.595979677,-1.0,-426.595979677,1.0,426.595979677,1.0,426.595979677,-1,-426.595979677,0,0.0,-1.0,-426.595979677,0,0.0,-1.0,-426.595979677,-1,-426.595979677,1,426.595979677,-1.0,-426.595979677,0,0.0,1.0,426.595979677,1.0,426.595979677,-1.0,-426.595979677,-1.0,-426.595979677,1.0,426.595979677,1.0,426.595979677,1.0,426.595979677,1.0,426.595979677,-1.0,-426.595979677,1,426.595979677,0,0.0,1.0,426.595979677,1.0,426.595979677,1,426.595979677,-1.0,-426.595979677,-1.0,-426.595979677,0,0.0,-1,-426.595979677,1.0,426.595979677,0.0,0.0,-1.0,-426.595979677,1.0,426.595979677
20170113,@PXH7,1.0,0.01340364755,23060.0,currency,1484343863,1.0,0.0,0.0,-1.0,-0.0,-1.0,-0.0,-1.0,-0.0,1.0,0.0,1.0,0.0,1.0,0.0,1.0,0.0,1.0,0.0,1.0,0.0,1.0,0.0,0,0.0,-1,-0.0,-1,-0.0,0.0,0.0,-1.0,-0.0,1.0,0.0,0.0,0.0,1.0,0.0,-1.0,-0.0,0,0.0,-1.0,-0.0,1.0,0.0,-1.0,-0.0,-1.0,-0.0,1.0,0.0,-1.0,-0.0,1.0,0.0,1.0,0.0,-1,-0.0,0,0.0,1.0,0.0,1.0,0.0,-1,-0.0,1.0,0.0,-1,-0.0,1.0,0.0,-1.0,-0.0,-1.0,-0.0,-1.0,-0.0,1.0,0.0,0.0,0.0,0.0,0.0,-1.0,-0.0,-1.0,-0.0,1.0,0.0,1.0,0.0,1,0.0,-1,-0.0,1.0,0.0,1.0,0.0,-1.0,-0.0,0.0,0.0,1.0,0.0,1.0,0.0,0.0,0.0,-1.0,-0.0,1.0,0.0,1,0.0,1,0.0,-1.0,-0.0,0,0.0,-1.0,-0.0,1,0.0,1,0.0,-1.0,-0.0,0,0.0,1.0,0.0,1.0,0.0,-1.0,-0.0,1.0,0.0,1.0,0.0,-1.0,-0.0,0.0,0.0,1.0,0.0,-1.0,-0.0,-1,-0.0,-1,-0.0,0.0,0.0,1.0,0.0,-1,-0.0,-1.0,-0.0,-1.0,-0.0,0,0.0,1,0.0,-1.0,-0.0,-1.0,-0.0,-1.0,-0.0,-1.0,-0.0
20170113,@YMH7,1.0,0.00141392718275,99155.0,index,1484343863,1.0,0.0,0.0,-1.0,-0.0,-1.0,-0.0,-1.0,-0.0,-1.0,-0.0,-1.0,-0.0,0.0,0.0,1.0,0.0,-1.0,-0.0,1.0,0.0,1.0,0.0,0,0.0,1,0.0,-1,-0.0,-1.0,-0.0,1.0,0.0,1.0,0.0,-1.0,-0.0,-1.0,-0.0,1.0,0.0,0,0.0,-1.0,-0.0,-1.0,-0.0,-1.0,-0.0,-1.0,-0.0,1.0,0.0,-1.0,-0.0,1.0,0.0,1.0,0.0,1,0.0,0,0.0,1.0,0.0,-1.0,-0.0,-1,-0.0,1.0,0.0,1,0.0,-1.0,-0.0,0.0,0.0,1.0,0.0,-1.0,-0.0,1.0,0.0,1.0,0.0,0.0,0.0,1.0,0.0,1.0,0.0,-1.0,-0.0,1.0,0.0,1,0.0,1,0.0,0.0,0.0,-1.0,-0.0,-1.0,-0.0,0.0,0.0,-1.0,-0.0,-1.0,-0.0,-1.0,-0.0,1.0,0.0,1.0,0.0,-1,-0.0,0,0.0,-1.0,-0.0,0,0.0,-1.0,-0.0,-1,-0.0,1,0.0,-1.0,-0.0,0,0.0,1.0,0.0,1.0,0.0,-1.0,-0.0,-1.0,-0.0,1.0,0.0,1.0,0.0,1.0,0.0,1.0,0.0,-1.0,-0.0,1,0.0,0,0.0,1.0,0.0,1.0,0.0,1,0.0,-1.0,-0.0,-1.0,-0.0,0,0.0,-1,-0.0,1.0,0.0,0.0,0.0,-1.0,-0.0,1.0,0.0
20170113,QNGH7,1.0,0.00772200772201,33930.0,energy,1484343863,1.0,262.007722008,262.007722008,0.0,0.0,1.0,262.007722008,-1.0,-262.007722008,-1.0,-262.007722008,-1.0,-262.007722008,1.0,262.007722008,1.0,262.007722008,1.0,262.007722008,-1.0,-262.007722008,1.0,262.007722008,-1,-262.007722008,-1,-262.007722008,-1,-262.007722008,0.0,0.0,1.0,262.007722008,-1.0,-262.007722008,-1.0,-262.007722008,-1.0,-262.007722008,1.0,262.007722008,0,0.0,-1.0,-262.007722008,1.0,262.007722008,-1.0,-262.007722008,0.0,0.0,0.0,0.0,1.0,262.007722008,1.0,262.007722008,-1.0,-262.007722008,-1,-262.007722008,-1,-262.007722008,0.0,0.0,-1.0,-262.007722008,-1,-262.007722008,1.0,262.007722008,1,262.007722008,1.0,262.007722008,0.0,0.0,-1.0,-262.007722008,1.0,262.007722008,1.0,262.007722008,1.0,262.007722008,-1.0,-262.007722008,1.0,262.007722008,-1.0,-262.007722008,-1.0,-262.007722008,1.0,262.007722008,-1,-262.007722008,-1,-262.007722008,0.0,0.0,1.0,262.007722008,-1.0,-262.007722008,1.0,262.007722008,1.0,262.007722008,1.0,262.007722008,0.0,0.0,-1.0,-262.007722008,1.0,262.007722008,1,262.007722008,1,262.007722008,-1.0,-262.007722008,0,0.0,1.0,262.007722008,1,262.007722008,-1,-262.007722008,1.0,262.007722008,1,262.007722008,1.0,262.007722008,0.0,0.0,0.0,0.0,1.0,262.007722008,1.0,262.007722008,-1.0,-262.007722008,0.0,0.0,-1.0,-262.007722008,-1.0,-262.007722008,-1,-262.007722008,-1,-262.007722008,0.0,0.0,1.0,262.007722008,-1,-262.007722008,1.0,262.007722008,-1.0,-262.007722008,1,262.007722008,1,262.007722008,1.0,262.007722008,-1.0,-262.007722008,-1.0,-262.007722008,-1.0,-262.007722008
20170113,@BOH7,-1.0,-0.00942611588578,21438.0,grain,1484334712,1.0,-202.077072359,202.077072359,0.0,-0.0,1.0,-202.077072359,-1.0,202.077072359,-1.0,202.077072359,-1.0,202.077072359,0.0,-0.0,1.0,-202.077072359,-1.0,202.077072359,1.0,-202.077072359,-1.0,202.077072359,-1,202.077072359,-1,202.077072359,-1,202.077072359,-1.0,202.077072359,1.0,-202.077072359,1.0,-202.077072359,-1.0,202.077072359,-1.0,202.077072359,1.0,-202.077072359,0,-0.0,-1.0,202.077072359,-1.0,202.077072359,1.0,-202.077072359,0.0,-0.0,0.0,-0.0,-1.0,202.077072359,-1.0,202.077072359,1.0,-202.077072359,-1,202.077072359,-1,202.077072359,0.0,-0.0,-1.0,202.077072359,-1,202.077072359,1.0,-202.077072359,1,-202.077072359,-1.0,202.077072359,0.0,-0.0,1.0,-202.077072359,-1.0,202.077072359,1.0,-202.077072359,1.0,-202.077072359,-1.0,202.077072359,1.0,-202.077072359,-1.0,202.077072359,-1.0,202.077072359,1.0,-202.077072359,-1,202.077072359,1,-202.077072359,0.0,-0.0,-1.0,202.077072359,-1.0,202.077072359,1.0,-202.077072359,1.0,-202.077072359,-1.0,202.077072359,-1.0,202.077072359,1.0,-202.077072359,1.0,-202.077072359,-1,202.077072359,0,-0.0,1.0,-202.077072359,0,-0.0,-1.0,202.077072359,1,-202.077072359,-1,202.077072359,1.0,-202.077072359,1,-202.077072359,-1.0,202.077072359,0.0,-0.0,0.0,-0.0,-1.0,202.077072359,1.0,-202.077072359,1.0,-202.077072359,1.0,-202.077072359,1.0,-202.077072359,-1.0,202.077072359,1,-202.077072359,0,-0.0,1.0,-202.077072359,1.0,-202.077072359,1,-202.077072359,-1.0,202.077072359,1.0,-202.077072359,1,-202.077072359,1,-202.077072359,1.0,-202.077072359,0.0,-0.0,-1.0,202.077072359,1.0,-202.077072359
20170113,@WH7,-1.0,-0.00293255131965,21250.0,grain,1484334712,1.0,-0.0,0.0,0.0,-0.0,1.0,-0.0,-1.0,0.0,-1.0,0.0,-1.0,0.0,0.0,-0.0,-1.0,0.0,1.0,-0.0,-1.0,0.0,1.0,-0.0,-1,0.0,-1,0.0,-1,0.0,-1.0,0.0,1.0,-0.0,-1.0,0.0,-1.0,0.0,-1.0,0.0,1.0,-0.0,0,-0.0,-1.0,0.0,-1.0,0.0,-1.0,0.0,0.0,-0.0,0.0,-0.0,1.0,-0.0,1.0,-0.0,-1.0,0.0,-1,0.0,-1,0.0,0.0,-0.0,-1.0,0.0,-1,0.0,1.0,-0.0,1,-0.0,1.0,-0.0,0.0,-0.0,-1.0,0.0,1.0,-0.0,1.0,-0.0,1.0,-0.0,-1.0,0.0,1.0,-0.0,-1.0,0.0,-1.0,0.0,1.0,-0.0,-1,0.0,1,-0.0,0.0,-0.0,1.0,-0.0,-1.0,0.0,1.0,-0.0,1.0,-0.0,-1.0,0.0,-1.0,0.0,1.0,-0.0,-1.0,0.0,1,-0.0,0,-0.0,-1.0,0.0,0,-0.0,1.0,-0.0,1,-0.0,-1,0.0,1.0,-0.0,1,-0.0,1.0,-0.0,0.0,-0.0,0.0,-0.0,-1.0,0.0,1.0,-0.0,1.0,-0.0,1.0,-0.0,-1.0,0.0,1.0,-0.0,-1,0.0,0,-0.0,1.0,-0.0,1.0,-0.0,-1,0.0,1.0,-0.0,-1.0,0.0,1,-0.0,1,-0.0,1.0,-0.0,0.0,-0.0,1.0,-0.0,-1.0,0.0
20170113,@USH7,-1.0,-0.00389105058366,152000.0,rates,1484343863,1.0,-0.0,0.0,1.0,-0.0,1.0,-0.0,1.0,-0.0,1.0,-0.0,-1.0,0.0,-1.0,0.0,-1.0,0.0,-1.0,0.0,-1.0,0.0,-1.0,0.0,0,-0.0,1,-0.0,1,-0.0,0.0,-0.0,1.0,-0.0,1.0,-0.0,1.0,-0.0,1.0,-0.0,1.0,-0.0,0,-0.0,1.0,-0.0,-1.0,0.0,1.0,-0.0,1.0,-0.0,-1.0,0.0,1.0,-0.0,-1.0,0.0,-1.0,0.0,1,-0.0,0,-0.0,-1.0,0.0,-1.0,0.0,-1,0.0,-1.0,0.0,-1,0.0,-1.0,0.0,0.0,-0.0,1.0,-0.0,-1.0,0.0,-1.0,0.0,-1.0,0.0,0.0,-0.0,-1.0,0.0,1.0,-0.0,-1.0,0.0,1.0,-0.0,-1,0.0,1,-0.0,0.0,-0.0,-1.0,0.0,1.0,-0.0,0.0,-0.0,-1.0,0.0,-1.0,0.0,0.0,-0.0,1.0,-0.0,-1.0,0.0,-1,0.0,-1,0.0,1.0,-0.0,0,-0.0,1.0,-0.0,-1,0.0,-1,0.0,1.0,-0.0,0,-0.0,-1.0,0.0,-1.0,0.0,1.0,-0.0,-1.0,0.0,-1.0,0.0,1.0,-0.0,0.0,-0.0,-1.0,0.0,1.0,-0.0,1,-0.0,1,-0.0,0.0,-0.0,-1.0,0.0,1,-0.0,1.0,-0.0,1.0,-0.0,0,-0.0,-1,0.0,1.0,-0.0,1.0,-0.0,1.0,-0.0,1.0,-0.0
20170113,@TYH7,-1.0,-0.00200175153259,124640.625,rates,1484343863,1.0,-249.499562117,249.499562117,1.0,-249.499562117,1.0,-249.499562117,1.0,-249.499562117,1.0,-249.499562117,1.0,-249.499562117,0.0,-0.0,-1.0,249.499562117,1.0,-249.499562117,-1.0,249.499562117,-1.0,249.499562117,0,-0.0,-1,249.499562117,1,-249.499562117,1.0,-249.499562117,-1.0,249.499562117,-1.0,249.499562117,1.0,-249.499562117,1.0,-249.499562117,-1.0,249.499562117,0,-0.0,1.0,-249.499562117,1.0,-249.499562117,1.0,-249.499562117,1.0,-249.499562117,-1.0,249.499562117,1.0,-249.499562117,-1.0,249.499562117,-1.0,249.499562117,-1,249.499562117,0,-0.0,-1.0,249.499562117,1.0,-249.499562117,-1,249.499562117,-1.0,249.499562117,-1,249.499562117,1.0,-249.499562117,0.0,-0.0,-1.0,249.499562117,1.0,-249.499562117,-1.0,249.499562117,-1.0,249.499562117,0.0,-0.0,-1.0,249.499562117,-1.0,249.499562117,1.0,-249.499562117,1.0,-249.499562117,-1,249.499562117,-1,249.499562117,0.0,-0.0,1.0,-249.499562117,1.0,-249.499562117,0.0,-0.0,1.0,-249.499562117,1.0,-249.499562117,1.0,-249.499562117,-1.0,249.499562117,-1.0,249.499562117,1,-249.499562117,0,-0.0,1.0,-249.499562117,0,-0.0,1.0,-249.499562117,1,-249.499562117,-1,249.499562117,1.0,-249.499562117,0,-0.0,-1.0,249.499562117,-1.0,249.499562117,1.0,-249.499562117,1.0,-249.499562117,-1.0,249.499562117,-1.0,249.499562117,-1.0,249.499562117,-1.0,249.499562117,1.0,-249.499562117,-1,249.499562117,0,-0.0,-1.0,249.499562117,-1.0,249.499562117,-1,249.499562117,1.0,-249.499562117,1.0,-249.499562117,0,-0.0,1,-249.499562117,-1.0,249.499562117,0.0,-0.0,1.0,-249.499562117,-1.0,249.499562117
20170113,@TUH7,-1.0,-0.00021630975557,216656.25,rates,1484343863,2.0,-0.0,0.0,0.0,-0.0,-1.0,0.0,-1.0,0.0,-1.0,0.0,1.0,-0.0,-1.0,0.0,-1.0,0.0,-1.0,0.0,-1.0,0.0,1.0,-0.0,1,-0.0,1,-0.0,1,-0.0,0.0,-0.0,-1.0,0.0,-1.0,0.0,0.0,-0.0,1.0,-0.0,-1.0,0.0,0,-0.0,-1.0,0.0,1.0,-0.0,-1.0,0.0,0.0,-0.0,0.0,-0.0,1.0,-0.0,1.0,-0.0,-1.0,0.0,1,-0.0,1,-0.0,0.0,-0.0,1.0,-0.0,-1,0.0,-1.0,0.0,1,-0.0,1.0,-0.0,1.0,-0.0,1.0,-0.0,1.0,-0.0,1.0,-0.0,0.0,-0.0,1.0,-0.0,-1.0,0.0,1.0,-0.0,1.0,-0.0,1.0,-0.0,1,-0.0,1,-0.0,-1.0,0.0,-1.0,0.0,-1.0,0.0,-1.0,0.0,-1.0,0.0,1.0,-0.0,0.0,-0.0,-1.0,0.0,-1.0,0.0,-1,0.0,-1,0.0,-1.0,0.0,0,-0.0,1.0,-0.0,-1,0.0,1,-0.0,-1.0,0.0,-1,0.0,1.0,-0.0,0.0,-0.0,0.0,-0.0,-1.0,0.0,1.0,-0.0,-1.0,0.0,0.0,-0.0,-1.0,0.0,1.0,-0.0,1,-0.0,1,-0.0,0.0,-0.0,1.0,-0.0,-1,0.0,1.0,-0.0,-1.0,0.0,-1,0.0,-1,0.0,-1.0,0.0,1.0,-0.0,1.0,-0.0,1.0,-0.0
20170113,@SMH7,1.0,0.0158584934431,33310.0,grain,1484334712,1.0,0.0,0.0,-1.0,-0.0,-1.0,-0.0,-1.0,-0.0,1.0,0.0,1.0,0.0,1.0,0.0,1.0,0.0,1.0,0.0,1.0,0.0,1.0,0.0,0,0.0,-1,-0.0,-1,-0.0,0.0,0.0,-1.0,-0.0,1.0,0.0,0.0,0.0,1.0,0.0,-1.0,-0.0,0,0.0,-1.0,-0.0,1.0,0.0,-1.0,-0.0,-1.0,-0.0,1.0,0.0,-1.0,-0.0,1.0,0.0,1.0,0.0,-1,-0.0,0,0.0,1.0,0.0,1.0,0.0,1,0.0,1.0,0.0,-1,-0.0,1.0,0.0,-1.0,-0.0,-1.0,-0.0,-1.0,-0.0,1.0,0.0,0.0,0.0,0.0,0.0,-1.0,-0.0,-1.0,-0.0,1.0,0.0,-1.0,-0.0,1,0.0,-1,-0.0,1.0,0.0,1.0,0.0,-1.0,-0.0,0.0,0.0,1.0,0.0,1.0,0.0,0.0,0.0,-1.0,-0.0,1.0,0.0,1,0.0,1,0.0,-1.0,-0.0,0,0.0,-1.0,-0.0,1,0.0,1,0.0,-1.0,-0.0,0,0.0,1.0,0.0,1.0,0.0,-1.0,-0.0,1.0,0.0,1.0,0.0,-1.0,-0.0,0.0,0.0,1.0,0.0,-1.0,-0.0,-1,-0.0,-1,-0.0,0.0,0.0,1.0,0.0,-1,-0.0,-1.0,-0.0,-1.0,-0.0,0,0.0,1,0.0,-1.0,-0.0,-1.0,-0.0,-1.0,-0.0,-1.0,-0.0
20170113,@NEH7,1.0,0.00211267605634,71150.0,currency,1484343863,1.0,0.0,0.0,0.0,0.0,1.0,0.0,-1.0,-0.0,-1.0,-0.0,-1.0,-0.0,0.0,0.0,-1.0,-0.0,1.0,0.0,-1.0,-0.0,1.0,0.0,-1,-0.0,-1,-0.0,-1,-0.0,-1.0,-0.0,1.0,0.0,-1.0,-0.0,-1.0,-0.0,-1.0,-0.0,1.0,0.0,0,0.0,-1.0,-0.0,-1.0,-0.0,-1.0,-0.0,0.0,0.0,0.0,0.0,1.0,0.0,1.0,0.0,-1.0,-0.0,-1,-0.0,-1,-0.0,0.0,0.0,-1.0,-0.0,-1,-0.0,1.0,0.0,1,0.0,1.0,0.0,0.0,0.0,-1.0,-0.0,1.0,0.0,1.0,0.0,1.0,0.0,-1.0,-0.0,1.0,0.0,-1.0,-0.0,-1.0,-0.0,1.0,0.0,-1,-0.0,1,0.0,0.0,0.0,1.0,0.0,-1.0,-0.0,1.0,0.0,1.0,0.0,-1.0,-0.0,-1.0,-0.0,1.0,0.0,-1.0,-0.0,1,0.0,0,0.0,-1.0,-0.0,0,0.0,1.0,0.0,1,0.0,-1,-0.0,1.0,0.0,1,0.0,1.0,0.0,0.0,0.0,0.0,0.0,-1.0,-0.0,1.0,0.0,1.0,0.0,1.0,0.0,-1.0,-0.0,1.0,0.0,-1,-0.0,0,0.0,1.0,0.0,1.0,0.0,-1,-0.0,1.0,0.0,-1.0,-0.0,1,0.0,1,0.0,1.0,0.0,0.0,0.0,1.0,0.0,-1.0,-0.0
20170113,QSIH7,-1.0,-0.000297176820208,84100.0,metal,1484343863,1.0,-0.0,0.0,0.0,-0.0,-1.0,0.0,1.0,-0.0,-1.0,0.0,1.0,-0.0,0.0,-0.0,1.0,-0.0,-1.0,0.0,1.0,-0.0,-1.0,0.0,1,-0.0,1,-0.0,1,-0.0,1.0,-0.0,1.0,-0.0,-1.0,0.0,0.0,-0.0,-1.0,0.0,1.0,-0.0,0,-0.0,1.0,-0.0,1.0,-0.0,1.0,-0.0,1.0,-0.0,-1.0,0.0,1.0,-0.0,-1.0,0.0,-1.0,0.0,1,-0.0,0,-0.0,0.0,-0.0,-1.0,0.0,-1,0.0,-1.0,0.0,1,-0.0,-1.0,0.0,1.0,-0.0,1.0,-0.0,1.0,-0.0,-1.0,0.0,0.0,-0.0,0.0,-0.0,1.0,-0.0,1.0,-0.0,-1.0,0.0,1.0,-0.0,-1,0.0,-1,0.0,-1.0,0.0,-1.0,0.0,1.0,-0.0,0.0,-0.0,-1.0,0.0,1.0,-0.0,1.0,-0.0,-1.0,0.0,1.0,-0.0,-1,0.0,0,-0.0,1.0,-0.0,0,-0.0,1.0,-0.0,-1,0.0,1,-0.0,1.0,-0.0,0,-0.0,-1.0,0.0,-1.0,0.0,1.0,-0.0,1.0,-0.0,-1.0,0.0,-1.0,0.0,-1.0,0.0,-1.0,0.0,-1.0,0.0,1,-0.0,0,-0.0,-1.0,0.0,-1.0,0.0,1,-0.0,-1.0,0.0,1.0,-0.0,-1,0.0,-1,0.0,-1.0,0.0,0.0,-0.0,-1.0,0.0,1.0,-0.0
20170113,@SH7,1.0,0.0057678442682,52312.5,grain,1484334712,1.0,0.0,0.0,-1.0,-0.0,-1.0,-0.0,-1.0,-0.0,-1.0,-0.0,1.0,0.0,0.0,0.0,-1.0,-0.0,1.0,0.0,1.0,0.0,1.0,0.0,0,0.0,-1,-0.0,-1,-0.0,-1.0,-0.0,-1.0,-0.0,-1.0,-0.0,-1.0,-0.0,-1.0,-0.0,-1.0,-0.0,0,0.0,-1.0,-0.0,-1.0,-0.0,-1.0,-0.0,-1.0,-0.0,1.0,0.0,-1.0,-0.0,1.0,0.0,1.0,0.0,-1,-0.0,0,0.0,1.0,0.0,1.0,0.0,1,0.0,1.0,0.0,1,0.0,1.0,0.0,0.0,0.0,-1.0,-0.0,1.0,0.0,1.0,0.0,1.0,0.0,0.0,0.0,1.0,0.0,-1.0,-0.0,1.0,0.0,-1.0,-0.0,1,0.0,1,0.0,0.0,0.0,1.0,0.0,-1.0,-0.0,0.0,0.0,1.0,0.0,-1.0,-0.0,-1.0,-0.0,1.0,0.0,-1.0,-0.0,1,0.0,0,0.0,-1.0,-0.0,0,0.0,-1.0,-0.0,1,0.0,1,0.0,-1.0,-0.0,0,0.0,1.0,0.0,1.0,0.0,-1.0,-0.0,-1.0,-0.0,1.0,0.0,1.0,0.0,1.0,0.0,1.0,0.0,1.0,0.0,-1,-0.0,0,0.0,1.0,0.0,1.0,0.0,-1,-0.0,-1.0,-0.0,-1.0,-0.0,0,0.0,1,0.0,-1.0,-0.0,0.0,0.0,1.0,0.0,-1.0,-0.0
20170113,QRBH7,-1.0,-0.000122167246961,68749.8,energy,1484343863,1.0,-0.0,0.0,-1.0,0.0,-1.0,0.0,-1.0,0.0,-1.0,0.0,1.0,-0.0,1.0,-0.0,1.0,-0.0,1.0,-0.0,1.0,-0.0,1.0,-0.0,0,-0.0,-1,0.0,-1,0.0,0.0,-0.0,-1.0,0.0,-1.0,0.0,-1.0,0.0,-1.0,0.0,-1.0,0.0,0,-0.0,-1.0,0.0,1.0,-0.0,-1.0,0.0,-1.0,0.0,1.0,-0.0,-1.0,0.0,1.0,-0.0,1.0,-0.0,-1,0.0,0,-0.0,1.0,-0.0,1.0,-0.0,-1,0.0,1.0,-0.0,1,-0.0,1.0,-0.0,0.0,-0.0,-1.0,0.0,1.0,-0.0,1.0,-0.0,1.0,-0.0,0.0,-0.0,1.0,-0.0,-1.0,0.0,1.0,-0.0,1.0,-0.0,1,-0.0,-1,0.0,0.0,-0.0,1.0,-0.0,-1.0,0.0,0.0,-0.0,1.0,-0.0,1.0,-0.0,0.0,-0.0,-1.0,0.0,1.0,-0.0,1,-0.0,1,-0.0,-1.0,0.0,0,-0.0,-1.0,0.0,1,-0.0,1,-0.0,-1.0,0.0,0,-0.0,1.0,-0.0,1.0,-0.0,-1.0,0.0,1.0,-0.0,1.0,-0.0,-1.0,0.0,0.0,-0.0,1.0,-0.0,-1.0,0.0,-1,0.0,-1,0.0,0.0,-0.0,1.0,-0.0,-1,0.0,-1.0,0.0,-1.0,0.0,0,-0.0,1,-0.0,-1.0,0.0,-1.0,0.0,-1.0,0.0,-1.0,0.0
20170113,QPLJ7,1.0,0.00365593581802,49415.0,metal,1484343863,1.0,0.0,0.0,1.0,0.0,1.0,0.0,1.0,0.0,-1.0,-0.0,1.0,0.0,0.0,0.0,-1.0,-0.0,1.0,0.0,-1.0,-0.0,-1.0,-0.0,0,0.0,-1,-0.0,1,0.0,1.0,0.0,-1.0,-0.0,-1.0,-0.0,0.0,0.0,1.0,0.0,-1.0,-0.0,0,0.0,1.0,0.0,1.0,0.0,1.0,0.0,1.0,0.0,-1.0,-0.0,1.0,0.0,-1.0,-0.0,-1.0,-0.0,-1,-0.0,0,0.0,-1.0,-0.0,1.0,0.0,-1,-0.0,-1.0,-0.0,1,0.0,1.0,0.0,1.0,0.0,1.0,0.0,1.0,0.0,1.0,0.0,0.0,0.0,0.0,0.0,-1.0,-0.0,-1.0,-0.0,1.0,0.0,1.0,0.0,-1,-0.0,-1,-0.0,-1.0,-0.0,-1.0,-0.0,-1.0,-0.0,0.0,0.0,1.0,0.0,1.0,0.0,1.0,0.0,-1.0,-0.0,-1.0,-0.0,1,0.0,0,0.0,1.0,0.0,0,0.0,1.0,0.0,1,0.0,-1,-0.0,1.0,0.0,0,0.0,-1.0,-0.0,-1.0,-0.0,1.0,0.0,1.0,0.0,-1.0,-0.0,-1.0,-0.0,-1.0,-0.0,-1.0,-0.0,1.0,0.0,-1,-0.0,0,0.0,-1.0,-0.0,-1.0,-0.0,-1,-0.0,1.0,0.0,1.0,0.0,0,0.0,1,0.0,-1.0,-0.0,0.0,0.0,1.0,0.0,-1.0,-0.0
20170113,QPAH7,-1.0,-0.0169225743221,75230.0,metal,1484343863,1.0,-0.0,0.0,0.0,-0.0,1.0,-0.0,-1.0,0.0,-1.0,0.0,-1.0,0.0,1.0,-0.0,1.0,-0.0,1.0,-0.0,-1.0,0.0,1.0,-0.0,-1,0.0,-1,0.0,-1,0.0,0.0,-0.0,1.0,-0.0,-1.0,0.0,-1.0,0.0,-1.0,0.0,1.0,-0.0,0,-0.0,-1.0,0.0,1.0,-0.0,-1.0,0.0,0.0,-0.0,0.0,-0.0,1.0,-0.0,1.0,-0.0,-1.0,0.0,-1,0.0,-1,0.0,0.0,-0.0,-1.0,0.0,-1,0.0,1.0,-0.0,1,-0.0,1.0,-0.0,0.0,-0.0,-1.0,0.0,1.0,-0.0,1.0,-0.0,1.0,-0.0,-1.0,0.0,1.0,-0.0,-1.0,0.0,-1.0,0.0,1.0,-0.0,-1,0.0,-1,0.0,0.0,-0.0,1.0,-0.0,-1.0,0.0,1.0,-0.0,1.0,-0.0,1.0,-0.0,0.0,-0.0,-1.0,0.0,1.0,-0.0,1,-0.0,1,-0.0,-1.0,0.0,0,-0.0,1.0,-0.0,1,-0.0,-1,0.0,1.0,-0.0,1,-0.0,1.0,-0.0,0.0,-0.0,0.0,-0.0,1.0,-0.0,1.0,-0.0,-1.0,0.0,0.0,-0.0,-1.0,0.0,-1.0,0.0,-1,0.0,-1,0.0,0.0,-0.0,1.0,-0.0,-1,0.0,1.0,-0.0,-1.0,0.0,1,-0.0,1,-0.0,1.0,-0.0,-1.0,0.0,-1.0,0.0,-1.0,0.0
20170113,@NQH7,1.0,0.00521376433785,101220.0,index,1484343863,1.0,0.0,0.0,0.0,0.0,1.0,0.0,-1.0,-0.0,-1.0,-0.0,-1.0,-0.0,0.0,0.0,1.0,0.0,-1.0,-0.0,1.0,0.0,-1.0,-0.0,-1,-0.0,-1,-0.0,-1,-0.0,-1.0,-0.0,1.0,0.0,1.0,0.0,-1.0,-0.0,-1.0,-0.0,1.0,0.0,0,0.0,-1.0,-0.0,-1.0,-0.0,1.0,0.0,0.0,0.0,0.0,0.0,-1.0,-0.0,-1.0,-0.0,1.0,0.0,-1,-0.0,-1,-0.0,0.0,0.0,-1.0,-0.0,-1,-0.0,1.0,0.0,1,0.0,-1.0,-0.0,0.0,0.0,1.0,0.0,-1.0,-0.0,1.0,0.0,1.0,0.0,-1.0,-0.0,1.0,0.0,-1.0,-0.0,-1.0,-0.0,1.0,0.0,-1,-0.0,1,0.0,0.0,0.0,-1.0,-0.0,-1.0,-0.0,1.0,0.0,1.0,0.0,-1.0,-0.0,-1.0,-0.0,1.0,0.0,1.0,0.0,-1,-0.0,0,0.0,1.0,0.0,0,0.0,-1.0,-0.0,1,0.0,-1,-0.0,1.0,0.0,1,0.0,-1.0,-0.0,0.0,0.0,0.0,0.0,-1.0,-0.0,1.0,0.0,1.0,0.0,1.0,0.0,1.0,0.0,-1.0,-0.0,1,0.0,0,0.0,1.0,0.0,1.0,0.0,1,0.0,-1.0,-0.0,1.0,0.0,1,0.0,1,0.0,1.0,0.0,0.0,0.0,-1.0,-0.0,1.0,0.0
20170113,@NKDH7,1.0,0.00625978090767,84059.6130382,index,1484343863,1.0,0.0,0.0,0.0,0.0,1.0,0.0,-1.0,-0.0,1.0,0.0,-1.0,-0.0,0.0,0.0,1.0,0.0,-1.0,-0.0,1.0,0.0,-1.0,-0.0,-1,-0.0,-1,-0.0,-1,-0.0,-1.0,-0.0,1.0,0.0,1.0,0.0,0.0,0.0,-1.0,-0.0,1.0,0.0,0,0.0,-1.0,-0.0,-1.0,-0.0,-1.0,-0.0,-1.0,-0.0,1.0,0.0,-1.0,-0.0,1.0,0.0,1.0,0.0,1,0.0,0,0.0,0.0,0.0,-1.0,-0.0,1,0.0,1.0,0.0,-1,-0.0,-1.0,-0.0,-1.0,-0.0,-1.0,-0.0,-1.0,-0.0,-1.0,-0.0,0.0,0.0,0.0,0.0,1.0,0.0,1.0,0.0,-1.0,-0.0,-1.0,-0.0,1,0.0,1,0.0,1.0,0.0,1.0,0.0,1.0,0.0,0.0,0.0,-1.0,-0.0,-1.0,-0.0,-1.0,-0.0,1.0,0.0,1.0,0.0,-1,-0.0,0,0.0,-1.0,-0.0,0,0.0,-1.0,-0.0,-1,-0.0,-1,-0.0,-1.0,-0.0,0,0.0,1.0,0.0,1.0,0.0,-1.0,-0.0,-1.0,-0.0,1.0,0.0,1.0,0.0,1.0,0.0,1.0,0.0,-1.0,-0.0,1,0.0,0,0.0,1.0,0.0,1.0,0.0,1,0.0,-1.0,-0.0,1.0,0.0,1,0.0,1,0.0,1.0,0.0,0.0,0.0,-1.0,-0.0,1.0,0.0
20170113,@SFH7,1.0,0.00141029515463,124262.5,currency,1484343863,1.0,0.0,0.0,0.0,0.0,1.0,0.0,-1.0,-0.0,-1.0,-0.0,-1.0,-0.0,0.0,0.0,-1.0,-0.0,1.0,0.0,-1.0,-0.0,1.0,0.0,-1,-0.0,-1,-0.0,-1,-0.0,-1.0,-0.0,1.0,0.0,-1.0,-0.0,-1.0,-0.0,-1.0,-0.0,1.0,0.0,0,0.0,-1.0,-0.0,-1.0,-0.0,-1.0,-0.0,0.0,0.0,0.0,0.0,1.0,0.0,1.0,0.0,-1.0,-0.0,-1,-0.0,-1,-0.0,0.0,0.0,-1.0,-0.0,-1,-0.0,1.0,0.0,1,0.0,1.0,0.0,0.0,0.0,-1.0,-0.0,1.0,0.0,1.0,0.0,1.0,0.0,-1.0,-0.0,1.0,0.0,-1.0,-0.0,-1.0,-0.0,1.0,0.0,-1,-0.0,1,0.0,0.0,0.0,1.0,0.0,-1.0,-0.0,1.0,0.0,1.0,0.0,-1.0,-0.0,-1.0,-0.0,1.0,0.0,-1.0,-0.0,1,0.0,0,0.0,-1.0,-0.0,0,0.0,1.0,0.0,1,0.0,-1,-0.0,1.0,0.0,1,0.0,1.0,0.0,0.0,0.0,0.0,0.0,-1.0,-0.0,1.0,0.0,1.0,0.0,1.0,0.0,-1.0,-0.0,1.0,0.0,-1,-0.0,0,0.0,1.0,0.0,1.0,0.0,-1,-0.0,1.0,0.0,-1.0,-0.0,1,0.0,1,0.0,1.0,0.0,0.0,0.0,1.0,0.0,-1.0,-0.0
20170113,@ADH7,1.0,0.00160406362786,74930.0,currency,1484343863,1.0,0.0,0.0,0.0,0.0,1.0,0.0,-1.0,-0.0,-1.0,-0.0,-1.0,-0.0,0.0,0.0,-1.0,-0.0,1.0,0.0,-1.0,-0.0,1.0,0.0,-1,-0.0,-1,-0.0,-1,-0.0,-1.0,-0.0,1.0,0.0,-1.0,-0.0,-1.0,-0.0,-1.0,-0.0,1.0,0.0,0,0.0,-1.0,-0.0,-1.0,-0.0,-1.0,-0.0,0.0,0.0,0.0,0.0,1.0,0.0,1.0,0.0,-1.0,-0.0,-1,-0.0,-1,-0.0,0.0,0.0,-1.0,-0.0,-1,-0.0,1.0,0.0,1,0.0,1.0,0.0,0.0,0.0,-1.0,-0.0,1.0,0.0,1.0,0.0,1.0,0.0,-1.0,-0.0,1.0,0.0,-1.0,-0.0,-1.0,-0.0,1.0,0.0,-1,-0.0,1,0.0,0.0,0.0,1.0,0.0,-1.0,-0.0,1.0,0.0,1.0,0.0,-1.0,-0.0,-1.0,-0.0,1.0,0.0,-1.0,-0.0,1,0.0,0,0.0,-1.0,-0.0,0,0.0,1.0,0.0,1,0.0,-1,-0.0,1.0,0.0,1,0.0,1.0,0.0,0.0,0.0,0.0,0.0,-1.0,-0.0,1.0,0.0,1.0,0.0,1.0,0.0,-1.0,-0.0,1.0,0.0,-1,-0.0,0,0.0,1.0,0.0,1.0,0.0,-1,-0.0,1.0,0.0,-1.0,-0.0,1,0.0,1,0.0,1.0,0.0,0.0,0.0,1.0,0.0,-1.0,-0.0
20170116,@WH7,0.0,0.0,21250.0,grain,1484334712,1.0,0.0,0.0,-1.0,-0.0,-1.0,-0.0,-1.0,-0.0,-1.0,-0.0,-1.0,-0.0,0.0,0.0,1.0,0.0,-1.0,-0.0,1.0,0.0,1.0,0.0,0,0.0,1,0.0,-1,-0.0,-1.0,-0.0,1.0,0.0,1.0,0.0,-1.0,-0.0,-1.0,-0.0,1.0,0.0,0,0.0,-1.0,-0.0,-1.0,-0.0,-1.0,-0.0,-1.0,-0.0,1.0,0.0,-1.0,-0.0,1.0,0.0,1.0,0.0,1,0.0,0,0.0,1.0,0.0,-1.0,-0.0,-1,-0.0,1.0,0.0,1,0.0,-1.0,-0.0,0.0,0.0,1.0,0.0,-1.0,-0.0,1.0,0.0,1.0,0.0,0.0,0.0,1.0,0.0,1.0,0.0,-1.0,-0.0,1.0,0.0,1,0.0,1,0.0,0.0,0.0,-1.0,-0.0,-1.0,-0.0,0.0,0.0,-1.0,-0.0,-1.0,-0.0,-1.0,-0.0,1.0,0.0,1.0,0.0,-1,-0.0,0,0.0,-1.0,-0.0,0,0.0,-1.0,-0.0,-1,-0.0,1,0.0,-1.0,-0.0,0,0.0,1.0,0.0,1.0,0.0,-1.0,-0.0,-1.0,-0.0,1.0,0.0,1.0,0.0,1.0,0.0,1.0,0.0,-1.0,-0.0,1,0.0,0,0.0,1.0,0.0,1.0,0.0,1,0.0,-1.0,-0.0,-1.0,-0.0,0,0.0,-1,-0.0,1.0,0.0,0.0,0.0,-1.0,-0.0,1.0,0.0
20170116,@ADH7,-1.0,-0.00347036839295,74660.0,currency,1484588646,1.0,-0.0,0.0,0.0,-0.0,1.0,-0.0,-1.0,0.0,-1.0,0.0,-1.0,0.0,0.0,-0.0,-1.0,0.0,1.0,-0.0,-1.0,0.0,1.0,-0.0,-1,0.0,-1,0.0,-1,0.0,-1.0,0.0,1.0,-0.0,-1.0,0.0,-1.0,0.0,-1.0,0.0,1.0,-0.0,0,-0.0,-1.0,0.0,-1.0,0.0,-1.0,0.0,0.0,-0.0,0.0,-0.0,1.0,-0.0,1.0,-0.0,-1.0,0.0,-1,0.0,-1,0.0,0.0,-0.0,-1.0,0.0,-1,0.0,1.0,-0.0,1,-0.0,1.0,-0.0,0.0,-0.0,-1.0,0.0,1.0,-0.0,1.0,-0.0,1.0,-0.0,-1.0,0.0,1.0,-0.0,-1.0,0.0,-1.0,0.0,1.0,-0.0,-1,0.0,1,-0.0,0.0,-0.0,1.0,-0.0,-1.0,0.0,1.0,-0.0,1.0,-0.0,-1.0,0.0,-1.0,0.0,1.0,-0.0,-1.0,0.0,1,-0.0,0,-0.0,-1.0,0.0,0,-0.0,1.0,-0.0,1,-0.0,-1,0.0,1.0,-0.0,1,-0.0,1.0,-0.0,0.0,-0.0,0.0,-0.0,-1.0,0.0,1.0,-0.0,1.0,-0.0,1.0,-0.0,-1.0,0.0,1.0,-0.0,-1,0.0,0,-0.0,1.0,-0.0,1.0,-0.0,-1,0.0,1.0,-0.0,-1.0,0.0,1,-0.0,1,-0.0,1.0,-0.0,0.0,-0.0,1.0,-0.0,-1.0,0.0
20170116,@USH7,1.0,0.000410424789657,152343.75,rates,1484588646,1.0,0.0,0.0,0.0,0.0,-1.0,-0.0,1.0,0.0,-1.0,-0.0,1.0,0.0,-1.0,-0.0,-1.0,-0.0,-1.0,-0.0,1.0,0.0,-1.0,-0.0,1,0.0,1,0.0,1,0.0,0.0,0.0,-1.0,-0.0,-1.0,-0.0,0.0,0.0,-1.0,-0.0,-1.0,-0.0,0,0.0,1.0,0.0,-1.0,-0.0,1.0,0.0,0.0,0.0,0.0,0.0,-1.0,-0.0,-1.0,-0.0,1.0,0.0,1,0.0,1,0.0,0.0,0.0,1.0,0.0,-1,-0.0,-1.0,-0.0,1,0.0,-1.0,-0.0,1.0,0.0,1.0,0.0,1.0,0.0,-1.0,-0.0,0.0,0.0,1.0,0.0,1.0,0.0,1.0,0.0,1.0,0.0,1.0,0.0,1,0.0,1,0.0,-1.0,-0.0,-1.0,-0.0,1.0,0.0,-1.0,-0.0,-1.0,-0.0,-1.0,-0.0,0.0,0.0,1.0,0.0,-1.0,-0.0,-1,-0.0,-1,-0.0,1.0,0.0,0,0.0,-1.0,-0.0,-1,-0.0,1,0.0,-1.0,-0.0,-1,-0.0,-1.0,-0.0,0.0,0.0,0.0,0.0,-1.0,-0.0,-1.0,-0.0,1.0,0.0,0.0,0.0,1.0,0.0,1.0,0.0,1,0.0,1,0.0,0.0,0.0,-1.0,-0.0,1,0.0,-1.0,-0.0,1.0,0.0,-1,-0.0,-1,-0.0,-1.0,-0.0,1.0,0.0,1.0,0.0,1.0,0.0
20170116,@TYH7,1.0,0.000500876533934,124843.75,rates,1484588646,1.0,62.5313047834,62.5313047834,1.0,62.5313047834,1.0,62.5313047834,1.0,62.5313047834,-1.0,-62.5313047834,-1.0,-62.5313047834,-1.0,-62.5313047834,-1.0,-62.5313047834,-1.0,-62.5313047834,-1.0,-62.5313047834,-1.0,-62.5313047834,0,0.0,1,62.5313047834,1,62.5313047834,0.0,0.0,1.0,62.5313047834,-1.0,-62.5313047834,0.0,0.0,-1.0,-62.5313047834,1.0,62.5313047834,0,0.0,1.0,62.5313047834,-1.0,-62.5313047834,1.0,62.5313047834,1.0,62.5313047834,-1.0,-62.5313047834,1.0,62.5313047834,-1.0,-62.5313047834,-1.0,-62.5313047834,1,62.5313047834,0,0.0,-1.0,-62.5313047834,-1.0,-62.5313047834,-1,-62.5313047834,-1.0,-62.5313047834,1,62.5313047834,-1.0,-62.5313047834,1.0,62.5313047834,1.0,62.5313047834,1.0,62.5313047834,-1.0,-62.5313047834,0.0,0.0,0.0,0.0,1.0,62.5313047834,1.0,62.5313047834,-1.0,-62.5313047834,1.0,62.5313047834,-1,-62.5313047834,1,62.5313047834,-1.0,-62.5313047834,-1.0,-62.5313047834,1.0,62.5313047834,0.0,0.0,-1.0,-62.5313047834,-1.0,-62.5313047834,0.0,0.0,1.0,62.5313047834,-1.0,-62.5313047834,-1,-62.5313047834,-1,-62.5313047834,1.0,62.5313047834,0,0.0,1.0,62.5313047834,-1,-62.5313047834,-1,-62.5313047834,1.0,62.5313047834,0,0.0,-1.0,-62.5313047834,-1.0,-62.5313047834,1.0,62.5313047834,-1.0,-62.5313047834,-1.0,-62.5313047834,1.0,62.5313047834,0.0,0.0,-1.0,-62.5313047834,1.0,62.5313047834,1,62.5313047834,1,62.5313047834,0.0,0.0,-1.0,-62.5313047834,1,62.5313047834,1.0,62.5313047834,1.0,62.5313047834,0,0.0,-1,-62.5313047834,1.0,62.5313047834,1.0,62.5313047834,1.0,62.5313047834,1.0,62.5313047834
20170116,@TUH7,1.0,0.000216325353331,216734.375,rates,1484588646,2.0,0.0,0.0,1.0,0.0,1.0,0.0,1.0,0.0,1.0,0.0,-1.0,-0.0,-1.0,-0.0,-1.0,-0.0,-1.0,-0.0,-1.0,-0.0,-1.0,-0.0,0,0.0,1,0.0,1,0.0,0.0,0.0,1.0,0.0,1.0,0.0,1.0,0.0,1.0,0.0,1.0,0.0,0,0.0,1.0,0.0,-1.0,-0.0,1.0,0.0,1.0,0.0,-1.0,-0.0,1.0,0.0,-1.0,-0.0,-1.0,-0.0,1,0.0,0,0.0,-1.0,-0.0,-1.0,-0.0,-1,-0.0,-1.0,-0.0,-1,-0.0,-1.0,-0.0,0.0,0.0,1.0,0.0,-1.0,-0.0,-1.0,-0.0,-1.0,-0.0,0.0,0.0,-1.0,-0.0,1.0,0.0,-1.0,-0.0,1.0,0.0,-1,-0.0,1,0.0,0.0,0.0,-1.0,-0.0,1.0,0.0,0.0,0.0,-1.0,-0.0,-1.0,-0.0,0.0,0.0,1.0,0.0,-1.0,-0.0,-1,-0.0,-1,-0.0,1.0,0.0,0,0.0,1.0,0.0,-1,-0.0,-1,-0.0,1.0,0.0,0,0.0,-1.0,-0.0,-1.0,-0.0,1.0,0.0,-1.0,-0.0,-1.0,-0.0,1.0,0.0,0.0,0.0,-1.0,-0.0,1.0,0.0,1,0.0,1,0.0,0.0,0.0,-1.0,-0.0,1,0.0,1.0,0.0,1.0,0.0,0,0.0,-1,-0.0,1.0,0.0,1.0,0.0,1.0,0.0,1.0,0.0
20170116,@SMH7,0.0,0.0,33310.0,grain,1484334712,1.0,0.0,0.0,0.0,0.0,1.0,0.0,-1.0,-0.0,-1.0,-0.0,-1.0,-0.0,0.0,0.0,-1.0,-0.0,1.0,0.0,-1.0,-0.0,1.0,0.0,-1,-0.0,-1,-0.0,-1,-0.0,-1.0,-0.0,1.0,0.0,-1.0,-0.0,-1.0,-0.0,-1.0,-0.0,1.0,0.0,0,0.0,-1.0,-0.0,-1.0,-0.0,-1.0,-0.0,0.0,0.0,0.0,0.0,1.0,0.0,1.0,0.0,-1.0,-0.0,-1,-0.0,-1,-0.0,0.0,0.0,-1.0,-0.0,1,0.0,1.0,0.0,1,0.0,1.0,0.0,0.0,0.0,-1.0,-0.0,1.0,0.0,1.0,0.0,1.0,0.0,-1.0,-0.0,1.0,0.0,-1.0,-0.0,-1.0,-0.0,-1.0,-0.0,-1,-0.0,1,0.0,0.0,0.0,1.0,0.0,-1.0,-0.0,1.0,0.0,1.0,0.0,-1.0,-0.0,-1.0,-0.0,1.0,0.0,-1.0,-0.0,1,0.0,0,0.0,-1.0,-0.0,0,0.0,1.0,0.0,1,0.0,-1,-0.0,1.0,0.0,1,0.0,1.0,0.0,0.0,0.0,0.0,0.0,-1.0,-0.0,1.0,0.0,1.0,0.0,1.0,0.0,-1.0,-0.0,1.0,0.0,-1,-0.0,0,0.0,1.0,0.0,1.0,0.0,-1,-0.0,1.0,0.0,-1.0,-0.0,1,0.0,1,0.0,1.0,0.0,0.0,0.0,1.0,0.0,-1.0,-0.0
20170116,QSIH7,1.0,0.00477184610796,84225.0,metal,1484588646,1.0,0.0,0.0,0.0,0.0,-1.0,-0.0,1.0,0.0,-1.0,-0.0,1.0,0.0,0.0,0.0,1.0,0.0,-1.0,-0.0,1.0,0.0,-1.0,-0.0,1,0.0,1,0.0,1,0.0,1.0,0.0,1.0,0.0,-1.0,-0.0,0.0,0.0,-1.0,-0.0,1.0,0.0,0,0.0,1.0,0.0,1.0,0.0,1.0,0.0,1.0,0.0,-1.0,-0.0,1.0,0.0,-1.0,-0.0,-1.0,-0.0,1,0.0,0,0.0,0.0,0.0,-1.0,-0.0,-1,-0.0,-1.0,-0.0,1,0.0,-1.0,-0.0,1.0,0.0,1.0,0.0,1.0,0.0,-1.0,-0.0,0.0,0.0,0.0,0.0,1.0,0.0,1.0,0.0,-1.0,-0.0,1.0,0.0,-1,-0.0,-1,-0.0,-1.0,-0.0,-1.0,-0.0,1.0,0.0,0.0,0.0,-1.0,-0.0,1.0,0.0,1.0,0.0,-1.0,-0.0,1.0,0.0,-1,-0.0,0,0.0,1.0,0.0,0,0.0,1.0,0.0,-1,-0.0,1,0.0,1.0,0.0,0,0.0,-1.0,-0.0,-1.0,-0.0,1.0,0.0,1.0,0.0,-1.0,-0.0,-1.0,-0.0,-1.0,-0.0,-1.0,-0.0,-1.0,-0.0,1,0.0,0,0.0,-1.0,-0.0,-1.0,-0.0,1,0.0,-1.0,-0.0,1.0,0.0,-1,-0.0,-1,-0.0,-1.0,-0.0,0.0,0.0,-1.0,-0.0,1.0,0.0
20170116,@SFH7,-1.0,-0.00201227487675,123987.5,currency,1484588646,1.0,-0.0,0.0,0.0,-0.0,1.0,-0.0,-1.0,0.0,-1.0,0.0,-1.0,0.0,0.0,-0.0,-1.0,0.0,1.0,-0.0,-1.0,0.0,1.0,-0.0,-1,0.0,-1,0.0,-1,0.0,-1.0,0.0,1.0,-0.0,-1.0,0.0,-1.0,0.0,-1.0,0.0,1.0,-0.0,0,-0.0,-1.0,0.0,-1.0,0.0,-1.0,0.0,0.0,-0.0,0.0,-0.0,1.0,-0.0,1.0,-0.0,-1.0,0.0,-1,0.0,-1,0.0,0.0,-0.0,-1.0,0.0,-1,0.0,1.0,-0.0,1,-0.0,1.0,-0.0,0.0,-0.0,-1.0,0.0,1.0,-0.0,1.0,-0.0,1.0,-0.0,-1.0,0.0,1.0,-0.0,-1.0,0.0,-1.0,0.0,1.0,-0.0,-1,0.0,1,-0.0,0.0,-0.0,1.0,-0.0,-1.0,0.0,1.0,-0.0,1.0,-0.0,-1.0,0.0,-1.0,0.0,1.0,-0.0,-1.0,0.0,1,-0.0,0,-0.0,-1.0,0.0,0,-0.0,1.0,-0.0,1,-0.0,-1,0.0,1.0,-0.0,1,-0.0,1.0,-0.0,0.0,-0.0,0.0,-0.0,-1.0,0.0,1.0,-0.0,1.0,-0.0,1.0,-0.0,-1.0,0.0,1.0,-0.0,-1,0.0,0,-0.0,1.0,-0.0,1.0,-0.0,-1,0.0,1.0,-0.0,-1.0,0.0,1,-0.0,1,-0.0,1.0,-0.0,0.0,-0.0,1.0,-0.0,-1.0,0.0
20170116,@SH7,0.0,0.0,52312.5,grain,1484334712,1.0,0.0,0.0,0.0,0.0,1.0,0.0,-1.0,-0.0,1.0,0.0,-1.0,-0.0,0.0,0.0,-1.0,-0.0,1.0,0.0,-1.0,-0.0,1.0,0.0,-1,-0.0,-1,-0.0,-1,-0.0,-1.0,-0.0,1.0,0.0,1.0,0.0,0.0,0.0,1.0,0.0,1.0,0.0,0,0.0,-1.0,-0.0,-1.0,-0.0,-1.0,-0.0,0.0,0.0,0.0,0.0,1.0,0.0,1.0,0.0,-1.0,-0.0,-1,-0.0,-1,-0.0,0.0,0.0,-1.0,-0.0,1,0.0,1.0,0.0,-1,-0.0,1.0,0.0,-1.0,-0.0,-1.0,-0.0,-1.0,-0.0,1.0,0.0,0.0,0.0,-1.0,-0.0,-1.0,-0.0,-1.0,-0.0,-1.0,-0.0,-1.0,-0.0,-1,-0.0,1,0.0,1.0,0.0,1.0,0.0,-1.0,-0.0,1.0,0.0,1.0,0.0,-1.0,-0.0,-1.0,-0.0,1.0,0.0,-1.0,-0.0,1,0.0,0,0.0,-1.0,-0.0,0,0.0,1.0,0.0,1,0.0,-1,-0.0,1.0,0.0,1,0.0,1.0,0.0,0.0,0.0,0.0,0.0,-1.0,-0.0,1.0,0.0,1.0,0.0,1.0,0.0,-1.0,-0.0,1.0,0.0,-1,-0.0,0,0.0,1.0,0.0,1.0,0.0,-1,-0.0,1.0,0.0,-1.0,-0.0,1,0.0,1,0.0,1.0,0.0,0.0,0.0,1.0,0.0,-1.0,-0.0
20170116,QRBH7,1.0,0.000732913943688,68817.0,energy,1484588646,1.0,0.0,0.0,-1.0,-0.0,-1.0,-0.0,1.0,0.0,-1.0,-0.0,-1.0,-0.0,1.0,0.0,1.0,0.0,1.0,0.0,1.0,0.0,1.0,0.0,0,0.0,1,0.0,-1,-0.0,0.0,0.0,1.0,0.0,1.0,0.0,-1.0,-0.0,-1.0,-0.0,1.0,0.0,0,0.0,1.0,0.0,-1.0,-0.0,-1.0,-0.0,-1.0,-0.0,1.0,0.0,-1.0,-0.0,1.0,0.0,1.0,0.0,1,0.0,0,0.0,1.0,0.0,-1.0,-0.0,-1,-0.0,1.0,0.0,1,0.0,-1.0,-0.0,0.0,0.0,1.0,0.0,-1.0,-0.0,1.0,0.0,1.0,0.0,0.0,0.0,1.0,0.0,1.0,0.0,-1.0,-0.0,1.0,0.0,1,0.0,-1,-0.0,0.0,0.0,-1.0,-0.0,-1.0,-0.0,0.0,0.0,-1.0,-0.0,-1.0,-0.0,0.0,0.0,1.0,0.0,1.0,0.0,1,0.0,1,0.0,-1.0,-0.0,0,0.0,-1.0,-0.0,-1,-0.0,1,0.0,-1.0,-0.0,0,0.0,1.0,0.0,1.0,0.0,-1.0,-0.0,1.0,0.0,-1.0,-0.0,1.0,0.0,0.0,0.0,1.0,0.0,-1.0,-0.0,-1,-0.0,-1,-0.0,0.0,0.0,-1.0,-0.0,1,0.0,-1.0,-0.0,-1.0,-0.0,0,0.0,-1,-0.0,1.0,0.0,-1.0,-0.0,-1.0,-0.0,-1.0,-0.0
20170116,QPLJ7,-1.0,-0.000709651257096,49285.0,metal,1484588646,1.0,-0.0,0.0,1.0,-0.0,1.0,-0.0,1.0,-0.0,-1.0,0.0,1.0,-0.0,0.0,-0.0,-1.0,0.0,1.0,-0.0,-1.0,0.0,-1.0,0.0,0,-0.0,-1,0.0,1,-0.0,1.0,-0.0,-1.0,0.0,-1.0,0.0,0.0,-0.0,1.0,-0.0,-1.0,0.0,0,-0.0,1.0,-0.0,1.0,-0.0,1.0,-0.0,1.0,-0.0,-1.0,0.0,1.0,-0.0,-1.0,0.0,-1.0,0.0,-1,0.0,0,-0.0,-1.0,0.0,1.0,-0.0,-1,0.0,-1.0,0.0,1,-0.0,1.0,-0.0,1.0,-0.0,1.0,-0.0,1.0,-0.0,1.0,-0.0,0.0,-0.0,0.0,-0.0,-1.0,0.0,-1.0,0.0,1.0,-0.0,1.0,-0.0,-1,0.0,-1,0.0,-1.0,0.0,-1.0,0.0,-1.0,0.0,0.0,-0.0,1.0,-0.0,1.0,-0.0,1.0,-0.0,-1.0,0.0,-1.0,0.0,1,-0.0,0,-0.0,1.0,-0.0,0,-0.0,1.0,-0.0,1,-0.0,-1,0.0,1.0,-0.0,0,-0.0,-1.0,0.0,-1.0,0.0,1.0,-0.0,1.0,-0.0,-1.0,0.0,-1.0,0.0,-1.0,0.0,-1.0,0.0,1.0,-0.0,-1,0.0,0,-0.0,-1.0,0.0,-1.0,0.0,-1,0.0,1.0,-0.0,1.0,-0.0,0,-0.0,1,-0.0,-1.0,0.0,0.0,-0.0,1.0,-0.0,-1.0,0.0
20170116,QPAH7,-1.0,-0.00433825001669,74590.0,metal,1484588646,1.0,-0.0,0.0,0.0,-0.0,1.0,-0.0,1.0,-0.0,-1.0,0.0,-1.0,0.0,1.0,-0.0,1.0,-0.0,1.0,-0.0,1.0,-0.0,-1.0,0.0,-1,0.0,-1,0.0,-1,0.0,0.0,-0.0,1.0,-0.0,1.0,-0.0,-1.0,0.0,-1.0,0.0,1.0,-0.0,0,-0.0,1.0,-0.0,-1.0,0.0,1.0,-0.0,0.0,-0.0,0.0,-0.0,-1.0,0.0,-1.0,0.0,1.0,-0.0,-1,0.0,-1,0.0,0.0,-0.0,-1.0,0.0,-1,0.0,1.0,-0.0,1,-0.0,-1.0,0.0,0.0,-0.0,1.0,-0.0,-1.0,0.0,1.0,-0.0,1.0,-0.0,-1.0,0.0,1.0,-0.0,-1.0,0.0,-1.0,0.0,1.0,-0.0,-1,0.0,-1,0.0,0.0,-0.0,-1.0,0.0,-1.0,0.0,1.0,-0.0,1.0,-0.0,-1.0,0.0,0.0,-0.0,1.0,-0.0,1.0,-0.0,1,-0.0,1,-0.0,1.0,-0.0,0,-0.0,-1.0,0.0,1,-0.0,-1,0.0,1.0,-0.0,1,-0.0,-1.0,0.0,0.0,-0.0,0.0,-0.0,1.0,-0.0,-1.0,0.0,1.0,-0.0,0.0,-0.0,1.0,-0.0,-1.0,0.0,-1,0.0,-1,0.0,0.0,-0.0,-1.0,0.0,1,-0.0,-1.0,0.0,1.0,-0.0,1,-0.0,1,-0.0,1.0,-0.0,-1.0,0.0,-1.0,0.0,-1.0,0.0
20170116,@NQH7,-1.0,-0.00153124228204,101070.0,index,1484588646,1.0,-0.0,0.0,0.0,-0.0,1.0,-0.0,-1.0,0.0,1.0,-0.0,-1.0,0.0,0.0,-0.0,-1.0,0.0,1.0,-0.0,-1.0,0.0,1.0,-0.0,-1,0.0,-1,0.0,-1,0.0,-1.0,0.0,1.0,-0.0,1.0,-0.0,0.0,-0.0,1.0,-0.0,1.0,-0.0,0,-0.0,-1.0,0.0,-1.0,0.0,-1.0,0.0,0.0,-0.0,0.0,-0.0,1.0,-0.0,1.0,-0.0,-1.0,0.0,-1,0.0,-1,0.0,0.0,-0.0,-1.0,0.0,-1,0.0,1.0,-0.0,-1,0.0,1.0,-0.0,-1.0,0.0,-1.0,0.0,-1.0,0.0,1.0,-0.0,0.0,-0.0,-1.0,0.0,-1.0,0.0,-1.0,0.0,-1.0,0.0,1.0,-0.0,-1,0.0,1,-0.0,1.0,-0.0,1.0,-0.0,-1.0,0.0,1.0,-0.0,1.0,-0.0,-1.0,0.0,-1.0,0.0,1.0,-0.0,-1.0,0.0,1,-0.0,0,-0.0,-1.0,0.0,0,-0.0,1.0,-0.0,1,-0.0,-1,0.0,1.0,-0.0,1,-0.0,1.0,-0.0,0.0,-0.0,0.0,-0.0,-1.0,0.0,1.0,-0.0,1.0,-0.0,1.0,-0.0,-1.0,0.0,1.0,-0.0,-1,0.0,0,-0.0,1.0,-0.0,1.0,-0.0,-1,0.0,1.0,-0.0,-1.0,0.0,1,-0.0,1,-0.0,1.0,-0.0,0.0,-0.0,1.0,-0.0,-1.0,0.0
20170116,@NKDH7,-1.0,-0.0129533678756,83158.7218439,index,1484588646,1.0,-0.0,0.0,-1.0,0.0,-1.0,0.0,-1.0,0.0,1.0,-0.0,1.0,-0.0,0.0,-0.0,-1.0,0.0,1.0,-0.0,1.0,-0.0,1.0,-0.0,0,-0.0,-1,0.0,-1,0.0,-1.0,0.0,-1.0,0.0,1.0,-0.0,0.0,-0.0,1.0,-0.0,-1.0,0.0,0,-0.0,-1.0,0.0,-1.0,0.0,-1.0,0.0,-1.0,0.0,1.0,-0.0,-1.0,0.0,1.0,-0.0,1.0,-0.0,-1,0.0,0,-0.0,1.0,-0.0,1.0,-0.0,1,-0.0,1.0,-0.0,-1,0.0,1.0,-0.0,-1.0,0.0,-1.0,0.0,-1.0,0.0,1.0,-0.0,0.0,-0.0,0.0,-0.0,-1.0,0.0,-1.0,0.0,1.0,-0.0,-1.0,0.0,1,-0.0,1,-0.0,1.0,-0.0,1.0,-0.0,-1.0,0.0,0.0,-0.0,1.0,-0.0,-1.0,0.0,-1.0,0.0,1.0,-0.0,-1.0,0.0,1,-0.0,0,-0.0,-1.0,0.0,0,-0.0,-1.0,0.0,1,-0.0,1,-0.0,-1.0,0.0,0,-0.0,1.0,-0.0,1.0,-0.0,-1.0,0.0,-1.0,0.0,1.0,-0.0,1.0,-0.0,1.0,-0.0,1.0,-0.0,1.0,-0.0,-1,0.0,0,-0.0,1.0,-0.0,1.0,-0.0,-1,0.0,-1.0,0.0,-1.0,0.0,0,-0.0,1,-0.0,-1.0,0.0,0.0,-0.0,1.0,-0.0,-1.0,0.0
20170116,QNGH7,1.0,0.017667844523,34560.0,energy,1484588646,1.0,610.600706714,610.600706714,0.0,0.0,1.0,610.600706714,-1.0,-610.600706714,-1.0,-610.600706714,-1.0,-610.600706714,1.0,610.600706714,1.0,610.600706714,1.0,610.600706714,-1.0,-610.600706714,1.0,610.600706714,-1,-610.600706714,-1,-610.600706714,-1,-610.600706714,0.0,0.0,1.0,610.600706714,-1.0,-610.600706714,-1.0,-610.600706714,-1.0,-610.600706714,1.0,610.600706714,0,0.0,-1.0,-610.600706714,1.0,610.600706714,-1.0,-610.600706714,0.0,0.0,0.0,0.0,1.0,610.600706714,1.0,610.600706714,-1.0,-610.600706714,-1,-610.600706714,-1,-610.600706714,0.0,0.0,-1.0,-610.600706714,-1,-610.600706714,1.0,610.600706714,1,610.600706714,1.0,610.600706714,0.0,0.0,-1.0,-610.600706714,1.0,610.600706714,1.0,610.600706714,1.0,610.600706714,-1.0,-610.600706714,1.0,610.600706714,-1.0,-610.600706714,-1.0,-610.600706714,1.0,610.600706714,-1,-610.600706714,-1,-610.600706714,0.0,0.0,1.0,610.600706714,-1.0,-610.600706714,1.0,610.600706714,1.0,610.600706714,1.0,610.600706714,0.0,0.0,-1.0,-610.600706714,1.0,610.600706714,1,610.600706714,1,610.600706714,-1.0,-610.600706714,0,0.0,1.0,610.600706714,1,610.600706714,-1,-610.600706714,1.0,610.600706714,1,610.600706714,1.0,610.600706714,0.0,0.0,0.0,0.0,1.0,610.600706714,1.0,610.600706714,-1.0,-610.600706714,0.0,0.0,-1.0,-610.600706714,-1.0,-610.600706714,-1,-610.600706714,-1,-610.600706714,0.0,0.0,1.0,610.600706714,-1,-610.600706714,1.0,610.600706714,-1.0,-610.600706714,1,610.600706714,1,610.600706714,1.0,610.600706714,-1.0,-610.600706714,-1.0,-610.600706714,-1.0,-610.600706714
20170116,@NEH7,-1.0,-0.00337410375369,70890.0,currency,1484588646,1.0,-0.0,0.0,0.0,-0.0,1.0,-0.0,-1.0,0.0,-1.0,0.0,-1.0,0.0,0.0,-0.0,-1.0,0.0,1.0,-0.0,-1.0,0.0,1.0,-0.0,-1,0.0,-1,0.0,-1,0.0,-1.0,0.0,1.0,-0.0,-1.0,0.0,-1.0,0.0,-1.0,0.0,1.0,-0.0,0,-0.0,-1.0,0.0,-1.0,0.0,-1.0,0.0,0.0,-0.0,0.0,-0.0,1.0,-0.0,1.0,-0.0,-1.0,0.0,-1,0.0,-1,0.0,0.0,-0.0,-1.0,0.0,-1,0.0,1.0,-0.0,1,-0.0,1.0,-0.0,0.0,-0.0,-1.0,0.0,1.0,-0.0,1.0,-0.0,1.0,-0.0,-1.0,0.0,1.0,-0.0,-1.0,0.0,-1.0,0.0,1.0,-0.0,-1,0.0,1,-0.0,0.0,-0.0,1.0,-0.0,-1.0,0.0,1.0,-0.0,1.0,-0.0,-1.0,0.0,-1.0,0.0,1.0,-0.0,-1.0,0.0,1,-0.0,0,-0.0,-1.0,0.0,0,-0.0,1.0,-0.0,1,-0.0,-1,0.0,1.0,-0.0,1,-0.0,1.0,-0.0,0.0,-0.0,0.0,-0.0,-1.0,0.0,1.0,-0.0,1.0,-0.0,1.0,-0.0,-1.0,0.0,1.0,-0.0,-1,0.0,0,-0.0,1.0,-0.0,1.0,-0.0,-1,0.0,1.0,-0.0,-1.0,0.0,1,-0.0,1,-0.0,1.0,-0.0,0.0,-0.0,1.0,-0.0,-1.0,0.0
20170116,@PXH7,-1.0,-0.00629340277778,22895.0,currency,1484588646,1.0,-0.0,0.0,0.0,-0.0,1.0,-0.0,-1.0,0.0,-1.0,0.0,-1.0,0.0,1.0,-0.0,1.0,-0.0,1.0,-0.0,-1.0,0.0,1.0,-0.0,-1,0.0,-1,0.0,-1,0.0,0.0,-0.0,1.0,-0.0,-1.0,0.0,-1.0,0.0,-1.0,0.0,1.0,-0.0,0,-0.0,-1.0,0.0,1.0,-0.0,-1.0,0.0,0.0,-0.0,0.0,-0.0,1.0,-0.0,1.0,-0.0,-1.0,0.0,-1,0.0,-1,0.0,0.0,-0.0,-1.0,0.0,-1,0.0,1.0,-0.0,1,-0.0,1.0,-0.0,0.0,-0.0,-1.0,0.0,1.0,-0.0,1.0,-0.0,1.0,-0.0,-1.0,0.0,1.0,-0.0,-1.0,0.0,-1.0,0.0,1.0,-0.0,-1,0.0,-1,0.0,0.0,-0.0,1.0,-0.0,-1.0,0.0,1.0,-0.0,1.0,-0.0,1.0,-0.0,0.0,-0.0,-1.0,0.0,1.0,-0.0,1,-0.0,1,-0.0,-1.0,0.0,0,-0.0,1.0,-0.0,1,-0.0,-1,0.0,1.0,-0.0,1,-0.0,1.0,-0.0,0.0,-0.0,0.0,-0.0,1.0,-0.0,1.0,-0.0,-1.0,0.0,0.0,-0.0,-1.0,0.0,-1.0,0.0,-1,0.0,-1,0.0,0.0,-0.0,1.0,-0.0,-1,0.0,1.0,-0.0,-1.0,0.0,1,-0.0,1,-0.0,1.0,-0.0,-1.0,0.0,-1.0,0.0,-1.0,0.0
20170116,@HEJ7,0.0,0.0,27810.0,meat,1484334197,1.0,0.0,0.0,0.0,0.0,1.0,0.0,1.0,0.0,-1.0,-0.0,-1.0,-0.0,1.0,0.0,1.0,0.0,1.0,0.0,1.0,0.0,-1.0,-0.0,-1,-0.0,-1,-0.0,-1,-0.0,0.0,0.0,1.0,0.0,1.0,0.0,-1.0,-0.0,-1.0,-0.0,1.0,0.0,0,0.0,1.0,0.0,-1.0,-0.0,1.0,0.0,0.0,0.0,0.0,0.0,-1.0,-0.0,-1.0,-0.0,1.0,0.0,-1,-0.0,-1,-0.0,0.0,0.0,-1.0,-0.0,1,0.0,1.0,0.0,1,0.0,-1.0,-0.0,0.0,0.0,1.0,0.0,-1.0,-0.0,1.0,0.0,1.0,0.0,-1.0,-0.0,1.0,0.0,-1.0,-0.0,-1.0,-0.0,-1.0,-0.0,-1,-0.0,-1,-0.0,0.0,0.0,-1.0,-0.0,-1.0,-0.0,1.0,0.0,1.0,0.0,-1.0,-0.0,0.0,0.0,1.0,0.0,1.0,0.0,1,0.0,1,0.0,1.0,0.0,0,0.0,-1.0,-0.0,1,0.0,-1,-0.0,1.0,0.0,1,0.0,-1.0,-0.0,0.0,0.0,0.0,0.0,1.0,0.0,-1.0,-0.0,1.0,0.0,0.0,0.0,1.0,0.0,-1.0,-0.0,-1,-0.0,-1,-0.0,0.0,0.0,-1.0,-0.0,1,0.0,-1.0,-0.0,1.0,0.0,1,0.0,1,0.0,1.0,0.0,-1.0,-0.0,-1.0,-0.0,-1.0,-0.0
20170116,@LEJ7,0.0,0.0,47170.0,meat,1484334197,1.0,0.0,0.0,0.0,0.0,1.0,0.0,-1.0,-0.0,-1.0,-0.0,-1.0,-0.0,1.0,0.0,1.0,0.0,1.0,0.0,-1.0,-0.0,1.0,0.0,-1,-0.0,-1,-0.0,-1,-0.0,0.0,0.0,1.0,0.0,-1.0,-0.0,-1.0,-0.0,-1.0,-0.0,1.0,0.0,0,0.0,-1.0,-0.0,1.0,0.0,-1.0,-0.0,0.0,0.0,0.0,0.0,1.0,0.0,1.0,0.0,-1.0,-0.0,-1,-0.0,-1,-0.0,0.0,0.0,-1.0,-0.0,1,0.0,1.0,0.0,1,0.0,1.0,0.0,0.0,0.0,-1.0,-0.0,1.0,0.0,1.0,0.0,1.0,0.0,-1.0,-0.0,1.0,0.0,-1.0,-0.0,-1.0,-0.0,-1.0,-0.0,-1,-0.0,-1,-0.0,0.0,0.0,1.0,0.0,-1.0,-0.0,1.0,0.0,1.0,0.0,1.0,0.0,0.0,0.0,-1.0,-0.0,1.0,0.0,1,0.0,1,0.0,-1.0,-0.0,0,0.0,1.0,0.0,1,0.0,-1,-0.0,1.0,0.0,1,0.0,1.0,0.0,0.0,0.0,0.0,0.0,1.0,0.0,1.0,0.0,-1.0,-0.0,0.0,0.0,-1.0,-0.0,-1.0,-0.0,-1,-0.0,-1,-0.0,0.0,0.0,1.0,0.0,-1,-0.0,1.0,0.0,-1.0,-0.0,1,0.0,1,0.0,1.0,0.0,-1.0,-0.0,-1.0,-0.0,-1.0,-0.0
20170116,@BOH7,0.0,0.0,21438.0,grain,1484334712,1.0,0.0,0.0,0.0,0.0,1.0,0.0,-1.0,-0.0,-1.0,-0.0,-1.0,-0.0,0.0,0.0,1.0,0.0,-1.0,-0.0,1.0,0.0,-1.0,-0.0,-1,-0.0,-1,-0.0,-1,-0.0,-1.0,-0.0,1.0,0.0,1.0,0.0,-1.0,-0.0,-1.0,-0.0,1.0,0.0,0,0.0,-1.0,-0.0,-1.0,-0.0,1.0,0.0,0.0,0.0,0.0,0.0,-1.0,-0.0,-1.0,-0.0,1.0,0.0,-1,-0.0,-1,-0.0,0.0,0.0,-1.0,-0.0,-1,-0.0,1.0,0.0,1,0.0,-1.0,-0.0,0.0,0.0,1.0,0.0,-1.0,-0.0,1.0,0.0,1.0,0.0,-1.0,-0.0,1.0,0.0,-1.0,-0.0,-1.0,-0.0,1.0,0.0,-1,-0.0,1,0.0,0.0,0.0,-1.0,-0.0,-1.0,-0.0,1.0,0.0,1.0,0.0,-1.0,-0.0,-1.0,-0.0,1.0,0.0,1.0,0.0,-1,-0.0,0,0.0,1.0,0.0,0,0.0,-1.0,-0.0,1,0.0,-1,-0.0,1.0,0.0,1,0.0,-1.0,-0.0,0.0,0.0,0.0,0.0,-1.0,-0.0,1.0,0.0,1.0,0.0,1.0,0.0,1.0,0.0,-1.0,-0.0,1,0.0,0,0.0,1.0,0.0,1.0,0.0,1,0.0,-1.0,-0.0,1.0,0.0,1,0.0,1,0.0,1.0,0.0,0.0,0.0,-1.0,-0.0,1.0,0.0
20170116,@BPH7,-1.0,-0.0103278688525,75462.5,currency,1484588646,1.0,-0.0,0.0,0.0,-0.0,1.0,-0.0,-1.0,0.0,-1.0,0.0,-1.0,0.0,0.0,-0.0,-1.0,0.0,1.0,-0.0,-1.0,0.0,1.0,-0.0,-1,0.0,-1,0.0,-1,0.0,-1.0,0.0,1.0,-0.0,-1.0,0.0,-1.0,0.0,-1.0,0.0,1.0,-0.0,0,-0.0,-1.0,0.0,-1.0,0.0,-1.0,0.0,0.0,-0.0,0.0,-0.0,1.0,-0.0,1.0,-0.0,-1.0,0.0,-1,0.0,-1,0.0,0.0,-0.0,-1.0,0.0,-1,0.0,1.0,-0.0,1,-0.0,1.0,-0.0,0.0,-0.0,-1.0,0.0,1.0,-0.0,1.0,-0.0,1.0,-0.0,-1.0,0.0,1.0,-0.0,-1.0,0.0,-1.0,0.0,1.0,-0.0,-1,0.0,1,-0.0,0.0,-0.0,1.0,-0.0,-1.0,0.0,1.0,-0.0,1.0,-0.0,-1.0,0.0,-1.0,0.0,1.0,-0.0,-1.0,0.0,1,-0.0,0,-0.0,-1.0,0.0,0,-0.0,1.0,-0.0,1,-0.0,-1,0.0,1.0,-0.0,1,-0.0,1.0,-0.0,0.0,-0.0,0.0,-0.0,-1.0,0.0,1.0,-0.0,1.0,-0.0,1.0,-0.0,-1.0,0.0,1.0,-0.0,-1,0.0,0,-0.0,1.0,-0.0,1.0,-0.0,-1,0.0,1.0,-0.0,-1.0,0.0,1,-0.0,1,-0.0,1.0,-0.0,0.0,-0.0,1.0,-0.0,-1.0,0.0
20170116,@CH7,0.0,0.0,17900.0,grain,1484334712,2.0,0.0,0.0,0.0,0.0,1.0,0.0,1.0,0.0,1.0,0.0,-1.0,-0.0,1.0,0.0,1.0,0.0,1.0,0.0,1.0,0.0,-1.0,-0.0,-1,-0.0,-1,-0.0,-1,-0.0,0.0,0.0,1.0,0.0,1.0,0.0,0.0,0.0,-1.0,-0.0,1.0,0.0,0,0.0,1.0,0.0,-1.0,-0.0,1.0,0.0,0.0,0.0,0.0,0.0,-1.0,-0.0,-1.0,-0.0,1.0,0.0,-1,-0.0,-1,-0.0,0.0,0.0,-1.0,-0.0,-1,-0.0,1.0,0.0,-1,-0.0,-1.0,-0.0,-1.0,-0.0,-1.0,-0.0,-1.0,-0.0,-1.0,-0.0,0.0,0.0,-1.0,-0.0,1.0,0.0,-1.0,-0.0,-1.0,-0.0,1.0,0.0,-1,-0.0,-1,-0.0,1.0,0.0,1.0,0.0,1.0,0.0,1.0,0.0,1.0,0.0,-1.0,-0.0,0.0,0.0,1.0,0.0,1.0,0.0,1,0.0,1,0.0,1.0,0.0,0,0.0,-1.0,-0.0,1,0.0,-1,-0.0,1.0,0.0,1,0.0,-1.0,-0.0,0.0,0.0,0.0,0.0,1.0,0.0,-1.0,-0.0,1.0,0.0,0.0,0.0,1.0,0.0,-1.0,-0.0,-1,-0.0,-1,-0.0,0.0,0.0,-1.0,-0.0,1,0.0,-1.0,-0.0,1.0,0.0,1,0.0,1,0.0,1.0,0.0,-1.0,-0.0,-1.0,-0.0,-1.0,-0.0
20170116,@CDH7,-1.0,-0.00314712824548,76020.0,currency,1484588646,1.0,-0.0,0.0,0.0,-0.0,1.0,-0.0,-1.0,0.0,-1.0,0.0,-1.0,0.0,0.0,-0.0,-1.0,0.0,1.0,-0.0,-1.0,0.0,1.0,-0.0,-1,0.0,-1,0.0,-1,0.0,-1.0,0.0,1.0,-0.0,-1.0,0.0,-1.0,0.0,-1.0,0.0,1.0,-0.0,0,-0.0,-1.0,0.0,-1.0,0.0,-1.0,0.0,0.0,-0.0,0.0,-0.0,1.0,-0.0,1.0,-0.0,-1.0,0.0,-1,0.0,-1,0.0,0.0,-0.0,-1.0,0.0,-1,0.0,1.0,-0.0,1,-0.0,1.0,-0.0,0.0,-0.0,-1.0,0.0,1.0,-0.0,1.0,-0.0,1.0,-0.0,-1.0,0.0,1.0,-0.0,-1.0,0.0,-1.0,0.0,1.0,-0.0,-1,0.0,1,-0.0,0.0,-0.0,1.0,-0.0,-1.0,0.0,1.0,-0.0,1.0,-0.0,-1.0,0.0,-1.0,0.0,1.0,-0.0,-1.0,0.0,1,-0.0,0,-0.0,-1.0,0.0,0,-0.0,1.0,-0.0,1,-0.0,-1,0.0,1.0,-0.0,1,-0.0,1.0,-0.0,0.0,-0.0,0.0,-0.0,-1.0,0.0,1.0,-0.0,1.0,-0.0,1.0,-0.0,-1.0,0.0,1.0,-0.0,-1,0.0,0,-0.0,1.0,-0.0,1.0,-0.0,-1,0.0,1.0,-0.0,-1.0,0.0,1,-0.0,1,-0.0,1.0,-0.0,0.0,-0.0,1.0,-0.0,-1.0,0.0
20170116,QCLH7,1.0,0.000188146754468,53160.0,energy,1484588646,1.0,0.0,0.0,0.0,0.0,1.0,0.0,1.0,0.0,1.0,0.0,-1.0,-0.0,1.0,0.0,1.0,0.0,1.0,0.0,1.0,0.0,-1.0,-0.0,-1,-0.0,-1,-0.0,-1,-0.0,0.0,0.0,1.0,0.0,1.0,0.0,0.0,0.0,-1.0,-0.0,1.0,0.0,0,0.0,1.0,0.0,-1.0,-0.0,1.0,0.0,0.0,0.0,0.0,0.0,-1.0,-0.0,-1.0,-0.0,1.0,0.0,-1,-0.0,-1,-0.0,0.0,0.0,-1.0,-0.0,-1,-0.0,1.0,0.0,-1,-0.0,-1.0,-0.0,-1.0,-0.0,-1.0,-0.0,-1.0,-0.0,-1.0,-0.0,0.0,0.0,-1.0,-0.0,1.0,0.0,-1.0,-0.0,-1.0,-0.0,1.0,0.0,-1,-0.0,-1,-0.0,1.0,0.0,1.0,0.0,1.0,0.0,1.0,0.0,1.0,0.0,-1.0,-0.0,0.0,0.0,1.0,0.0,1.0,0.0,1,0.0,1,0.0,1.0,0.0,0,0.0,-1.0,-0.0,1,0.0,-1,-0.0,1.0,0.0,1,0.0,-1.0,-0.0,0.0,0.0,0.0,0.0,1.0,0.0,-1.0,-0.0,1.0,0.0,0.0,0.0,1.0,0.0,-1.0,-0.0,-1,-0.0,-1,-0.0,0.0,0.0,-1.0,-0.0,1,0.0,-1.0,-0.0,1.0,0.0,1,0.0,1,0.0,1.0,0.0,-1.0,-0.0,-1.0,-0.0,-1.0,-0.0
20170116,@EUH7,-1.0,-0.00374953130859,132850.0,currency,1484588646,1.0,-0.0,0.0,0.0,-0.0,1.0,-0.0,-1.0,0.0,-1.0,0.0,-1.0,0.0,0.0,-0.0,-1.0,0.0,1.0,-0.0,-1.0,0.0,1.0,-0.0,-1,0.0,-1,0.0,-1,0.0,-1.0,0.0,1.0,-0.0,-1.0,0.0,-1.0,0.0,-1.0,0.0,1.0,-0.0,0,-0.0,-1.0,0.0,-1.0,0.0,-1.0,0.0,0.0,-0.0,0.0,-0.0,1.0,-0.0,1.0,-0.0,-1.0,0.0,-1,0.0,-1,0.0,0.0,-0.0,-1.0,0.0,-1,0.0,1.0,-0.0,1,-0.0,1.0,-0.0,0.0,-0.0,-1.0,0.0,1.0,-0.0,1.0,-0.0,1.0,-0.0,-1.0,0.0,1.0,-0.0,-1.0,0.0,-1.0,0.0,1.0,-0.0,-1,0.0,1,-0.0,0.0,-0.0,1.0,-0.0,-1.0,0.0,1.0,-0.0,1.0,-0.0,-1.0,0.0,-1.0,0.0,1.0,-0.0,-1.0,0.0,1,-0.0,0,-0.0,-1.0,0.0,0,-0.0,1.0,-0.0,1,-0.0,-1,0.0,1.0,-0.0,1,-0.0,1.0,-0.0,0.0,-0.0,0.0,-0.0,-1.0,0.0,1.0,-0.0,1.0,-0.0,1.0,-0.0,-1.0,0.0,1.0,-0.0,-1,0.0,0,-0.0,1.0,-0.0,1.0,-0.0,-1,0.0,1.0,-0.0,-1.0,0.0,1,-0.0,1,-0.0,1.0,-0.0,0.0,-0.0,1.0,-0.0,-1.0,0.0
20170116,@YMH7,-1.0,-0.00206736587334,98955.0,index,1484588646,1.0,-0.0,0.0,-1.0,0.0,-1.0,0.0,-1.0,0.0,-1.0,0.0,1.0,-0.0,0.0,-0.0,-1.0,0.0,1.0,-0.0,1.0,-0.0,1.0,-0.0,0,-0.0,-1,0.0,-1,0.0,-1.0,0.0,-1.0,0.0,-1.0,0.0,-1.0,0.0,-1.0,0.0,-1.0,0.0,0,-0.0,-1.0,0.0,-1.0,0.0,-1.0,0.0,-1.0,0.0,1.0,-0.0,-1.0,0.0,1.0,-0.0,1.0,-0.0,-1,0.0,0,-0.0,1.0,-0.0,1.0,-0.0,-1,0.0,1.0,-0.0,1,-0.0,1.0,-0.0,0.0,-0.0,-1.0,0.0,1.0,-0.0,1.0,-0.0,1.0,-0.0,0.0,-0.0,1.0,-0.0,-1.0,0.0,1.0,-0.0,1.0,-0.0,1,-0.0,1,-0.0,0.0,-0.0,1.0,-0.0,-1.0,0.0,0.0,-0.0,1.0,-0.0,-1.0,0.0,-1.0,0.0,1.0,-0.0,-1.0,0.0,1,-0.0,0,-0.0,-1.0,0.0,0,-0.0,-1.0,0.0,1,-0.0,1,-0.0,-1.0,0.0,0,-0.0,1.0,-0.0,1.0,-0.0,-1.0,0.0,-1.0,0.0,1.0,-0.0,1.0,-0.0,1.0,-0.0,1.0,-0.0,1.0,-0.0,-1,0.0,0,-0.0,1.0,-0.0,1.0,-0.0,-1,0.0,-1.0,0.0,-1.0,0.0,0,-0.0,1,-0.0,-1.0,0.0,0.0,-0.0,1.0,-0.0,-1.0,0.0
20170116,@EMDH7,-1.0,-0.000889890840057,168410.0,index,1484588646,1.0,-0.0,0.0,-1.0,0.0,-1.0,0.0,-1.0,0.0,1.0,-0.0,1.0,-0.0,0.0,-0.0,-1.0,0.0,1.0,-0.0,1.0,-0.0,1.0,-0.0,0,-0.0,-1,0.0,-1,0.0,-1.0,0.0,-1.0,0.0,1.0,-0.0,0.0,-0.0,1.0,-0.0,-1.0,0.0,0,-0.0,-1.0,0.0,-1.0,0.0,-1.0,0.0,-1.0,0.0,1.0,-0.0,-1.0,0.0,1.0,-0.0,1.0,-0.0,-1,0.0,0,-0.0,1.0,-0.0,1.0,-0.0,-1,0.0,1.0,-0.0,-1,0.0,1.0,-0.0,-1.0,0.0,-1.0,0.0,-1.0,0.0,1.0,-0.0,0.0,-0.0,0.0,-0.0,-1.0,0.0,-1.0,0.0,1.0,-0.0,1.0,-0.0,1,-0.0,1,-0.0,1.0,-0.0,1.0,-0.0,-1.0,0.0,0.0,-0.0,1.0,-0.0,-1.0,0.0,-1.0,0.0,1.0,-0.0,-1.0,0.0,1,-0.0,0,-0.0,-1.0,0.0,0,-0.0,-1.0,0.0,1,-0.0,1,-0.0,-1.0,0.0,0,-0.0,1.0,-0.0,1.0,-0.0,-1.0,0.0,-1.0,0.0,1.0,-0.0,1.0,-0.0,1.0,-0.0,1.0,-0.0,1.0,-0.0,-1,0.0,0,-0.0,1.0,-0.0,1.0,-0.0,-1,0.0,-1.0,0.0,-1.0,0.0,0,-0.0,1,-0.0,-1.0,0.0,0.0,-0.0,1.0,-0.0,-1.0,0.0
20170116,@GFH7,0.0,0.0,64675.0,meat,1484334197,1.0,0.0,0.0,0.0,0.0,1.0,0.0,-1.0,-0.0,-1.0,-0.0,-1.0,-0.0,0.0,0.0,-1.0,-0.0,1.0,0.0,-1.0,-0.0,1.0,0.0,-1,-0.0,-1,-0.0,-1,-0.0,-1.0,-0.0,1.0,0.0,-1.0,-0.0,-1.0,-0.0,-1.0,-0.0,1.0,0.0,0,0.0,-1.0,-0.0,-1.0,-0.0,-1.0,-0.0,0.0,0.0,0.0,0.0,1.0,0.0,1.0,0.0,-1.0,-0.0,-1,-0.0,-1,-0.0,0.0,0.0,-1.0,-0.0,1,0.0,1.0,0.0,1,0.0,1.0,0.0,0.0,0.0,-1.0,-0.0,1.0,0.0,1.0,0.0,1.0,0.0,-1.0,-0.0,1.0,0.0,-1.0,-0.0,-1.0,-0.0,-1.0,-0.0,-1,-0.0,1,0.0,0.0,0.0,1.0,0.0,-1.0,-0.0,1.0,0.0,1.0,0.0,-1.0,-0.0,-1.0,-0.0,1.0,0.0,-1.0,-0.0,1,0.0,0,0.0,-1.0,-0.0,0,0.0,1.0,0.0,1,0.0,-1,-0.0,1.0,0.0,1,0.0,1.0,0.0,0.0,0.0,0.0,0.0,-1.0,-0.0,1.0,0.0,1.0,0.0,1.0,0.0,-1.0,-0.0,1.0,0.0,-1,-0.0,0,0.0,1.0,0.0,1.0,0.0,-1,-0.0,1.0,0.0,-1.0,-0.0,1,0.0,1,0.0,1.0,0.0,0.0,0.0,1.0,0.0,-1.0,-0.0
20170116,@FVH7,1.0,0.000397772474145,117890.625,rates,1484588646,1.0,0.0,0.0,0.0,0.0,-1.0,-0.0,1.0,0.0,-1.0,-0.0,1.0,0.0,-1.0,-0.0,-1.0,-0.0,-1.0,-0.0,1.0,0.0,-1.0,-0.0,1,0.0,1,0.0,1,0.0,0.0,0.0,-1.0,-0.0,-1.0,-0.0,0.0,0.0,-1.0,-0.0,-1.0,-0.0,0,0.0,1.0,0.0,-1.0,-0.0,1.0,0.0,0.0,0.0,0.0,0.0,-1.0,-0.0,-1.0,-0.0,1.0,0.0,1,0.0,1,0.0,0.0,0.0,1.0,0.0,-1,-0.0,-1.0,-0.0,1,0.0,-1.0,-0.0,1.0,0.0,1.0,0.0,1.0,0.0,-1.0,-0.0,0.0,0.0,1.0,0.0,1.0,0.0,1.0,0.0,1.0,0.0,1.0,0.0,1,0.0,1,0.0,-1.0,-0.0,-1.0,-0.0,1.0,0.0,-1.0,-0.0,-1.0,-0.0,-1.0,-0.0,0.0,0.0,1.0,0.0,-1.0,-0.0,-1,-0.0,-1,-0.0,1.0,0.0,0,0.0,-1.0,-0.0,-1,-0.0,1,0.0,-1.0,-0.0,-1,-0.0,-1.0,-0.0,0.0,0.0,0.0,0.0,-1.0,-0.0,-1.0,-0.0,1.0,0.0,0.0,0.0,1.0,0.0,1.0,0.0,1,0.0,1,0.0,0.0,0.0,-1.0,-0.0,1,0.0,-1.0,-0.0,1.0,0.0,-1,-0.0,-1,-0.0,-1.0,-0.0,1.0,0.0,1.0,0.0,1.0,0.0
20170116,QGCG7,1.0,0.00493228557097,120210.0,metal,1484588646,1.0,0.0,0.0,0.0,0.0,-1.0,-0.0,1.0,0.0,1.0,0.0,1.0,0.0,0.0,0.0,1.0,0.0,-1.0,-0.0,1.0,0.0,-1.0,-0.0,1,0.0,1,0.0,1,0.0,1.0,0.0,-1.0,-0.0,1.0,0.0,1.0,0.0,1.0,0.0,-1.0,-0.0,0,0.0,1.0,0.0,1.0,0.0,1.0,0.0,0.0,0.0,0.0,0.0,-1.0,-0.0,-1.0,-0.0,1.0,0.0,1,0.0,1,0.0,0.0,0.0,1.0,0.0,-1,-0.0,-1.0,-0.0,-1,-0.0,-1.0,-0.0,0.0,0.0,1.0,0.0,-1.0,-0.0,-1.0,-0.0,-1.0,-0.0,1.0,0.0,-1.0,-0.0,1.0,0.0,1.0,0.0,1.0,0.0,1,0.0,-1,-0.0,0.0,0.0,-1.0,-0.0,1.0,0.0,-1.0,-0.0,-1.0,-0.0,1.0,0.0,1.0,0.0,-1.0,-0.0,1.0,0.0,-1,-0.0,0,0.0,1.0,0.0,0,0.0,-1.0,-0.0,-1,-0.0,1,0.0,-1.0,-0.0,-1,-0.0,-1.0,-0.0,0.0,0.0,0.0,0.0,1.0,0.0,-1.0,-0.0,-1.0,-0.0,-1.0,-0.0,1.0,0.0,-1.0,-0.0,1,0.0,0,0.0,-1.0,-0.0,-1.0,-0.0,1,0.0,-1.0,-0.0,1.0,0.0,-1,-0.0,-1,-0.0,-1.0,-0.0,0.0,0.0,-1.0,-0.0,1.0,0.0
20170116,QHGH7,-1.0,-0.0120817843866,66437.5,metal,1484588646,1.0,-802.683550186,802.683550186,0.0,-0.0,1.0,-802.683550186,-1.0,802.683550186,-1.0,802.683550186,-1.0,802.683550186,0.0,-0.0,-1.0,802.683550186,1.0,-802.683550186,-1.0,802.683550186,1.0,-802.683550186,-1,802.683550186,-1,802.683550186,-1,802.683550186,-1.0,802.683550186,1.0,-802.683550186,-1.0,802.683550186,-1.0,802.683550186,-1.0,802.683550186,1.0,-802.683550186,0,-0.0,-1.0,802.683550186,-1.0,802.683550186,-1.0,802.683550186,0.0,-0.0,0.0,-0.0,1.0,-802.683550186,1.0,-802.683550186,-1.0,802.683550186,-1,802.683550186,-1,802.683550186,0.0,-0.0,-1.0,802.683550186,-1,802.683550186,1.0,-802.683550186,1,-802.683550186,1.0,-802.683550186,0.0,-0.0,-1.0,802.683550186,1.0,-802.683550186,1.0,-802.683550186,1.0,-802.683550186,-1.0,802.683550186,1.0,-802.683550186,-1.0,802.683550186,-1.0,802.683550186,1.0,-802.683550186,-1,802.683550186,1,-802.683550186,0.0,-0.0,1.0,-802.683550186,-1.0,802.683550186,1.0,-802.683550186,1.0,-802.683550186,-1.0,802.683550186,-1.0,802.683550186,1.0,-802.683550186,-1.0,802.683550186,1,-802.683550186,0,-0.0,-1.0,802.683550186,0,-0.0,1.0,-802.683550186,1,-802.683550186,-1,802.683550186,1.0,-802.683550186,1,-802.683550186,1.0,-802.683550186,0.0,-0.0,0.0,-0.0,-1.0,802.683550186,1.0,-802.683550186,1.0,-802.683550186,1.0,-802.683550186,-1.0,802.683550186,1.0,-802.683550186,-1,802.683550186,0,-0.0,1.0,-802.683550186,1.0,-802.683550186,-1,802.683550186,1.0,-802.683550186,-1.0,802.683550186,1,-802.683550186,1,-802.683550186,1.0,-802.683550186,0.0,-0.0,1.0,-802.683550186,-1.0,802.683550186
20170116,QHOH7,1.0,0.00168461584742,69925.8,energy,1484588646,1.0,0.0,0.0,0.0,0.0,1.0,0.0,1.0,0.0,1.0,0.0,-1.0,-0.0,1.0,0.0,1.0,0.0,1.0,0.0,1.0,0.0,-1.0,-0.0,-1,-0.0,-1,-0.0,-1,-0.0,0.0,0.0,1.0,0.0,1.0,0.0,0.0,0.0,-1.0,-0.0,1.0,0.0,0,0.0,1.0,0.0,-1.0,-0.0,1.0,0.0,0.0,0.0,0.0,0.0,-1.0,-0.0,-1.0,-0.0,1.0,0.0,-1,-0.0,-1,-0.0,0.0,0.0,-1.0,-0.0,-1,-0.0,1.0,0.0,-1,-0.0,-1.0,-0.0,-1.0,-0.0,-1.0,-0.0,-1.0,-0.0,-1.0,-0.0,0.0,0.0,-1.0,-0.0,1.0,0.0,-1.0,-0.0,-1.0,-0.0,1.0,0.0,-1,-0.0,-1,-0.0,1.0,0.0,1.0,0.0,1.0,0.0,1.0,0.0,1.0,0.0,-1.0,-0.0,0.0,0.0,1.0,0.0,1.0,0.0,1,0.0,1,0.0,1.0,0.0,0,0.0,-1.0,-0.0,1,0.0,-1,-0.0,1.0,0.0,1,0.0,-1.0,-0.0,0.0,0.0,0.0,0.0,1.0,0.0,-1.0,-0.0,1.0,0.0,0.0,0.0,1.0,0.0,-1.0,-0.0,-1,-0.0,-1,-0.0,0.0,0.0,-1.0,-0.0,1,0.0,-1.0,-0.0,1.0,0.0,1,0.0,1,0.0,1.0,0.0,-1.0,-0.0,-1.0,-0.0,-1.0,-0.0
20170116,@JYH7,1.0,0.00274223034735,109700.0,currency,1484588646,1.0,0.0,0.0,1.0,0.0,1.0,0.0,-1.0,-0.0,-1.0,-0.0,1.0,0.0,-1.0,-0.0,-1.0,-0.0,-1.0,-0.0,-1.0,-0.0,-1.0,-0.0,0,0.0,-1,-0.0,1,0.0,0.0,0.0,-1.0,-0.0,-1.0,-0.0,0.0,0.0,1.0,0.0,-1.0,-0.0,0,0.0,-1.0,-0.0,1.0,0.0,1.0,0.0,1.0,0.0,-1.0,-0.0,1.0,0.0,-1.0,-0.0,-1.0,-0.0,-1,-0.0,0,0.0,-1.0,-0.0,1.0,0.0,-1,-0.0,-1.0,-0.0,1,0.0,1.0,0.0,1.0,0.0,1.0,0.0,1.0,0.0,1.0,0.0,0.0,0.0,0.0,0.0,-1.0,-0.0,-1.0,-0.0,1.0,0.0,1.0,0.0,-1,-0.0,1,0.0,-1.0,-0.0,-1.0,-0.0,-1.0,-0.0,0.0,0.0,1.0,0.0,1.0,0.0,0.0,0.0,-1.0,-0.0,-1.0,-0.0,-1,-0.0,-1,-0.0,1.0,0.0,0,0.0,1.0,0.0,1,0.0,-1,-0.0,1.0,0.0,0,0.0,-1.0,-0.0,-1.0,-0.0,1.0,0.0,-1.0,-0.0,1.0,0.0,-1.0,-0.0,0.0,0.0,-1.0,-0.0,1.0,0.0,1,0.0,1,0.0,0.0,0.0,1.0,0.0,-1,-0.0,1.0,0.0,1.0,0.0,0,0.0,1,0.0,-1.0,-0.0,1.0,0.0,1.0,0.0,1.0,0.0
20170116,@ESH7,-1.0,-0.0023102310231,113362.5,index,1484588646,1.0,-261.893564356,261.893564356,0.0,-0.0,1.0,-261.893564356,-1.0,261.893564356,-1.0,261.893564356,-1.0,261.893564356,0.0,-0.0,-1.0,261.893564356,1.0,-261.893564356,-1.0,261.893564356,1.0,-261.893564356,-1,261.893564356,-1,261.893564356,-1,261.893564356,-1.0,261.893564356,1.0,-261.893564356,-1.0,261.893564356,-1.0,261.893564356,-1.0,261.893564356,1.0,-261.893564356,1,-115.511551155,-1.0,261.893564356,-1.0,261.893564356,-1.0,261.893564356,0.0,-0.0,0.0,-0.0,1.0,-261.893564356,1.0,-261.893564356,-1.0,261.893564356,-1,261.893564356,-1,261.893564356,0.0,-0.0,-1.0,261.893564356,-1,261.893564356,1.0,-261.893564356,1,-261.893564356,1.0,-261.893564356,0.0,-0.0,-1.0,261.893564356,1.0,-261.893564356,1.0,-261.893564356,1.0,-261.893564356,-1.0,261.893564356,1.0,-261.893564356,-1.0,261.893564356,-1.0,261.893564356,1.0,-261.893564356,-1,261.893564356,1,-261.893564356,0.0,-0.0,1.0,-261.893564356,-1.0,261.893564356,1.0,-261.893564356,1.0,-261.893564356,-1.0,261.893564356,-1.0,261.893564356,1.0,-261.893564356,-1.0,261.893564356,1,-261.893564356,0,-0.0,-1.0,261.893564356,0,-0.0,1.0,-261.893564356,1,-261.893564356,-1,261.893564356,1.0,-261.893564356,1,-261.893564356,1.0,-261.893564356,0.0,-0.0,0.0,-0.0,-1.0,261.893564356,1.0,-261.893564356,1.0,-261.893564356,1.0,-261.893564356,-1.0,261.893564356,1.0,-261.893564356,-1,261.893564356,0,-0.0,1.0,-261.893564356,1.0,-261.893564356,-1,261.893564356,1.0,-261.893564356,-1.0,261.893564356,1,-261.893564356,1,-261.893564356,1.0,-261.893564356,0.0,-0.0,1.0,-261.893564356,-1.0,261.893564356
20170117,@BOH7,1.0,0.000842696629213,21378.0,grain,1484680330,1.0,18.0151685393,18.0151685393,0.0,0.0,1.0,18.0151685393,-1.0,-18.0151685393,-1.0,-18.0151685393,-1.0,-18.0151685393,0.0,0.0,1.0,18.0151685393,-1.0,-18.0151685393,1.0,18.0151685393,-1.0,-18.0151685393,-1,-18.0151685393,-1,-18.0151685393,-1,-18.0151685393,-1.0,-18.0151685393,1.0,18.0151685393,1.0,18.0151685393,-1.0,-18.0151685393,-1.0,-18.0151685393,1.0,18.0151685393,0,0.0,-1.0,-18.0151685393,-1.0,-18.0151685393,1.0,18.0151685393,0.0,0.0,0.0,0.0,-1.0,-18.0151685393,-1.0,-18.0151685393,1.0,18.0151685393,-1,-18.0151685393,-1,-18.0151685393,0.0,0.0,-1.0,-18.0151685393,-1,-18.0151685393,1.0,18.0151685393,1,18.0151685393,-1.0,-18.0151685393,0.0,0.0,1.0,18.0151685393,-1.0,-18.0151685393,1.0,18.0151685393,1.0,18.0151685393,-1.0,-18.0151685393,1.0,18.0151685393,-1.0,-18.0151685393,-1.0,-18.0151685393,1.0,18.0151685393,-1,-18.0151685393,1,18.0151685393,0.0,0.0,-1.0,-18.0151685393,-1.0,-18.0151685393,1.0,18.0151685393,1.0,18.0151685393,-1.0,-18.0151685393,-1.0,-18.0151685393,1.0,18.0151685393,1.0,18.0151685393,-1,-18.0151685393,0,0.0,1.0,18.0151685393,0,0.0,-1.0,-18.0151685393,1,18.0151685393,-1,-18.0151685393,1.0,18.0151685393,1,18.0151685393,-1.0,-18.0151685393,0.0,0.0,0.0,0.0,-1.0,-18.0151685393,1.0,18.0151685393,1.0,18.0151685393,1.0,18.0151685393,1.0,18.0151685393,-1.0,-18.0151685393,1,18.0151685393,0,0.0,1.0,18.0151685393,1.0,18.0151685393,1,18.0151685393,-1.0,-18.0151685393,1.0,18.0151685393,1,18.0151685393,1,18.0151685393,1.0,18.0151685393,0.0,0.0,-1.0,-18.0151685393,1.0,18.0151685393
20170117,@ADH7,1.0,0.00867592098238,75570.0,currency,1484689429,1.0,0.0,0.0,0.0,0.0,1.0,0.0,-1.0,-0.0,-1.0,-0.0,-1.0,-0.0,0.0,0.0,1.0,0.0,-1.0,-0.0,1.0,0.0,-1.0,-0.0,-1,-0.0,-1,-0.0,-1,-0.0,-1.0,-0.0,1.0,0.0,1.0,0.0,-1.0,-0.0,-1.0,-0.0,1.0,0.0,0,0.0,-1.0,-0.0,-1.0,-0.0,1.0,0.0,0.0,0.0,0.0,0.0,-1.0,-0.0,-1.0,-0.0,1.0,0.0,-1,-0.0,-1,-0.0,0.0,0.0,-1.0,-0.0,-1,-0.0,1.0,0.0,1,0.0,-1.0,-0.0,0.0,0.0,1.0,0.0,-1.0,-0.0,1.0,0.0,1.0,0.0,-1.0,-0.0,1.0,0.0,-1.0,-0.0,-1.0,-0.0,1.0,0.0,-1,-0.0,1,0.0,0.0,0.0,-1.0,-0.0,-1.0,-0.0,1.0,0.0,1.0,0.0,-1.0,-0.0,-1.0,-0.0,1.0,0.0,1.0,0.0,-1,-0.0,0,0.0,1.0,0.0,0,0.0,-1.0,-0.0,1,0.0,-1,-0.0,1.0,0.0,1,0.0,-1.0,-0.0,0.0,0.0,0.0,0.0,-1.0,-0.0,1.0,0.0,1.0,0.0,1.0,0.0,1.0,0.0,-1.0,-0.0,1,0.0,0,0.0,1.0,0.0,1.0,0.0,1,0.0,-1.0,-0.0,1.0,0.0,1,0.0,1,0.0,1.0,0.0,0.0,0.0,-1.0,-0.0,1.0,0.0
20170117,@SH7,1.0,0.0234169653524,53537.5,grain,1484680330,1.0,0.0,0.0,0.0,0.0,1.0,0.0,-1.0,-0.0,1.0,0.0,-1.0,-0.0,0.0,0.0,-1.0,-0.0,1.0,0.0,-1.0,-0.0,1.0,0.0,-1,-0.0,-1,-0.0,-1,-0.0,-1.0,-0.0,1.0,0.0,1.0,0.0,0.0,0.0,1.0,0.0,1.0,0.0,0,0.0,-1.0,-0.0,-1.0,-0.0,-1.0,-0.0,0.0,0.0,0.0,0.0,1.0,0.0,1.0,0.0,-1.0,-0.0,-1,-0.0,-1,-0.0,0.0,0.0,-1.0,-0.0,1,0.0,1.0,0.0,-1,-0.0,1.0,0.0,-1.0,-0.0,-1.0,-0.0,-1.0,-0.0,1.0,0.0,0.0,0.0,-1.0,-0.0,-1.0,-0.0,-1.0,-0.0,-1.0,-0.0,-1.0,-0.0,-1,-0.0,1,0.0,1.0,0.0,1.0,0.0,-1.0,-0.0,1.0,0.0,1.0,0.0,-1.0,-0.0,-1.0,-0.0,1.0,0.0,-1.0,-0.0,1,0.0,0,0.0,-1.0,-0.0,0,0.0,1.0,0.0,1,0.0,-1,-0.0,1.0,0.0,1,0.0,1.0,0.0,0.0,0.0,0.0,0.0,-1.0,-0.0,1.0,0.0,1.0,0.0,1.0,0.0,-1.0,-0.0,1.0,0.0,-1,-0.0,0,0.0,1.0,0.0,1.0,0.0,-1,-0.0,1.0,0.0,-1.0,-0.0,1,0.0,1,0.0,1.0,0.0,0.0,0.0,1.0,0.0,-1.0,-0.0
20170117,@YMH7,-1.0,-0.00473981444131,98690.0,index,1484689429,1.0,-0.0,0.0,-1.0,0.0,-1.0,0.0,-1.0,0.0,-1.0,0.0,-1.0,0.0,0.0,-0.0,1.0,-0.0,-1.0,0.0,1.0,-0.0,1.0,-0.0,0,-0.0,1,-0.0,-1,0.0,-1.0,0.0,1.0,-0.0,1.0,-0.0,-1.0,0.0,-1.0,0.0,1.0,-0.0,0,-0.0,-1.0,0.0,-1.0,0.0,-1.0,0.0,-1.0,0.0,1.0,-0.0,-1.0,0.0,1.0,-0.0,1.0,-0.0,1,-0.0,0,-0.0,1.0,-0.0,-1.0,0.0,-1,0.0,1.0,-0.0,1,-0.0,-1.0,0.0,0.0,-0.0,1.0,-0.0,-1.0,0.0,1.0,-0.0,1.0,-0.0,0.0,-0.0,1.0,-0.0,1.0,-0.0,-1.0,0.0,1.0,-0.0,1,-0.0,1,-0.0,0.0,-0.0,-1.0,0.0,-1.0,0.0,0.0,-0.0,-1.0,0.0,-1.0,0.0,-1.0,0.0,1.0,-0.0,1.0,-0.0,-1,0.0,0,-0.0,-1.0,0.0,0,-0.0,-1.0,0.0,-1,0.0,1,-0.0,-1.0,0.0,0,-0.0,1.0,-0.0,1.0,-0.0,-1.0,0.0,-1.0,0.0,1.0,-0.0,1.0,-0.0,1.0,-0.0,1.0,-0.0,-1.0,0.0,1,-0.0,0,-0.0,1.0,-0.0,1.0,-0.0,1,-0.0,-1.0,0.0,-1.0,0.0,0,-0.0,-1,0.0,1.0,-0.0,0.0,-0.0,-1.0,0.0,1.0,-0.0
20170117,@WH7,1.0,0.0146713615023,21612.5,grain,1484680330,1.0,0.0,0.0,-1.0,-0.0,-1.0,-0.0,-1.0,-0.0,-1.0,-0.0,-1.0,-0.0,0.0,0.0,1.0,0.0,-1.0,-0.0,1.0,0.0,1.0,0.0,0,0.0,1,0.0,-1,-0.0,-1.0,-0.0,1.0,0.0,1.0,0.0,-1.0,-0.0,-1.0,-0.0,1.0,0.0,0,0.0,-1.0,-0.0,-1.0,-0.0,-1.0,-0.0,-1.0,-0.0,1.0,0.0,-1.0,-0.0,1.0,0.0,1.0,0.0,1,0.0,0,0.0,1.0,0.0,-1.0,-0.0,-1,-0.0,1.0,0.0,1,0.0,-1.0,-0.0,0.0,0.0,1.0,0.0,-1.0,-0.0,1.0,0.0,1.0,0.0,0.0,0.0,1.0,0.0,1.0,0.0,-1.0,-0.0,1.0,0.0,1,0.0,1,0.0,0.0,0.0,-1.0,-0.0,-1.0,-0.0,0.0,0.0,-1.0,-0.0,-1.0,-0.0,-1.0,-0.0,1.0,0.0,1.0,0.0,-1,-0.0,0,0.0,-1.0,-0.0,0,0.0,-1.0,-0.0,-1,-0.0,1,0.0,-1.0,-0.0,0,0.0,1.0,0.0,1.0,0.0,-1.0,-0.0,-1.0,-0.0,1.0,0.0,1.0,0.0,1.0,0.0,1.0,0.0,-1.0,-0.0,1,0.0,0,0.0,1.0,0.0,1.0,0.0,1,0.0,-1.0,-0.0,-1.0,-0.0,0,0.0,-1,-0.0,1.0,0.0,0.0,0.0,-1.0,-0.0,1.0,0.0
20170117,@USH7,1.0,0.007182433819,153375.0,rates,1484689429,1.0,0.0,0.0,1.0,0.0,1.0,0.0,-1.0,-0.0,-1.0,-0.0,1.0,0.0,-1.0,-0.0,-1.0,-0.0,-1.0,-0.0,-1.0,-0.0,-1.0,-0.0,0,0.0,-1,-0.0,1,0.0,0.0,0.0,-1.0,-0.0,-1.0,-0.0,0.0,0.0,1.0,0.0,-1.0,-0.0,0,0.0,-1.0,-0.0,1.0,0.0,1.0,0.0,1.0,0.0,-1.0,-0.0,1.0,0.0,-1.0,-0.0,-1.0,-0.0,-1,-0.0,0,0.0,-1.0,-0.0,1.0,0.0,-1,-0.0,-1.0,-0.0,1,0.0,1.0,0.0,1.0,0.0,1.0,0.0,1.0,0.0,1.0,0.0,0.0,0.0,0.0,0.0,-1.0,-0.0,-1.0,-0.0,1.0,0.0,1.0,0.0,-1,-0.0,1,0.0,-1.0,-0.0,-1.0,-0.0,-1.0,-0.0,0.0,0.0,1.0,0.0,1.0,0.0,0.0,0.0,-1.0,-0.0,-1.0,-0.0,-1,-0.0,-1,-0.0,1.0,0.0,0,0.0,1.0,0.0,1,0.0,-1,-0.0,1.0,0.0,0,0.0,-1.0,-0.0,-1.0,-0.0,1.0,0.0,-1.0,-0.0,1.0,0.0,-1.0,-0.0,0.0,0.0,-1.0,-0.0,1.0,0.0,1,0.0,1,0.0,0.0,0.0,1.0,0.0,-1,-0.0,1.0,0.0,1.0,0.0,0,0.0,1,0.0,-1.0,-0.0,1.0,0.0,1.0,0.0,1.0,0.0
20170117,@TYH7,1.0,0.00388179313799,125265.625,rates,1484689429,1.0,486.255243551,486.255243551,1.0,486.255243551,1.0,486.255243551,-1.0,-486.255243551,1.0,486.255243551,1.0,486.255243551,-1.0,-486.255243551,-1.0,-486.255243551,-1.0,-486.255243551,-1.0,-486.255243551,-1.0,-486.255243551,0,0.0,-1,-486.255243551,1,486.255243551,0.0,0.0,-1.0,-486.255243551,-1.0,-486.255243551,1.0,486.255243551,1.0,486.255243551,-1.0,-486.255243551,0,0.0,-1.0,-486.255243551,1.0,486.255243551,1.0,486.255243551,1.0,486.255243551,-1.0,-486.255243551,1.0,486.255243551,-1.0,-486.255243551,-1.0,-486.255243551,-1,-486.255243551,0,0.0,-1.0,-486.255243551,1.0,486.255243551,-1,-486.255243551,-1.0,-486.255243551,-1,-486.255243551,1.0,486.255243551,0.0,0.0,-1.0,-486.255243551,1.0,486.255243551,-1.0,-486.255243551,-1.0,-486.255243551,0.0,0.0,-1.0,-486.255243551,-1.0,-486.255243551,1.0,486.255243551,1.0,486.255243551,-1,-486.255243551,1,486.255243551,0.0,0.0,1.0,486.255243551,1.0,486.255243551,0.0,0.0,1.0,486.255243551,1.0,486.255243551,0.0,0.0,-1.0,-486.255243551,-1.0,-486.255243551,-1,-486.255243551,-1,-486.255243551,1.0,486.255243551,0,0.0,1.0,486.255243551,1,486.255243551,-1,-486.255243551,1.0,486.255243551,0,0.0,-1.0,-486.255243551,-1.0,-486.255243551,1.0,486.255243551,-1.0,-486.255243551,1.0,486.255243551,-1.0,-486.255243551,0.0,0.0,-1.0,-486.255243551,1.0,486.255243551,1,486.255243551,1,486.255243551,0.0,0.0,1.0,486.255243551,-1,-486.255243551,1.0,486.255243551,1.0,486.255243551,0,0.0,1,486.255243551,-1.0,-486.255243551,1.0,486.255243551,1.0,486.255243551,1.0,486.255243551
20170117,@TUH7,1.0,0.000865301413326,216875.0,rates,1484689429,2.0,0.0,0.0,0.0,0.0,-1.0,-0.0,-1.0,-0.0,-1.0,-0.0,1.0,0.0,-1.0,-0.0,-1.0,-0.0,-1.0,-0.0,-1.0,-0.0,1.0,0.0,1,0.0,1,0.0,1,0.0,0.0,0.0,-1.0,-0.0,-1.0,-0.0,0.0,0.0,1.0,0.0,-1.0,-0.0,0,0.0,-1.0,-0.0,1.0,0.0,-1.0,-0.0,0.0,0.0,0.0,0.0,1.0,0.0,1.0,0.0,-1.0,-0.0,1,0.0,1,0.0,0.0,0.0,1.0,0.0,-1,-0.0,-1.0,-0.0,1,0.0,1.0,0.0,1.0,0.0,1.0,0.0,1.0,0.0,1.0,0.0,0.0,0.0,1.0,0.0,-1.0,-0.0,1.0,0.0,1.0,0.0,1.0,0.0,1,0.0,1,0.0,-1.0,-0.0,-1.0,-0.0,-1.0,-0.0,-1.0,-0.0,-1.0,-0.0,1.0,0.0,0.0,0.0,-1.0,-0.0,-1.0,-0.0,-1,-0.0,-1,-0.0,-1.0,-0.0,0,0.0,1.0,0.0,-1,-0.0,1,0.0,-1.0,-0.0,-1,-0.0,1.0,0.0,0.0,0.0,0.0,0.0,-1.0,-0.0,1.0,0.0,-1.0,-0.0,0.0,0.0,-1.0,-0.0,1.0,0.0,1,0.0,1,0.0,0.0,0.0,1.0,0.0,-1,-0.0,1.0,0.0,-1.0,-0.0,-1,-0.0,-1,-0.0,-1.0,-0.0,1.0,0.0,1.0,0.0,1.0,0.0
20170117,@SMH7,1.0,0.0461215932914,34930.0,grain,1484680330,1.0,0.0,0.0,0.0,0.0,1.0,0.0,-1.0,-0.0,-1.0,-0.0,-1.0,-0.0,0.0,0.0,-1.0,-0.0,1.0,0.0,-1.0,-0.0,1.0,0.0,-1,-0.0,-1,-0.0,-1,-0.0,-1.0,-0.0,1.0,0.0,-1.0,-0.0,-1.0,-0.0,-1.0,-0.0,1.0,0.0,0,0.0,-1.0,-0.0,-1.0,-0.0,-1.0,-0.0,0.0,0.0,0.0,0.0,1.0,0.0,1.0,0.0,-1.0,-0.0,-1,-0.0,-1,-0.0,0.0,0.0,-1.0,-0.0,1,0.0,1.0,0.0,1,0.0,1.0,0.0,0.0,0.0,-1.0,-0.0,1.0,0.0,1.0,0.0,1.0,0.0,-1.0,-0.0,1.0,0.0,-1.0,-0.0,-1.0,-0.0,-1.0,-0.0,-1,-0.0,1,0.0,0.0,0.0,1.0,0.0,-1.0,-0.0,1.0,0.0,1.0,0.0,-1.0,-0.0,-1.0,-0.0,1.0,0.0,-1.0,-0.0,1,0.0,0,0.0,-1.0,-0.0,0,0.0,1.0,0.0,1,0.0,-1,-0.0,1.0,0.0,1,0.0,1.0,0.0,0.0,0.0,0.0,0.0,-1.0,-0.0,1.0,0.0,1.0,0.0,1.0,0.0,-1.0,-0.0,1.0,0.0,-1,-0.0,0,0.0,1.0,0.0,1.0,0.0,-1,-0.0,1.0,0.0,-1.0,-0.0,1,0.0,1,0.0,1.0,0.0,0.0,0.0,1.0,0.0,-1.0,-0.0
20170117,QSIH7,1.0,0.0265433939755,86050.0,metal,1484689429,1.0,0.0,0.0,0.0,0.0,-1.0,-0.0,1.0,0.0,-1.0,-0.0,1.0,0.0,0.0,0.0,-1.0,-0.0,1.0,0.0,-1.0,-0.0,1.0,0.0,1,0.0,1,0.0,1,0.0,1.0,0.0,-1.0,-0.0,-1.0,-0.0,0.0,0.0,1.0,0.0,-1.0,-0.0,0,0.0,1.0,0.0,1.0,0.0,1.0,0.0,1.0,0.0,-1.0,-0.0,1.0,0.0,-1.0,-0.0,-1.0,-0.0,-1,-0.0,0,0.0,0.0,0.0,1.0,0.0,-1,-0.0,-1.0,-0.0,1,0.0,1.0,0.0,1.0,0.0,1.0,0.0,1.0,0.0,1.0,0.0,0.0,0.0,0.0,0.0,-1.0,-0.0,-1.0,-0.0,1.0,0.0,1.0,0.0,-1,-0.0,-1,-0.0,-1.0,-0.0,-1.0,-0.0,-1.0,-0.0,0.0,0.0,1.0,0.0,1.0,0.0,1.0,0.0,-1.0,-0.0,-1.0,-0.0,1,0.0,0,0.0,1.0,0.0,0,0.0,1.0,0.0,1,0.0,1,0.0,1.0,0.0,0,0.0,-1.0,-0.0,-1.0,-0.0,1.0,0.0,1.0,0.0,-1.0,-0.0,-1.0,-0.0,-1.0,-0.0,-1.0,-0.0,1.0,0.0,-1,-0.0,0,0.0,-1.0,-0.0,-1.0,-0.0,-1,-0.0,1.0,0.0,-1.0,-0.0,-1,-0.0,-1,-0.0,-1.0,-0.0,0.0,0.0,1.0,0.0,-1.0,-0.0
20170117,@SFH7,1.0,0.00734480330013,125150.0,currency,1484689429,1.0,0.0,0.0,0.0,0.0,1.0,0.0,-1.0,-0.0,-1.0,-0.0,-1.0,-0.0,0.0,0.0,1.0,0.0,-1.0,-0.0,1.0,0.0,-1.0,-0.0,-1,-0.0,-1,-0.0,-1,-0.0,-1.0,-0.0,1.0,0.0,1.0,0.0,-1.0,-0.0,-1.0,-0.0,1.0,0.0,0,0.0,-1.0,-0.0,-1.0,-0.0,1.0,0.0,0.0,0.0,0.0,0.0,-1.0,-0.0,-1.0,-0.0,1.0,0.0,-1,-0.0,-1,-0.0,0.0,0.0,-1.0,-0.0,-1,-0.0,1.0,0.0,1,0.0,-1.0,-0.0,0.0,0.0,1.0,0.0,-1.0,-0.0,1.0,0.0,1.0,0.0,-1.0,-0.0,1.0,0.0,-1.0,-0.0,-1.0,-0.0,1.0,0.0,-1,-0.0,1,0.0,0.0,0.0,-1.0,-0.0,-1.0,-0.0,1.0,0.0,1.0,0.0,-1.0,-0.0,-1.0,-0.0,1.0,0.0,1.0,0.0,-1,-0.0,0,0.0,1.0,0.0,0,0.0,-1.0,-0.0,1,0.0,-1,-0.0,1.0,0.0,1,0.0,-1.0,-0.0,0.0,0.0,0.0,0.0,-1.0,-0.0,1.0,0.0,1.0,0.0,1.0,0.0,1.0,0.0,-1.0,-0.0,1,0.0,0,0.0,1.0,0.0,1.0,0.0,1,0.0,-1.0,-0.0,1.0,0.0,1,0.0,1,0.0,1.0,0.0,0.0,0.0,-1.0,-0.0,1.0,0.0
20170117,QRBH7,-1.0,-0.00500824528187,68422.2,energy,1484689429,1.0,-0.0,0.0,-1.0,0.0,-1.0,0.0,-1.0,0.0,1.0,-0.0,1.0,-0.0,1.0,-0.0,1.0,-0.0,1.0,-0.0,1.0,-0.0,1.0,-0.0,0,-0.0,-1,0.0,-1,0.0,0.0,-0.0,-1.0,0.0,1.0,-0.0,0.0,-0.0,1.0,-0.0,-1.0,0.0,0,-0.0,-1.0,0.0,1.0,-0.0,-1.0,0.0,-1.0,0.0,1.0,-0.0,-1.0,0.0,1.0,-0.0,1.0,-0.0,-1,0.0,0,-0.0,1.0,-0.0,1.0,-0.0,-1,0.0,1.0,-0.0,-1,0.0,1.0,-0.0,-1.0,0.0,-1.0,0.0,-1.0,0.0,1.0,-0.0,0.0,-0.0,0.0,-0.0,-1.0,0.0,-1.0,0.0,1.0,-0.0,1.0,-0.0,1,-0.0,-1,0.0,1.0,-0.0,1.0,-0.0,-1.0,0.0,0.0,-0.0,1.0,-0.0,1.0,-0.0,0.0,-0.0,-1.0,0.0,1.0,-0.0,1,-0.0,1,-0.0,-1.0,0.0,0,-0.0,-1.0,0.0,1,-0.0,1,-0.0,-1.0,0.0,0,-0.0,1.0,-0.0,1.0,-0.0,-1.0,0.0,1.0,-0.0,1.0,-0.0,-1.0,0.0,0.0,-0.0,1.0,-0.0,-1.0,0.0,-1,0.0,-1,0.0,0.0,-0.0,1.0,-0.0,-1,0.0,-1.0,0.0,-1.0,0.0,0,-0.0,1,-0.0,-1.0,0.0,-1.0,0.0,-1.0,0.0,-1.0,0.0
20170117,QPLJ7,-1.0,-0.00821167883212,48915.0,metal,1484689429,1.0,-0.0,0.0,1.0,-0.0,1.0,-0.0,1.0,-0.0,-1.0,0.0,-1.0,0.0,0.0,-0.0,1.0,-0.0,-1.0,0.0,-1.0,0.0,-1.0,0.0,0,-0.0,1,-0.0,1,-0.0,1.0,-0.0,1.0,-0.0,-1.0,0.0,0.0,-0.0,-1.0,0.0,1.0,-0.0,0,-0.0,1.0,-0.0,1.0,-0.0,1.0,-0.0,1.0,-0.0,-1.0,0.0,1.0,-0.0,-1.0,0.0,-1.0,0.0,1,-0.0,0,-0.0,-1.0,0.0,-1.0,0.0,-1,0.0,-1.0,0.0,1,-0.0,-1.0,0.0,1.0,-0.0,1.0,-0.0,1.0,-0.0,-1.0,0.0,0.0,-0.0,0.0,-0.0,1.0,-0.0,1.0,-0.0,-1.0,0.0,1.0,-0.0,-1,0.0,-1,0.0,-1.0,0.0,-1.0,0.0,1.0,-0.0,0.0,-0.0,-1.0,0.0,1.0,-0.0,1.0,-0.0,-1.0,0.0,1.0,-0.0,-1,0.0,0,-0.0,1.0,-0.0,0,-0.0,1.0,-0.0,-1,0.0,-1,0.0,1.0,-0.0,0,-0.0,-1.0,0.0,-1.0,0.0,1.0,-0.0,1.0,-0.0,-1.0,0.0,-1.0,0.0,-1.0,0.0,-1.0,0.0,-1.0,0.0,1,-0.0,0,-0.0,-1.0,0.0,-1.0,0.0,1,-0.0,1.0,-0.0,1.0,-0.0,0,-0.0,-1,0.0,1.0,-0.0,0.0,-0.0,-1.0,0.0,1.0,-0.0
20170117,QPAH7,1.0,0.00166855769873,75040.0,metal,1484689429,1.0,0.0,0.0,0.0,0.0,1.0,0.0,1.0,0.0,-1.0,-0.0,-1.0,-0.0,1.0,0.0,1.0,0.0,1.0,0.0,1.0,0.0,-1.0,-0.0,-1,-0.0,-1,-0.0,-1,-0.0,0.0,0.0,1.0,0.0,1.0,0.0,-1.0,-0.0,-1.0,-0.0,1.0,0.0,0,0.0,1.0,0.0,-1.0,-0.0,1.0,0.0,0.0,0.0,0.0,0.0,-1.0,-0.0,-1.0,-0.0,1.0,0.0,-1,-0.0,-1,-0.0,0.0,0.0,-1.0,-0.0,-1,-0.0,1.0,0.0,1,0.0,-1.0,-0.0,0.0,0.0,1.0,0.0,-1.0,-0.0,1.0,0.0,1.0,0.0,-1.0,-0.0,1.0,0.0,-1.0,-0.0,-1.0,-0.0,1.0,0.0,-1,-0.0,-1,-0.0,0.0,0.0,-1.0,-0.0,-1.0,-0.0,1.0,0.0,1.0,0.0,-1.0,-0.0,0.0,0.0,1.0,0.0,1.0,0.0,1,0.0,1,0.0,1.0,0.0,0,0.0,-1.0,-0.0,1,0.0,-1,-0.0,1.0,0.0,1,0.0,-1.0,-0.0,0.0,0.0,0.0,0.0,1.0,0.0,-1.0,-0.0,1.0,0.0,0.0,0.0,1.0,0.0,-1.0,-0.0,-1,-0.0,-1,-0.0,0.0,0.0,-1.0,-0.0,1,0.0,-1.0,-0.0,1.0,0.0,1,0.0,1,0.0,1.0,0.0,-1.0,-0.0,-1.0,-0.0,-1.0,-0.0
20170117,@NQH7,-1.0,-0.00424796245987,100795.0,index,1484689429,1.0,-0.0,0.0,0.0,-0.0,1.0,-0.0,-1.0,0.0,1.0,-0.0,-1.0,0.0,0.0,-0.0,1.0,-0.0,-1.0,0.0,1.0,-0.0,-1.0,0.0,-1,0.0,-1,0.0,-1,0.0,-1.0,0.0,1.0,-0.0,1.0,-0.0,0.0,-0.0,-1.0,0.0,1.0,-0.0,0,-0.0,-1.0,0.0,-1.0,0.0,1.0,-0.0,0.0,-0.0,0.0,-0.0,-1.0,0.0,-1.0,0.0,1.0,-0.0,-1,0.0,-1,0.0,0.0,-0.0,-1.0,0.0,-1,0.0,1.0,-0.0,-1,0.0,-1.0,0.0,-1.0,0.0,-1.0,0.0,-1.0,0.0,-1.0,0.0,0.0,-0.0,-1.0,0.0,1.0,-0.0,-1.0,0.0,-1.0,0.0,1.0,-0.0,-1,0.0,1,-0.0,1.0,-0.0,1.0,-0.0,1.0,-0.0,1.0,-0.0,1.0,-0.0,-1.0,0.0,-1.0,0.0,1.0,-0.0,1.0,-0.0,-1,0.0,0,-0.0,1.0,-0.0,0,-0.0,-1.0,0.0,1,-0.0,-1,0.0,1.0,-0.0,1,-0.0,-1.0,0.0,0.0,-0.0,0.0,-0.0,-1.0,0.0,1.0,-0.0,1.0,-0.0,1.0,-0.0,1.0,-0.0,-1.0,0.0,1,-0.0,0,-0.0,1.0,-0.0,1.0,-0.0,1,-0.0,-1.0,0.0,1.0,-0.0,1,-0.0,1,-0.0,1.0,-0.0,0.0,-0.0,-1.0,0.0,1.0,-0.0
20170117,QNGH7,-1.0,-0.00265017667845,33870.0,energy,1484689429,1.0,-89.7614840989,89.7614840989,0.0,-0.0,1.0,-89.7614840989,-1.0,89.7614840989,1.0,-89.7614840989,-1.0,89.7614840989,1.0,-89.7614840989,1.0,-89.7614840989,1.0,-89.7614840989,-1.0,89.7614840989,1.0,-89.7614840989,-1,89.7614840989,-1,89.7614840989,-1,89.7614840989,0.0,-0.0,1.0,-89.7614840989,1.0,-89.7614840989,0.0,-0.0,1.0,-89.7614840989,1.0,-89.7614840989,0,-0.0,-1.0,89.7614840989,1.0,-89.7614840989,-1.0,89.7614840989,0.0,-0.0,0.0,-0.0,1.0,-89.7614840989,1.0,-89.7614840989,-1.0,89.7614840989,-1,89.7614840989,-1,89.7614840989,0.0,-0.0,-1.0,89.7614840989,-1,89.7614840989,1.0,-89.7614840989,-1,89.7614840989,1.0,-89.7614840989,-1.0,89.7614840989,-1.0,89.7614840989,-1.0,89.7614840989,1.0,-89.7614840989,0.0,-0.0,-1.0,89.7614840989,-1.0,89.7614840989,-1.0,89.7614840989,-1.0,89.7614840989,1.0,-89.7614840989,-1,89.7614840989,-1,89.7614840989,1.0,-89.7614840989,1.0,-89.7614840989,-1.0,89.7614840989,1.0,-89.7614840989,1.0,-89.7614840989,1.0,-89.7614840989,0.0,-0.0,-1.0,89.7614840989,1.0,-89.7614840989,1,-89.7614840989,1,-89.7614840989,-1.0,89.7614840989,0,-0.0,1.0,-89.7614840989,1,-89.7614840989,-1,89.7614840989,1.0,-89.7614840989,1,-89.7614840989,1.0,-89.7614840989,0.0,-0.0,0.0,-0.0,1.0,-89.7614840989,1.0,-89.7614840989,-1.0,89.7614840989,0.0,-0.0,-1.0,89.7614840989,-1.0,89.7614840989,-1,89.7614840989,-1,89.7614840989,0.0,-0.0,1.0,-89.7614840989,-1,89.7614840989,1.0,-89.7614840989,-1.0,89.7614840989,1,-89.7614840989,1,-89.7614840989,1.0,-89.7614840989,-1.0,89.7614840989,-1.0,89.7614840989,-1.0,89.7614840989
20170117,@NEH7,1.0,0.0122311261071,72000.0,currency,1484689429,1.0,0.0,0.0,-1.0,-0.0,-1.0,-0.0,-1.0,-0.0,-1.0,-0.0,-1.0,-0.0,0.0,0.0,1.0,0.0,-1.0,-0.0,1.0,0.0,1.0,0.0,0,0.0,1,0.0,-1,-0.0,-1.0,-0.0,1.0,0.0,1.0,0.0,-1.0,-0.0,-1.0,-0.0,1.0,0.0,0,0.0,-1.0,-0.0,-1.0,-0.0,-1.0,-0.0,-1.0,-0.0,1.0,0.0,-1.0,-0.0,1.0,0.0,1.0,0.0,1,0.0,0,0.0,1.0,0.0,-1.0,-0.0,-1,-0.0,1.0,0.0,1,0.0,-1.0,-0.0,0.0,0.0,1.0,0.0,-1.0,-0.0,1.0,0.0,1.0,0.0,0.0,0.0,1.0,0.0,1.0,0.0,-1.0,-0.0,1.0,0.0,1,0.0,1,0.0,0.0,0.0,-1.0,-0.0,-1.0,-0.0,0.0,0.0,-1.0,-0.0,-1.0,-0.0,-1.0,-0.0,1.0,0.0,1.0,0.0,-1,-0.0,0,0.0,-1.0,-0.0,0,0.0,-1.0,-0.0,-1,-0.0,1,0.0,-1.0,-0.0,0,0.0,1.0,0.0,1.0,0.0,-1.0,-0.0,-1.0,-0.0,1.0,0.0,1.0,0.0,1.0,0.0,1.0,0.0,-1.0,-0.0,1,0.0,0,0.0,1.0,0.0,1.0,0.0,1,0.0,-1.0,-0.0,-1.0,-0.0,0,0.0,-1,-0.0,1.0,0.0,0.0,0.0,-1.0,-0.0,1.0,0.0
20170117,@PXH7,1.0,0.00108506944444,23065.0,currency,1484689429,1.0,0.0,0.0,0.0,0.0,1.0,0.0,1.0,0.0,-1.0,-0.0,-1.0,-0.0,1.0,0.0,1.0,0.0,1.0,0.0,1.0,0.0,-1.0,-0.0,-1,-0.0,-1,-0.0,-1,-0.0,0.0,0.0,1.0,0.0,1.0,0.0,-1.0,-0.0,-1.0,-0.0,1.0,0.0,0,0.0,1.0,0.0,-1.0,-0.0,1.0,0.0,0.0,0.0,0.0,0.0,-1.0,-0.0,-1.0,-0.0,1.0,0.0,-1,-0.0,-1,-0.0,0.0,0.0,-1.0,-0.0,-1,-0.0,1.0,0.0,1,0.0,-1.0,-0.0,0.0,0.0,1.0,0.0,-1.0,-0.0,1.0,0.0,1.0,0.0,-1.0,-0.0,1.0,0.0,-1.0,-0.0,-1.0,-0.0,1.0,0.0,-1,-0.0,-1,-0.0,0.0,0.0,-1.0,-0.0,-1.0,-0.0,1.0,0.0,1.0,0.0,-1.0,-0.0,0.0,0.0,1.0,0.0,1.0,0.0,1,0.0,1,0.0,1.0,0.0,0,0.0,-1.0,-0.0,1,0.0,-1,-0.0,1.0,0.0,1,0.0,-1.0,-0.0,0.0,0.0,0.0,0.0,1.0,0.0,-1.0,-0.0,1.0,0.0,0.0,0.0,1.0,0.0,-1.0,-0.0,-1,-0.0,-1,-0.0,0.0,0.0,-1.0,-0.0,1,0.0,-1.0,-0.0,1.0,0.0,1,0.0,1,0.0,1.0,0.0,-1.0,-0.0,-1.0,-0.0,-1.0,-0.0
20170117,@NKDH7,-1.0,-0.0295336787565,82012.4354147,index,1484689429,1.0,-0.0,0.0,-1.0,0.0,-1.0,0.0,-1.0,0.0,-1.0,0.0,-1.0,0.0,0.0,-0.0,1.0,-0.0,-1.0,0.0,1.0,-0.0,1.0,-0.0,0,-0.0,1,-0.0,-1,0.0,-1.0,0.0,1.0,-0.0,1.0,-0.0,-1.0,0.0,-1.0,0.0,1.0,-0.0,0,-0.0,-1.0,0.0,-1.0,0.0,-1.0,0.0,-1.0,0.0,1.0,-0.0,-1.0,0.0,1.0,-0.0,1.0,-0.0,1,-0.0,0,-0.0,1.0,-0.0,-1.0,0.0,1,-0.0,1.0,-0.0,1,-0.0,-1.0,0.0,0.0,-0.0,1.0,-0.0,-1.0,0.0,1.0,-0.0,1.0,-0.0,0.0,-0.0,1.0,-0.0,1.0,-0.0,-1.0,0.0,-1.0,0.0,1,-0.0,1,-0.0,0.0,-0.0,-1.0,0.0,-1.0,0.0,0.0,-0.0,-1.0,0.0,-1.0,0.0,-1.0,0.0,1.0,-0.0,1.0,-0.0,-1,0.0,0,-0.0,-1.0,0.0,0,-0.0,-1.0,0.0,-1,0.0,1,-0.0,-1.0,0.0,0,-0.0,1.0,-0.0,1.0,-0.0,-1.0,0.0,-1.0,0.0,1.0,-0.0,1.0,-0.0,1.0,-0.0,1.0,-0.0,-1.0,0.0,1,-0.0,0,-0.0,1.0,-0.0,1.0,-0.0,1,-0.0,-1.0,0.0,-1.0,0.0,0,-0.0,-1,0.0,1.0,-0.0,0.0,-0.0,-1.0,0.0,1.0,-0.0
20170117,@LEJ7,1.0,0.00996396014416,47640.0,meat,1484679780,1.0,0.0,0.0,0.0,0.0,1.0,0.0,-1.0,-0.0,-1.0,-0.0,-1.0,-0.0,1.0,0.0,1.0,0.0,1.0,0.0,-1.0,-0.0,1.0,0.0,-1,-0.0,-1,-0.0,-1,-0.0,0.0,0.0,1.0,0.0,-1.0,-0.0,-1.0,-0.0,-1.0,-0.0,1.0,0.0,0,0.0,-1.0,-0.0,1.0,0.0,-1.0,-0.0,0.0,0.0,0.0,0.0,1.0,0.0,1.0,0.0,-1.0,-0.0,-1,-0.0,-1,-0.0,0.0,0.0,-1.0,-0.0,1,0.0,1.0,0.0,1,0.0,1.0,0.0,0.0,0.0,-1.0,-0.0,1.0,0.0,1.0,0.0,1.0,0.0,-1.0,-0.0,1.0,0.0,-1.0,-0.0,-1.0,-0.0,-1.0,-0.0,-1,-0.0,-1,-0.0,0.0,0.0,1.0,0.0,-1.0,-0.0,1.0,0.0,1.0,0.0,1.0,0.0,0.0,0.0,-1.0,-0.0,1.0,0.0,1,0.0,1,0.0,-1.0,-0.0,0,0.0,1.0,0.0,1,0.0,-1,-0.0,1.0,0.0,1,0.0,1.0,0.0,0.0,0.0,0.0,0.0,1.0,0.0,1.0,0.0,-1.0,-0.0,0.0,0.0,-1.0,-0.0,-1.0,-0.0,-1,-0.0,-1,-0.0,0.0,0.0,1.0,0.0,-1,-0.0,1.0,0.0,-1.0,-0.0,1,0.0,1,0.0,1.0,0.0,-1.0,-0.0,-1.0,-0.0,-1.0,-0.0
20170117,@BPH7,1.0,0.0181147540984,77631.25,currency,1484689429,1.0,0.0,0.0,0.0,0.0,1.0,0.0,-1.0,-0.0,1.0,0.0,-1.0,-0.0,0.0,0.0,1.0,0.0,-1.0,-0.0,1.0,0.0,-1.0,-0.0,-1,-0.0,-1,-0.0,-1,-0.0,-1.0,-0.0,1.0,0.0,1.0,0.0,0.0,0.0,-1.0,-0.0,1.0,0.0,0,0.0,-1.0,-0.0,-1.0,-0.0,-1.0,-0.0,-1.0,-0.0,1.0,0.0,-1.0,-0.0,1.0,0.0,1.0,0.0,1,0.0,0,0.0,0.0,0.0,-1.0,-0.0,-1,-0.0,1.0,0.0,-1,-0.0,-1.0,-0.0,-1.0,-0.0,-1.0,-0.0,-1.0,-0.0,-1.0,-0.0,0.0,0.0,0.0,0.0,1.0,0.0,1.0,0.0,-1.0,-0.0,1.0,0.0,1,0.0,1,0.0,1.0,0.0,1.0,0.0,1.0,0.0,0.0,0.0,-1.0,-0.0,-1.0,-0.0,-1.0,-0.0,1.0,0.0,1.0,0.0,-1,-0.0,0,0.0,-1.0,-0.0,0,0.0,-1.0,-0.0,-1,-0.0,-1,-0.0,-1.0,-0.0,0,0.0,1.0,0.0,1.0,0.0,-1.0,-0.0,-1.0,-0.0,1.0,0.0,1.0,0.0,1.0,0.0,1.0,0.0,-1.0,-0.0,1,0.0,0,0.0,1.0,0.0,1.0,0.0,1,0.0,-1.0,-0.0,1.0,0.0,1,0.0,1,0.0,1.0,0.0,0.0,0.0,-1.0,-0.0,1.0,0.0
20170117,@CH7,1.0,0.0181311018131,18250.0,grain,1484680330,1.0,0.0,0.0,0.0,0.0,1.0,0.0,1.0,0.0,1.0,0.0,-1.0,-0.0,1.0,0.0,1.0,0.0,1.0,0.0,1.0,0.0,-1.0,-0.0,-1,-0.0,-1,-0.0,-1,-0.0,0.0,0.0,1.0,0.0,1.0,0.0,0.0,0.0,-1.0,-0.0,1.0,0.0,0,0.0,1.0,0.0,-1.0,-0.0,1.0,0.0,0.0,0.0,0.0,0.0,-1.0,-0.0,-1.0,-0.0,1.0,0.0,-1,-0.0,-1,-0.0,0.0,0.0,-1.0,-0.0,-1,-0.0,1.0,0.0,-1,-0.0,-1.0,-0.0,-1.0,-0.0,-1.0,-0.0,-1.0,-0.0,-1.0,-0.0,0.0,0.0,-1.0,-0.0,1.0,0.0,-1.0,-0.0,-1.0,-0.0,1.0,0.0,-1,-0.0,-1,-0.0,1.0,0.0,1.0,0.0,1.0,0.0,1.0,0.0,1.0,0.0,-1.0,-0.0,0.0,0.0,1.0,0.0,1.0,0.0,1,0.0,1,0.0,1.0,0.0,0,0.0,-1.0,-0.0,1,0.0,-1,-0.0,1.0,0.0,1,0.0,-1.0,-0.0,0.0,0.0,0.0,0.0,1.0,0.0,-1.0,-0.0,1.0,0.0,0.0,0.0,1.0,0.0,-1.0,-0.0,-1,-0.0,-1,-0.0,0.0,0.0,-1.0,-0.0,1,0.0,-1.0,-0.0,1.0,0.0,1,0.0,1,0.0,1.0,0.0,-1.0,-0.0,-1.0,-0.0,-1.0,-0.0
20170117,@CDH7,1.0,0.00616312614739,76730.0,currency,1484689429,1.0,0.0,0.0,0.0,0.0,1.0,0.0,-1.0,-0.0,-1.0,-0.0,-1.0,-0.0,0.0,0.0,1.0,0.0,-1.0,-0.0,1.0,0.0,-1.0,-0.0,-1,-0.0,-1,-0.0,-1,-0.0,-1.0,-0.0,1.0,0.0,1.0,0.0,-1.0,-0.0,-1.0,-0.0,1.0,0.0,0,0.0,-1.0,-0.0,-1.0,-0.0,1.0,0.0,0.0,0.0,0.0,0.0,-1.0,-0.0,-1.0,-0.0,1.0,0.0,-1,-0.0,-1,-0.0,0.0,0.0,-1.0,-0.0,-1,-0.0,1.0,0.0,1,0.0,-1.0,-0.0,0.0,0.0,1.0,0.0,-1.0,-0.0,1.0,0.0,1.0,0.0,-1.0,-0.0,1.0,0.0,-1.0,-0.0,-1.0,-0.0,1.0,0.0,-1,-0.0,1,0.0,0.0,0.0,-1.0,-0.0,-1.0,-0.0,1.0,0.0,1.0,0.0,-1.0,-0.0,-1.0,-0.0,1.0,0.0,1.0,0.0,-1,-0.0,0,0.0,1.0,0.0,0,0.0,-1.0,-0.0,1,0.0,-1,-0.0,1.0,0.0,1,0.0,-1.0,-0.0,0.0,0.0,0.0,0.0,-1.0,-0.0,1.0,0.0,1.0,0.0,1.0,0.0,1.0,0.0,-1.0,-0.0,1,0.0,0,0.0,1.0,0.0,1.0,0.0,1,0.0,-1.0,-0.0,1.0,0.0,1,0.0,1,0.0,1.0,0.0,0.0,0.0,-1.0,-0.0,1.0,0.0
20170117,QCLH7,1.0,0.0035747883349,53340.0,energy,1484689429,1.0,0.0,0.0,0.0,0.0,1.0,0.0,-1.0,-0.0,-1.0,-0.0,-1.0,-0.0,1.0,0.0,1.0,0.0,1.0,0.0,-1.0,-0.0,1.0,0.0,-1,-0.0,-1,-0.0,-1,-0.0,0.0,0.0,1.0,0.0,-1.0,-0.0,-1.0,-0.0,-1.0,-0.0,1.0,0.0,0,0.0,-1.0,-0.0,1.0,0.0,-1.0,-0.0,0.0,0.0,0.0,0.0,1.0,0.0,1.0,0.0,-1.0,-0.0,-1,-0.0,-1,-0.0,0.0,0.0,-1.0,-0.0,-1,-0.0,1.0,0.0,1,0.0,1.0,0.0,0.0,0.0,-1.0,-0.0,1.0,0.0,1.0,0.0,1.0,0.0,-1.0,-0.0,1.0,0.0,-1.0,-0.0,-1.0,-0.0,1.0,0.0,-1,-0.0,-1,-0.0,0.0,0.0,1.0,0.0,-1.0,-0.0,1.0,0.0,1.0,0.0,1.0,0.0,0.0,0.0,-1.0,-0.0,1.0,0.0,1,0.0,1,0.0,-1.0,-0.0,0,0.0,1.0,0.0,1,0.0,-1,-0.0,1.0,0.0,1,0.0,1.0,0.0,0.0,0.0,0.0,0.0,1.0,0.0,1.0,0.0,-1.0,-0.0,0.0,0.0,-1.0,-0.0,-1.0,-0.0,-1,-0.0,-1,-0.0,0.0,0.0,1.0,0.0,-1,-0.0,1.0,0.0,-1.0,-0.0,1,0.0,1,0.0,1.0,0.0,-1.0,-0.0,-1.0,-0.0,-1.0,-0.0
20170117,@EUH7,1.0,0.00623359580053,134181.25,currency,1484689429,1.0,0.0,0.0,0.0,0.0,1.0,0.0,-1.0,-0.0,-1.0,-0.0,-1.0,-0.0,0.0,0.0,1.0,0.0,-1.0,-0.0,1.0,0.0,-1.0,-0.0,-1,-0.0,-1,-0.0,-1,-0.0,-1.0,-0.0,1.0,0.0,1.0,0.0,-1.0,-0.0,-1.0,-0.0,1.0,0.0,0,0.0,-1.0,-0.0,-1.0,-0.0,1.0,0.0,0.0,0.0,0.0,0.0,-1.0,-0.0,-1.0,-0.0,1.0,0.0,-1,-0.0,-1,-0.0,0.0,0.0,-1.0,-0.0,-1,-0.0,1.0,0.0,1,0.0,-1.0,-0.0,0.0,0.0,1.0,0.0,-1.0,-0.0,1.0,0.0,1.0,0.0,-1.0,-0.0,1.0,0.0,-1.0,-0.0,-1.0,-0.0,1.0,0.0,-1,-0.0,1,0.0,0.0,0.0,-1.0,-0.0,-1.0,-0.0,1.0,0.0,1.0,0.0,-1.0,-0.0,-1.0,-0.0,1.0,0.0,1.0,0.0,-1,-0.0,0,0.0,1.0,0.0,0,0.0,-1.0,-0.0,1,0.0,-1,-0.0,1.0,0.0,1,0.0,-1.0,-0.0,0.0,0.0,0.0,0.0,-1.0,-0.0,1.0,0.0,1.0,0.0,1.0,0.0,1.0,0.0,-1.0,-0.0,1,0.0,0,0.0,1.0,0.0,1.0,0.0,1,0.0,-1.0,-0.0,1.0,0.0,1,0.0,1,0.0,1.0,0.0,0.0,0.0,-1.0,-0.0,1.0,0.0
20170117,@HEJ7,1.0,0.00215439856373,27910.0,meat,1484679780,1.0,0.0,0.0,0.0,0.0,1.0,0.0,1.0,0.0,-1.0,-0.0,-1.0,-0.0,1.0,0.0,1.0,0.0,1.0,0.0,1.0,0.0,-1.0,-0.0,-1,-0.0,-1,-0.0,-1,-0.0,0.0,0.0,1.0,0.0,1.0,0.0,-1.0,-0.0,-1.0,-0.0,1.0,0.0,0,0.0,1.0,0.0,-1.0,-0.0,1.0,0.0,0.0,0.0,0.0,0.0,-1.0,-0.0,-1.0,-0.0,1.0,0.0,-1,-0.0,-1,-0.0,0.0,0.0,-1.0,-0.0,1,0.0,1.0,0.0,1,0.0,-1.0,-0.0,0.0,0.0,1.0,0.0,-1.0,-0.0,1.0,0.0,1.0,0.0,-1.0,-0.0,1.0,0.0,-1.0,-0.0,-1.0,-0.0,-1.0,-0.0,-1,-0.0,-1,-0.0,0.0,0.0,-1.0,-0.0,-1.0,-0.0,1.0,0.0,1.0,0.0,-1.0,-0.0,0.0,0.0,1.0,0.0,1.0,0.0,1,0.0,1,0.0,1.0,0.0,0,0.0,-1.0,-0.0,1,0.0,-1,-0.0,1.0,0.0,1,0.0,-1.0,-0.0,0.0,0.0,0.0,0.0,1.0,0.0,-1.0,-0.0,1.0,0.0,0.0,0.0,1.0,0.0,-1.0,-0.0,-1,-0.0,-1,-0.0,0.0,0.0,-1.0,-0.0,1,0.0,-1.0,-0.0,1.0,0.0,1,0.0,1,0.0,1.0,0.0,-1.0,-0.0,-1.0,-0.0,-1.0,-0.0
20170117,@ESH7,-1.0,-0.0046204620462,113100.0,index,1484689429,1.0,-522.574257426,522.574257426,-1.0,522.574257426,-1.0,522.574257426,-1.0,522.574257426,-1.0,522.574257426,-1.0,522.574257426,0.0,-0.0,1.0,-522.574257426,-1.0,522.574257426,1.0,-522.574257426,1.0,-522.574257426,0,-0.0,1,-522.574257426,-1,522.574257426,-1.0,522.574257426,1.0,-522.574257426,1.0,-522.574257426,-1.0,522.574257426,-1.0,522.574257426,1.0,-522.574257426,1,-231.02310231,-1.0,522.574257426,-1.0,522.574257426,-1.0,522.574257426,-1.0,522.574257426,1.0,-522.574257426,-1.0,522.574257426,1.0,-522.574257426,1.0,-522.574257426,1,-522.574257426,0,-0.0,1.0,-522.574257426,-1.0,522.574257426,-1,522.574257426,1.0,-522.574257426,1,-522.574257426,-1.0,522.574257426,0.0,-0.0,1.0,-522.574257426,-1.0,522.574257426,1.0,-522.574257426,1.0,-522.574257426,0.0,-0.0,1.0,-522.574257426,1.0,-522.574257426,-1.0,522.574257426,1.0,-522.574257426,1,-522.574257426,1,-522.574257426,0.0,-0.0,-1.0,522.574257426,-1.0,522.574257426,0.0,-0.0,-1.0,522.574257426,-1.0,522.574257426,-1.0,522.574257426,1.0,-522.574257426,1.0,-522.574257426,-1,522.574257426,0,-0.0,-1.0,522.574257426,0,-0.0,-1.0,522.574257426,-1,522.574257426,1,-522.574257426,-1.0,522.574257426,0,-0.0,1.0,-522.574257426,1.0,-522.574257426,-1.0,522.574257426,-1.0,522.574257426,1.0,-522.574257426,1.0,-522.574257426,1.0,-522.574257426,1.0,-522.574257426,-1.0,522.574257426,1,-522.574257426,0,-0.0,1.0,-522.574257426,1.0,-522.574257426,1,-522.574257426,-1.0,522.574257426,-1.0,522.574257426,0,-0.0,-1,522.574257426,1.0,-522.574257426,0.0,-0.0,-1.0,522.574257426,1.0,-522.574257426
20170117,@EMDH7,-1.0,-0.00883958234457,167070.0,index,1484689429,1.0,-0.0,0.0,0.0,-0.0,1.0,-0.0,-1.0,0.0,1.0,-0.0,-1.0,0.0,0.0,-0.0,1.0,-0.0,-1.0,0.0,1.0,-0.0,-1.0,0.0,-1,0.0,-1,0.0,-1,0.0,-1.0,0.0,1.0,-0.0,1.0,-0.0,0.0,-0.0,-1.0,0.0,1.0,-0.0,0,-0.0,-1.0,0.0,-1.0,0.0,1.0,-0.0,0.0,-0.0,0.0,-0.0,-1.0,0.0,-1.0,0.0,1.0,-0.0,-1,0.0,-1,0.0,0.0,-0.0,-1.0,0.0,-1,0.0,1.0,-0.0,-1,0.0,-1.0,0.0,-1.0,0.0,-1.0,0.0,-1.0,0.0,-1.0,0.0,0.0,-0.0,-1.0,0.0,1.0,-0.0,-1.0,0.0,-1.0,0.0,1.0,-0.0,-1,0.0,1,-0.0,1.0,-0.0,1.0,-0.0,1.0,-0.0,1.0,-0.0,1.0,-0.0,-1.0,0.0,-1.0,0.0,1.0,-0.0,1.0,-0.0,-1,0.0,0,-0.0,1.0,-0.0,0,-0.0,-1.0,0.0,1,-0.0,-1,0.0,1.0,-0.0,1,-0.0,-1.0,0.0,0.0,-0.0,0.0,-0.0,-1.0,0.0,1.0,-0.0,1.0,-0.0,1.0,-0.0,1.0,-0.0,-1.0,0.0,1,-0.0,0,-0.0,1.0,-0.0,1.0,-0.0,1,-0.0,-1.0,0.0,1.0,-0.0,1,-0.0,1,-0.0,1.0,-0.0,0.0,-0.0,-1.0,0.0,1.0,-0.0
20170117,@FVH7,1.0,0.00278440731901,118171.875,rates,1484689429,1.0,0.0,0.0,1.0,0.0,1.0,0.0,-1.0,-0.0,-1.0,-0.0,1.0,0.0,-1.0,-0.0,-1.0,-0.0,-1.0,-0.0,-1.0,-0.0,-1.0,-0.0,0,0.0,-1,-0.0,1,0.0,0.0,0.0,-1.0,-0.0,-1.0,-0.0,0.0,0.0,1.0,0.0,-1.0,-0.0,0,0.0,-1.0,-0.0,1.0,0.0,1.0,0.0,1.0,0.0,-1.0,-0.0,1.0,0.0,-1.0,-0.0,-1.0,-0.0,-1,-0.0,0,0.0,-1.0,-0.0,1.0,0.0,-1,-0.0,-1.0,-0.0,1,0.0,1.0,0.0,1.0,0.0,1.0,0.0,1.0,0.0,1.0,0.0,0.0,0.0,0.0,0.0,-1.0,-0.0,-1.0,-0.0,1.0,0.0,1.0,0.0,-1,-0.0,1,0.0,-1.0,-0.0,-1.0,-0.0,-1.0,-0.0,0.0,0.0,1.0,0.0,1.0,0.0,0.0,0.0,-1.0,-0.0,-1.0,-0.0,-1,-0.0,-1,-0.0,1.0,0.0,0,0.0,1.0,0.0,1,0.0,-1,-0.0,1.0,0.0,0,0.0,-1.0,-0.0,-1.0,-0.0,1.0,0.0,-1.0,-0.0,1.0,0.0,-1.0,-0.0,0.0,0.0,-1.0,-0.0,1.0,0.0,1,0.0,1,0.0,0.0,0.0,1.0,0.0,-1,-0.0,1.0,0.0,1.0,0.0,0,0.0,1,0.0,-1.0,-0.0,1.0,0.0,1.0,0.0,1.0,0.0
20170117,QGCG7,1.0,0.0163852198629,121580.0,metal,1484689429,1.0,0.0,0.0,0.0,0.0,-1.0,-0.0,1.0,0.0,-1.0,-0.0,1.0,0.0,0.0,0.0,-1.0,-0.0,1.0,0.0,-1.0,-0.0,1.0,0.0,1,0.0,1,0.0,1,0.0,1.0,0.0,-1.0,-0.0,-1.0,-0.0,0.0,0.0,1.0,0.0,-1.0,-0.0,0,0.0,1.0,0.0,1.0,0.0,-1.0,-0.0,0.0,0.0,0.0,0.0,1.0,0.0,1.0,0.0,-1.0,-0.0,1,0.0,1,0.0,0.0,0.0,1.0,0.0,-1,-0.0,-1.0,-0.0,1,0.0,1.0,0.0,1.0,0.0,1.0,0.0,1.0,0.0,1.0,0.0,0.0,0.0,1.0,0.0,-1.0,-0.0,1.0,0.0,1.0,0.0,1.0,0.0,1,0.0,-1,-0.0,-1.0,-0.0,-1.0,-0.0,-1.0,-0.0,-1.0,-0.0,-1.0,-0.0,1.0,0.0,1.0,0.0,-1.0,-0.0,-1.0,-0.0,1,0.0,0,0.0,-1.0,-0.0,0,0.0,1.0,0.0,-1,-0.0,1,0.0,-1.0,-0.0,-1,-0.0,1.0,0.0,0.0,0.0,0.0,0.0,1.0,0.0,-1.0,-0.0,-1.0,-0.0,-1.0,-0.0,-1.0,-0.0,1.0,0.0,-1,-0.0,0,0.0,-1.0,-0.0,-1.0,-0.0,-1,-0.0,1.0,0.0,-1.0,-0.0,-1,-0.0,-1,-0.0,-1.0,-0.0,0.0,0.0,1.0,0.0,-1.0,-0.0
20170117,QHGH7,-1.0,-0.0254646840149,65537.5,metal,1484689429,1.0,-1668.89172862,1668.89172862,0.0,-0.0,1.0,-1668.89172862,-1.0,1668.89172862,-1.0,1668.89172862,-1.0,1668.89172862,0.0,-0.0,1.0,-1668.89172862,-1.0,1668.89172862,1.0,-1668.89172862,-1.0,1668.89172862,-1,1668.89172862,-1,1668.89172862,-1,1668.89172862,-1.0,1668.89172862,1.0,-1668.89172862,1.0,-1668.89172862,-1.0,1668.89172862,-1.0,1668.89172862,1.0,-1668.89172862,0,-0.0,-1.0,1668.89172862,-1.0,1668.89172862,1.0,-1668.89172862,0.0,-0.0,0.0,-0.0,-1.0,1668.89172862,-1.0,1668.89172862,1.0,-1668.89172862,-1,1668.89172862,-1,1668.89172862,0.0,-0.0,-1.0,1668.89172862,-1,1668.89172862,1.0,-1668.89172862,1,-1668.89172862,-1.0,1668.89172862,0.0,-0.0,1.0,-1668.89172862,-1.0,1668.89172862,1.0,-1668.89172862,1.0,-1668.89172862,-1.0,1668.89172862,1.0,-1668.89172862,-1.0,1668.89172862,-1.0,1668.89172862,1.0,-1668.89172862,-1,1668.89172862,1,-1668.89172862,0.0,-0.0,-1.0,1668.89172862,-1.0,1668.89172862,1.0,-1668.89172862,1.0,-1668.89172862,-1.0,1668.89172862,-1.0,1668.89172862,1.0,-1668.89172862,1.0,-1668.89172862,-1,1668.89172862,0,-0.0,1.0,-1668.89172862,0,-0.0,-1.0,1668.89172862,1,-1668.89172862,-1,1668.89172862,1.0,-1668.89172862,1,-1668.89172862,-1.0,1668.89172862,0.0,-0.0,0.0,-0.0,-1.0,1668.89172862,1.0,-1668.89172862,1.0,-1668.89172862,1.0,-1668.89172862,1.0,-1668.89172862,-1.0,1668.89172862,1,-1668.89172862,0,-0.0,1.0,-1668.89172862,1.0,-1668.89172862,1,-1668.89172862,-1.0,1668.89172862,1.0,-1668.89172862,1,-1668.89172862,1,-1668.89172862,1.0,-1668.89172862,0.0,-0.0,-1.0,1668.89172862,1.0,-1668.89172862
20170117,QHOH7,1.0,0.00150412129234,69913.2,energy,1484689429,1.0,0.0,0.0,-1.0,-0.0,-1.0,-0.0,-1.0,-0.0,1.0,0.0,1.0,0.0,1.0,0.0,1.0,0.0,1.0,0.0,1.0,0.0,1.0,0.0,0,0.0,-1,-0.0,-1,-0.0,0.0,0.0,-1.0,-0.0,1.0,0.0,0.0,0.0,1.0,0.0,-1.0,-0.0,0,0.0,-1.0,-0.0,1.0,0.0,-1.0,-0.0,-1.0,-0.0,1.0,0.0,-1.0,-0.0,1.0,0.0,1.0,0.0,-1,-0.0,0,0.0,1.0,0.0,1.0,0.0,-1,-0.0,1.0,0.0,-1,-0.0,1.0,0.0,-1.0,-0.0,-1.0,-0.0,-1.0,-0.0,1.0,0.0,0.0,0.0,0.0,0.0,-1.0,-0.0,-1.0,-0.0,1.0,0.0,1.0,0.0,1,0.0,-1,-0.0,1.0,0.0,1.0,0.0,-1.0,-0.0,0.0,0.0,1.0,0.0,1.0,0.0,0.0,0.0,-1.0,-0.0,1.0,0.0,1,0.0,1,0.0,-1.0,-0.0,0,0.0,-1.0,-0.0,1,0.0,1,0.0,-1.0,-0.0,0,0.0,1.0,0.0,1.0,0.0,-1.0,-0.0,1.0,0.0,1.0,0.0,-1.0,-0.0,0.0,0.0,1.0,0.0,-1.0,-0.0,-1,-0.0,-1,-0.0,0.0,0.0,1.0,0.0,-1,-0.0,-1.0,-0.0,-1.0,-0.0,0,0.0,1,0.0,-1.0,-0.0,-1.0,-0.0,-1.0,-0.0,-1.0,-0.0
20170117,@JYH7,1.0,0.0162248628885,111175.0,currency,1484689429,1.0,0.0,0.0,1.0,0.0,1.0,0.0,-1.0,-0.0,-1.0,-0.0,1.0,0.0,-1.0,-0.0,-1.0,-0.0,-1.0,-0.0,-1.0,-0.0,-1.0,-0.0,0,0.0,-1,-0.0,1,0.0,0.0,0.0,-1.0,-0.0,-1.0,-0.0,0.0,0.0,1.0,0.0,-1.0,-0.0,0,0.0,-1.0,-0.0,1.0,0.0,1.0,0.0,1.0,0.0,-1.0,-0.0,1.0,0.0,-1.0,-0.0,-1.0,-0.0,-1,-0.0,0,0.0,-1.0,-0.0,1.0,0.0,-1,-0.0,-1.0,-0.0,1,0.0,1.0,0.0,1.0,0.0,1.0,0.0,1.0,0.0,1.0,0.0,0.0,0.0,0.0,0.0,-1.0,-0.0,-1.0,-0.0,1.0,0.0,1.0,0.0,-1,-0.0,1,0.0,-1.0,-0.0,-1.0,-0.0,-1.0,-0.0,0.0,0.0,1.0,0.0,1.0,0.0,0.0,0.0,-1.0,-0.0,-1.0,-0.0,-1,-0.0,-1,-0.0,1.0,0.0,0,0.0,1.0,0.0,1,0.0,-1,-0.0,1.0,0.0,0,0.0,-1.0,-0.0,-1.0,-0.0,1.0,0.0,-1.0,-0.0,1.0,0.0,-1.0,-0.0,0.0,0.0,-1.0,-0.0,1.0,0.0,1,0.0,1,0.0,0.0,0.0,1.0,0.0,-1,-0.0,1.0,0.0,1.0,0.0,0,0.0,1,0.0,-1.0,-0.0,1.0,0.0,1.0,0.0,1.0,0.0
20170117,@GFH7,1.0,0.00580046403712,65025.0,meat,1484679780,1.0,0.0,0.0,0.0,0.0,1.0,0.0,-1.0,-0.0,-1.0,-0.0,-1.0,-0.0,0.0,0.0,-1.0,-0.0,1.0,0.0,-1.0,-0.0,1.0,0.0,-1,-0.0,-1,-0.0,-1,-0.0,-1.0,-0.0,1.0,0.0,-1.0,-0.0,-1.0,-0.0,-1.0,-0.0,1.0,0.0,0,0.0,-1.0,-0.0,-1.0,-0.0,-1.0,-0.0,0.0,0.0,0.0,0.0,1.0,0.0,1.0,0.0,-1.0,-0.0,-1,-0.0,-1,-0.0,0.0,0.0,-1.0,-0.0,1,0.0,1.0,0.0,1,0.0,1.0,0.0,0.0,0.0,-1.0,-0.0,1.0,0.0,1.0,0.0,1.0,0.0,-1.0,-0.0,1.0,0.0,-1.0,-0.0,-1.0,-0.0,-1.0,-0.0,-1,-0.0,1,0.0,0.0,0.0,1.0,0.0,-1.0,-0.0,1.0,0.0,1.0,0.0,-1.0,-0.0,-1.0,-0.0,1.0,0.0,-1.0,-0.0,1,0.0,0,0.0,-1.0,-0.0,0,0.0,1.0,0.0,1,0.0,-1,-0.0,1.0,0.0,1,0.0,1.0,0.0,0.0,0.0,0.0,0.0,-1.0,-0.0,1.0,0.0,1.0,0.0,1.0,0.0,-1.0,-0.0,1.0,0.0,-1,-0.0,0,0.0,1.0,0.0,1.0,0.0,-1,-0.0,1.0,0.0,-1.0,-0.0,1,0.0,1,0.0,1.0,0.0,0.0,0.0,1.0,0.0,-1.0,-0.0
20170118,QNGH7,-1.0,-0.030543318649,33010.0,energy,1484775868,1.0,-1008.2349486,1008.2349486,0.0,-0.0,1.0,-1008.2349486,1.0,-1008.2349486,1.0,-1008.2349486,-1.0,1008.2349486,1.0,-1008.2349486,1.0,-1008.2349486,1.0,-1008.2349486,1.0,-1008.2349486,-1.0,1008.2349486,-1,1008.2349486,-1,1008.2349486,-1,1008.2349486,0.0,-0.0,1.0,-1008.2349486,1.0,-1008.2349486,0.0,-0.0,-1.0,1008.2349486,1.0,-1008.2349486,0,-0.0,1.0,-1008.2349486,-1.0,1008.2349486,1.0,-1008.2349486,0.0,-0.0,0.0,-0.0,-1.0,1008.2349486,-1.0,1008.2349486,1.0,-1008.2349486,-1,1008.2349486,-1,1008.2349486,0.0,-0.0,-1.0,1008.2349486,-1,1008.2349486,1.0,-1008.2349486,-1,1008.2349486,-1.0,1008.2349486,-1.0,1008.2349486,-1.0,1008.2349486,-1.0,1008.2349486,-1.0,1008.2349486,0.0,-0.0,-1.0,1008.2349486,1.0,-1008.2349486,-1.0,1008.2349486,-1.0,1008.2349486,1.0,-1008.2349486,-1,1008.2349486,-1,1008.2349486,1.0,-1008.2349486,1.0,-1008.2349486,1.0,-1008.2349486,1.0,-1008.2349486,1.0,-1008.2349486,-1.0,1008.2349486,0.0,-0.0,1.0,-1008.2349486,1.0,-1008.2349486,1,-1008.2349486,1,-1008.2349486,1.0,-1008.2349486,0,-0.0,-1.0,1008.2349486,1,-1008.2349486,-1,1008.2349486,1.0,-1008.2349486,1,-1008.2349486,-1.0,1008.2349486,0.0,-0.0,0.0,-0.0,1.0,-1008.2349486,-1.0,1008.2349486,1.0,-1008.2349486,0.0,-0.0,1.0,-1008.2349486,-1.0,1008.2349486,-1,1008.2349486,-1,1008.2349486,0.0,-0.0,-1.0,1008.2349486,1,-1008.2349486,-1.0,1008.2349486,1.0,-1008.2349486,1,-1008.2349486,1,-1008.2349486,1.0,-1008.2349486,-1.0,1008.2349486,-1.0,1008.2349486,-1.0,1008.2349486
20170118,QRBH7,-1.0,-0.0310848998648,66242.4,energy,1484775868,1.0,-0.0,0.0,-1.0,0.0,-1.0,0.0,1.0,-0.0,-1.0,0.0,-1.0,0.0,1.0,-0.0,1.0,-0.0,1.0,-0.0,1.0,-0.0,1.0,-0.0,0,-0.0,1,-0.0,-1,0.0,0.0,-0.0,1.0,-0.0,1.0,-0.0,-1.0,0.0,-1.0,0.0,1.0,-0.0,0,-0.0,1.0,-0.0,-1.0,0.0,-1.0,0.0,-1.0,0.0,1.0,-0.0,-1.0,0.0,1.0,-0.0,1.0,-0.0,1,-0.0,0,-0.0,1.0,-0.0,-1.0,0.0,-1,0.0,1.0,-0.0,1,-0.0,-1.0,0.0,0.0,-0.0,1.0,-0.0,-1.0,0.0,1.0,-0.0,1.0,-0.0,0.0,-0.0,1.0,-0.0,1.0,-0.0,-1.0,0.0,1.0,-0.0,1,-0.0,-1,0.0,0.0,-0.0,-1.0,0.0,-1.0,0.0,0.0,-0.0,-1.0,0.0,-1.0,0.0,0.0,-0.0,1.0,-0.0,1.0,-0.0,1,-0.0,1,-0.0,-1.0,0.0,0,-0.0,-1.0,0.0,-1,0.0,1,-0.0,-1.0,0.0,0,-0.0,1.0,-0.0,1.0,-0.0,-1.0,0.0,1.0,-0.0,-1.0,0.0,1.0,-0.0,0.0,-0.0,1.0,-0.0,-1.0,0.0,-1,0.0,-1,0.0,0.0,-0.0,-1.0,0.0,1,-0.0,-1.0,0.0,-1.0,0.0,0,-0.0,-1,0.0,1.0,-0.0,-1.0,0.0,-1.0,0.0,-1.0,0.0
20170118,@NKDH7,1.0,0.0146901709402,84294.8433478,index,1484775868,1.0,0.0,0.0,-1.0,-0.0,-1.0,-0.0,-1.0,-0.0,-1.0,-0.0,-1.0,-0.0,0.0,0.0,1.0,0.0,-1.0,-0.0,1.0,0.0,1.0,0.0,0,0.0,1,0.0,-1,-0.0,-1.0,-0.0,1.0,0.0,1.0,0.0,-1.0,-0.0,-1.0,-0.0,1.0,0.0,0,0.0,-1.0,-0.0,-1.0,-0.0,-1.0,-0.0,-1.0,-0.0,1.0,0.0,-1.0,-0.0,1.0,0.0,1.0,0.0,1,0.0,0,0.0,1.0,0.0,-1.0,-0.0,1,0.0,1.0,0.0,1,0.0,-1.0,-0.0,0.0,0.0,1.0,0.0,-1.0,-0.0,1.0,0.0,1.0,0.0,0.0,0.0,1.0,0.0,1.0,0.0,-1.0,-0.0,-1.0,-0.0,1,0.0,1,0.0,0.0,0.0,-1.0,-0.0,-1.0,-0.0,0.0,0.0,-1.0,-0.0,-1.0,-0.0,-1.0,-0.0,1.0,0.0,1.0,0.0,-1,-0.0,0,0.0,-1.0,-0.0,0,0.0,-1.0,-0.0,-1,-0.0,1,0.0,-1.0,-0.0,0,0.0,1.0,0.0,1.0,0.0,-1.0,-0.0,-1.0,-0.0,1.0,0.0,1.0,0.0,1.0,0.0,1.0,0.0,-1.0,-0.0,1,0.0,0,0.0,1.0,0.0,1.0,0.0,1,0.0,-1.0,-0.0,-1.0,-0.0,0,0.0,-1,-0.0,1.0,0.0,0.0,0.0,-1.0,-0.0,1.0,0.0
20170118,@NQH7,1.0,0.00287684142652,101095.0,index,1484775868,1.0,0.0,0.0,0.0,0.0,1.0,0.0,-1.0,-0.0,-1.0,-0.0,-1.0,-0.0,0.0,0.0,1.0,0.0,-1.0,-0.0,1.0,0.0,-1.0,-0.0,-1,-0.0,-1,-0.0,-1,-0.0,-1.0,-0.0,1.0,0.0,1.0,0.0,-1.0,-0.0,-1.0,-0.0,1.0,0.0,0,0.0,-1.0,-0.0,-1.0,-0.0,1.0,0.0,0.0,0.0,0.0,0.0,-1.0,-0.0,-1.0,-0.0,1.0,0.0,-1,-0.0,-1,-0.0,0.0,0.0,-1.0,-0.0,-1,-0.0,1.0,0.0,1,0.0,-1.0,-0.0,0.0,0.0,1.0,0.0,-1.0,-0.0,1.0,0.0,1.0,0.0,-1.0,-0.0,1.0,0.0,-1.0,-0.0,-1.0,-0.0,1.0,0.0,-1,-0.0,1,0.0,0.0,0.0,-1.0,-0.0,-1.0,-0.0,1.0,0.0,1.0,0.0,-1.0,-0.0,-1.0,-0.0,1.0,0.0,1.0,0.0,-1,-0.0,0,0.0,1.0,0.0,0,0.0,-1.0,-0.0,1,0.0,-1,-0.0,1.0,0.0,1,0.0,-1.0,-0.0,0.0,0.0,0.0,0.0,-1.0,-0.0,1.0,0.0,1.0,0.0,1.0,0.0,1.0,0.0,-1.0,-0.0,1,0.0,0,0.0,1.0,0.0,1.0,0.0,1,0.0,-1.0,-0.0,1.0,0.0,1,0.0,1,0.0,1.0,0.0,0.0,0.0,-1.0,-0.0,1.0,0.0
20170118,QPAH7,-1.0,-0.00504648074369,74920.0,metal,1484775868,1.0,-0.0,0.0,0.0,-0.0,1.0,-0.0,-1.0,0.0,-1.0,0.0,-1.0,0.0,1.0,-0.0,1.0,-0.0,1.0,-0.0,-1.0,0.0,1.0,-0.0,-1,0.0,-1,0.0,-1,0.0,0.0,-0.0,1.0,-0.0,-1.0,0.0,-1.0,0.0,-1.0,0.0,1.0,-0.0,0,-0.0,-1.0,0.0,1.0,-0.0,-1.0,0.0,0.0,-0.0,0.0,-0.0,1.0,-0.0,1.0,-0.0,-1.0,0.0,-1,0.0,-1,0.0,0.0,-0.0,-1.0,0.0,-1,0.0,1.0,-0.0,1,-0.0,1.0,-0.0,0.0,-0.0,-1.0,0.0,1.0,-0.0,1.0,-0.0,1.0,-0.0,-1.0,0.0,1.0,-0.0,-1.0,0.0,-1.0,0.0,1.0,-0.0,-1,0.0,-1,0.0,0.0,-0.0,1.0,-0.0,-1.0,0.0,1.0,-0.0,1.0,-0.0,1.0,-0.0,0.0,-0.0,-1.0,0.0,1.0,-0.0,1,-0.0,1,-0.0,-1.0,0.0,0,-0.0,1.0,-0.0,1,-0.0,-1,0.0,1.0,-0.0,1,-0.0,1.0,-0.0,0.0,-0.0,0.0,-0.0,1.0,-0.0,1.0,-0.0,-1.0,0.0,0.0,-0.0,-1.0,0.0,-1.0,0.0,-1,0.0,-1,0.0,0.0,-0.0,1.0,-0.0,-1,0.0,1.0,-0.0,-1.0,0.0,1,-0.0,1,-0.0,1.0,-0.0,-1.0,0.0,-1.0,0.0,-1.0,0.0
20170118,QPLJ7,-1.0,-0.0173939578883,48300.0,metal,1484775868,1.0,-0.0,0.0,1.0,-0.0,1.0,-0.0,1.0,-0.0,-1.0,0.0,-1.0,0.0,0.0,-0.0,1.0,-0.0,-1.0,0.0,-1.0,0.0,-1.0,0.0,0,-0.0,1,-0.0,1,-0.0,1.0,-0.0,1.0,-0.0,-1.0,0.0,0.0,-0.0,-1.0,0.0,1.0,-0.0,0,-0.0,1.0,-0.0,1.0,-0.0,1.0,-0.0,1.0,-0.0,-1.0,0.0,1.0,-0.0,-1.0,0.0,-1.0,0.0,1,-0.0,0,-0.0,-1.0,0.0,-1.0,0.0,-1,0.0,-1.0,0.0,1,-0.0,-1.0,0.0,1.0,-0.0,1.0,-0.0,1.0,-0.0,-1.0,0.0,0.0,-0.0,0.0,-0.0,1.0,-0.0,1.0,-0.0,-1.0,0.0,1.0,-0.0,-1,0.0,-1,0.0,-1.0,0.0,-1.0,0.0,1.0,-0.0,0.0,-0.0,-1.0,0.0,1.0,-0.0,1.0,-0.0,-1.0,0.0,1.0,-0.0,-1,0.0,0,-0.0,1.0,-0.0,0,-0.0,1.0,-0.0,-1,0.0,-1,0.0,1.0,-0.0,0,-0.0,-1.0,0.0,-1.0,0.0,1.0,-0.0,1.0,-0.0,-1.0,0.0,-1.0,0.0,-1.0,0.0,-1.0,0.0,-1.0,0.0,1,-0.0,0,-0.0,-1.0,0.0,-1.0,0.0,1,-0.0,1.0,-0.0,1.0,-0.0,0,-0.0,-1,0.0,1.0,-0.0,0.0,-0.0,-1.0,0.0,1.0,-0.0
20170118,@SH7,1.0,0.00724807107786,53850.0,grain,1484766740,1.0,0.0,0.0,0.0,0.0,1.0,0.0,-1.0,-0.0,-1.0,-0.0,-1.0,-0.0,0.0,0.0,-1.0,-0.0,1.0,0.0,-1.0,-0.0,1.0,0.0,-1,-0.0,-1,-0.0,-1,-0.0,-1.0,-0.0,1.0,0.0,-1.0,-0.0,-1.0,-0.0,-1.0,-0.0,1.0,0.0,0,0.0,-1.0,-0.0,-1.0,-0.0,-1.0,-0.0,0.0,0.0,0.0,0.0,1.0,0.0,1.0,0.0,-1.0,-0.0,-1,-0.0,-1,-0.0,0.0,0.0,-1.0,-0.0,1,0.0,1.0,0.0,1,0.0,1.0,0.0,0.0,0.0,-1.0,-0.0,1.0,0.0,1.0,0.0,1.0,0.0,-1.0,-0.0,1.0,0.0,-1.0,-0.0,-1.0,-0.0,-1.0,-0.0,-1,-0.0,1,0.0,0.0,0.0,1.0,0.0,-1.0,-0.0,1.0,0.0,1.0,0.0,-1.0,-0.0,-1.0,-0.0,1.0,0.0,-1.0,-0.0,1,0.0,0,0.0,-1.0,-0.0,0,0.0,1.0,0.0,1,0.0,-1,-0.0,1.0,0.0,1,0.0,1.0,0.0,0.0,0.0,0.0,0.0,-1.0,-0.0,1.0,0.0,1.0,0.0,1.0,0.0,-1.0,-0.0,1.0,0.0,-1,-0.0,0,0.0,1.0,0.0,1.0,0.0,-1,-0.0,1.0,0.0,-1.0,-0.0,1,0.0,1,0.0,1.0,0.0,0.0,0.0,1.0,0.0,-1.0,-0.0
20170118,@HEJ7,-1.0,-0.0103979921119,27600.0,meat,1484766204,1.0,-0.0,0.0,-1.0,0.0,-1.0,0.0,-1.0,0.0,-1.0,0.0,1.0,-0.0,1.0,-0.0,1.0,-0.0,1.0,-0.0,1.0,-0.0,1.0,-0.0,0,-0.0,-1,0.0,-1,0.0,0.0,-0.0,-1.0,0.0,-1.0,0.0,-1.0,0.0,-1.0,0.0,-1.0,0.0,0,-0.0,-1.0,0.0,1.0,-0.0,-1.0,0.0,-1.0,0.0,1.0,-0.0,-1.0,0.0,1.0,-0.0,1.0,-0.0,-1,0.0,0,-0.0,1.0,-0.0,1.0,-0.0,1,-0.0,1.0,-0.0,1,-0.0,1.0,-0.0,0.0,-0.0,-1.0,0.0,1.0,-0.0,1.0,-0.0,1.0,-0.0,0.0,-0.0,1.0,-0.0,-1.0,0.0,1.0,-0.0,-1.0,0.0,1,-0.0,-1,0.0,0.0,-0.0,1.0,-0.0,-1.0,0.0,0.0,-0.0,1.0,-0.0,1.0,-0.0,0.0,-0.0,-1.0,0.0,1.0,-0.0,1,-0.0,1,-0.0,-1.0,0.0,0,-0.0,-1.0,0.0,1,-0.0,1,-0.0,-1.0,0.0,0,-0.0,1.0,-0.0,1.0,-0.0,-1.0,0.0,1.0,-0.0,1.0,-0.0,-1.0,0.0,0.0,-0.0,1.0,-0.0,-1.0,0.0,-1,0.0,-1,0.0,0.0,-0.0,1.0,-0.0,-1,0.0,-1.0,0.0,-1.0,0.0,0,-0.0,1,-0.0,-1.0,0.0,-1.0,0.0,-1.0,0.0,-1.0,0.0
20170118,QSIH7,-1.0,-0.00367389783065,85425.0,metal,1484775868,1.0,-0.0,0.0,0.0,-0.0,-1.0,0.0,1.0,-0.0,-1.0,0.0,1.0,-0.0,0.0,-0.0,-1.0,0.0,1.0,-0.0,-1.0,0.0,1.0,-0.0,1,-0.0,1,-0.0,1,-0.0,1.0,-0.0,-1.0,0.0,-1.0,0.0,0.0,-0.0,1.0,-0.0,-1.0,0.0,0,-0.0,1.0,-0.0,1.0,-0.0,1.0,-0.0,1.0,-0.0,-1.0,0.0,1.0,-0.0,-1.0,0.0,-1.0,0.0,-1,0.0,0,-0.0,0.0,-0.0,1.0,-0.0,-1,0.0,-1.0,0.0,1,-0.0,1.0,-0.0,1.0,-0.0,1.0,-0.0,1.0,-0.0,1.0,-0.0,0.0,-0.0,0.0,-0.0,-1.0,0.0,-1.0,0.0,1.0,-0.0,1.0,-0.0,-1,0.0,-1,0.0,-1.0,0.0,-1.0,0.0,-1.0,0.0,0.0,-0.0,1.0,-0.0,1.0,-0.0,1.0,-0.0,-1.0,0.0,-1.0,0.0,1,-0.0,0,-0.0,1.0,-0.0,0,-0.0,1.0,-0.0,1,-0.0,1,-0.0,1.0,-0.0,0,-0.0,-1.0,0.0,-1.0,0.0,1.0,-0.0,1.0,-0.0,-1.0,0.0,-1.0,0.0,-1.0,0.0,-1.0,0.0,1.0,-0.0,-1,0.0,0,-0.0,-1.0,0.0,-1.0,0.0,-1,0.0,1.0,-0.0,-1.0,0.0,-1,0.0,-1,0.0,-1.0,0.0,0.0,-0.0,1.0,-0.0,-1.0,0.0
20170118,@SMH7,1.0,0.0103211009174,35240.0,grain,1484766740,1.0,0.0,0.0,0.0,0.0,1.0,0.0,-1.0,-0.0,-1.0,-0.0,-1.0,-0.0,0.0,0.0,-1.0,-0.0,1.0,0.0,-1.0,-0.0,1.0,0.0,-1,-0.0,-1,-0.0,-1,-0.0,-1.0,-0.0,1.0,0.0,-1.0,-0.0,-1.0,-0.0,-1.0,-0.0,1.0,0.0,0,0.0,-1.0,-0.0,-1.0,-0.0,-1.0,-0.0,0.0,0.0,0.0,0.0,1.0,0.0,1.0,0.0,-1.0,-0.0,-1,-0.0,-1,-0.0,0.0,0.0,-1.0,-0.0,1,0.0,1.0,0.0,1,0.0,1.0,0.0,0.0,0.0,-1.0,-0.0,1.0,0.0,1.0,0.0,1.0,0.0,-1.0,-0.0,1.0,0.0,-1.0,-0.0,-1.0,-0.0,-1.0,-0.0,-1,-0.0,1,0.0,0.0,0.0,1.0,0.0,-1.0,-0.0,1.0,0.0,1.0,0.0,-1.0,-0.0,-1.0,-0.0,1.0,0.0,-1.0,-0.0,1,0.0,0,0.0,-1.0,-0.0,0,0.0,1.0,0.0,1,0.0,-1,-0.0,1.0,0.0,1,0.0,1.0,0.0,0.0,0.0,0.0,0.0,-1.0,-0.0,1.0,0.0,1.0,0.0,1.0,0.0,-1.0,-0.0,1.0,0.0,-1,-0.0,0,0.0,1.0,0.0,1.0,0.0,-1,-0.0,1.0,0.0,-1.0,-0.0,1,0.0,1,0.0,1.0,0.0,0.0,0.0,1.0,0.0,-1.0,-0.0
20170118,@TUH7,-1.0,-0.00115282080842,216609.375,rates,1484775868,2.0,-0.0,0.0,0.0,-0.0,-1.0,0.0,-1.0,0.0,-1.0,0.0,1.0,-0.0,-1.0,0.0,-1.0,0.0,-1.0,0.0,-1.0,0.0,1.0,-0.0,1,-0.0,1,-0.0,1,-0.0,0.0,-0.0,-1.0,0.0,-1.0,0.0,0.0,-0.0,1.0,-0.0,-1.0,0.0,0,-0.0,-1.0,0.0,1.0,-0.0,-1.0,0.0,0.0,-0.0,0.0,-0.0,1.0,-0.0,1.0,-0.0,-1.0,0.0,1,-0.0,1,-0.0,0.0,-0.0,1.0,-0.0,-1,0.0,-1.0,0.0,1,-0.0,1.0,-0.0,1.0,-0.0,1.0,-0.0,1.0,-0.0,1.0,-0.0,0.0,-0.0,1.0,-0.0,-1.0,0.0,1.0,-0.0,1.0,-0.0,1.0,-0.0,1,-0.0,1,-0.0,-1.0,0.0,-1.0,0.0,-1.0,0.0,-1.0,0.0,-1.0,0.0,1.0,-0.0,0.0,-0.0,-1.0,0.0,-1.0,0.0,-1,0.0,-1,0.0,-1.0,0.0,0,-0.0,1.0,-0.0,-1,0.0,1,-0.0,-1.0,0.0,-1,0.0,1.0,-0.0,0.0,-0.0,0.0,-0.0,-1.0,0.0,1.0,-0.0,-1.0,0.0,0.0,-0.0,-1.0,0.0,1.0,-0.0,1,-0.0,1,-0.0,0.0,-0.0,1.0,-0.0,-1,0.0,1.0,-0.0,-1.0,0.0,-1,0.0,-1,0.0,-1.0,0.0,1.0,-0.0,1.0,-0.0,1.0,-0.0
20170118,@TYH7,-1.0,-0.0064878353088,124421.875,rates,1484775868,1.0,-807.228633812,807.228633812,1.0,-807.228633812,1.0,-807.228633812,-1.0,807.228633812,1.0,-807.228633812,1.0,-807.228633812,-1.0,807.228633812,-1.0,807.228633812,-1.0,807.228633812,-1.0,807.228633812,-1.0,807.228633812,0,-0.0,-1,807.228633812,1,-807.228633812,0.0,-0.0,-1.0,807.228633812,-1.0,807.228633812,1.0,-807.228633812,1.0,-807.228633812,-1.0,807.228633812,0,-0.0,-1.0,807.228633812,1.0,-807.228633812,1.0,-807.228633812,1.0,-807.228633812,-1.0,807.228633812,1.0,-807.228633812,-1.0,807.228633812,-1.0,807.228633812,-1,807.228633812,0,-0.0,-1.0,807.228633812,1.0,-807.228633812,-1,807.228633812,-1.0,807.228633812,-1,807.228633812,1.0,-807.228633812,0.0,-0.0,-1.0,807.228633812,1.0,-807.228633812,-1.0,807.228633812,-1.0,807.228633812,0.0,-0.0,-1.0,807.228633812,-1.0,807.228633812,1.0,-807.228633812,1.0,-807.228633812,-1,807.228633812,1,-807.228633812,0.0,-0.0,1.0,-807.228633812,1.0,-807.228633812,0.0,-0.0,1.0,-807.228633812,1.0,-807.228633812,0.0,-0.0,-1.0,807.228633812,-1.0,807.228633812,-1,807.228633812,-1,807.228633812,1.0,-807.228633812,0,-0.0,1.0,-807.228633812,1,-807.228633812,-1,807.228633812,1.0,-807.228633812,0,-0.0,-1.0,807.228633812,-1.0,807.228633812,1.0,-807.228633812,-1.0,807.228633812,1.0,-807.228633812,-1.0,807.228633812,0.0,-0.0,-1.0,807.228633812,1.0,-807.228633812,1,-807.228633812,1,-807.228633812,0.0,-0.0,1.0,-807.228633812,-1,807.228633812,1.0,-807.228633812,1.0,-807.228633812,0,-0.0,1,-807.228633812,-1.0,807.228633812,1.0,-807.228633812,1.0,-807.228633812,1.0,-807.228633812
20170118,@USH7,-1.0,-0.0114145943742,151562.5,rates,1484775868,1.0,-0.0,0.0,1.0,-0.0,1.0,-0.0,-1.0,0.0,-1.0,0.0,1.0,-0.0,-1.0,0.0,-1.0,0.0,-1.0,0.0,-1.0,0.0,-1.0,0.0,0,-0.0,-1,0.0,1,-0.0,0.0,-0.0,-1.0,0.0,-1.0,0.0,0.0,-0.0,1.0,-0.0,-1.0,0.0,0,-0.0,-1.0,0.0,1.0,-0.0,1.0,-0.0,1.0,-0.0,-1.0,0.0,1.0,-0.0,-1.0,0.0,-1.0,0.0,-1,0.0,0,-0.0,-1.0,0.0,1.0,-0.0,-1,0.0,-1.0,0.0,1,-0.0,1.0,-0.0,1.0,-0.0,1.0,-0.0,1.0,-0.0,1.0,-0.0,0.0,-0.0,0.0,-0.0,-1.0,0.0,-1.0,0.0,1.0,-0.0,1.0,-0.0,-1,0.0,1,-0.0,-1.0,0.0,-1.0,0.0,-1.0,0.0,0.0,-0.0,1.0,-0.0,1.0,-0.0,0.0,-0.0,-1.0,0.0,-1.0,0.0,-1,0.0,-1,0.0,1.0,-0.0,0,-0.0,1.0,-0.0,1,-0.0,-1,0.0,1.0,-0.0,0,-0.0,-1.0,0.0,-1.0,0.0,1.0,-0.0,-1.0,0.0,1.0,-0.0,-1.0,0.0,0.0,-0.0,-1.0,0.0,1.0,-0.0,1,-0.0,1,-0.0,0.0,-0.0,1.0,-0.0,-1,0.0,1.0,-0.0,1.0,-0.0,0,-0.0,1,-0.0,-1.0,0.0,1.0,-0.0,1.0,-0.0,1.0,-0.0
20170118,@WH7,-1.0,-0.00288350634371,21612.5,grain,1484766740,1.0,-0.0,0.0,0.0,-0.0,1.0,-0.0,-1.0,0.0,-1.0,0.0,-1.0,0.0,0.0,-0.0,-1.0,0.0,1.0,-0.0,-1.0,0.0,1.0,-0.0,-1,0.0,-1,0.0,-1,0.0,-1.0,0.0,1.0,-0.0,-1.0,0.0,-1.0,0.0,-1.0,0.0,1.0,-0.0,0,-0.0,-1.0,0.0,-1.0,0.0,-1.0,0.0,0.0,-0.0,0.0,-0.0,1.0,-0.0,1.0,-0.0,-1.0,0.0,-1,0.0,-1,0.0,0.0,-0.0,-1.0,0.0,-1,0.0,1.0,-0.0,1,-0.0,1.0,-0.0,0.0,-0.0,-1.0,0.0,1.0,-0.0,1.0,-0.0,1.0,-0.0,-1.0,0.0,1.0,-0.0,-1.0,0.0,-1.0,0.0,1.0,-0.0,-1,0.0,1,-0.0,0.0,-0.0,1.0,-0.0,-1.0,0.0,1.0,-0.0,1.0,-0.0,-1.0,0.0,-1.0,0.0,1.0,-0.0,-1.0,0.0,1,-0.0,0,-0.0,-1.0,0.0,0,-0.0,1.0,-0.0,1,-0.0,-1,0.0,1.0,-0.0,1,-0.0,1.0,-0.0,0.0,-0.0,0.0,-0.0,-1.0,0.0,1.0,-0.0,1.0,-0.0,1.0,-0.0,-1.0,0.0,1.0,-0.0,-1,0.0,0,-0.0,1.0,-0.0,1.0,-0.0,-1,0.0,1.0,-0.0,-1.0,0.0,1,-0.0,1,-0.0,1.0,-0.0,0.0,-0.0,1.0,-0.0,-1.0,0.0
20170118,@NEH7,-1.0,-0.00930943448659,71300.0,currency,1484775868,1.0,-0.0,0.0,0.0,-0.0,1.0,-0.0,-1.0,0.0,-1.0,0.0,-1.0,0.0,0.0,-0.0,-1.0,0.0,1.0,-0.0,-1.0,0.0,1.0,-0.0,-1,0.0,-1,0.0,-1,0.0,-1.0,0.0,1.0,-0.0,-1.0,0.0,-1.0,0.0,-1.0,0.0,1.0,-0.0,0,-0.0,-1.0,0.0,-1.0,0.0,-1.0,0.0,0.0,-0.0,0.0,-0.0,1.0,-0.0,1.0,-0.0,-1.0,0.0,-1,0.0,-1,0.0,0.0,-0.0,-1.0,0.0,-1,0.0,1.0,-0.0,1,-0.0,1.0,-0.0,0.0,-0.0,-1.0,0.0,1.0,-0.0,1.0,-0.0,1.0,-0.0,-1.0,0.0,1.0,-0.0,-1.0,0.0,-1.0,0.0,1.0,-0.0,-1,0.0,1,-0.0,0.0,-0.0,1.0,-0.0,-1.0,0.0,1.0,-0.0,1.0,-0.0,-1.0,0.0,-1.0,0.0,1.0,-0.0,-1.0,0.0,1,-0.0,0,-0.0,-1.0,0.0,0,-0.0,1.0,-0.0,1,-0.0,-1,0.0,1.0,-0.0,1,-0.0,1.0,-0.0,0.0,-0.0,0.0,-0.0,-1.0,0.0,1.0,-0.0,1.0,-0.0,1.0,-0.0,-1.0,0.0,1.0,-0.0,-1,0.0,0,-0.0,1.0,-0.0,1.0,-0.0,-1,0.0,1.0,-0.0,-1.0,0.0,1,-0.0,1,-0.0,1.0,-0.0,0.0,-0.0,1.0,-0.0,-1.0,0.0
20170118,@SFH7,-1.0,-0.00479616306954,124500.0,currency,1484775868,1.0,-0.0,0.0,0.0,-0.0,1.0,-0.0,-1.0,0.0,-1.0,0.0,-1.0,0.0,0.0,-0.0,-1.0,0.0,1.0,-0.0,-1.0,0.0,1.0,-0.0,-1,0.0,-1,0.0,-1,0.0,-1.0,0.0,1.0,-0.0,-1.0,0.0,-1.0,0.0,-1.0,0.0,1.0,-0.0,0,-0.0,-1.0,0.0,-1.0,0.0,-1.0,0.0,0.0,-0.0,0.0,-0.0,1.0,-0.0,1.0,-0.0,-1.0,0.0,-1,0.0,-1,0.0,0.0,-0.0,-1.0,0.0,-1,0.0,1.0,-0.0,1,-0.0,1.0,-0.0,0.0,-0.0,-1.0,0.0,1.0,-0.0,1.0,-0.0,1.0,-0.0,-1.0,0.0,1.0,-0.0,-1.0,0.0,-1.0,0.0,1.0,-0.0,-1,0.0,1,-0.0,0.0,-0.0,1.0,-0.0,-1.0,0.0,1.0,-0.0,1.0,-0.0,-1.0,0.0,-1.0,0.0,1.0,-0.0,-1.0,0.0,1,-0.0,0,-0.0,-1.0,0.0,0,-0.0,1.0,-0.0,1,-0.0,-1,0.0,1.0,-0.0,1,-0.0,1.0,-0.0,0.0,-0.0,0.0,-0.0,-1.0,0.0,1.0,-0.0,1.0,-0.0,1.0,-0.0,-1.0,0.0,1.0,-0.0,-1,0.0,0,-0.0,1.0,-0.0,1.0,-0.0,-1,0.0,1.0,-0.0,-1.0,0.0,1,-0.0,1,-0.0,1.0,-0.0,0.0,-0.0,1.0,-0.0,-1.0,0.0
20170118,@PXH7,-1.0,-0.0165253315938,22615.0,currency,1484775868,1.0,-0.0,0.0,0.0,-0.0,1.0,-0.0,-1.0,0.0,-1.0,0.0,-1.0,0.0,1.0,-0.0,1.0,-0.0,1.0,-0.0,-1.0,0.0,1.0,-0.0,-1,0.0,-1,0.0,-1,0.0,0.0,-0.0,1.0,-0.0,-1.0,0.0,-1.0,0.0,-1.0,0.0,1.0,-0.0,0,-0.0,-1.0,0.0,1.0,-0.0,-1.0,0.0,0.0,-0.0,0.0,-0.0,1.0,-0.0,1.0,-0.0,-1.0,0.0,-1,0.0,-1,0.0,0.0,-0.0,-1.0,0.0,-1,0.0,1.0,-0.0,1,-0.0,1.0,-0.0,0.0,-0.0,-1.0,0.0,1.0,-0.0,1.0,-0.0,1.0,-0.0,-1.0,0.0,1.0,-0.0,-1.0,0.0,-1.0,0.0,1.0,-0.0,-1,0.0,-1,0.0,0.0,-0.0,1.0,-0.0,-1.0,0.0,1.0,-0.0,1.0,-0.0,1.0,-0.0,0.0,-0.0,-1.0,0.0,1.0,-0.0,1,-0.0,1,-0.0,-1.0,0.0,0,-0.0,1.0,-0.0,1,-0.0,-1,0.0,1.0,-0.0,1,-0.0,1.0,-0.0,0.0,-0.0,0.0,-0.0,1.0,-0.0,1.0,-0.0,-1.0,0.0,0.0,-0.0,-1.0,0.0,-1.0,0.0,-1,0.0,-1,0.0,0.0,-0.0,1.0,-0.0,-1,0.0,1.0,-0.0,-1.0,0.0,1,-0.0,1,-0.0,1.0,-0.0,-1.0,0.0,-1.0,0.0,-1.0,0.0
20170118,@EMDH7,1.0,0.00389151649404,167680.0,index,1484775868,1.0,0.0,0.0,-1.0,-0.0,-1.0,-0.0,-1.0,-0.0,1.0,0.0,-1.0,-0.0,0.0,0.0,1.0,0.0,-1.0,-0.0,1.0,0.0,1.0,0.0,0,0.0,1,0.0,-1,-0.0,-1.0,-0.0,1.0,0.0,1.0,0.0,0.0,0.0,-1.0,-0.0,1.0,0.0,0,0.0,-1.0,-0.0,-1.0,-0.0,-1.0,-0.0,-1.0,-0.0,1.0,0.0,-1.0,-0.0,1.0,0.0,1.0,0.0,1,0.0,0,0.0,1.0,0.0,-1.0,-0.0,-1,-0.0,1.0,0.0,-1,-0.0,-1.0,-0.0,-1.0,-0.0,-1.0,-0.0,-1.0,-0.0,-1.0,-0.0,0.0,0.0,0.0,0.0,1.0,0.0,1.0,0.0,-1.0,-0.0,1.0,0.0,1,0.0,1,0.0,1.0,0.0,1.0,0.0,1.0,0.0,0.0,0.0,-1.0,-0.0,-1.0,-0.0,-1.0,-0.0,1.0,0.0,1.0,0.0,-1,-0.0,0,0.0,-1.0,-0.0,0,0.0,-1.0,-0.0,-1,-0.0,1,0.0,-1.0,-0.0,0,0.0,1.0,0.0,1.0,0.0,-1.0,-0.0,-1.0,-0.0,1.0,0.0,1.0,0.0,1.0,0.0,1.0,0.0,-1.0,-0.0,1,0.0,0,0.0,1.0,0.0,1.0,0.0,1,0.0,-1.0,-0.0,-1.0,-0.0,0,0.0,-1,-0.0,1.0,0.0,0.0,0.0,-1.0,-0.0,1.0,0.0
20170118,@LEJ7,1.0,0.00378151260504,47780.0,meat,1484766204,1.0,0.0,0.0,0.0,0.0,1.0,0.0,-1.0,-0.0,-1.0,-0.0,-1.0,-0.0,1.0,0.0,1.0,0.0,1.0,0.0,-1.0,-0.0,1.0,0.0,-1,-0.0,-1,-0.0,-1,-0.0,0.0,0.0,1.0,0.0,-1.0,-0.0,-1.0,-0.0,-1.0,-0.0,1.0,0.0,0,0.0,-1.0,-0.0,1.0,0.0,-1.0,-0.0,0.0,0.0,0.0,0.0,1.0,0.0,1.0,0.0,-1.0,-0.0,-1,-0.0,-1,-0.0,0.0,0.0,-1.0,-0.0,1,0.0,1.0,0.0,1,0.0,1.0,0.0,0.0,0.0,-1.0,-0.0,1.0,0.0,1.0,0.0,1.0,0.0,-1.0,-0.0,1.0,0.0,-1.0,-0.0,-1.0,-0.0,-1.0,-0.0,-1,-0.0,-1,-0.0,0.0,0.0,1.0,0.0,-1.0,-0.0,1.0,0.0,1.0,0.0,1.0,0.0,0.0,0.0,-1.0,-0.0,1.0,0.0,1,0.0,1,0.0,-1.0,-0.0,0,0.0,1.0,0.0,1,0.0,-1,-0.0,1.0,0.0,1,0.0,1.0,0.0,0.0,0.0,0.0,0.0,1.0,0.0,1.0,0.0,-1.0,-0.0,0.0,0.0,-1.0,-0.0,-1.0,-0.0,-1,-0.0,-1,-0.0,0.0,0.0,1.0,0.0,-1,-0.0,1.0,0.0,-1.0,-0.0,1,0.0,1,0.0,1.0,0.0,-1.0,-0.0,-1.0,-0.0,-1.0,-0.0
20170118,@BOH7,1.0,0.000281214848144,21342.0,grain,1484766740,1.0,6.00168728909,6.00168728909,0.0,0.0,1.0,6.00168728909,-1.0,-6.00168728909,1.0,6.00168728909,-1.0,-6.00168728909,0.0,0.0,-1.0,-6.00168728909,1.0,6.00168728909,-1.0,-6.00168728909,1.0,6.00168728909,-1,-6.00168728909,-1,-6.00168728909,-1,-6.00168728909,-1.0,-6.00168728909,1.0,6.00168728909,1.0,6.00168728909,0.0,0.0,1.0,6.00168728909,1.0,6.00168728909,0,0.0,-1.0,-6.00168728909,-1.0,-6.00168728909,-1.0,-6.00168728909,0.0,0.0,0.0,0.0,1.0,6.00168728909,1.0,6.00168728909,-1.0,-6.00168728909,-1,-6.00168728909,-1,-6.00168728909,0.0,0.0,-1.0,-6.00168728909,-1,-6.00168728909,1.0,6.00168728909,-1,-6.00168728909,1.0,6.00168728909,-1.0,-6.00168728909,-1.0,-6.00168728909,-1.0,-6.00168728909,1.0,6.00168728909,0.0,0.0,-1.0,-6.00168728909,-1.0,-6.00168728909,-1.0,-6.00168728909,-1.0,-6.00168728909,1.0,6.00168728909,-1,-6.00168728909,1,6.00168728909,1.0,6.00168728909,1.0,6.00168728909,-1.0,-6.00168728909,1.0,6.00168728909,1.0,6.00168728909,-1.0,-6.00168728909,-1.0,-6.00168728909,1.0,6.00168728909,-1.0,-6.00168728909,1,6.00168728909,0,0.0,-1.0,-6.00168728909,0,0.0,1.0,6.00168728909,1,6.00168728909,-1,-6.00168728909,1.0,6.00168728909,1,6.00168728909,1.0,6.00168728909,0.0,0.0,0.0,0.0,-1.0,-6.00168728909,1.0,6.00168728909,1.0,6.00168728909,1.0,6.00168728909,-1.0,-6.00168728909,1.0,6.00168728909,-1,-6.00168728909,0,0.0,1.0,6.00168728909,1.0,6.00168728909,-1,-6.00168728909,1.0,6.00168728909,-1.0,-6.00168728909,1,6.00168728909,1,6.00168728909,1.0,6.00168728909,0.0,0.0,1.0,6.00168728909,-1.0,-6.00168728909
20170118,@BPH7,-1.0,-0.0108774474257,76725.0,currency,1484775868,1.0,-0.0,0.0,-1.0,0.0,-1.0,0.0,-1.0,0.0,-1.0,0.0,1.0,-0.0,0.0,-0.0,-1.0,0.0,1.0,-0.0,1.0,-0.0,1.0,-0.0,0,-0.0,-1,0.0,-1,0.0,-1.0,0.0,1.0,-0.0,-1.0,0.0,-1.0,0.0,-1.0,0.0,1.0,-0.0,0,-0.0,-1.0,0.0,-1.0,0.0,-1.0,0.0,0.0,-0.0,0.0,-0.0,1.0,-0.0,1.0,-0.0,-1.0,0.0,-1,0.0,-1,0.0,1.0,-0.0,-1.0,0.0,-1,0.0,1.0,-0.0,1,-0.0,1.0,-0.0,0.0,-0.0,-1.0,0.0,1.0,-0.0,1.0,-0.0,1.0,-0.0,-1.0,0.0,1.0,-0.0,-1.0,0.0,-1.0,0.0,1.0,-0.0,-1,0.0,1,-0.0,0.0,-0.0,1.0,-0.0,-1.0,0.0,1.0,-0.0,1.0,-0.0,-1.0,0.0,-1.0,0.0,1.0,-0.0,-1.0,0.0,1,-0.0,0,-0.0,-1.0,0.0,0,-0.0,1.0,-0.0,1,-0.0,1,-0.0,1.0,-0.0,1,-0.0,1.0,-0.0,0.0,-0.0,0.0,-0.0,-1.0,0.0,1.0,-0.0,1.0,-0.0,1.0,-0.0,-1.0,0.0,1.0,-0.0,-1,0.0,0,-0.0,1.0,-0.0,1.0,-0.0,-1,0.0,-1.0,0.0,-1.0,0.0,0,-0.0,1,-0.0,-1.0,0.0,0.0,-0.0,1.0,-0.0,-1.0,0.0
20170118,@CH7,1.0,0.00205198358413,18312.5,grain,1484766740,1.0,0.0,0.0,0.0,0.0,1.0,0.0,-1.0,-0.0,-1.0,-0.0,-1.0,-0.0,1.0,0.0,1.0,0.0,1.0,0.0,-1.0,-0.0,1.0,0.0,-1,-0.0,-1,-0.0,-1,-0.0,0.0,0.0,1.0,0.0,-1.0,-0.0,-1.0,-0.0,-1.0,-0.0,1.0,0.0,0,0.0,-1.0,-0.0,1.0,0.0,-1.0,-0.0,0.0,0.0,0.0,0.0,1.0,0.0,1.0,0.0,-1.0,-0.0,-1,-0.0,-1,-0.0,0.0,0.0,-1.0,-0.0,-1,-0.0,1.0,0.0,1,0.0,1.0,0.0,0.0,0.0,-1.0,-0.0,1.0,0.0,1.0,0.0,1.0,0.0,-1.0,-0.0,1.0,0.0,-1.0,-0.0,-1.0,-0.0,1.0,0.0,-1,-0.0,-1,-0.0,0.0,0.0,1.0,0.0,-1.0,-0.0,1.0,0.0,1.0,0.0,1.0,0.0,0.0,0.0,-1.0,-0.0,1.0,0.0,1,0.0,1,0.0,-1.0,-0.0,0,0.0,1.0,0.0,1,0.0,-1,-0.0,1.0,0.0,1,0.0,1.0,0.0,0.0,0.0,0.0,0.0,1.0,0.0,1.0,0.0,-1.0,-0.0,0.0,0.0,-1.0,-0.0,-1.0,-0.0,-1,-0.0,-1,-0.0,0.0,0.0,1.0,0.0,-1,-0.0,1.0,0.0,-1.0,-0.0,1,0.0,1,0.0,1.0,0.0,-1.0,-0.0,-1.0,-0.0,-1.0,-0.0
20170118,@CDH7,-1.0,-0.0158492042786,75445.0,currency,1484775868,1.0,-0.0,0.0,0.0,-0.0,1.0,-0.0,-1.0,0.0,-1.0,0.0,-1.0,0.0,0.0,-0.0,-1.0,0.0,1.0,-0.0,-1.0,0.0,1.0,-0.0,-1,0.0,-1,0.0,-1,0.0,-1.0,0.0,1.0,-0.0,-1.0,0.0,-1.0,0.0,-1.0,0.0,1.0,-0.0,0,-0.0,-1.0,0.0,-1.0,0.0,-1.0,0.0,0.0,-0.0,0.0,-0.0,1.0,-0.0,1.0,-0.0,-1.0,0.0,-1,0.0,-1,0.0,0.0,-0.0,-1.0,0.0,-1,0.0,1.0,-0.0,1,-0.0,1.0,-0.0,0.0,-0.0,-1.0,0.0,1.0,-0.0,1.0,-0.0,1.0,-0.0,-1.0,0.0,1.0,-0.0,-1.0,0.0,-1.0,0.0,1.0,-0.0,-1,0.0,1,-0.0,0.0,-0.0,1.0,-0.0,-1.0,0.0,1.0,-0.0,1.0,-0.0,-1.0,0.0,-1.0,0.0,1.0,-0.0,-1.0,0.0,1,-0.0,0,-0.0,-1.0,0.0,0,-0.0,1.0,-0.0,1,-0.0,-1,0.0,1.0,-0.0,1,-0.0,1.0,-0.0,0.0,-0.0,0.0,-0.0,-1.0,0.0,1.0,-0.0,1.0,-0.0,1.0,-0.0,-1.0,0.0,1.0,-0.0,-1,0.0,0,-0.0,1.0,-0.0,1.0,-0.0,-1,0.0,1.0,-0.0,-1.0,0.0,1,-0.0,1,-0.0,1.0,-0.0,0.0,-0.0,1.0,-0.0,-1.0,0.0
20170118,QCLH7,-1.0,-0.0204656402554,52170.0,energy,1484775868,1.0,-0.0,0.0,0.0,-0.0,1.0,-0.0,-1.0,0.0,-1.0,0.0,-1.0,0.0,1.0,-0.0,1.0,-0.0,1.0,-0.0,-1.0,0.0,1.0,-0.0,-1,0.0,-1,0.0,-1,0.0,0.0,-0.0,1.0,-0.0,-1.0,0.0,-1.0,0.0,-1.0,0.0,1.0,-0.0,0,-0.0,-1.0,0.0,1.0,-0.0,-1.0,0.0,0.0,-0.0,0.0,-0.0,1.0,-0.0,1.0,-0.0,-1.0,0.0,-1,0.0,-1,0.0,0.0,-0.0,-1.0,0.0,-1,0.0,1.0,-0.0,1,-0.0,1.0,-0.0,0.0,-0.0,-1.0,0.0,1.0,-0.0,1.0,-0.0,1.0,-0.0,-1.0,0.0,1.0,-0.0,-1.0,0.0,-1.0,0.0,1.0,-0.0,-1,0.0,-1,0.0,0.0,-0.0,1.0,-0.0,-1.0,0.0,1.0,-0.0,1.0,-0.0,1.0,-0.0,0.0,-0.0,-1.0,0.0,1.0,-0.0,1,-0.0,1,-0.0,-1.0,0.0,0,-0.0,1.0,-0.0,1,-0.0,-1,0.0,1.0,-0.0,1,-0.0,1.0,-0.0,0.0,-0.0,0.0,-0.0,1.0,-0.0,1.0,-0.0,-1.0,0.0,0.0,-0.0,-1.0,0.0,-1.0,0.0,-1,0.0,-1,0.0,0.0,-0.0,1.0,-0.0,-1,0.0,1.0,-0.0,-1.0,0.0,1,-0.0,1,-0.0,1.0,-0.0,-1.0,0.0,-1.0,0.0,-1.0,0.0
20170118,@EUH7,-1.0,-0.00708030557108,133225.0,currency,1484775868,1.0,-0.0,0.0,0.0,-0.0,1.0,-0.0,-1.0,0.0,-1.0,0.0,-1.0,0.0,0.0,-0.0,-1.0,0.0,1.0,-0.0,-1.0,0.0,1.0,-0.0,-1,0.0,-1,0.0,-1,0.0,-1.0,0.0,1.0,-0.0,-1.0,0.0,-1.0,0.0,-1.0,0.0,1.0,-0.0,0,-0.0,-1.0,0.0,-1.0,0.0,-1.0,0.0,0.0,-0.0,0.0,-0.0,1.0,-0.0,1.0,-0.0,-1.0,0.0,-1,0.0,-1,0.0,0.0,-0.0,-1.0,0.0,-1,0.0,1.0,-0.0,1,-0.0,1.0,-0.0,0.0,-0.0,-1.0,0.0,1.0,-0.0,1.0,-0.0,1.0,-0.0,-1.0,0.0,1.0,-0.0,-1.0,0.0,-1.0,0.0,1.0,-0.0,-1,0.0,1,-0.0,0.0,-0.0,1.0,-0.0,-1.0,0.0,1.0,-0.0,1.0,-0.0,-1.0,0.0,-1.0,0.0,1.0,-0.0,-1.0,0.0,1,-0.0,0,-0.0,-1.0,0.0,0,-0.0,1.0,-0.0,1,-0.0,-1,0.0,1.0,-0.0,1,-0.0,1.0,-0.0,0.0,-0.0,0.0,-0.0,-1.0,0.0,1.0,-0.0,1.0,-0.0,1.0,-0.0,-1.0,0.0,1.0,-0.0,-1,0.0,0,-0.0,1.0,-0.0,1.0,-0.0,-1,0.0,1.0,-0.0,-1.0,0.0,1,-0.0,1,-0.0,1.0,-0.0,0.0,-0.0,1.0,-0.0,-1.0,0.0
20170118,@YMH7,-1.0,-0.000607810363167,98655.0,index,1484775868,1.0,-0.0,0.0,-1.0,0.0,-1.0,0.0,-1.0,0.0,-1.0,0.0,-1.0,0.0,0.0,-0.0,1.0,-0.0,-1.0,0.0,1.0,-0.0,1.0,-0.0,0,-0.0,1,-0.0,-1,0.0,-1.0,0.0,1.0,-0.0,1.0,-0.0,-1.0,0.0,-1.0,0.0,1.0,-0.0,0,-0.0,-1.0,0.0,-1.0,0.0,-1.0,0.0,-1.0,0.0,1.0,-0.0,-1.0,0.0,1.0,-0.0,1.0,-0.0,1,-0.0,0,-0.0,1.0,-0.0,-1.0,0.0,-1,0.0,1.0,-0.0,1,-0.0,-1.0,0.0,0.0,-0.0,1.0,-0.0,-1.0,0.0,1.0,-0.0,1.0,-0.0,0.0,-0.0,1.0,-0.0,1.0,-0.0,-1.0,0.0,1.0,-0.0,1,-0.0,1,-0.0,0.0,-0.0,-1.0,0.0,-1.0,0.0,0.0,-0.0,-1.0,0.0,-1.0,0.0,-1.0,0.0,1.0,-0.0,1.0,-0.0,-1,0.0,0,-0.0,-1.0,0.0,0,-0.0,-1.0,0.0,-1,0.0,1,-0.0,-1.0,0.0,0,-0.0,1.0,-0.0,1.0,-0.0,-1.0,0.0,-1.0,0.0,1.0,-0.0,1.0,-0.0,1.0,-0.0,1.0,-0.0,-1.0,0.0,1,-0.0,0,-0.0,1.0,-0.0,1.0,-0.0,1,-0.0,-1.0,0.0,-1.0,0.0,0,-0.0,-1,0.0,1.0,-0.0,0.0,-0.0,-1.0,0.0,1.0,-0.0
20170118,@ADH7,-1.0,-0.00688377018798,75020.0,currency,1484775868,1.0,-0.0,0.0,0.0,-0.0,1.0,-0.0,-1.0,0.0,-1.0,0.0,-1.0,0.0,0.0,-0.0,-1.0,0.0,1.0,-0.0,-1.0,0.0,1.0,-0.0,-1,0.0,-1,0.0,-1,0.0,-1.0,0.0,1.0,-0.0,-1.0,0.0,-1.0,0.0,-1.0,0.0,1.0,-0.0,0,-0.0,-1.0,0.0,-1.0,0.0,-1.0,0.0,0.0,-0.0,0.0,-0.0,1.0,-0.0,1.0,-0.0,-1.0,0.0,-1,0.0,-1,0.0,0.0,-0.0,-1.0,0.0,-1,0.0,1.0,-0.0,1,-0.0,1.0,-0.0,0.0,-0.0,-1.0,0.0,1.0,-0.0,1.0,-0.0,1.0,-0.0,-1.0,0.0,1.0,-0.0,-1.0,0.0,-1.0,0.0,1.0,-0.0,-1,0.0,1,-0.0,0.0,-0.0,1.0,-0.0,-1.0,0.0,1.0,-0.0,1.0,-0.0,-1.0,0.0,-1.0,0.0,1.0,-0.0,-1.0,0.0,1,-0.0,0,-0.0,-1.0,0.0,0,-0.0,1.0,-0.0,1,-0.0,-1,0.0,1.0,-0.0,1,-0.0,1.0,-0.0,0.0,-0.0,0.0,-0.0,-1.0,0.0,1.0,-0.0,1.0,-0.0,1.0,-0.0,-1.0,0.0,1.0,-0.0,-1,0.0,0,-0.0,1.0,-0.0,1.0,-0.0,-1,0.0,1.0,-0.0,-1.0,0.0,1,-0.0,1,-0.0,1.0,-0.0,0.0,-0.0,1.0,-0.0,-1.0,0.0
20170118,@GFH7,-1.0,-0.00326797385621,64812.5,meat,1484766204,1.0,-0.0,0.0,0.0,-0.0,1.0,-0.0,-1.0,0.0,-1.0,0.0,-1.0,0.0,0.0,-0.0,-1.0,0.0,1.0,-0.0,-1.0,0.0,1.0,-0.0,-1,0.0,-1,0.0,-1,0.0,-1.0,0.0,1.0,-0.0,-1.0,0.0,-1.0,0.0,-1.0,0.0,1.0,-0.0,0,-0.0,-1.0,0.0,-1.0,0.0,-1.0,0.0,0.0,-0.0,0.0,-0.0,1.0,-0.0,1.0,-0.0,-1.0,0.0,-1,0.0,-1,0.0,0.0,-0.0,-1.0,0.0,1,-0.0,1.0,-0.0,1,-0.0,1.0,-0.0,0.0,-0.0,-1.0,0.0,1.0,-0.0,1.0,-0.0,1.0,-0.0,-1.0,0.0,1.0,-0.0,-1.0,0.0,-1.0,0.0,-1.0,0.0,-1,0.0,1,-0.0,0.0,-0.0,1.0,-0.0,-1.0,0.0,1.0,-0.0,1.0,-0.0,-1.0,0.0,-1.0,0.0,1.0,-0.0,-1.0,0.0,1,-0.0,0,-0.0,-1.0,0.0,0,-0.0,1.0,-0.0,1,-0.0,-1,0.0,1.0,-0.0,1,-0.0,1.0,-0.0,0.0,-0.0,0.0,-0.0,-1.0,0.0,1.0,-0.0,1.0,-0.0,1.0,-0.0,-1.0,0.0,1.0,-0.0,-1,0.0,0,-0.0,1.0,-0.0,1.0,-0.0,-1,0.0,1.0,-0.0,-1.0,0.0,1,-0.0,1,-0.0,1.0,-0.0,0.0,-0.0,1.0,-0.0,-1.0,0.0
20170118,@FVH7,-1.0,-0.00429780481354,117648.4375,rates,1484775868,1.0,-0.0,0.0,1.0,-0.0,1.0,-0.0,-1.0,0.0,-1.0,0.0,1.0,-0.0,-1.0,0.0,-1.0,0.0,-1.0,0.0,-1.0,0.0,-1.0,0.0,0,-0.0,-1,0.0,1,-0.0,0.0,-0.0,-1.0,0.0,-1.0,0.0,0.0,-0.0,1.0,-0.0,-1.0,0.0,0,-0.0,-1.0,0.0,1.0,-0.0,1.0,-0.0,1.0,-0.0,-1.0,0.0,1.0,-0.0,-1.0,0.0,-1.0,0.0,-1,0.0,0,-0.0,-1.0,0.0,1.0,-0.0,-1,0.0,-1.0,0.0,1,-0.0,1.0,-0.0,1.0,-0.0,1.0,-0.0,1.0,-0.0,1.0,-0.0,0.0,-0.0,0.0,-0.0,-1.0,0.0,-1.0,0.0,1.0,-0.0,1.0,-0.0,-1,0.0,1,-0.0,-1.0,0.0,-1.0,0.0,-1.0,0.0,0.0,-0.0,1.0,-0.0,1.0,-0.0,0.0,-0.0,-1.0,0.0,-1.0,0.0,-1,0.0,-1,0.0,1.0,-0.0,0,-0.0,1.0,-0.0,1,-0.0,-1,0.0,1.0,-0.0,0,-0.0,-1.0,0.0,-1.0,0.0,1.0,-0.0,-1.0,0.0,1.0,-0.0,-1.0,0.0,0.0,-0.0,-1.0,0.0,1.0,-0.0,1,-0.0,1,-0.0,0.0,-0.0,1.0,-0.0,-1,0.0,1.0,-0.0,1.0,-0.0,0,-0.0,1,-0.0,-1.0,0.0,1.0,-0.0,1.0,-0.0,1.0,-0.0
20170118,QGCG7,-1.0,-0.00775002061176,120350.0,metal,1484775868,1.0,-0.0,0.0,1.0,-0.0,1.0,-0.0,1.0,-0.0,-1.0,0.0,1.0,-0.0,0.0,-0.0,-1.0,0.0,1.0,-0.0,-1.0,0.0,-1.0,0.0,0,-0.0,-1,0.0,1,-0.0,1.0,-0.0,-1.0,0.0,-1.0,0.0,0.0,-0.0,1.0,-0.0,-1.0,0.0,0,-0.0,1.0,-0.0,1.0,-0.0,1.0,-0.0,1.0,-0.0,-1.0,0.0,1.0,-0.0,-1.0,0.0,-1.0,0.0,-1,0.0,0,-0.0,-1.0,0.0,1.0,-0.0,-1,0.0,-1.0,0.0,1,-0.0,1.0,-0.0,1.0,-0.0,1.0,-0.0,1.0,-0.0,1.0,-0.0,0.0,-0.0,0.0,-0.0,-1.0,0.0,-1.0,0.0,1.0,-0.0,1.0,-0.0,-1,0.0,-1,0.0,-1.0,0.0,-1.0,0.0,-1.0,0.0,0.0,-0.0,1.0,-0.0,1.0,-0.0,1.0,-0.0,-1.0,0.0,-1.0,0.0,1,-0.0,0,-0.0,1.0,-0.0,0,-0.0,1.0,-0.0,1,-0.0,-1,0.0,1.0,-0.0,0,-0.0,-1.0,0.0,-1.0,0.0,1.0,-0.0,1.0,-0.0,-1.0,0.0,-1.0,0.0,-1.0,0.0,-1.0,0.0,1.0,-0.0,-1,0.0,0,-0.0,-1.0,0.0,-1.0,0.0,-1,0.0,1.0,-0.0,1.0,-0.0,0,-0.0,1,-0.0,-1.0,0.0,0.0,-0.0,1.0,-0.0,-1.0,0.0
20170118,QHGH7,-1.0,-0.004,65362.5,metal,1484775868,1.0,-261.45,261.45,0.0,-0.0,1.0,-261.45,-1.0,261.45,1.0,-261.45,-1.0,261.45,0.0,-0.0,1.0,-261.45,-1.0,261.45,1.0,-261.45,-1.0,261.45,-1,261.45,-1,261.45,-1,261.45,-1.0,261.45,1.0,-261.45,1.0,-261.45,0.0,-0.0,-1.0,261.45,1.0,-261.45,0,-0.0,-1.0,261.45,-1.0,261.45,1.0,-261.45,0.0,-0.0,0.0,-0.0,-1.0,261.45,-1.0,261.45,1.0,-261.45,-1,261.45,-1,261.45,0.0,-0.0,-1.0,261.45,-1,261.45,1.0,-261.45,-1,261.45,-1.0,261.45,-1.0,261.45,-1.0,261.45,-1.0,261.45,-1.0,261.45,0.0,-0.0,-1.0,261.45,1.0,-261.45,-1.0,261.45,-1.0,261.45,1.0,-261.45,-1,261.45,1,-261.45,1.0,-261.45,1.0,-261.45,1.0,-261.45,1.0,-261.45,1.0,-261.45,-1.0,261.45,-1.0,261.45,1.0,-261.45,1.0,-261.45,-1,261.45,0,-0.0,1.0,-261.45,0,-0.0,-1.0,261.45,1,-261.45,-1,261.45,1.0,-261.45,1,-261.45,-1.0,261.45,0.0,-0.0,0.0,-0.0,-1.0,261.45,1.0,-261.45,1.0,-261.45,1.0,-261.45,1.0,-261.45,-1.0,261.45,1,-261.45,0,-0.0,1.0,-261.45,1.0,-261.45,1,-261.45,-1.0,261.45,1.0,-261.45,1,-261.45,1,-261.45,1.0,-261.45,0.0,-0.0,-1.0,261.45,1.0,-261.45
20170118,QHOH7,-1.0,-0.0187146467686,68489.4,energy,1484775868,1.0,-0.0,0.0,-1.0,0.0,-1.0,0.0,-1.0,0.0,1.0,-0.0,1.0,-0.0,1.0,-0.0,1.0,-0.0,1.0,-0.0,1.0,-0.0,1.0,-0.0,0,-0.0,-1,0.0,-1,0.0,0.0,-0.0,-1.0,0.0,1.0,-0.0,0.0,-0.0,1.0,-0.0,-1.0,0.0,0,-0.0,-1.0,0.0,1.0,-0.0,-1.0,0.0,-1.0,0.0,1.0,-0.0,-1.0,0.0,1.0,-0.0,1.0,-0.0,-1,0.0,0,-0.0,1.0,-0.0,1.0,-0.0,-1,0.0,1.0,-0.0,-1,0.0,1.0,-0.0,-1.0,0.0,-1.0,0.0,-1.0,0.0,1.0,-0.0,0.0,-0.0,0.0,-0.0,-1.0,0.0,-1.0,0.0,1.0,-0.0,1.0,-0.0,1,-0.0,-1,0.0,1.0,-0.0,1.0,-0.0,-1.0,0.0,0.0,-0.0,1.0,-0.0,1.0,-0.0,0.0,-0.0,-1.0,0.0,1.0,-0.0,1,-0.0,1,-0.0,-1.0,0.0,0,-0.0,-1.0,0.0,1,-0.0,1,-0.0,-1.0,0.0,0,-0.0,1.0,-0.0,1.0,-0.0,-1.0,0.0,1.0,-0.0,1.0,-0.0,-1.0,0.0,0.0,-0.0,1.0,-0.0,-1.0,0.0,-1,0.0,-1,0.0,0.0,-0.0,1.0,-0.0,-1,0.0,-1.0,0.0,-1.0,0.0,0,-0.0,1,-0.0,-1.0,0.0,-1.0,0.0,-1.0,0.0,-1.0,0.0
20170118,@JYH7,-1.0,-0.0161390091661,109350.0,currency,1484775868,1.0,-0.0,0.0,1.0,-0.0,1.0,-0.0,-1.0,0.0,-1.0,0.0,1.0,-0.0,-1.0,0.0,-1.0,0.0,-1.0,0.0,-1.0,0.0,-1.0,0.0,0,-0.0,-1,0.0,1,-0.0,0.0,-0.0,-1.0,0.0,-1.0,0.0,0.0,-0.0,1.0,-0.0,-1.0,0.0,0,-0.0,-1.0,0.0,1.0,-0.0,1.0,-0.0,1.0,-0.0,-1.0,0.0,1.0,-0.0,-1.0,0.0,-1.0,0.0,-1,0.0,0,-0.0,-1.0,0.0,1.0,-0.0,-1,0.0,-1.0,0.0,1,-0.0,1.0,-0.0,1.0,-0.0,1.0,-0.0,1.0,-0.0,1.0,-0.0,0.0,-0.0,0.0,-0.0,-1.0,0.0,-1.0,0.0,1.0,-0.0,1.0,-0.0,-1,0.0,1,-0.0,-1.0,0.0,-1.0,0.0,-1.0,0.0,0.0,-0.0,1.0,-0.0,1.0,-0.0,0.0,-0.0,-1.0,0.0,-1.0,0.0,-1,0.0,-1,0.0,1.0,-0.0,0,-0.0,1.0,-0.0,1,-0.0,-1,0.0,1.0,-0.0,0,-0.0,-1.0,0.0,-1.0,0.0,1.0,-0.0,-1.0,0.0,1.0,-0.0,-1.0,0.0,0.0,-0.0,-1.0,0.0,1.0,-0.0,1,-0.0,1,-0.0,0.0,-0.0,1.0,-0.0,-1,0.0,1.0,-0.0,1.0,-0.0,0,-0.0,1,-0.0,-1.0,0.0,1.0,-0.0,1.0,-0.0,1.0,-0.0
20170118,@ESH7,1.0,0.00143630538062,113300.0,index,1484775868,1.0,162.733399624,162.733399624,-1.0,-162.733399624,-1.0,-162.733399624,-1.0,-162.733399624,1.0,162.733399624,-1.0,-162.733399624,0.0,0.0,1.0,162.733399624,-1.0,-162.733399624,1.0,162.733399624,1.0,162.733399624,0,0.0,1,162.733399624,-1,-162.733399624,-1.0,-162.733399624,1.0,162.733399624,1.0,162.733399624,0.0,0.0,-1.0,-162.733399624,1.0,162.733399624,1,71.8152690311,-1.0,-162.733399624,-1.0,-162.733399624,-1.0,-162.733399624,-1.0,-162.733399624,1.0,162.733399624,-1.0,-162.733399624,1.0,162.733399624,1.0,162.733399624,1,162.733399624,0,0.0,1.0,162.733399624,-1.0,-162.733399624,-1,-162.733399624,1.0,162.733399624,-1,-162.733399624,-1.0,-162.733399624,-1.0,-162.733399624,-1.0,-162.733399624,-1.0,-162.733399624,-1.0,-162.733399624,0.0,0.0,0.0,0.0,1.0,162.733399624,1.0,162.733399624,-1.0,-162.733399624,1.0,162.733399624,1,162.733399624,1,162.733399624,1.0,162.733399624,1.0,162.733399624,1.0,162.733399624,0.0,0.0,-1.0,-162.733399624,-1.0,-162.733399624,-1.0,-162.733399624,1.0,162.733399624,1.0,162.733399624,-1,-162.733399624,0,0.0,-1.0,-162.733399624,0,0.0,-1.0,-162.733399624,-1,-162.733399624,1,162.733399624,-1.0,-162.733399624,0,0.0,1.0,162.733399624,1.0,162.733399624,-1.0,-162.733399624,-1.0,-162.733399624,1.0,162.733399624,1.0,162.733399624,1.0,162.733399624,1.0,162.733399624,-1.0,-162.733399624,1,162.733399624,0,0.0,1.0,162.733399624,1.0,162.733399624,1,162.733399624,-1.0,-162.733399624,-1.0,-162.733399624,0,0.0,-1,-162.733399624,1.0,162.733399624,0.0,0.0,-1.0,-162.733399624,1.0,162.733399624
20170119,@LEJ7,1.0,0.00376884422111,47940.0,meat,1484852640,1.0,0.0,0.0,0.0,0.0,1.0,0.0,-1.0,-0.0,-1.0,-0.0,-1.0,-0.0,1.0,0.0,1.0,0.0,1.0,0.0,-1.0,-0.0,1.0,0.0,-1,-0.0,-1,-0.0,-1,-0.0,0.0,0.0,1.0,0.0,-1.0,-0.0,-1.0,-0.0,-1.0,-0.0,1.0,0.0,0,0.0,-1.0,-0.0,1.0,0.0,-1.0,-0.0,0.0,0.0,0.0,0.0,1.0,0.0,1.0,0.0,-1.0,-0.0,-1,-0.0,-1,-0.0,0.0,0.0,-1.0,-0.0,1,0.0,1.0,0.0,1,0.0,1.0,0.0,0.0,0.0,-1.0,-0.0,1.0,0.0,1.0,0.0,1.0,0.0,-1.0,-0.0,1.0,0.0,-1.0,-0.0,-1.0,-0.0,-1.0,-0.0,-1,-0.0,-1,-0.0,0.0,0.0,1.0,0.0,-1.0,-0.0,1.0,0.0,1.0,0.0,1.0,0.0,0.0,0.0,-1.0,-0.0,1.0,0.0,1,0.0,1,0.0,-1.0,-0.0,0,0.0,1.0,0.0,1,0.0,-1,-0.0,1.0,0.0,1,0.0,1.0,0.0,0.0,0.0,0.0,0.0,1.0,0.0,1.0,0.0,-1.0,-0.0,0.0,0.0,-1.0,-0.0,-1.0,-0.0,-1,-0.0,-1,-0.0,0.0,0.0,1.0,0.0,-1,-0.0,1.0,0.0,-1.0,-0.0,1,0.0,1,0.0,1.0,0.0,-1.0,-0.0,-1.0,-0.0,-1.0,-0.0
20170119,@JYH7,-1.0,-0.0108307343351,109025.0,currency,1484862276,1.0,-0.0,0.0,0.0,-0.0,-1.0,0.0,1.0,-0.0,-1.0,0.0,1.0,-0.0,-1.0,0.0,-1.0,0.0,-1.0,0.0,1.0,-0.0,-1.0,0.0,1,-0.0,1,-0.0,1,-0.0,0.0,-0.0,-1.0,0.0,-1.0,0.0,0.0,-0.0,-1.0,0.0,-1.0,0.0,0,-0.0,1.0,-0.0,-1.0,0.0,1.0,-0.0,0.0,-0.0,0.0,-0.0,-1.0,0.0,-1.0,0.0,1.0,-0.0,1,-0.0,1,-0.0,0.0,-0.0,1.0,-0.0,-1,0.0,-1.0,0.0,1,-0.0,-1.0,0.0,1.0,-0.0,1.0,-0.0,1.0,-0.0,-1.0,0.0,0.0,-0.0,1.0,-0.0,1.0,-0.0,1.0,-0.0,1.0,-0.0,1.0,-0.0,1,-0.0,1,-0.0,-1.0,0.0,-1.0,0.0,1.0,-0.0,-1.0,0.0,-1.0,0.0,-1.0,0.0,0.0,-0.0,1.0,-0.0,-1.0,0.0,-1,0.0,-1,0.0,1.0,-0.0,0,-0.0,-1.0,0.0,-1,0.0,1,-0.0,-1.0,0.0,-1,0.0,-1.0,0.0,0.0,-0.0,0.0,-0.0,-1.0,0.0,-1.0,0.0,1.0,-0.0,0.0,-0.0,1.0,-0.0,1.0,-0.0,1,-0.0,1,-0.0,0.0,-0.0,-1.0,0.0,1,-0.0,-1.0,0.0,1.0,-0.0,-1,0.0,-1,0.0,-1.0,0.0,1.0,-0.0,1.0,-0.0,1.0,-0.0
20170119,QHOH7,1.0,0.00585407936899,68556.6,energy,1484862276,1.0,0.0,0.0,-1.0,-0.0,-1.0,-0.0,-1.0,-0.0,1.0,0.0,-1.0,-0.0,0.0,0.0,1.0,0.0,-1.0,-0.0,1.0,0.0,1.0,0.0,0,0.0,1,0.0,-1,-0.0,-1.0,-0.0,1.0,0.0,1.0,0.0,0.0,0.0,-1.0,-0.0,1.0,0.0,0,0.0,-1.0,-0.0,-1.0,-0.0,-1.0,-0.0,-1.0,-0.0,1.0,0.0,-1.0,-0.0,1.0,0.0,1.0,0.0,1,0.0,0,0.0,1.0,0.0,-1.0,-0.0,-1,-0.0,1.0,0.0,-1,-0.0,-1.0,-0.0,-1.0,-0.0,-1.0,-0.0,-1.0,-0.0,-1.0,-0.0,0.0,0.0,0.0,0.0,1.0,0.0,1.0,0.0,-1.0,-0.0,1.0,0.0,1,0.0,1,0.0,1.0,0.0,1.0,0.0,1.0,0.0,0.0,0.0,-1.0,-0.0,-1.0,-0.0,-1.0,-0.0,1.0,0.0,1.0,0.0,-1,-0.0,0,0.0,-1.0,-0.0,0,0.0,-1.0,-0.0,-1,-0.0,1,0.0,-1.0,-0.0,0,0.0,1.0,0.0,1.0,0.0,-1.0,-0.0,-1.0,-0.0,1.0,0.0,1.0,0.0,1.0,0.0,1.0,0.0,-1.0,-0.0,1,0.0,0,0.0,1.0,0.0,1.0,0.0,1,0.0,-1.0,-0.0,-1.0,-0.0,0,0.0,-1,-0.0,1.0,0.0,0.0,0.0,-1.0,-0.0,1.0,0.0
20170119,QHGH7,-1.0,-0.00191094974202,65287.5,metal,1484862276,1.0,-124.761131282,124.761131282,0.0,-0.0,1.0,-124.761131282,-1.0,124.761131282,-1.0,124.761131282,-1.0,124.761131282,0.0,-0.0,1.0,-124.761131282,-1.0,124.761131282,1.0,-124.761131282,-1.0,124.761131282,-1,124.761131282,-1,124.761131282,-1,124.761131282,-1.0,124.761131282,1.0,-124.761131282,1.0,-124.761131282,-1.0,124.761131282,-1.0,124.761131282,1.0,-124.761131282,0,-0.0,-1.0,124.761131282,-1.0,124.761131282,1.0,-124.761131282,0.0,-0.0,0.0,-0.0,-1.0,124.761131282,-1.0,124.761131282,1.0,-124.761131282,-1,124.761131282,-1,124.761131282,0.0,-0.0,-1.0,124.761131282,-1,124.761131282,1.0,-124.761131282,1,-124.761131282,-1.0,124.761131282,0.0,-0.0,1.0,-124.761131282,-1.0,124.761131282,1.0,-124.761131282,1.0,-124.761131282,-1.0,124.761131282,1.0,-124.761131282,-1.0,124.761131282,-1.0,124.761131282,1.0,-124.761131282,-1,124.761131282,1,-124.761131282,0.0,-0.0,-1.0,124.761131282,-1.0,124.761131282,1.0,-124.761131282,1.0,-124.761131282,-1.0,124.761131282,-1.0,124.761131282,1.0,-124.761131282,1.0,-124.761131282,-1,124.761131282,0,-0.0,1.0,-124.761131282,0,-0.0,-1.0,124.761131282,1,-124.761131282,-1,124.761131282,1.0,-124.761131282,1,-124.761131282,-1.0,124.761131282,0.0,-0.0,0.0,-0.0,-1.0,124.761131282,1.0,-124.761131282,1.0,-124.761131282,1.0,-124.761131282,1.0,-124.761131282,-1.0,124.761131282,1,-124.761131282,0,-0.0,1.0,-124.761131282,1.0,-124.761131282,1,-124.761131282,-1.0,124.761131282,1.0,-124.761131282,1,-124.761131282,1,-124.761131282,1.0,-124.761131282,0.0,-0.0,-1.0,124.761131282,1.0,-124.761131282
20170119,QGCG7,-1.0,-0.00627010972692,120450.0,metal,1484862276,1.0,-0.0,0.0,1.0,-0.0,1.0,-0.0,1.0,-0.0,-1.0,0.0,-1.0,0.0,0.0,-0.0,1.0,-0.0,-1.0,0.0,-1.0,0.0,-1.0,0.0,0,-0.0,1,-0.0,1,-0.0,1.0,-0.0,1.0,-0.0,-1.0,0.0,0.0,-0.0,-1.0,0.0,1.0,-0.0,0,-0.0,1.0,-0.0,1.0,-0.0,1.0,-0.0,1.0,-0.0,-1.0,0.0,1.0,-0.0,-1.0,0.0,-1.0,0.0,1,-0.0,0,-0.0,-1.0,0.0,-1.0,0.0,-1,0.0,-1.0,0.0,1,-0.0,-1.0,0.0,1.0,-0.0,1.0,-0.0,1.0,-0.0,-1.0,0.0,0.0,-0.0,0.0,-0.0,1.0,-0.0,1.0,-0.0,-1.0,0.0,1.0,-0.0,-1,0.0,-1,0.0,-1.0,0.0,-1.0,0.0,1.0,-0.0,0.0,-0.0,-1.0,0.0,1.0,-0.0,1.0,-0.0,-1.0,0.0,1.0,-0.0,-1,0.0,0,-0.0,1.0,-0.0,0,-0.0,1.0,-0.0,-1,0.0,-1,0.0,1.0,-0.0,0,-0.0,-1.0,0.0,-1.0,0.0,1.0,-0.0,1.0,-0.0,-1.0,0.0,-1.0,0.0,-1.0,0.0,-1.0,0.0,-1.0,0.0,1,-0.0,0,-0.0,-1.0,0.0,-1.0,0.0,1,-0.0,1.0,-0.0,1.0,-0.0,0,-0.0,-1,0.0,1.0,-0.0,0.0,-0.0,-1.0,0.0,1.0,-0.0
20170119,@FVH7,-1.0,-0.00291661142781,117515.625,rates,1484862276,1.0,-0.0,0.0,1.0,-0.0,1.0,-0.0,1.0,-0.0,-1.0,0.0,-1.0,0.0,-1.0,0.0,-1.0,0.0,-1.0,0.0,-1.0,0.0,-1.0,0.0,0,-0.0,1,-0.0,1,-0.0,0.0,-0.0,1.0,-0.0,-1.0,0.0,0.0,-0.0,-1.0,0.0,1.0,-0.0,0,-0.0,1.0,-0.0,-1.0,0.0,1.0,-0.0,1.0,-0.0,-1.0,0.0,1.0,-0.0,-1.0,0.0,-1.0,0.0,1,-0.0,0,-0.0,-1.0,0.0,-1.0,0.0,-1,0.0,-1.0,0.0,1,-0.0,-1.0,0.0,1.0,-0.0,1.0,-0.0,1.0,-0.0,-1.0,0.0,0.0,-0.0,0.0,-0.0,1.0,-0.0,1.0,-0.0,-1.0,0.0,1.0,-0.0,-1,0.0,1,-0.0,-1.0,0.0,-1.0,0.0,1.0,-0.0,0.0,-0.0,-1.0,0.0,-1.0,0.0,0.0,-0.0,1.0,-0.0,-1.0,0.0,-1,0.0,-1,0.0,1.0,-0.0,0,-0.0,1.0,-0.0,-1,0.0,-1,0.0,1.0,-0.0,0,-0.0,-1.0,0.0,-1.0,0.0,1.0,-0.0,-1.0,0.0,-1.0,0.0,1.0,-0.0,0.0,-0.0,-1.0,0.0,1.0,-0.0,1,-0.0,1,-0.0,0.0,-0.0,-1.0,0.0,1,-0.0,1.0,-0.0,1.0,-0.0,0,-0.0,-1,0.0,1.0,-0.0,1.0,-0.0,1.0,-0.0,1.0,-0.0
20170119,@EUH7,-1.0,-0.000467661226208,133581.25,currency,1484862276,1.0,-0.0,0.0,0.0,-0.0,1.0,-0.0,-1.0,0.0,-1.0,0.0,-1.0,0.0,0.0,-0.0,1.0,-0.0,-1.0,0.0,1.0,-0.0,-1.0,0.0,-1,0.0,-1,0.0,-1,0.0,-1.0,0.0,1.0,-0.0,1.0,-0.0,-1.0,0.0,-1.0,0.0,1.0,-0.0,0,-0.0,-1.0,0.0,-1.0,0.0,1.0,-0.0,0.0,-0.0,0.0,-0.0,-1.0,0.0,-1.0,0.0,1.0,-0.0,-1,0.0,-1,0.0,0.0,-0.0,-1.0,0.0,-1,0.0,1.0,-0.0,1,-0.0,-1.0,0.0,0.0,-0.0,1.0,-0.0,-1.0,0.0,1.0,-0.0,1.0,-0.0,-1.0,0.0,1.0,-0.0,-1.0,0.0,-1.0,0.0,1.0,-0.0,-1,0.0,1,-0.0,0.0,-0.0,-1.0,0.0,-1.0,0.0,1.0,-0.0,1.0,-0.0,-1.0,0.0,-1.0,0.0,1.0,-0.0,1.0,-0.0,-1,0.0,0,-0.0,1.0,-0.0,0,-0.0,-1.0,0.0,1,-0.0,-1,0.0,1.0,-0.0,1,-0.0,-1.0,0.0,0.0,-0.0,0.0,-0.0,-1.0,0.0,1.0,-0.0,1.0,-0.0,1.0,-0.0,1.0,-0.0,-1.0,0.0,1,-0.0,0,-0.0,1.0,-0.0,1.0,-0.0,1,-0.0,-1.0,0.0,1.0,-0.0,1,-0.0,1,-0.0,1.0,-0.0,0.0,-0.0,-1.0,0.0,1.0,-0.0
20170119,@ESH7,-1.0,-0.00253695124642,113037.5,index,1484862276,1.0,-286.770626517,286.770626517,0.0,-0.0,1.0,-286.770626517,-1.0,286.770626517,-1.0,286.770626517,-1.0,286.770626517,0.0,-0.0,-1.0,286.770626517,1.0,-286.770626517,-1.0,286.770626517,1.0,-286.770626517,-1,286.770626517,-1,286.770626517,-1,286.770626517,-1.0,286.770626517,1.0,-286.770626517,-1.0,286.770626517,-1.0,286.770626517,-1.0,286.770626517,1.0,-286.770626517,1,-126.847562321,-1.0,286.770626517,-1.0,286.770626517,-1.0,286.770626517,0.0,-0.0,0.0,-0.0,1.0,-286.770626517,1.0,-286.770626517,-1.0,286.770626517,-1,286.770626517,-1,286.770626517,0.0,-0.0,-1.0,286.770626517,-1,286.770626517,1.0,-286.770626517,1,-286.770626517,1.0,-286.770626517,0.0,-0.0,-1.0,286.770626517,1.0,-286.770626517,1.0,-286.770626517,1.0,-286.770626517,-1.0,286.770626517,1.0,-286.770626517,-1.0,286.770626517,-1.0,286.770626517,1.0,-286.770626517,-1,286.770626517,1,-286.770626517,0.0,-0.0,1.0,-286.770626517,-1.0,286.770626517,1.0,-286.770626517,1.0,-286.770626517,-1.0,286.770626517,-1.0,286.770626517,1.0,-286.770626517,-1.0,286.770626517,1,-286.770626517,0,-0.0,-1.0,286.770626517,0,-0.0,1.0,-286.770626517,1,-286.770626517,-1,286.770626517,1.0,-286.770626517,1,-286.770626517,1.0,-286.770626517,0.0,-0.0,0.0,-0.0,-1.0,286.770626517,1.0,-286.770626517,1.0,-286.770626517,1.0,-286.770626517,-1.0,286.770626517,1.0,-286.770626517,-1,286.770626517,0,-0.0,1.0,-286.770626517,1.0,-286.770626517,-1,286.770626517,1.0,-286.770626517,-1.0,286.770626517,1,-286.770626517,1,-286.770626517,1.0,-286.770626517,0.0,-0.0,1.0,-286.770626517,-1.0,286.770626517
20170119,@EMDH7,-1.0,-0.00578206962327,166790.0,index,1484862276,1.0,-0.0,0.0,0.0,-0.0,1.0,-0.0,-1.0,0.0,1.0,-0.0,-1.0,0.0,0.0,-0.0,-1.0,0.0,1.0,-0.0,-1.0,0.0,1.0,-0.0,-1,0.0,-1,0.0,-1,0.0,-1.0,0.0,1.0,-0.0,1.0,-0.0,0.0,-0.0,1.0,-0.0,1.0,-0.0,0,-0.0,-1.0,0.0,-1.0,0.0,-1.0,0.0,0.0,-0.0,0.0,-0.0,1.0,-0.0,1.0,-0.0,-1.0,0.0,-1,0.0,-1,0.0,0.0,-0.0,-1.0,0.0,-1,0.0,1.0,-0.0,-1,0.0,1.0,-0.0,-1.0,0.0,-1.0,0.0,-1.0,0.0,1.0,-0.0,0.0,-0.0,-1.0,0.0,-1.0,0.0,-1.0,0.0,-1.0,0.0,1.0,-0.0,-1,0.0,1,-0.0,1.0,-0.0,1.0,-0.0,-1.0,0.0,1.0,-0.0,1.0,-0.0,-1.0,0.0,-1.0,0.0,1.0,-0.0,-1.0,0.0,1,-0.0,0,-0.0,-1.0,0.0,0,-0.0,1.0,-0.0,1,-0.0,-1,0.0,1.0,-0.0,1,-0.0,1.0,-0.0,0.0,-0.0,0.0,-0.0,-1.0,0.0,1.0,-0.0,1.0,-0.0,1.0,-0.0,-1.0,0.0,1.0,-0.0,-1,0.0,0,-0.0,1.0,-0.0,1.0,-0.0,-1,0.0,1.0,-0.0,-1.0,0.0,1,-0.0,1,-0.0,1.0,-0.0,0.0,-0.0,1.0,-0.0,-1.0,0.0
20170119,QCLH7,1.0,0.00501059934477,52150.0,energy,1484862276,1.0,0.0,0.0,-1.0,-0.0,-1.0,-0.0,1.0,0.0,-1.0,-0.0,-1.0,-0.0,1.0,0.0,1.0,0.0,1.0,0.0,1.0,0.0,1.0,0.0,0,0.0,1,0.0,-1,-0.0,0.0,0.0,1.0,0.0,1.0,0.0,-1.0,-0.0,-1.0,-0.0,1.0,0.0,0,0.0,1.0,0.0,-1.0,-0.0,-1.0,-0.0,-1.0,-0.0,1.0,0.0,-1.0,-0.0,1.0,0.0,1.0,0.0,1,0.0,0,0.0,1.0,0.0,-1.0,-0.0,-1,-0.0,1.0,0.0,1,0.0,-1.0,-0.0,0.0,0.0,1.0,0.0,-1.0,-0.0,1.0,0.0,1.0,0.0,0.0,0.0,1.0,0.0,1.0,0.0,-1.0,-0.0,1.0,0.0,1,0.0,-1,-0.0,0.0,0.0,-1.0,-0.0,-1.0,-0.0,0.0,0.0,-1.0,-0.0,-1.0,-0.0,0.0,0.0,1.0,0.0,1.0,0.0,1,0.0,1,0.0,-1.0,-0.0,0,0.0,-1.0,-0.0,-1,-0.0,1,0.0,-1.0,-0.0,0,0.0,1.0,0.0,1.0,0.0,-1.0,-0.0,1.0,0.0,-1.0,-0.0,1.0,0.0,0.0,0.0,1.0,0.0,-1.0,-0.0,-1,-0.0,-1,-0.0,0.0,0.0,-1.0,-0.0,1,0.0,-1.0,-0.0,-1.0,-0.0,0,0.0,-1,-0.0,1.0,0.0,-1.0,-0.0,-1.0,-0.0,-1.0,-0.0
20170119,@CDH7,-1.0,-0.00575434883259,75160.0,currency,1484862276,1.0,-0.0,0.0,-1.0,0.0,-1.0,0.0,-1.0,0.0,1.0,-0.0,-1.0,0.0,0.0,-0.0,1.0,-0.0,-1.0,0.0,1.0,-0.0,1.0,-0.0,0,-0.0,1,-0.0,-1,0.0,-1.0,0.0,1.0,-0.0,1.0,-0.0,0.0,-0.0,-1.0,0.0,1.0,-0.0,0,-0.0,-1.0,0.0,-1.0,0.0,-1.0,0.0,-1.0,0.0,1.0,-0.0,-1.0,0.0,1.0,-0.0,1.0,-0.0,1,-0.0,0,-0.0,1.0,-0.0,-1.0,0.0,-1,0.0,1.0,-0.0,-1,0.0,-1.0,0.0,-1.0,0.0,-1.0,0.0,-1.0,0.0,-1.0,0.0,0.0,-0.0,0.0,-0.0,1.0,-0.0,1.0,-0.0,-1.0,0.0,1.0,-0.0,1,-0.0,1,-0.0,1.0,-0.0,1.0,-0.0,1.0,-0.0,0.0,-0.0,-1.0,0.0,-1.0,0.0,-1.0,0.0,1.0,-0.0,1.0,-0.0,-1,0.0,0,-0.0,-1.0,0.0,0,-0.0,-1.0,0.0,-1,0.0,1,-0.0,-1.0,0.0,0,-0.0,1.0,-0.0,1.0,-0.0,-1.0,0.0,-1.0,0.0,1.0,-0.0,1.0,-0.0,1.0,-0.0,1.0,-0.0,-1.0,0.0,1,-0.0,0,-0.0,1.0,-0.0,1.0,-0.0,1,-0.0,-1.0,0.0,-1.0,0.0,0,-0.0,-1,0.0,1.0,-0.0,0.0,-0.0,-1.0,0.0,1.0,-0.0
20170119,@CH7,1.0,0.00205479452055,18287.5,grain,1484853151,1.0,0.0,0.0,0.0,0.0,1.0,0.0,-1.0,-0.0,-1.0,-0.0,-1.0,-0.0,1.0,0.0,1.0,0.0,1.0,0.0,-1.0,-0.0,1.0,0.0,-1,-0.0,-1,-0.0,-1,-0.0,0.0,0.0,1.0,0.0,-1.0,-0.0,-1.0,-0.0,-1.0,-0.0,1.0,0.0,0,0.0,-1.0,-0.0,1.0,0.0,-1.0,-0.0,0.0,0.0,0.0,0.0,1.0,0.0,1.0,0.0,-1.0,-0.0,-1,-0.0,-1,-0.0,0.0,0.0,-1.0,-0.0,-1,-0.0,1.0,0.0,1,0.0,1.0,0.0,0.0,0.0,-1.0,-0.0,1.0,0.0,1.0,0.0,1.0,0.0,-1.0,-0.0,1.0,0.0,-1.0,-0.0,-1.0,-0.0,1.0,0.0,-1,-0.0,-1,-0.0,0.0,0.0,1.0,0.0,-1.0,-0.0,1.0,0.0,1.0,0.0,1.0,0.0,0.0,0.0,-1.0,-0.0,1.0,0.0,1,0.0,1,0.0,-1.0,-0.0,0,0.0,1.0,0.0,1,0.0,-1,-0.0,1.0,0.0,1,0.0,1.0,0.0,0.0,0.0,0.0,0.0,1.0,0.0,1.0,0.0,-1.0,-0.0,0.0,0.0,-1.0,-0.0,-1.0,-0.0,-1,-0.0,-1,-0.0,0.0,0.0,1.0,0.0,-1,-0.0,1.0,0.0,-1.0,-0.0,1,0.0,1,0.0,1.0,0.0,-1.0,-0.0,-1.0,-0.0,-1.0,-0.0
20170119,@BPH7,1.0,0.00398341598244,77187.5,currency,1484862276,1.0,0.0,0.0,0.0,0.0,1.0,0.0,-1.0,-0.0,1.0,0.0,-1.0,-0.0,0.0,0.0,1.0,0.0,-1.0,-0.0,1.0,0.0,-1.0,-0.0,-1,-0.0,-1,-0.0,-1,-0.0,-1.0,-0.0,1.0,0.0,1.0,0.0,0.0,0.0,-1.0,-0.0,1.0,0.0,0,0.0,-1.0,-0.0,-1.0,-0.0,1.0,0.0,0.0,0.0,0.0,0.0,-1.0,-0.0,-1.0,-0.0,1.0,0.0,-1,-0.0,-1,-0.0,0.0,0.0,-1.0,-0.0,-1,-0.0,1.0,0.0,-1,-0.0,-1.0,-0.0,-1.0,-0.0,-1.0,-0.0,-1.0,-0.0,-1.0,-0.0,0.0,0.0,-1.0,-0.0,1.0,0.0,-1.0,-0.0,-1.0,-0.0,1.0,0.0,-1,-0.0,1,0.0,1.0,0.0,1.0,0.0,1.0,0.0,1.0,0.0,1.0,0.0,-1.0,-0.0,-1.0,-0.0,1.0,0.0,1.0,0.0,-1,-0.0,0,0.0,1.0,0.0,0,0.0,-1.0,-0.0,1,0.0,-1,-0.0,1.0,0.0,1,0.0,-1.0,-0.0,0.0,0.0,0.0,0.0,-1.0,-0.0,1.0,0.0,1.0,0.0,1.0,0.0,1.0,0.0,-1.0,-0.0,1,0.0,0,0.0,1.0,0.0,1.0,0.0,1,0.0,-1.0,-0.0,1.0,0.0,1,0.0,1,0.0,1.0,0.0,0.0,0.0,-1.0,-0.0,1.0,0.0
20170119,@GFH7,1.0,0.00482439212659,65087.5,meat,1484852640,1.0,0.0,0.0,0.0,0.0,1.0,0.0,-1.0,-0.0,1.0,0.0,-1.0,-0.0,0.0,0.0,1.0,0.0,-1.0,-0.0,1.0,0.0,-1.0,-0.0,-1,-0.0,-1,-0.0,-1,-0.0,-1.0,-0.0,1.0,0.0,1.0,0.0,0.0,0.0,-1.0,-0.0,1.0,0.0,0,0.0,-1.0,-0.0,-1.0,-0.0,1.0,0.0,0.0,0.0,0.0,0.0,-1.0,-0.0,-1.0,-0.0,1.0,0.0,-1,-0.0,-1,-0.0,0.0,0.0,-1.0,-0.0,1,0.0,1.0,0.0,-1,-0.0,-1.0,-0.0,-1.0,-0.0,-1.0,-0.0,-1.0,-0.0,-1.0,-0.0,0.0,0.0,-1.0,-0.0,1.0,0.0,-1.0,-0.0,-1.0,-0.0,-1.0,-0.0,-1,-0.0,1,0.0,1.0,0.0,1.0,0.0,1.0,0.0,1.0,0.0,1.0,0.0,-1.0,-0.0,-1.0,-0.0,1.0,0.0,1.0,0.0,-1,-0.0,0,0.0,1.0,0.0,0,0.0,-1.0,-0.0,1,0.0,-1,-0.0,1.0,0.0,1,0.0,-1.0,-0.0,0.0,0.0,0.0,0.0,-1.0,-0.0,1.0,0.0,1.0,0.0,1.0,0.0,1.0,0.0,-1.0,-0.0,1,0.0,0,0.0,1.0,0.0,1.0,0.0,1,0.0,-1.0,-0.0,1.0,0.0,1,0.0,1,0.0,1.0,0.0,0.0,0.0,-1.0,-0.0,1.0,0.0
20170119,@PXH7,1.0,0.0,22635.0,currency,1484862276,1.0,0.0,0.0,0.0,0.0,1.0,0.0,1.0,0.0,1.0,0.0,-1.0,-0.0,1.0,0.0,1.0,0.0,1.0,0.0,1.0,0.0,-1.0,-0.0,-1,-0.0,-1,-0.0,-1,-0.0,0.0,0.0,1.0,0.0,1.0,0.0,0.0,0.0,-1.0,-0.0,1.0,0.0,0,0.0,1.0,0.0,-1.0,-0.0,-1.0,-0.0,-1.0,-0.0,1.0,0.0,-1.0,-0.0,1.0,0.0,1.0,0.0,1,0.0,0,0.0,0.0,0.0,-1.0,-0.0,-1,-0.0,1.0,0.0,-1,-0.0,-1.0,-0.0,-1.0,-0.0,-1.0,-0.0,-1.0,-0.0,-1.0,-0.0,0.0,0.0,0.0,0.0,1.0,0.0,1.0,0.0,-1.0,-0.0,1.0,0.0,1,0.0,-1,-0.0,1.0,0.0,1.0,0.0,1.0,0.0,0.0,0.0,-1.0,-0.0,-1.0,-0.0,0.0,0.0,1.0,0.0,1.0,0.0,1,0.0,1,0.0,-1.0,-0.0,0,0.0,-1.0,-0.0,-1,-0.0,-1,-0.0,-1.0,-0.0,0,0.0,1.0,0.0,1.0,0.0,-1.0,-0.0,1.0,0.0,-1.0,-0.0,1.0,0.0,0.0,0.0,1.0,0.0,-1.0,-0.0,-1,-0.0,-1,-0.0,0.0,0.0,-1.0,-0.0,1,0.0,-1.0,-0.0,1.0,0.0,1,0.0,1,0.0,1.0,0.0,-1.0,-0.0,-1.0,-0.0,-1.0,-0.0
20170119,@HEJ7,1.0,0.000726480203414,27550.0,meat,1484852640,1.0,0.0,0.0,0.0,0.0,1.0,0.0,1.0,0.0,-1.0,-0.0,-1.0,-0.0,1.0,0.0,1.0,0.0,1.0,0.0,1.0,0.0,-1.0,-0.0,-1,-0.0,-1,-0.0,-1,-0.0,0.0,0.0,1.0,0.0,1.0,0.0,-1.0,-0.0,-1.0,-0.0,1.0,0.0,0,0.0,1.0,0.0,-1.0,-0.0,1.0,0.0,0.0,0.0,0.0,0.0,-1.0,-0.0,-1.0,-0.0,1.0,0.0,-1,-0.0,-1,-0.0,0.0,0.0,-1.0,-0.0,1,0.0,1.0,0.0,1,0.0,-1.0,-0.0,0.0,0.0,1.0,0.0,-1.0,-0.0,1.0,0.0,1.0,0.0,-1.0,-0.0,1.0,0.0,-1.0,-0.0,-1.0,-0.0,-1.0,-0.0,-1,-0.0,-1,-0.0,0.0,0.0,-1.0,-0.0,-1.0,-0.0,1.0,0.0,1.0,0.0,-1.0,-0.0,0.0,0.0,1.0,0.0,1.0,0.0,1,0.0,1,0.0,1.0,0.0,0,0.0,-1.0,-0.0,1,0.0,-1,-0.0,1.0,0.0,1,0.0,-1.0,-0.0,0.0,0.0,0.0,0.0,1.0,0.0,-1.0,-0.0,1.0,0.0,0.0,0.0,1.0,0.0,-1.0,-0.0,-1,-0.0,-1,-0.0,0.0,0.0,-1.0,-0.0,1,0.0,-1.0,-0.0,1.0,0.0,1,0.0,1,0.0,1.0,0.0,-1.0,-0.0,-1.0,-0.0,-1.0,-0.0
20170119,QNGH7,1.0,0.0,32940.0,energy,1484862276,1.0,0.0,0.0,0.0,0.0,1.0,0.0,1.0,0.0,1.0,0.0,-1.0,-0.0,1.0,0.0,1.0,0.0,1.0,0.0,1.0,0.0,-1.0,-0.0,-1,-0.0,-1,-0.0,-1,-0.0,0.0,0.0,1.0,0.0,1.0,0.0,0.0,0.0,-1.0,-0.0,1.0,0.0,0,0.0,1.0,0.0,-1.0,-0.0,-1.0,-0.0,-1.0,-0.0,1.0,0.0,-1.0,-0.0,1.0,0.0,1.0,0.0,1,0.0,0,0.0,0.0,0.0,-1.0,-0.0,-1,-0.0,1.0,0.0,-1,-0.0,-1.0,-0.0,-1.0,-0.0,-1.0,-0.0,-1.0,-0.0,-1.0,-0.0,0.0,0.0,0.0,0.0,1.0,0.0,1.0,0.0,-1.0,-0.0,1.0,0.0,1,0.0,-1,-0.0,1.0,0.0,1.0,0.0,1.0,0.0,0.0,0.0,-1.0,-0.0,-1.0,-0.0,0.0,0.0,1.0,0.0,1.0,0.0,1,0.0,1,0.0,-1.0,-0.0,0,0.0,-1.0,-0.0,-1,-0.0,-1,-0.0,-1.0,-0.0,0,0.0,1.0,0.0,1.0,0.0,-1.0,-0.0,1.0,0.0,-1.0,-0.0,1.0,0.0,0.0,0.0,1.0,0.0,-1.0,-0.0,-1,-0.0,-1,-0.0,0.0,0.0,-1.0,-0.0,1,0.0,-1.0,-0.0,1.0,0.0,1,0.0,1,0.0,1.0,0.0,-1.0,-0.0,-1.0,-0.0,-1.0,-0.0
20170119,@BOH7,-1.0,-0.00421585160202,21258.0,grain,1484853151,1.0,-89.6205733558,89.6205733558,-1.0,89.6205733558,-1.0,89.6205733558,-1.0,89.6205733558,-1.0,89.6205733558,1.0,-89.6205733558,0.0,-0.0,-1.0,89.6205733558,1.0,-89.6205733558,1.0,-89.6205733558,1.0,-89.6205733558,0,-0.0,-1,89.6205733558,-1,89.6205733558,-1.0,89.6205733558,1.0,-89.6205733558,-1.0,89.6205733558,-1.0,89.6205733558,-1.0,89.6205733558,1.0,-89.6205733558,0,-0.0,-1.0,89.6205733558,-1.0,89.6205733558,-1.0,89.6205733558,0.0,-0.0,0.0,-0.0,1.0,-89.6205733558,1.0,-89.6205733558,-1.0,89.6205733558,-1,89.6205733558,-1,89.6205733558,1.0,-89.6205733558,-1.0,89.6205733558,-1,89.6205733558,1.0,-89.6205733558,1,-89.6205733558,1.0,-89.6205733558,0.0,-0.0,-1.0,89.6205733558,1.0,-89.6205733558,1.0,-89.6205733558,1.0,-89.6205733558,-1.0,89.6205733558,1.0,-89.6205733558,-1.0,89.6205733558,-1.0,89.6205733558,1.0,-89.6205733558,-1,89.6205733558,1,-89.6205733558,0.0,-0.0,1.0,-89.6205733558,-1.0,89.6205733558,1.0,-89.6205733558,1.0,-89.6205733558,-1.0,89.6205733558,-1.0,89.6205733558,1.0,-89.6205733558,-1.0,89.6205733558,1,-89.6205733558,0,-0.0,-1.0,89.6205733558,0,-0.0,1.0,-89.6205733558,1,-89.6205733558,1,-89.6205733558,1.0,-89.6205733558,1,-89.6205733558,1.0,-89.6205733558,0.0,-0.0,0.0,-0.0,-1.0,89.6205733558,1.0,-89.6205733558,1.0,-89.6205733558,1.0,-89.6205733558,-1.0,89.6205733558,1.0,-89.6205733558,-1,89.6205733558,0,-0.0,1.0,-89.6205733558,1.0,-89.6205733558,-1,89.6205733558,-1.0,89.6205733558,-1.0,89.6205733558,0,-0.0,1,-89.6205733558,-1.0,89.6205733558,0.0,-0.0,1.0,-89.6205733558,-1.0,89.6205733558
20170119,@YMH7,-1.0,-0.00395236888776,98285.0,index,1484862276,1.0,-0.0,0.0,-1.0,0.0,-1.0,0.0,-1.0,0.0,-1.0,0.0,-1.0,0.0,0.0,-0.0,1.0,-0.0,-1.0,0.0,1.0,-0.0,1.0,-0.0,0,-0.0,1,-0.0,-1,0.0,-1.0,0.0,1.0,-0.0,1.0,-0.0,-1.0,0.0,-1.0,0.0,1.0,-0.0,0,-0.0,-1.0,0.0,-1.0,0.0,-1.0,0.0,-1.0,0.0,1.0,-0.0,-1.0,0.0,1.0,-0.0,1.0,-0.0,1,-0.0,0,-0.0,1.0,-0.0,-1.0,0.0,-1,0.0,1.0,-0.0,1,-0.0,-1.0,0.0,0.0,-0.0,1.0,-0.0,-1.0,0.0,1.0,-0.0,1.0,-0.0,0.0,-0.0,1.0,-0.0,1.0,-0.0,-1.0,0.0,1.0,-0.0,1,-0.0,1,-0.0,0.0,-0.0,-1.0,0.0,-1.0,0.0,0.0,-0.0,-1.0,0.0,-1.0,0.0,-1.0,0.0,1.0,-0.0,1.0,-0.0,-1,0.0,0,-0.0,-1.0,0.0,0,-0.0,-1.0,0.0,-1,0.0,1,-0.0,-1.0,0.0,0,-0.0,1.0,-0.0,1.0,-0.0,-1.0,0.0,-1.0,0.0,1.0,-0.0,1.0,-0.0,1.0,-0.0,1.0,-0.0,-1.0,0.0,1,-0.0,0,-0.0,1.0,-0.0,1.0,-0.0,1,-0.0,-1.0,0.0,-1.0,0.0,0,-0.0,-1,0.0,1.0,-0.0,0.0,-0.0,-1.0,0.0,1.0,-0.0
20170119,@WH7,-1.0,-0.0162412993039,21200.0,grain,1484853151,1.0,-0.0,0.0,0.0,-0.0,1.0,-0.0,-1.0,0.0,-1.0,0.0,-1.0,0.0,0.0,-0.0,1.0,-0.0,-1.0,0.0,1.0,-0.0,-1.0,0.0,-1,0.0,-1,0.0,-1,0.0,-1.0,0.0,1.0,-0.0,1.0,-0.0,-1.0,0.0,-1.0,0.0,1.0,-0.0,0,-0.0,-1.0,0.0,-1.0,0.0,1.0,-0.0,0.0,-0.0,0.0,-0.0,-1.0,0.0,-1.0,0.0,1.0,-0.0,-1,0.0,-1,0.0,0.0,-0.0,-1.0,0.0,-1,0.0,1.0,-0.0,1,-0.0,-1.0,0.0,0.0,-0.0,1.0,-0.0,-1.0,0.0,1.0,-0.0,1.0,-0.0,-1.0,0.0,1.0,-0.0,-1.0,0.0,-1.0,0.0,1.0,-0.0,-1,0.0,1,-0.0,0.0,-0.0,-1.0,0.0,-1.0,0.0,1.0,-0.0,1.0,-0.0,-1.0,0.0,-1.0,0.0,1.0,-0.0,1.0,-0.0,-1,0.0,0,-0.0,1.0,-0.0,0,-0.0,-1.0,0.0,1,-0.0,-1,0.0,1.0,-0.0,1,-0.0,-1.0,0.0,0.0,-0.0,0.0,-0.0,-1.0,0.0,1.0,-0.0,1.0,-0.0,1.0,-0.0,1.0,-0.0,-1.0,0.0,1,-0.0,0,-0.0,1.0,-0.0,1.0,-0.0,1,-0.0,-1.0,0.0,1.0,-0.0,1,-0.0,1,-0.0,1.0,-0.0,0.0,-0.0,-1.0,0.0,1.0,-0.0
20170119,@USH7,-1.0,-0.00781089414183,150843.75,rates,1484862276,1.0,-0.0,0.0,1.0,-0.0,1.0,-0.0,1.0,-0.0,1.0,-0.0,-1.0,0.0,-1.0,0.0,-1.0,0.0,-1.0,0.0,-1.0,0.0,-1.0,0.0,0,-0.0,1,-0.0,1,-0.0,0.0,-0.0,1.0,-0.0,1.0,-0.0,1.0,-0.0,1.0,-0.0,1.0,-0.0,0,-0.0,1.0,-0.0,-1.0,0.0,1.0,-0.0,1.0,-0.0,-1.0,0.0,1.0,-0.0,-1.0,0.0,-1.0,0.0,1,-0.0,0,-0.0,-1.0,0.0,-1.0,0.0,-1,0.0,-1.0,0.0,-1,0.0,-1.0,0.0,0.0,-0.0,1.0,-0.0,-1.0,0.0,-1.0,0.0,-1.0,0.0,0.0,-0.0,-1.0,0.0,1.0,-0.0,-1.0,0.0,1.0,-0.0,-1,0.0,1,-0.0,0.0,-0.0,-1.0,0.0,1.0,-0.0,0.0,-0.0,-1.0,0.0,-1.0,0.0,0.0,-0.0,1.0,-0.0,-1.0,0.0,-1,0.0,-1,0.0,1.0,-0.0,0,-0.0,1.0,-0.0,-1,0.0,-1,0.0,1.0,-0.0,0,-0.0,-1.0,0.0,-1.0,0.0,1.0,-0.0,-1.0,0.0,-1.0,0.0,1.0,-0.0,0.0,-0.0,-1.0,0.0,1.0,-0.0,1,-0.0,1,-0.0,0.0,-0.0,-1.0,0.0,1,-0.0,1.0,-0.0,1.0,-0.0,0,-0.0,-1,0.0,1.0,-0.0,1.0,-0.0,1.0,-0.0,1.0,-0.0
20170119,@TYH7,-1.0,-0.00501127536958,124093.75,rates,1484862276,1.0,-621.867952894,621.867952894,0.0,-0.0,-1.0,621.867952894,1.0,-621.867952894,-1.0,621.867952894,1.0,-621.867952894,-1.0,621.867952894,-1.0,621.867952894,-1.0,621.867952894,1.0,-621.867952894,-1.0,621.867952894,1,-621.867952894,1,-621.867952894,1,-621.867952894,0.0,-0.0,-1.0,621.867952894,-1.0,621.867952894,0.0,-0.0,-1.0,621.867952894,-1.0,621.867952894,0,-0.0,1.0,-621.867952894,-1.0,621.867952894,1.0,-621.867952894,0.0,-0.0,0.0,-0.0,-1.0,621.867952894,-1.0,621.867952894,1.0,-621.867952894,1,-621.867952894,1,-621.867952894,0.0,-0.0,1.0,-621.867952894,-1,621.867952894,-1.0,621.867952894,1,-621.867952894,-1.0,621.867952894,1.0,-621.867952894,1.0,-621.867952894,1.0,-621.867952894,-1.0,621.867952894,0.0,-0.0,1.0,-621.867952894,1.0,-621.867952894,1.0,-621.867952894,1.0,-621.867952894,1.0,-621.867952894,1,-621.867952894,1,-621.867952894,-1.0,621.867952894,-1.0,621.867952894,1.0,-621.867952894,-1.0,621.867952894,-1.0,621.867952894,-1.0,621.867952894,0.0,-0.0,1.0,-621.867952894,-1.0,621.867952894,-1,621.867952894,-1,621.867952894,1.0,-621.867952894,0,-0.0,-1.0,621.867952894,-1,621.867952894,1,-621.867952894,-1.0,621.867952894,-1,621.867952894,-1.0,621.867952894,0.0,-0.0,0.0,-0.0,-1.0,621.867952894,-1.0,621.867952894,1.0,-621.867952894,0.0,-0.0,1.0,-621.867952894,1.0,-621.867952894,1,-621.867952894,1,-621.867952894,0.0,-0.0,-1.0,621.867952894,1,-621.867952894,-1.0,621.867952894,1.0,-621.867952894,-1,621.867952894,-1,621.867952894,-1.0,621.867952894,1.0,-621.867952894,1.0,-621.867952894,1.0,-621.867952894
20170119,@TUH7,-1.0,-0.000648882480173,216578.125,rates,1484862276,2.0,-0.0,0.0,1.0,-0.0,1.0,-0.0,1.0,-0.0,-1.0,0.0,-1.0,0.0,-1.0,0.0,-1.0,0.0,-1.0,0.0,-1.0,0.0,-1.0,0.0,0,-0.0,1,-0.0,1,-0.0,0.0,-0.0,1.0,-0.0,-1.0,0.0,0.0,-0.0,-1.0,0.0,1.0,-0.0,0,-0.0,1.0,-0.0,-1.0,0.0,1.0,-0.0,1.0,-0.0,-1.0,0.0,1.0,-0.0,-1.0,0.0,-1.0,0.0,1,-0.0,0,-0.0,-1.0,0.0,-1.0,0.0,-1,0.0,-1.0,0.0,1,-0.0,-1.0,0.0,1.0,-0.0,1.0,-0.0,1.0,-0.0,-1.0,0.0,0.0,-0.0,0.0,-0.0,1.0,-0.0,1.0,-0.0,-1.0,0.0,1.0,-0.0,-1,0.0,1,-0.0,-1.0,0.0,-1.0,0.0,1.0,-0.0,0.0,-0.0,-1.0,0.0,-1.0,0.0,0.0,-0.0,1.0,-0.0,-1.0,0.0,-1,0.0,-1,0.0,1.0,-0.0,0,-0.0,1.0,-0.0,-1,0.0,-1,0.0,1.0,-0.0,0,-0.0,-1.0,0.0,-1.0,0.0,1.0,-0.0,-1.0,0.0,-1.0,0.0,1.0,-0.0,0.0,-0.0,-1.0,0.0,1.0,-0.0,1,-0.0,1,-0.0,0.0,-0.0,-1.0,0.0,1,-0.0,1.0,-0.0,1.0,-0.0,0,-0.0,-1,0.0,1.0,-0.0,1.0,-0.0,1.0,-0.0,1.0,-0.0
20170119,@SMH7,-1.0,-0.00769011677585,34840.0,grain,1484853151,1.0,-0.0,0.0,0.0,-0.0,1.0,-0.0,-1.0,0.0,-1.0,0.0,-1.0,0.0,0.0,-0.0,-1.0,0.0,1.0,-0.0,-1.0,0.0,1.0,-0.0,-1,0.0,-1,0.0,-1,0.0,-1.0,0.0,1.0,-0.0,-1.0,0.0,-1.0,0.0,-1.0,0.0,1.0,-0.0,0,-0.0,-1.0,0.0,-1.0,0.0,-1.0,0.0,0.0,-0.0,0.0,-0.0,1.0,-0.0,1.0,-0.0,-1.0,0.0,-1,0.0,-1,0.0,0.0,-0.0,-1.0,0.0,1,-0.0,1.0,-0.0,1,-0.0,1.0,-0.0,0.0,-0.0,-1.0,0.0,1.0,-0.0,1.0,-0.0,1.0,-0.0,-1.0,0.0,1.0,-0.0,-1.0,0.0,-1.0,0.0,-1.0,0.0,-1,0.0,1,-0.0,0.0,-0.0,1.0,-0.0,-1.0,0.0,1.0,-0.0,1.0,-0.0,-1.0,0.0,-1.0,0.0,1.0,-0.0,-1.0,0.0,1,-0.0,0,-0.0,-1.0,0.0,0,-0.0,1.0,-0.0,1,-0.0,-1,0.0,1.0,-0.0,1,-0.0,1.0,-0.0,0.0,-0.0,0.0,-0.0,-1.0,0.0,1.0,-0.0,1.0,-0.0,1.0,-0.0,-1.0,0.0,1.0,-0.0,-1,0.0,0,-0.0,1.0,-0.0,1.0,-0.0,-1,0.0,1.0,-0.0,-1.0,0.0,1,-0.0,1,-0.0,1.0,-0.0,0.0,-0.0,1.0,-0.0,-1.0,0.0
20170119,QSIH7,-1.0,-0.014704179692,85100.0,metal,1484862276,1.0,-0.0,0.0,1.0,-0.0,1.0,-0.0,1.0,-0.0,-1.0,0.0,-1.0,0.0,0.0,-0.0,1.0,-0.0,-1.0,0.0,-1.0,0.0,-1.0,0.0,0,-0.0,1,-0.0,1,-0.0,1.0,-0.0,1.0,-0.0,-1.0,0.0,0.0,-0.0,-1.0,0.0,1.0,-0.0,0,-0.0,1.0,-0.0,1.0,-0.0,1.0,-0.0,1.0,-0.0,-1.0,0.0,1.0,-0.0,-1.0,0.0,-1.0,0.0,1,-0.0,0,-0.0,-1.0,0.0,-1.0,0.0,-1,0.0,-1.0,0.0,1,-0.0,-1.0,0.0,1.0,-0.0,1.0,-0.0,1.0,-0.0,-1.0,0.0,0.0,-0.0,0.0,-0.0,1.0,-0.0,1.0,-0.0,-1.0,0.0,1.0,-0.0,-1,0.0,-1,0.0,-1.0,0.0,-1.0,0.0,1.0,-0.0,0.0,-0.0,-1.0,0.0,1.0,-0.0,1.0,-0.0,-1.0,0.0,1.0,-0.0,-1,0.0,0,-0.0,1.0,-0.0,0,-0.0,1.0,-0.0,-1,0.0,-1,0.0,1.0,-0.0,0,-0.0,-1.0,0.0,-1.0,0.0,1.0,-0.0,1.0,-0.0,-1.0,0.0,-1.0,0.0,-1.0,0.0,-1.0,0.0,-1.0,0.0,1,-0.0,0,-0.0,-1.0,0.0,-1.0,0.0,1,-0.0,1.0,-0.0,1.0,-0.0,0,-0.0,-1,0.0,1.0,-0.0,0.0,-0.0,-1.0,0.0,1.0,-0.0
20170119,@SFH7,-1.0,-0.00220286372284,124562.5,currency,1484862276,1.0,-0.0,0.0,0.0,-0.0,1.0,-0.0,-1.0,0.0,-1.0,0.0,-1.0,0.0,0.0,-0.0,1.0,-0.0,-1.0,0.0,1.0,-0.0,-1.0,0.0,-1,0.0,-1,0.0,-1,0.0,-1.0,0.0,1.0,-0.0,1.0,-0.0,-1.0,0.0,-1.0,0.0,1.0,-0.0,0,-0.0,-1.0,0.0,-1.0,0.0,1.0,-0.0,0.0,-0.0,0.0,-0.0,-1.0,0.0,-1.0,0.0,1.0,-0.0,-1,0.0,-1,0.0,0.0,-0.0,-1.0,0.0,-1,0.0,1.0,-0.0,1,-0.0,-1.0,0.0,0.0,-0.0,1.0,-0.0,-1.0,0.0,1.0,-0.0,1.0,-0.0,-1.0,0.0,1.0,-0.0,-1.0,0.0,-1.0,0.0,1.0,-0.0,-1,0.0,1,-0.0,0.0,-0.0,-1.0,0.0,-1.0,0.0,1.0,-0.0,1.0,-0.0,-1.0,0.0,-1.0,0.0,1.0,-0.0,1.0,-0.0,-1,0.0,0,-0.0,1.0,-0.0,0,-0.0,-1.0,0.0,1,-0.0,-1,0.0,1.0,-0.0,1,-0.0,-1.0,0.0,0.0,-0.0,0.0,-0.0,-1.0,0.0,1.0,-0.0,1.0,-0.0,1.0,-0.0,1.0,-0.0,-1.0,0.0,1,-0.0,0,-0.0,1.0,-0.0,1.0,-0.0,1,-0.0,-1.0,0.0,1.0,-0.0,1,-0.0,1,-0.0,1.0,-0.0,0.0,-0.0,-1.0,0.0,1.0,-0.0
20170119,@SH7,-1.0,-0.00418604651163,53525.0,grain,1484853151,1.0,-0.0,0.0,0.0,-0.0,1.0,-0.0,-1.0,0.0,-1.0,0.0,-1.0,0.0,0.0,-0.0,-1.0,0.0,1.0,-0.0,-1.0,0.0,1.0,-0.0,-1,0.0,-1,0.0,-1,0.0,-1.0,0.0,1.0,-0.0,-1.0,0.0,-1.0,0.0,-1.0,0.0,1.0,-0.0,0,-0.0,-1.0,0.0,-1.0,0.0,-1.0,0.0,0.0,-0.0,0.0,-0.0,1.0,-0.0,1.0,-0.0,-1.0,0.0,-1,0.0,-1,0.0,0.0,-0.0,-1.0,0.0,1,-0.0,1.0,-0.0,1,-0.0,1.0,-0.0,0.0,-0.0,-1.0,0.0,1.0,-0.0,1.0,-0.0,1.0,-0.0,-1.0,0.0,1.0,-0.0,-1.0,0.0,-1.0,0.0,-1.0,0.0,-1,0.0,1,-0.0,0.0,-0.0,1.0,-0.0,-1.0,0.0,1.0,-0.0,1.0,-0.0,-1.0,0.0,-1.0,0.0,1.0,-0.0,-1.0,0.0,1,-0.0,0,-0.0,-1.0,0.0,0,-0.0,1.0,-0.0,1,-0.0,-1,0.0,1.0,-0.0,1,-0.0,1.0,-0.0,0.0,-0.0,0.0,-0.0,-1.0,0.0,1.0,-0.0,1.0,-0.0,1.0,-0.0,-1.0,0.0,1.0,-0.0,-1,0.0,0,-0.0,1.0,-0.0,1.0,-0.0,-1,0.0,1.0,-0.0,-1.0,0.0,1,-0.0,1,-0.0,1.0,-0.0,0.0,-0.0,1.0,-0.0,-1.0,0.0
20170119,QRBH7,-1.0,-0.00595917332319,65856.0,energy,1484862276,1.0,-0.0,0.0,-1.0,0.0,-1.0,0.0,1.0,-0.0,-1.0,0.0,-1.0,0.0,1.0,-0.0,1.0,-0.0,1.0,-0.0,1.0,-0.0,1.0,-0.0,0,-0.0,1,-0.0,-1,0.0,0.0,-0.0,1.0,-0.0,1.0,-0.0,-1.0,0.0,-1.0,0.0,1.0,-0.0,0,-0.0,1.0,-0.0,-1.0,0.0,-1.0,0.0,-1.0,0.0,1.0,-0.0,-1.0,0.0,1.0,-0.0,1.0,-0.0,1,-0.0,0,-0.0,1.0,-0.0,-1.0,0.0,-1,0.0,1.0,-0.0,1,-0.0,-1.0,0.0,0.0,-0.0,1.0,-0.0,-1.0,0.0,1.0,-0.0,1.0,-0.0,0.0,-0.0,1.0,-0.0,1.0,-0.0,-1.0,0.0,1.0,-0.0,1,-0.0,-1,0.0,0.0,-0.0,-1.0,0.0,-1.0,0.0,0.0,-0.0,-1.0,0.0,-1.0,0.0,0.0,-0.0,1.0,-0.0,1.0,-0.0,1,-0.0,1,-0.0,-1.0,0.0,0,-0.0,-1.0,0.0,-1,0.0,1,-0.0,-1.0,0.0,0,-0.0,1.0,-0.0,1.0,-0.0,-1.0,0.0,1.0,-0.0,-1.0,0.0,1.0,-0.0,0.0,-0.0,1.0,-0.0,-1.0,0.0,-1,0.0,-1,0.0,0.0,-0.0,-1.0,0.0,1,-0.0,-1.0,0.0,-1.0,0.0,0,-0.0,-1,0.0,1.0,-0.0,-1.0,0.0,-1.0,0.0,-1.0,0.0
20170119,QPLJ7,-1.0,-0.0109064718592,48065.0,metal,1484862276,1.0,-0.0,0.0,1.0,-0.0,1.0,-0.0,1.0,-0.0,-1.0,0.0,-1.0,0.0,0.0,-0.0,1.0,-0.0,-1.0,0.0,-1.0,0.0,-1.0,0.0,0,-0.0,1,-0.0,1,-0.0,1.0,-0.0,1.0,-0.0,-1.0,0.0,0.0,-0.0,-1.0,0.0,1.0,-0.0,0,-0.0,1.0,-0.0,1.0,-0.0,1.0,-0.0,1.0,-0.0,-1.0,0.0,1.0,-0.0,-1.0,0.0,-1.0,0.0,1,-0.0,0,-0.0,-1.0,0.0,-1.0,0.0,-1,0.0,-1.0,0.0,1,-0.0,-1.0,0.0,1.0,-0.0,1.0,-0.0,1.0,-0.0,-1.0,0.0,0.0,-0.0,0.0,-0.0,1.0,-0.0,1.0,-0.0,-1.0,0.0,1.0,-0.0,-1,0.0,-1,0.0,-1.0,0.0,-1.0,0.0,1.0,-0.0,0.0,-0.0,-1.0,0.0,1.0,-0.0,1.0,-0.0,-1.0,0.0,1.0,-0.0,-1,0.0,0,-0.0,1.0,-0.0,0,-0.0,1.0,-0.0,-1,0.0,-1,0.0,1.0,-0.0,0,-0.0,-1.0,0.0,-1.0,0.0,1.0,-0.0,1.0,-0.0,-1.0,0.0,-1.0,0.0,-1.0,0.0,-1.0,0.0,-1.0,0.0,1,-0.0,0,-0.0,-1.0,0.0,-1.0,0.0,1,-0.0,1.0,-0.0,1.0,-0.0,0,-0.0,-1,0.0,1.0,-0.0,0.0,-0.0,-1.0,0.0,1.0,-0.0
20170119,QPAH7,1.0,0.00372836218375,75380.0,metal,1484862276,1.0,0.0,0.0,0.0,0.0,1.0,0.0,1.0,0.0,-1.0,-0.0,-1.0,-0.0,1.0,0.0,1.0,0.0,1.0,0.0,1.0,0.0,-1.0,-0.0,-1,-0.0,-1,-0.0,-1,-0.0,0.0,0.0,1.0,0.0,1.0,0.0,-1.0,-0.0,-1.0,-0.0,1.0,0.0,0,0.0,1.0,0.0,-1.0,-0.0,1.0,0.0,0.0,0.0,0.0,0.0,-1.0,-0.0,-1.0,-0.0,1.0,0.0,-1,-0.0,-1,-0.0,0.0,0.0,-1.0,-0.0,-1,-0.0,1.0,0.0,1,0.0,-1.0,-0.0,0.0,0.0,1.0,0.0,-1.0,-0.0,1.0,0.0,1.0,0.0,-1.0,-0.0,1.0,0.0,-1.0,-0.0,-1.0,-0.0,1.0,0.0,-1,-0.0,-1,-0.0,0.0,0.0,-1.0,-0.0,-1.0,-0.0,1.0,0.0,1.0,0.0,-1.0,-0.0,0.0,0.0,1.0,0.0,1.0,0.0,1,0.0,1,0.0,1.0,0.0,0,0.0,-1.0,-0.0,1,0.0,-1,-0.0,1.0,0.0,1,0.0,-1.0,-0.0,0.0,0.0,0.0,0.0,1.0,0.0,-1.0,-0.0,1.0,0.0,0.0,0.0,1.0,0.0,-1.0,-0.0,-1,-0.0,-1,-0.0,0.0,0.0,-1.0,-0.0,1,0.0,-1.0,-0.0,1.0,0.0,1,0.0,1,0.0,1.0,0.0,-1.0,-0.0,-1.0,-0.0,-1.0,-0.0
20170119,@NQH7,-1.0,-0.000197843505787,101070.0,index,1484862276,1.0,-0.0,0.0,0.0,-0.0,1.0,-0.0,-1.0,0.0,1.0,-0.0,-1.0,0.0,0.0,-0.0,-1.0,0.0,1.0,-0.0,-1.0,0.0,1.0,-0.0,-1,0.0,-1,0.0,-1,0.0,-1.0,0.0,1.0,-0.0,1.0,-0.0,0.0,-0.0,1.0,-0.0,1.0,-0.0,0,-0.0,-1.0,0.0,-1.0,0.0,-1.0,0.0,0.0,-0.0,0.0,-0.0,1.0,-0.0,1.0,-0.0,-1.0,0.0,-1,0.0,-1,0.0,0.0,-0.0,-1.0,0.0,-1,0.0,1.0,-0.0,-1,0.0,1.0,-0.0,-1.0,0.0,-1.0,0.0,-1.0,0.0,1.0,-0.0,0.0,-0.0,-1.0,0.0,-1.0,0.0,-1.0,0.0,-1.0,0.0,1.0,-0.0,-1,0.0,1,-0.0,1.0,-0.0,1.0,-0.0,-1.0,0.0,1.0,-0.0,1.0,-0.0,-1.0,0.0,-1.0,0.0,1.0,-0.0,-1.0,0.0,1,-0.0,0,-0.0,-1.0,0.0,0,-0.0,1.0,-0.0,1,-0.0,-1,0.0,1.0,-0.0,1,-0.0,1.0,-0.0,0.0,-0.0,0.0,-0.0,-1.0,0.0,1.0,-0.0,1.0,-0.0,1.0,-0.0,-1.0,0.0,1.0,-0.0,-1,0.0,0,-0.0,1.0,-0.0,1.0,-0.0,-1,0.0,1.0,-0.0,-1.0,0.0,1,-0.0,1,-0.0,1.0,-0.0,0.0,-0.0,1.0,-0.0,-1.0,0.0
20170119,@NKDH7,1.0,0.00184113624408,82991.9818721,index,1484862276,1.0,0.0,0.0,0.0,0.0,1.0,0.0,-1.0,-0.0,1.0,0.0,-1.0,-0.0,0.0,0.0,-1.0,-0.0,1.0,0.0,-1.0,-0.0,1.0,0.0,-1,-0.0,-1,-0.0,-1,-0.0,-1.0,-0.0,1.0,0.0,1.0,0.0,0.0,0.0,1.0,0.0,1.0,0.0,0,0.0,-1.0,-0.0,-1.0,-0.0,-1.0,-0.0,0.0,0.0,0.0,0.0,1.0,0.0,1.0,0.0,-1.0,-0.0,-1,-0.0,-1,-0.0,0.0,0.0,-1.0,-0.0,1,0.0,1.0,0.0,-1,-0.0,1.0,0.0,-1.0,-0.0,-1.0,-0.0,-1.0,-0.0,1.0,0.0,0.0,0.0,-1.0,-0.0,-1.0,-0.0,-1.0,-0.0,-1.0,-0.0,-1.0,-0.0,-1,-0.0,1,0.0,1.0,0.0,1.0,0.0,-1.0,-0.0,1.0,0.0,1.0,0.0,-1.0,-0.0,-1.0,-0.0,1.0,0.0,-1.0,-0.0,1,0.0,0,0.0,-1.0,-0.0,0,0.0,1.0,0.0,1,0.0,-1,-0.0,1.0,0.0,1,0.0,1.0,0.0,0.0,0.0,0.0,0.0,-1.0,-0.0,1.0,0.0,1.0,0.0,1.0,0.0,-1.0,-0.0,1.0,0.0,-1,-0.0,0,0.0,1.0,0.0,1.0,0.0,-1,-0.0,1.0,0.0,-1.0,-0.0,1,0.0,1,0.0,1.0,0.0,0.0,0.0,1.0,0.0,-1.0,-0.0
20170119,@NEH7,1.0,0.00251466890193,71760.0,currency,1484862276,1.0,0.0,0.0,0.0,0.0,1.0,0.0,-1.0,-0.0,-1.0,-0.0,-1.0,-0.0,0.0,0.0,1.0,0.0,-1.0,-0.0,1.0,0.0,-1.0,-0.0,-1,-0.0,-1,-0.0,-1,-0.0,-1.0,-0.0,1.0,0.0,1.0,0.0,-1.0,-0.0,-1.0,-0.0,1.0,0.0,0,0.0,-1.0,-0.0,-1.0,-0.0,1.0,0.0,0.0,0.0,0.0,0.0,-1.0,-0.0,-1.0,-0.0,1.0,0.0,-1,-0.0,-1,-0.0,0.0,0.0,-1.0,-0.0,-1,-0.0,1.0,0.0,1,0.0,-1.0,-0.0,0.0,0.0,1.0,0.0,-1.0,-0.0,1.0,0.0,1.0,0.0,-1.0,-0.0,1.0,0.0,-1.0,-0.0,-1.0,-0.0,1.0,0.0,-1,-0.0,1,0.0,0.0,0.0,-1.0,-0.0,-1.0,-0.0,1.0,0.0,1.0,0.0,-1.0,-0.0,-1.0,-0.0,1.0,0.0,1.0,0.0,-1,-0.0,0,0.0,1.0,0.0,0,0.0,-1.0,-0.0,1,0.0,-1,-0.0,1.0,0.0,1,0.0,-1.0,-0.0,0.0,0.0,0.0,0.0,-1.0,-0.0,1.0,0.0,1.0,0.0,1.0,0.0,1.0,0.0,-1.0,-0.0,1,0.0,0,0.0,1.0,0.0,1.0,0.0,1,0.0,-1.0,-0.0,1.0,0.0,1,0.0,1,0.0,1.0,0.0,0.0,0.0,-1.0,-0.0,1.0,0.0
20170119,@ADH7,1.0,0.00318852132324,75510.0,currency,1484862276,1.0,0.0,0.0,0.0,0.0,1.0,0.0,-1.0,-0.0,-1.0,-0.0,-1.0,-0.0,0.0,0.0,1.0,0.0,-1.0,-0.0,1.0,0.0,-1.0,-0.0,-1,-0.0,-1,-0.0,-1,-0.0,-1.0,-0.0,1.0,0.0,1.0,0.0,-1.0,-0.0,-1.0,-0.0,1.0,0.0,0,0.0,-1.0,-0.0,-1.0,-0.0,1.0,0.0,0.0,0.0,0.0,0.0,-1.0,-0.0,-1.0,-0.0,1.0,0.0,-1,-0.0,-1,-0.0,0.0,0.0,-1.0,-0.0,-1,-0.0,1.0,0.0,1,0.0,-1.0,-0.0,0.0,0.0,1.0,0.0,-1.0,-0.0,1.0,0.0,1.0,0.0,-1.0,-0.0,1.0,0.0,-1.0,-0.0,-1.0,-0.0,1.0,0.0,-1,-0.0,1,0.0,0.0,0.0,-1.0,-0.0,-1.0,-0.0,1.0,0.0,1.0,0.0,-1.0,-0.0,-1.0,-0.0,1.0,0.0,1.0,0.0,-1,-0.0,0,0.0,1.0,0.0,0,0.0,-1.0,-0.0,1,0.0,-1,-0.0,1.0,0.0,1,0.0,-1.0,-0.0,0.0,0.0,0.0,0.0,-1.0,-0.0,1.0,0.0,1.0,0.0,1.0,0.0,1.0,0.0,-1.0,-0.0,1,0.0,0,0.0,1.0,0.0,1.0,0.0,1,0.0,-1.0,-0.0,1.0,0.0,1,0.0,1,0.0,1.0,0.0,0.0,0.0,-1.0,-0.0,1.0,0.0
20170120,@BPH7,1.0,0.00226739007207,77356.25,currency,1484948740,1.0,0.0,0.0,-1.0,-0.0,-1.0,-0.0,-1.0,-0.0,-1.0,-0.0,1.0,0.0,0.0,0.0,-1.0,-0.0,1.0,0.0,1.0,0.0,1.0,0.0,0,0.0,-1,-0.0,-1,-0.0,-1.0,-0.0,-1.0,-0.0,-1.0,-0.0,-1.0,-0.0,-1.0,-0.0,-1.0,-0.0,0,0.0,-1.0,-0.0,-1.0,-0.0,-1.0,-0.0,-1.0,-0.0,1.0,0.0,-1.0,-0.0,1.0,0.0,1.0,0.0,-1,-0.0,0,0.0,1.0,0.0,1.0,0.0,-1,-0.0,1.0,0.0,1,0.0,1.0,0.0,0.0,0.0,-1.0,-0.0,1.0,0.0,1.0,0.0,1.0,0.0,0.0,0.0,1.0,0.0,-1.0,-0.0,1.0,0.0,1.0,0.0,1,0.0,1,0.0,0.0,0.0,1.0,0.0,-1.0,-0.0,0.0,0.0,1.0,0.0,-1.0,-0.0,-1.0,-0.0,1.0,0.0,-1.0,-0.0,1,0.0,0,0.0,-1.0,-0.0,0,0.0,-1.0,-0.0,1,0.0,1,0.0,-1.0,-0.0,0,0.0,1.0,0.0,1.0,0.0,-1.0,-0.0,-1.0,-0.0,1.0,0.0,1.0,0.0,1.0,0.0,1.0,0.0,1.0,0.0,-1,-0.0,0,0.0,1.0,0.0,1.0,0.0,-1,-0.0,-1.0,-0.0,-1.0,-0.0,0,0.0,1,0.0,-1.0,-0.0,0.0,0.0,1.0,0.0,-1.0,-0.0
20170120,@ADH7,1.0,0.0,75470.0,currency,1484948740,1.0,0.0,0.0,0.0,0.0,1.0,0.0,-1.0,-0.0,-1.0,-0.0,-1.0,-0.0,0.0,0.0,-1.0,-0.0,1.0,0.0,-1.0,-0.0,1.0,0.0,-1,-0.0,-1,-0.0,-1,-0.0,-1.0,-0.0,1.0,0.0,-1.0,-0.0,-1.0,-0.0,-1.0,-0.0,1.0,0.0,0,0.0,-1.0,-0.0,-1.0,-0.0,-1.0,-0.0,0.0,0.0,0.0,0.0,1.0,0.0,1.0,0.0,-1.0,-0.0,-1,-0.0,-1,-0.0,0.0,0.0,-1.0,-0.0,-1,-0.0,1.0,0.0,1,0.0,1.0,0.0,0.0,0.0,-1.0,-0.0,1.0,0.0,1.0,0.0,1.0,0.0,-1.0,-0.0,1.0,0.0,-1.0,-0.0,-1.0,-0.0,1.0,0.0,-1,-0.0,1,0.0,0.0,0.0,1.0,0.0,-1.0,-0.0,1.0,0.0,1.0,0.0,-1.0,-0.0,-1.0,-0.0,1.0,0.0,-1.0,-0.0,1,0.0,0,0.0,-1.0,-0.0,0,0.0,1.0,0.0,1,0.0,-1,-0.0,1.0,0.0,1,0.0,1.0,0.0,0.0,0.0,0.0,0.0,-1.0,-0.0,1.0,0.0,1.0,0.0,1.0,0.0,-1.0,-0.0,1.0,0.0,-1,-0.0,0,0.0,1.0,0.0,1.0,0.0,-1,-0.0,1.0,0.0,-1.0,-0.0,1,0.0,1,0.0,1.0,0.0,0.0,0.0,1.0,0.0,-1.0,-0.0
20170120,@WH7,1.0,0.00708382526564,21325.0,grain,1484939571,1.0,0.0,0.0,-1.0,-0.0,-1.0,-0.0,-1.0,-0.0,-1.0,-0.0,-1.0,-0.0,0.0,0.0,1.0,0.0,-1.0,-0.0,1.0,0.0,1.0,0.0,0,0.0,1,0.0,-1,-0.0,-1.0,-0.0,1.0,0.0,1.0,0.0,-1.0,-0.0,-1.0,-0.0,1.0,0.0,0,0.0,-1.0,-0.0,-1.0,-0.0,-1.0,-0.0,-1.0,-0.0,1.0,0.0,-1.0,-0.0,1.0,0.0,1.0,0.0,1,0.0,0,0.0,1.0,0.0,-1.0,-0.0,-1,-0.0,1.0,0.0,1,0.0,-1.0,-0.0,0.0,0.0,1.0,0.0,-1.0,-0.0,1.0,0.0,1.0,0.0,0.0,0.0,1.0,0.0,1.0,0.0,-1.0,-0.0,1.0,0.0,1,0.0,1,0.0,0.0,0.0,-1.0,-0.0,-1.0,-0.0,0.0,0.0,-1.0,-0.0,-1.0,-0.0,-1.0,-0.0,1.0,0.0,1.0,0.0,-1,-0.0,0,0.0,-1.0,-0.0,0,0.0,-1.0,-0.0,-1,-0.0,1,0.0,-1.0,-0.0,0,0.0,1.0,0.0,1.0,0.0,-1.0,-0.0,-1.0,-0.0,1.0,0.0,1.0,0.0,1.0,0.0,1.0,0.0,-1.0,-0.0,1,0.0,0,0.0,1.0,0.0,1.0,0.0,1,0.0,-1.0,-0.0,-1.0,-0.0,0,0.0,-1,-0.0,1.0,0.0,0.0,0.0,-1.0,-0.0,1.0,0.0
20170120,@USH7,-1.0,-0.00206868018204,150750.0,rates,1484948740,1.0,-0.0,0.0,1.0,-0.0,1.0,-0.0,1.0,-0.0,-1.0,0.0,-1.0,0.0,-1.0,0.0,-1.0,0.0,-1.0,0.0,-1.0,0.0,-1.0,0.0,0,-0.0,1,-0.0,1,-0.0,0.0,-0.0,1.0,-0.0,-1.0,0.0,0.0,-0.0,-1.0,0.0,1.0,-0.0,0,-0.0,1.0,-0.0,-1.0,0.0,1.0,-0.0,1.0,-0.0,-1.0,0.0,1.0,-0.0,-1.0,0.0,-1.0,0.0,1,-0.0,0,-0.0,-1.0,0.0,-1.0,0.0,-1,0.0,-1.0,0.0,1,-0.0,-1.0,0.0,1.0,-0.0,1.0,-0.0,1.0,-0.0,-1.0,0.0,0.0,-0.0,0.0,-0.0,1.0,-0.0,1.0,-0.0,-1.0,0.0,1.0,-0.0,-1,0.0,1,-0.0,-1.0,0.0,-1.0,0.0,1.0,-0.0,0.0,-0.0,-1.0,0.0,-1.0,0.0,0.0,-0.0,1.0,-0.0,-1.0,0.0,-1,0.0,-1,0.0,1.0,-0.0,0,-0.0,1.0,-0.0,-1,0.0,-1,0.0,1.0,-0.0,0,-0.0,-1.0,0.0,-1.0,0.0,1.0,-0.0,-1.0,0.0,-1.0,0.0,1.0,-0.0,0.0,-0.0,-1.0,0.0,1.0,-0.0,1,-0.0,1,-0.0,0.0,-0.0,-1.0,0.0,1,-0.0,1.0,-0.0,1.0,-0.0,0,-0.0,-1,0.0,1.0,-0.0,1.0,-0.0,1.0,-0.0,1.0,-0.0
20170120,@TYH7,1.0,0.000377500943752,124218.75,rates,1484948740,1.0,46.8926953567,46.8926953567,0.0,0.0,-1.0,-46.8926953567,1.0,46.8926953567,-1.0,-46.8926953567,1.0,46.8926953567,-1.0,-46.8926953567,-1.0,-46.8926953567,-1.0,-46.8926953567,1.0,46.8926953567,-1.0,-46.8926953567,1,46.8926953567,1,46.8926953567,1,46.8926953567,0.0,0.0,-1.0,-46.8926953567,-1.0,-46.8926953567,0.0,0.0,-1.0,-46.8926953567,-1.0,-46.8926953567,0,0.0,1.0,46.8926953567,-1.0,-46.8926953567,1.0,46.8926953567,0.0,0.0,0.0,0.0,-1.0,-46.8926953567,-1.0,-46.8926953567,1.0,46.8926953567,1,46.8926953567,1,46.8926953567,0.0,0.0,1.0,46.8926953567,-1,-46.8926953567,-1.0,-46.8926953567,1,46.8926953567,-1.0,-46.8926953567,1.0,46.8926953567,1.0,46.8926953567,1.0,46.8926953567,-1.0,-46.8926953567,0.0,0.0,1.0,46.8926953567,1.0,46.8926953567,1.0,46.8926953567,1.0,46.8926953567,1.0,46.8926953567,1,46.8926953567,1,46.8926953567,-1.0,-46.8926953567,-1.0,-46.8926953567,1.0,46.8926953567,-1.0,-46.8926953567,-1.0,-46.8926953567,-1.0,-46.8926953567,0.0,0.0,1.0,46.8926953567,-1.0,-46.8926953567,-1,-46.8926953567,-1,-46.8926953567,1.0,46.8926953567,0,0.0,-1.0,-46.8926953567,-1,-46.8926953567,1,46.8926953567,-1.0,-46.8926953567,-1,-46.8926953567,-1.0,-46.8926953567,0.0,0.0,0.0,0.0,-1.0,-46.8926953567,-1.0,-46.8926953567,1.0,46.8926953567,0.0,0.0,1.0,46.8926953567,1.0,46.8926953567,1,46.8926953567,1,46.8926953567,0.0,0.0,-1.0,-46.8926953567,1,46.8926953567,-1.0,-46.8926953567,1.0,46.8926953567,-1,-46.8926953567,-1,-46.8926953567,-1.0,-46.8926953567,1.0,46.8926953567,1.0,46.8926953567,1.0,46.8926953567
20170120,@TUH7,1.0,0.000577117299091,216718.75,rates,1484948740,2.0,0.0,0.0,1.0,0.0,1.0,0.0,1.0,0.0,1.0,0.0,-1.0,-0.0,-1.0,-0.0,-1.0,-0.0,-1.0,-0.0,-1.0,-0.0,-1.0,-0.0,0,0.0,1,0.0,1,0.0,0.0,0.0,1.0,0.0,1.0,0.0,1.0,0.0,1.0,0.0,1.0,0.0,0,0.0,1.0,0.0,-1.0,-0.0,1.0,0.0,1.0,0.0,-1.0,-0.0,1.0,0.0,-1.0,-0.0,-1.0,-0.0,1,0.0,0,0.0,-1.0,-0.0,-1.0,-0.0,-1,-0.0,-1.0,-0.0,-1,-0.0,-1.0,-0.0,0.0,0.0,1.0,0.0,-1.0,-0.0,-1.0,-0.0,-1.0,-0.0,0.0,0.0,-1.0,-0.0,1.0,0.0,-1.0,-0.0,1.0,0.0,-1,-0.0,1,0.0,0.0,0.0,-1.0,-0.0,1.0,0.0,0.0,0.0,-1.0,-0.0,-1.0,-0.0,0.0,0.0,1.0,0.0,-1.0,-0.0,-1,-0.0,-1,-0.0,1.0,0.0,0,0.0,1.0,0.0,-1,-0.0,-1,-0.0,1.0,0.0,0,0.0,-1.0,-0.0,-1.0,-0.0,1.0,0.0,-1.0,-0.0,-1.0,-0.0,1.0,0.0,0.0,0.0,-1.0,-0.0,1.0,0.0,1,0.0,1,0.0,0.0,0.0,-1.0,-0.0,1,0.0,1.0,0.0,1.0,0.0,0,0.0,-1,-0.0,1.0,0.0,1.0,0.0,1.0,0.0,1.0,0.0
20170120,@SMH7,-1.0,-0.00114876507754,34780.0,grain,1484939571,1.0,-0.0,0.0,0.0,-0.0,1.0,-0.0,-1.0,0.0,-1.0,0.0,-1.0,0.0,0.0,-0.0,1.0,-0.0,-1.0,0.0,1.0,-0.0,-1.0,0.0,-1,0.0,-1,0.0,-1,0.0,-1.0,0.0,1.0,-0.0,1.0,-0.0,-1.0,0.0,-1.0,0.0,1.0,-0.0,0,-0.0,-1.0,0.0,-1.0,0.0,1.0,-0.0,0.0,-0.0,0.0,-0.0,-1.0,0.0,-1.0,0.0,1.0,-0.0,-1,0.0,-1,0.0,0.0,-0.0,-1.0,0.0,1,-0.0,1.0,-0.0,1,-0.0,-1.0,0.0,0.0,-0.0,1.0,-0.0,-1.0,0.0,1.0,-0.0,1.0,-0.0,-1.0,0.0,1.0,-0.0,-1.0,0.0,-1.0,0.0,-1.0,0.0,-1,0.0,1,-0.0,0.0,-0.0,-1.0,0.0,-1.0,0.0,1.0,-0.0,1.0,-0.0,-1.0,0.0,-1.0,0.0,1.0,-0.0,1.0,-0.0,-1,0.0,0,-0.0,1.0,-0.0,0,-0.0,-1.0,0.0,1,-0.0,-1,0.0,1.0,-0.0,1,-0.0,-1.0,0.0,0.0,-0.0,0.0,-0.0,-1.0,0.0,1.0,-0.0,1.0,-0.0,1.0,-0.0,1.0,-0.0,-1.0,0.0,1,-0.0,0,-0.0,1.0,-0.0,1.0,-0.0,1,-0.0,-1.0,0.0,1.0,-0.0,1,-0.0,1,-0.0,1.0,-0.0,0.0,-0.0,-1.0,0.0,1.0,-0.0
20170120,QSIH7,1.0,0.00517586166333,85450.0,metal,1484948740,1.0,0.0,0.0,1.0,0.0,1.0,0.0,1.0,0.0,-1.0,-0.0,-1.0,-0.0,0.0,0.0,1.0,0.0,-1.0,-0.0,-1.0,-0.0,-1.0,-0.0,0,0.0,1,0.0,1,0.0,1.0,0.0,1.0,0.0,-1.0,-0.0,0.0,0.0,-1.0,-0.0,1.0,0.0,0,0.0,1.0,0.0,1.0,0.0,1.0,0.0,1.0,0.0,-1.0,-0.0,1.0,0.0,-1.0,-0.0,-1.0,-0.0,1,0.0,0,0.0,-1.0,-0.0,-1.0,-0.0,-1,-0.0,-1.0,-0.0,1,0.0,-1.0,-0.0,1.0,0.0,1.0,0.0,1.0,0.0,-1.0,-0.0,0.0,0.0,0.0,0.0,1.0,0.0,1.0,0.0,-1.0,-0.0,1.0,0.0,-1,-0.0,-1,-0.0,-1.0,-0.0,-1.0,-0.0,1.0,0.0,0.0,0.0,-1.0,-0.0,1.0,0.0,1.0,0.0,-1.0,-0.0,1.0,0.0,-1,-0.0,0,0.0,1.0,0.0,0,0.0,1.0,0.0,-1,-0.0,-1,-0.0,1.0,0.0,0,0.0,-1.0,-0.0,-1.0,-0.0,1.0,0.0,1.0,0.0,-1.0,-0.0,-1.0,-0.0,-1.0,-0.0,-1.0,-0.0,-1.0,-0.0,1,0.0,0,0.0,-1.0,-0.0,-1.0,-0.0,1,0.0,1.0,0.0,1.0,0.0,0,0.0,-1,-0.0,1.0,0.0,0.0,0.0,-1.0,-0.0,1.0,0.0
20170120,@SFH7,1.0,0.00512305374184,125075.0,currency,1484948740,1.0,0.0,0.0,0.0,0.0,1.0,0.0,-1.0,-0.0,-1.0,-0.0,-1.0,-0.0,0.0,0.0,1.0,0.0,-1.0,-0.0,1.0,0.0,-1.0,-0.0,-1,-0.0,-1,-0.0,-1,-0.0,-1.0,-0.0,1.0,0.0,1.0,0.0,-1.0,-0.0,-1.0,-0.0,1.0,0.0,0,0.0,-1.0,-0.0,-1.0,-0.0,1.0,0.0,0.0,0.0,0.0,0.0,-1.0,-0.0,-1.0,-0.0,1.0,0.0,-1,-0.0,-1,-0.0,0.0,0.0,-1.0,-0.0,-1,-0.0,1.0,0.0,1,0.0,-1.0,-0.0,0.0,0.0,1.0,0.0,-1.0,-0.0,1.0,0.0,1.0,0.0,-1.0,-0.0,1.0,0.0,-1.0,-0.0,-1.0,-0.0,1.0,0.0,-1,-0.0,1,0.0,0.0,0.0,-1.0,-0.0,-1.0,-0.0,1.0,0.0,1.0,0.0,-1.0,-0.0,-1.0,-0.0,1.0,0.0,1.0,0.0,-1,-0.0,0,0.0,1.0,0.0,0,0.0,-1.0,-0.0,1,0.0,-1,-0.0,1.0,0.0,1,0.0,-1.0,-0.0,0.0,0.0,0.0,0.0,-1.0,-0.0,1.0,0.0,1.0,0.0,1.0,0.0,1.0,0.0,-1.0,-0.0,1,0.0,0,0.0,1.0,0.0,1.0,0.0,1,0.0,-1.0,-0.0,1.0,0.0,1,0.0,1,0.0,1.0,0.0,0.0,0.0,-1.0,-0.0,1.0,0.0
20170120,@SH7,-1.0,-0.00350385423966,53325.0,grain,1484939571,1.0,-0.0,0.0,0.0,-0.0,1.0,-0.0,-1.0,0.0,-1.0,0.0,-1.0,0.0,0.0,-0.0,1.0,-0.0,-1.0,0.0,1.0,-0.0,-1.0,0.0,-1,0.0,-1,0.0,-1,0.0,-1.0,0.0,1.0,-0.0,1.0,-0.0,-1.0,0.0,-1.0,0.0,1.0,-0.0,0,-0.0,-1.0,0.0,-1.0,0.0,1.0,-0.0,0.0,-0.0,0.0,-0.0,-1.0,0.0,-1.0,0.0,1.0,-0.0,-1,0.0,-1,0.0,0.0,-0.0,-1.0,0.0,1,-0.0,1.0,-0.0,1,-0.0,-1.0,0.0,0.0,-0.0,1.0,-0.0,-1.0,0.0,1.0,-0.0,1.0,-0.0,-1.0,0.0,1.0,-0.0,-1.0,0.0,-1.0,0.0,-1.0,0.0,-1,0.0,1,-0.0,0.0,-0.0,-1.0,0.0,-1.0,0.0,1.0,-0.0,1.0,-0.0,-1.0,0.0,-1.0,0.0,1.0,-0.0,1.0,-0.0,-1,0.0,0,-0.0,1.0,-0.0,0,-0.0,-1.0,0.0,1,-0.0,-1,0.0,1.0,-0.0,1,-0.0,-1.0,0.0,0.0,-0.0,0.0,-0.0,-1.0,0.0,1.0,-0.0,1.0,-0.0,1.0,-0.0,1.0,-0.0,-1.0,0.0,1,-0.0,0,-0.0,1.0,-0.0,1.0,-0.0,1,-0.0,-1.0,0.0,1.0,-0.0,1,-0.0,1,-0.0,1.0,-0.0,0.0,-0.0,-1.0,0.0,1.0,-0.0
20170120,QRBH7,1.0,0.018989769821,66935.4,energy,1484948740,1.0,0.0,0.0,-1.0,-0.0,-1.0,-0.0,1.0,0.0,1.0,0.0,-1.0,-0.0,1.0,0.0,1.0,0.0,1.0,0.0,1.0,0.0,1.0,0.0,0,0.0,1,0.0,-1,-0.0,0.0,0.0,1.0,0.0,1.0,0.0,0.0,0.0,-1.0,-0.0,1.0,0.0,0,0.0,1.0,0.0,-1.0,-0.0,-1.0,-0.0,-1.0,-0.0,1.0,0.0,-1.0,-0.0,1.0,0.0,1.0,0.0,1,0.0,0,0.0,1.0,0.0,-1.0,-0.0,-1,-0.0,1.0,0.0,-1,-0.0,-1.0,-0.0,-1.0,-0.0,-1.0,-0.0,-1.0,-0.0,-1.0,-0.0,0.0,0.0,0.0,0.0,1.0,0.0,1.0,0.0,-1.0,-0.0,1.0,0.0,1,0.0,-1,-0.0,1.0,0.0,1.0,0.0,1.0,0.0,0.0,0.0,-1.0,-0.0,-1.0,-0.0,0.0,0.0,1.0,0.0,1.0,0.0,1,0.0,1,0.0,-1.0,-0.0,0,0.0,-1.0,-0.0,-1,-0.0,1,0.0,-1.0,-0.0,0,0.0,1.0,0.0,1.0,0.0,-1.0,-0.0,1.0,0.0,-1.0,-0.0,1.0,0.0,0.0,0.0,1.0,0.0,-1.0,-0.0,-1,-0.0,-1,-0.0,0.0,0.0,-1.0,-0.0,1,0.0,-1.0,-0.0,-1.0,-0.0,0,0.0,-1,-0.0,1.0,0.0,-1.0,-0.0,-1.0,-0.0,-1.0,-0.0
20170120,QPLJ7,1.0,0.0248849853618,49010.0,metal,1484948740,1.0,0.0,0.0,0.0,0.0,-1.0,-0.0,1.0,0.0,-1.0,-0.0,1.0,0.0,0.0,0.0,1.0,0.0,-1.0,-0.0,1.0,0.0,-1.0,-0.0,1,0.0,1,0.0,1,0.0,1.0,0.0,-1.0,-0.0,-1.0,-0.0,0.0,0.0,-1.0,-0.0,-1.0,-0.0,0,0.0,1.0,0.0,1.0,0.0,1.0,0.0,0.0,0.0,0.0,0.0,-1.0,-0.0,-1.0,-0.0,1.0,0.0,1,0.0,1,0.0,0.0,0.0,1.0,0.0,-1,-0.0,-1.0,-0.0,1,0.0,-1.0,-0.0,1.0,0.0,1.0,0.0,1.0,0.0,-1.0,-0.0,0.0,0.0,1.0,0.0,1.0,0.0,1.0,0.0,1.0,0.0,1.0,0.0,1,0.0,-1,-0.0,-1.0,-0.0,-1.0,-0.0,1.0,0.0,-1.0,-0.0,-1.0,-0.0,1.0,0.0,1.0,0.0,-1.0,-0.0,1.0,0.0,-1,-0.0,0,0.0,1.0,0.0,0,0.0,-1.0,-0.0,-1,-0.0,1,0.0,-1.0,-0.0,-1,-0.0,-1.0,-0.0,0.0,0.0,0.0,0.0,1.0,0.0,-1.0,-0.0,-1.0,-0.0,-1.0,-0.0,1.0,0.0,-1.0,-0.0,1,0.0,0,0.0,-1.0,-0.0,-1.0,-0.0,1,0.0,-1.0,-0.0,1.0,0.0,-1,-0.0,-1,-0.0,-1.0,-0.0,0.0,0.0,-1.0,-0.0,1.0,0.0
20170120,QPAH7,1.0,0.0491246754976,78805.0,metal,1484948740,1.0,0.0,0.0,0.0,0.0,1.0,0.0,-1.0,-0.0,-1.0,-0.0,-1.0,-0.0,1.0,0.0,1.0,0.0,1.0,0.0,-1.0,-0.0,1.0,0.0,-1,-0.0,-1,-0.0,-1,-0.0,0.0,0.0,1.0,0.0,-1.0,-0.0,-1.0,-0.0,-1.0,-0.0,1.0,0.0,0,0.0,-1.0,-0.0,1.0,0.0,-1.0,-0.0,0.0,0.0,0.0,0.0,1.0,0.0,1.0,0.0,-1.0,-0.0,-1,-0.0,-1,-0.0,0.0,0.0,-1.0,-0.0,-1,-0.0,1.0,0.0,1,0.0,1.0,0.0,0.0,0.0,-1.0,-0.0,1.0,0.0,1.0,0.0,1.0,0.0,-1.0,-0.0,1.0,0.0,-1.0,-0.0,-1.0,-0.0,1.0,0.0,-1,-0.0,-1,-0.0,0.0,0.0,1.0,0.0,-1.0,-0.0,1.0,0.0,1.0,0.0,1.0,0.0,0.0,0.0,-1.0,-0.0,1.0,0.0,1,0.0,1,0.0,-1.0,-0.0,0,0.0,1.0,0.0,1,0.0,-1,-0.0,1.0,0.0,1,0.0,1.0,0.0,0.0,0.0,0.0,0.0,1.0,0.0,1.0,0.0,-1.0,-0.0,0.0,0.0,-1.0,-0.0,-1.0,-0.0,-1,-0.0,-1,-0.0,0.0,0.0,1.0,0.0,-1,-0.0,1.0,0.0,-1.0,-0.0,1,0.0,1,0.0,1.0,0.0,-1.0,-0.0,-1.0,-0.0,-1.0,-0.0
20170120,@NQH7,1.0,0.00123676659741,101195.0,index,1484948740,1.0,0.0,0.0,0.0,0.0,1.0,0.0,-1.0,-0.0,-1.0,-0.0,-1.0,-0.0,0.0,0.0,1.0,0.0,-1.0,-0.0,1.0,0.0,-1.0,-0.0,-1,-0.0,-1,-0.0,-1,-0.0,-1.0,-0.0,1.0,0.0,1.0,0.0,-1.0,-0.0,-1.0,-0.0,1.0,0.0,0,0.0,-1.0,-0.0,-1.0,-0.0,1.0,0.0,0.0,0.0,0.0,0.0,-1.0,-0.0,-1.0,-0.0,1.0,0.0,-1,-0.0,-1,-0.0,0.0,0.0,-1.0,-0.0,-1,-0.0,1.0,0.0,1,0.0,-1.0,-0.0,0.0,0.0,1.0,0.0,-1.0,-0.0,1.0,0.0,1.0,0.0,-1.0,-0.0,1.0,0.0,-1.0,-0.0,-1.0,-0.0,1.0,0.0,-1,-0.0,1,0.0,0.0,0.0,-1.0,-0.0,-1.0,-0.0,1.0,0.0,1.0,0.0,-1.0,-0.0,-1.0,-0.0,1.0,0.0,1.0,0.0,-1,-0.0,0,0.0,1.0,0.0,0,0.0,-1.0,-0.0,1,0.0,-1,-0.0,1.0,0.0,1,0.0,-1.0,-0.0,0.0,0.0,0.0,0.0,-1.0,-0.0,1.0,0.0,1.0,0.0,1.0,0.0,1.0,0.0,-1.0,-0.0,1,0.0,0,0.0,1.0,0.0,1.0,0.0,1,0.0,-1.0,-0.0,1.0,0.0,1,0.0,1,0.0,1.0,0.0,0.0,0.0,-1.0,-0.0,1.0,0.0
20170120,@NKDH7,1.0,0.00420057757942,83260.7749238,index,1484948740,1.0,0.0,0.0,0.0,0.0,1.0,0.0,-1.0,-0.0,1.0,0.0,-1.0,-0.0,0.0,0.0,-1.0,-0.0,1.0,0.0,-1.0,-0.0,1.0,0.0,-1,-0.0,-1,-0.0,-1,-0.0,-1.0,-0.0,1.0,0.0,1.0,0.0,0.0,0.0,1.0,0.0,1.0,0.0,0,0.0,-1.0,-0.0,-1.0,-0.0,-1.0,-0.0,0.0,0.0,0.0,0.0,1.0,0.0,1.0,0.0,-1.0,-0.0,-1,-0.0,-1,-0.0,0.0,0.0,-1.0,-0.0,1,0.0,1.0,0.0,-1,-0.0,1.0,0.0,-1.0,-0.0,-1.0,-0.0,-1.0,-0.0,1.0,0.0,0.0,0.0,-1.0,-0.0,-1.0,-0.0,-1.0,-0.0,-1.0,-0.0,-1.0,-0.0,-1,-0.0,1,0.0,1.0,0.0,1.0,0.0,-1.0,-0.0,1.0,0.0,1.0,0.0,-1.0,-0.0,-1.0,-0.0,1.0,0.0,-1.0,-0.0,1,0.0,0,0.0,-1.0,-0.0,0,0.0,1.0,0.0,1,0.0,-1,-0.0,1.0,0.0,1,0.0,1.0,0.0,0.0,0.0,0.0,0.0,-1.0,-0.0,1.0,0.0,1.0,0.0,1.0,0.0,-1.0,-0.0,1.0,0.0,-1,-0.0,0,0.0,1.0,0.0,1.0,0.0,-1,-0.0,1.0,0.0,-1.0,-0.0,1,0.0,1,0.0,1.0,0.0,0.0,0.0,1.0,0.0,-1.0,-0.0
20170120,QNGH7,-1.0,-0.0431547619048,32150.0,energy,1484948740,1.0,-1387.42559524,1387.42559524,0.0,-0.0,1.0,-1387.42559524,-1.0,1387.42559524,1.0,-1387.42559524,-1.0,1387.42559524,1.0,-1387.42559524,1.0,-1387.42559524,1.0,-1387.42559524,-1.0,1387.42559524,1.0,-1387.42559524,-1,1387.42559524,-1,1387.42559524,-1,1387.42559524,0.0,-0.0,1.0,-1387.42559524,1.0,-1387.42559524,0.0,-0.0,1.0,-1387.42559524,1.0,-1387.42559524,0,-0.0,-1.0,1387.42559524,1.0,-1387.42559524,-1.0,1387.42559524,0.0,-0.0,0.0,-0.0,1.0,-1387.42559524,1.0,-1387.42559524,-1.0,1387.42559524,-1,1387.42559524,-1,1387.42559524,0.0,-0.0,-1.0,1387.42559524,-1,1387.42559524,1.0,-1387.42559524,-1,1387.42559524,1.0,-1387.42559524,-1.0,1387.42559524,-1.0,1387.42559524,-1.0,1387.42559524,1.0,-1387.42559524,0.0,-0.0,-1.0,1387.42559524,-1.0,1387.42559524,-1.0,1387.42559524,-1.0,1387.42559524,1.0,-1387.42559524,-1,1387.42559524,-1,1387.42559524,1.0,-1387.42559524,1.0,-1387.42559524,-1.0,1387.42559524,1.0,-1387.42559524,1.0,-1387.42559524,1.0,-1387.42559524,0.0,-0.0,-1.0,1387.42559524,1.0,-1387.42559524,1,-1387.42559524,1,-1387.42559524,-1.0,1387.42559524,0,-0.0,1.0,-1387.42559524,1,-1387.42559524,-1,1387.42559524,1.0,-1387.42559524,1,-1387.42559524,1.0,-1387.42559524,0.0,-0.0,0.0,-0.0,1.0,-1387.42559524,1.0,-1387.42559524,-1.0,1387.42559524,0.0,-0.0,-1.0,1387.42559524,-1.0,1387.42559524,-1,1387.42559524,-1,1387.42559524,0.0,-0.0,1.0,-1387.42559524,-1,1387.42559524,1.0,-1387.42559524,-1.0,1387.42559524,1,-1387.42559524,1,-1387.42559524,1.0,-1387.42559524,-1.0,1387.42559524,-1.0,1387.42559524,-1.0,1387.42559524
20170120,@YMH7,1.0,0.00269117497715,98735.0,index,1484948740,1.0,0.0,0.0,0.0,0.0,1.0,0.0,-1.0,-0.0,-1.0,-0.0,-1.0,-0.0,0.0,0.0,1.0,0.0,-1.0,-0.0,1.0,0.0,-1.0,-0.0,-1,-0.0,-1,-0.0,-1,-0.0,-1.0,-0.0,1.0,0.0,1.0,0.0,-1.0,-0.0,-1.0,-0.0,1.0,0.0,0,0.0,-1.0,-0.0,-1.0,-0.0,1.0,0.0,0.0,0.0,0.0,0.0,-1.0,-0.0,-1.0,-0.0,1.0,0.0,-1,-0.0,-1,-0.0,0.0,0.0,-1.0,-0.0,-1,-0.0,1.0,0.0,1,0.0,-1.0,-0.0,0.0,0.0,1.0,0.0,-1.0,-0.0,1.0,0.0,1.0,0.0,-1.0,-0.0,1.0,0.0,-1.0,-0.0,-1.0,-0.0,1.0,0.0,-1,-0.0,1,0.0,0.0,0.0,-1.0,-0.0,-1.0,-0.0,1.0,0.0,1.0,0.0,-1.0,-0.0,-1.0,-0.0,1.0,0.0,1.0,0.0,-1,-0.0,0,0.0,1.0,0.0,0,0.0,-1.0,-0.0,1,0.0,-1,-0.0,1.0,0.0,1,0.0,-1.0,-0.0,0.0,0.0,0.0,0.0,-1.0,-0.0,1.0,0.0,1.0,0.0,1.0,0.0,1.0,0.0,-1.0,-0.0,1,0.0,0,0.0,1.0,0.0,1.0,0.0,1,0.0,-1.0,-0.0,1.0,0.0,1,0.0,1,0.0,1.0,0.0,0.0,0.0,-1.0,-0.0,1.0,0.0
20170120,@NEH7,-1.0,-0.00250906049624,71560.0,currency,1484948740,1.0,-0.0,0.0,0.0,-0.0,1.0,-0.0,-1.0,0.0,-1.0,0.0,-1.0,0.0,0.0,-0.0,-1.0,0.0,1.0,-0.0,-1.0,0.0,1.0,-0.0,-1,0.0,-1,0.0,-1,0.0,-1.0,0.0,1.0,-0.0,-1.0,0.0,-1.0,0.0,-1.0,0.0,1.0,-0.0,0,-0.0,-1.0,0.0,-1.0,0.0,-1.0,0.0,0.0,-0.0,0.0,-0.0,1.0,-0.0,1.0,-0.0,-1.0,0.0,-1,0.0,-1,0.0,0.0,-0.0,-1.0,0.0,-1,0.0,1.0,-0.0,1,-0.0,1.0,-0.0,0.0,-0.0,-1.0,0.0,1.0,-0.0,1.0,-0.0,1.0,-0.0,-1.0,0.0,1.0,-0.0,-1.0,0.0,-1.0,0.0,1.0,-0.0,-1,0.0,1,-0.0,0.0,-0.0,1.0,-0.0,-1.0,0.0,1.0,-0.0,1.0,-0.0,-1.0,0.0,-1.0,0.0,1.0,-0.0,-1.0,0.0,1,-0.0,0,-0.0,-1.0,0.0,0,-0.0,1.0,-0.0,1,-0.0,-1,0.0,1.0,-0.0,1,-0.0,1.0,-0.0,0.0,-0.0,0.0,-0.0,-1.0,0.0,1.0,-0.0,1.0,-0.0,1.0,-0.0,-1.0,0.0,1.0,-0.0,-1,0.0,0,-0.0,1.0,-0.0,1.0,-0.0,-1,0.0,1.0,-0.0,-1.0,0.0,1,-0.0,1,-0.0,1.0,-0.0,0.0,-0.0,1.0,-0.0,-1.0,0.0
20170120,@HEJ7,-1.0,-0.00761145342515,27380.0,meat,1484939092,1.0,-0.0,0.0,0.0,-0.0,1.0,-0.0,-1.0,0.0,-1.0,0.0,-1.0,0.0,1.0,-0.0,1.0,-0.0,1.0,-0.0,-1.0,0.0,1.0,-0.0,-1,0.0,-1,0.0,-1,0.0,0.0,-0.0,1.0,-0.0,-1.0,0.0,-1.0,0.0,-1.0,0.0,1.0,-0.0,0,-0.0,-1.0,0.0,1.0,-0.0,-1.0,0.0,0.0,-0.0,0.0,-0.0,1.0,-0.0,1.0,-0.0,-1.0,0.0,-1,0.0,-1,0.0,0.0,-0.0,-1.0,0.0,1,-0.0,1.0,-0.0,1,-0.0,1.0,-0.0,0.0,-0.0,-1.0,0.0,1.0,-0.0,1.0,-0.0,1.0,-0.0,-1.0,0.0,1.0,-0.0,-1.0,0.0,-1.0,0.0,-1.0,0.0,-1,0.0,-1,0.0,0.0,-0.0,1.0,-0.0,-1.0,0.0,1.0,-0.0,1.0,-0.0,1.0,-0.0,0.0,-0.0,-1.0,0.0,1.0,-0.0,1,-0.0,1,-0.0,-1.0,0.0,0,-0.0,1.0,-0.0,1,-0.0,-1,0.0,1.0,-0.0,1,-0.0,1.0,-0.0,0.0,-0.0,0.0,-0.0,1.0,-0.0,1.0,-0.0,-1.0,0.0,0.0,-0.0,-1.0,0.0,-1.0,0.0,-1,0.0,-1,0.0,0.0,-0.0,1.0,-0.0,-1,0.0,1.0,-0.0,-1.0,0.0,1,-0.0,1,-0.0,1.0,-0.0,-1.0,0.0,-1.0,0.0,-1.0,0.0
20170120,@LEJ7,-1.0,-0.00667361835245,47630.0,meat,1484939092,1.0,-0.0,0.0,-1.0,0.0,-1.0,0.0,-1.0,0.0,-1.0,0.0,1.0,-0.0,1.0,-0.0,1.0,-0.0,1.0,-0.0,1.0,-0.0,1.0,-0.0,0,-0.0,-1,0.0,-1,0.0,0.0,-0.0,1.0,-0.0,-1.0,0.0,-1.0,0.0,-1.0,0.0,1.0,-0.0,0,-0.0,-1.0,0.0,1.0,-0.0,-1.0,0.0,0.0,-0.0,0.0,-0.0,1.0,-0.0,1.0,-0.0,-1.0,0.0,-1,0.0,-1,0.0,1.0,-0.0,-1.0,0.0,1,-0.0,1.0,-0.0,1,-0.0,1.0,-0.0,0.0,-0.0,-1.0,0.0,1.0,-0.0,1.0,-0.0,1.0,-0.0,-1.0,0.0,1.0,-0.0,-1.0,0.0,-1.0,0.0,-1.0,0.0,-1,0.0,-1,0.0,0.0,-0.0,1.0,-0.0,-1.0,0.0,1.0,-0.0,1.0,-0.0,1.0,-0.0,0.0,-0.0,-1.0,0.0,1.0,-0.0,1,-0.0,1,-0.0,-1.0,0.0,0,-0.0,1.0,-0.0,1,-0.0,1,-0.0,1.0,-0.0,1,-0.0,1.0,-0.0,0.0,-0.0,0.0,-0.0,1.0,-0.0,1.0,-0.0,-1.0,0.0,0.0,-0.0,-1.0,0.0,-1.0,0.0,-1,0.0,-1,0.0,0.0,-0.0,1.0,-0.0,-1,0.0,-1.0,0.0,-1.0,0.0,0,-0.0,1,-0.0,-1.0,0.0,-1.0,0.0,-1.0,0.0,-1.0,0.0
20170120,@JYH7,1.0,0.0022920009168,109325.0,currency,1484948740,1.0,0.0,0.0,0.0,0.0,-1.0,-0.0,1.0,0.0,-1.0,-0.0,1.0,0.0,-1.0,-0.0,-1.0,-0.0,-1.0,-0.0,1.0,0.0,-1.0,-0.0,1,0.0,1,0.0,1,0.0,0.0,0.0,-1.0,-0.0,-1.0,-0.0,0.0,0.0,-1.0,-0.0,-1.0,-0.0,0,0.0,1.0,0.0,-1.0,-0.0,1.0,0.0,0.0,0.0,0.0,0.0,-1.0,-0.0,-1.0,-0.0,1.0,0.0,1,0.0,1,0.0,0.0,0.0,1.0,0.0,-1,-0.0,-1.0,-0.0,1,0.0,-1.0,-0.0,1.0,0.0,1.0,0.0,1.0,0.0,-1.0,-0.0,0.0,0.0,1.0,0.0,1.0,0.0,1.0,0.0,1.0,0.0,1.0,0.0,1,0.0,1,0.0,-1.0,-0.0,-1.0,-0.0,1.0,0.0,-1.0,-0.0,-1.0,-0.0,-1.0,-0.0,0.0,0.0,1.0,0.0,-1.0,-0.0,-1,-0.0,-1,-0.0,1.0,0.0,0,0.0,-1.0,-0.0,-1,-0.0,1,0.0,-1.0,-0.0,-1,-0.0,-1.0,-0.0,0.0,0.0,0.0,0.0,-1.0,-0.0,-1.0,-0.0,1.0,0.0,0.0,0.0,1.0,0.0,1.0,0.0,1,0.0,1,0.0,0.0,0.0,-1.0,-0.0,1,0.0,-1.0,-0.0,1.0,0.0,-1,-0.0,-1,-0.0,-1.0,-0.0,1.0,0.0,1.0,0.0,1.0,0.0
20170120,QHOH7,1.0,0.0160450731827,69682.2,energy,1484948740,1.0,0.0,0.0,0.0,0.0,1.0,0.0,-1.0,-0.0,1.0,0.0,-1.0,-0.0,0.0,0.0,-1.0,-0.0,1.0,0.0,-1.0,-0.0,1.0,0.0,-1,-0.0,-1,-0.0,-1,-0.0,-1.0,-0.0,1.0,0.0,1.0,0.0,0.0,0.0,1.0,0.0,1.0,0.0,0,0.0,-1.0,-0.0,-1.0,-0.0,-1.0,-0.0,0.0,0.0,0.0,0.0,1.0,0.0,1.0,0.0,-1.0,-0.0,-1,-0.0,-1,-0.0,0.0,0.0,-1.0,-0.0,-1,-0.0,1.0,0.0,-1,-0.0,1.0,0.0,-1.0,-0.0,-1.0,-0.0,-1.0,-0.0,1.0,0.0,0.0,0.0,-1.0,-0.0,-1.0,-0.0,-1.0,-0.0,-1.0,-0.0,1.0,0.0,-1,-0.0,1,0.0,1.0,0.0,1.0,0.0,-1.0,-0.0,1.0,0.0,1.0,0.0,-1.0,-0.0,-1.0,-0.0,1.0,0.0,-1.0,-0.0,1,0.0,0,0.0,-1.0,-0.0,0,0.0,1.0,0.0,1,0.0,-1,-0.0,1.0,0.0,1,0.0,1.0,0.0,0.0,0.0,0.0,0.0,-1.0,-0.0,1.0,0.0,1.0,0.0,1.0,0.0,-1.0,-0.0,1.0,0.0,-1,-0.0,0,0.0,1.0,0.0,1.0,0.0,-1,-0.0,1.0,0.0,-1.0,-0.0,1,0.0,1,0.0,1.0,0.0,0.0,0.0,1.0,0.0,-1.0,-0.0
20170120,QHGH7,1.0,0.00287301283279,65450.0,metal,1484948740,1.0,188.038689906,188.038689906,0.0,0.0,1.0,188.038689906,-1.0,-188.038689906,-1.0,-188.038689906,-1.0,-188.038689906,0.0,0.0,1.0,188.038689906,-1.0,-188.038689906,1.0,188.038689906,-1.0,-188.038689906,-1,-188.038689906,-1,-188.038689906,-1,-188.038689906,-1.0,-188.038689906,1.0,188.038689906,1.0,188.038689906,-1.0,-188.038689906,-1.0,-188.038689906,1.0,188.038689906,0,0.0,-1.0,-188.038689906,-1.0,-188.038689906,1.0,188.038689906,0.0,0.0,0.0,0.0,-1.0,-188.038689906,-1.0,-188.038689906,1.0,188.038689906,-1,-188.038689906,-1,-188.038689906,0.0,0.0,-1.0,-188.038689906,-1,-188.038689906,1.0,188.038689906,1,188.038689906,-1.0,-188.038689906,0.0,0.0,1.0,188.038689906,-1.0,-188.038689906,1.0,188.038689906,1.0,188.038689906,-1.0,-188.038689906,1.0,188.038689906,-1.0,-188.038689906,-1.0,-188.038689906,1.0,188.038689906,-1,-188.038689906,1,188.038689906,0.0,0.0,-1.0,-188.038689906,-1.0,-188.038689906,1.0,188.038689906,1.0,188.038689906,-1.0,-188.038689906,-1.0,-188.038689906,1.0,188.038689906,1.0,188.038689906,-1,-188.038689906,0,0.0,1.0,188.038689906,0,0.0,-1.0,-188.038689906,1,188.038689906,-1,-188.038689906,1.0,188.038689906,1,188.038689906,-1.0,-188.038689906,0.0,0.0,0.0,0.0,-1.0,-188.038689906,1.0,188.038689906,1.0,188.038689906,1.0,188.038689906,1.0,188.038689906,-1.0,-188.038689906,1,188.038689906,0,0.0,1.0,188.038689906,1.0,188.038689906,1,188.038689906,-1.0,-188.038689906,1.0,188.038689906,1,188.038689906,1,188.038689906,1.0,188.038689906,0.0,0.0,-1.0,-188.038689906,1.0,188.038689906
20170120,QGCG7,1.0,0.00491052850603,120740.0,metal,1484948740,1.0,0.0,0.0,1.0,0.0,1.0,0.0,1.0,0.0,1.0,0.0,-1.0,-0.0,0.0,0.0,1.0,0.0,-1.0,-0.0,-1.0,-0.0,-1.0,-0.0,0,0.0,1,0.0,1,0.0,1.0,0.0,1.0,0.0,1.0,0.0,1.0,0.0,1.0,0.0,1.0,0.0,0,0.0,1.0,0.0,1.0,0.0,1.0,0.0,1.0,0.0,-1.0,-0.0,1.0,0.0,-1.0,-0.0,-1.0,-0.0,1,0.0,0,0.0,-1.0,-0.0,-1.0,-0.0,-1,-0.0,-1.0,-0.0,-1,-0.0,-1.0,-0.0,0.0,0.0,1.0,0.0,-1.0,-0.0,-1.0,-0.0,-1.0,-0.0,0.0,0.0,-1.0,-0.0,1.0,0.0,-1.0,-0.0,1.0,0.0,-1,-0.0,-1,-0.0,0.0,0.0,-1.0,-0.0,1.0,0.0,0.0,0.0,-1.0,-0.0,1.0,0.0,1.0,0.0,-1.0,-0.0,1.0,0.0,-1,-0.0,0,0.0,1.0,0.0,0,0.0,1.0,0.0,-1,-0.0,-1,-0.0,1.0,0.0,0,0.0,-1.0,-0.0,-1.0,-0.0,1.0,0.0,1.0,0.0,-1.0,-0.0,-1.0,-0.0,-1.0,-0.0,-1.0,-0.0,-1.0,-0.0,1,0.0,0,0.0,-1.0,-0.0,-1.0,-0.0,1,0.0,1.0,0.0,1.0,0.0,0,0.0,-1,-0.0,1.0,0.0,0.0,0.0,-1.0,-0.0,1.0,0.0
20170120,@FVH7,1.0,0.00112979331428,117687.5,rates,1484948740,1.0,0.0,0.0,0.0,0.0,-1.0,-0.0,1.0,0.0,1.0,0.0,1.0,0.0,-1.0,-0.0,-1.0,-0.0,-1.0,-0.0,1.0,0.0,-1.0,-0.0,1,0.0,1,0.0,1,0.0,0.0,0.0,-1.0,-0.0,1.0,0.0,1.0,0.0,1.0,0.0,-1.0,-0.0,0,0.0,1.0,0.0,-1.0,-0.0,1.0,0.0,0.0,0.0,0.0,0.0,-1.0,-0.0,-1.0,-0.0,1.0,0.0,1,0.0,1,0.0,0.0,0.0,1.0,0.0,-1,-0.0,-1.0,-0.0,-1,-0.0,-1.0,-0.0,0.0,0.0,1.0,0.0,-1.0,-0.0,-1.0,-0.0,-1.0,-0.0,1.0,0.0,-1.0,-0.0,1.0,0.0,1.0,0.0,1.0,0.0,1,0.0,1,0.0,0.0,0.0,-1.0,-0.0,1.0,0.0,-1.0,-0.0,-1.0,-0.0,-1.0,-0.0,0.0,0.0,1.0,0.0,-1.0,-0.0,-1,-0.0,-1,-0.0,1.0,0.0,0,0.0,-1.0,-0.0,-1,-0.0,1,0.0,-1.0,-0.0,-1,-0.0,-1.0,-0.0,0.0,0.0,0.0,0.0,-1.0,-0.0,-1.0,-0.0,1.0,0.0,0.0,0.0,1.0,0.0,1.0,0.0,1,0.0,1,0.0,0.0,0.0,-1.0,-0.0,1,0.0,-1.0,-0.0,1.0,0.0,-1,-0.0,-1,-0.0,-1.0,-0.0,1.0,0.0,1.0,0.0,1.0,0.0
20170120,@GFH7,1.0,0.00825970034575,65612.5,meat,1484939092,1.0,0.0,0.0,0.0,0.0,1.0,0.0,-1.0,-0.0,-1.0,-0.0,-1.0,-0.0,0.0,0.0,-1.0,-0.0,1.0,0.0,-1.0,-0.0,1.0,0.0,-1,-0.0,-1,-0.0,-1,-0.0,-1.0,-0.0,1.0,0.0,-1.0,-0.0,-1.0,-0.0,-1.0,-0.0,1.0,0.0,0,0.0,-1.0,-0.0,-1.0,-0.0,-1.0,-0.0,0.0,0.0,0.0,0.0,1.0,0.0,1.0,0.0,-1.0,-0.0,-1,-0.0,-1,-0.0,0.0,0.0,-1.0,-0.0,1,0.0,1.0,0.0,1,0.0,1.0,0.0,0.0,0.0,-1.0,-0.0,1.0,0.0,1.0,0.0,1.0,0.0,-1.0,-0.0,1.0,0.0,-1.0,-0.0,-1.0,-0.0,-1.0,-0.0,-1,-0.0,1,0.0,0.0,0.0,1.0,0.0,-1.0,-0.0,1.0,0.0,1.0,0.0,-1.0,-0.0,-1.0,-0.0,1.0,0.0,-1.0,-0.0,1,0.0,0,0.0,-1.0,-0.0,0,0.0,1.0,0.0,1,0.0,-1,-0.0,1.0,0.0,1,0.0,1.0,0.0,0.0,0.0,0.0,0.0,-1.0,-0.0,1.0,0.0,1.0,0.0,1.0,0.0,-1.0,-0.0,1.0,0.0,-1,-0.0,0,0.0,1.0,0.0,1.0,0.0,-1,-0.0,1.0,0.0,-1.0,-0.0,1,0.0,1,0.0,1.0,0.0,0.0,0.0,1.0,0.0,-1.0,-0.0
20170120,@ESH7,1.0,0.00198982975901,113300.0,index,1484948740,1.0,225.447711696,225.447711696,-1.0,-225.447711696,-1.0,-225.447711696,-1.0,-225.447711696,1.0,225.447711696,-1.0,-225.447711696,0.0,0.0,1.0,225.447711696,-1.0,-225.447711696,1.0,225.447711696,1.0,225.447711696,0,0.0,1,225.447711696,-1,-225.447711696,-1.0,-225.447711696,1.0,225.447711696,1.0,225.447711696,0.0,0.0,-1.0,-225.447711696,1.0,225.447711696,1,99.4914879505,-1.0,-225.447711696,-1.0,-225.447711696,-1.0,-225.447711696,-1.0,-225.447711696,1.0,225.447711696,-1.0,-225.447711696,1.0,225.447711696,1.0,225.447711696,1,225.447711696,0,0.0,1.0,225.447711696,-1.0,-225.447711696,-1,-225.447711696,1.0,225.447711696,-1,-225.447711696,-1.0,-225.447711696,-1.0,-225.447711696,-1.0,-225.447711696,-1.0,-225.447711696,-1.0,-225.447711696,0.0,0.0,0.0,0.0,1.0,225.447711696,1.0,225.447711696,-1.0,-225.447711696,1.0,225.447711696,1,225.447711696,1,225.447711696,1.0,225.447711696,1.0,225.447711696,1.0,225.447711696,0.0,0.0,-1.0,-225.447711696,-1.0,-225.447711696,-1.0,-225.447711696,1.0,225.447711696,1.0,225.447711696,-1,-225.447711696,0,0.0,-1.0,-225.447711696,0,0.0,-1.0,-225.447711696,-1,-225.447711696,1,225.447711696,-1.0,-225.447711696,0,0.0,1.0,225.447711696,1.0,225.447711696,-1.0,-225.447711696,-1.0,-225.447711696,1.0,225.447711696,1.0,225.447711696,1.0,225.447711696,1.0,225.447711696,-1.0,-225.447711696,1,225.447711696,0,0.0,1.0,225.447711696,1.0,225.447711696,1,225.447711696,-1.0,-225.447711696,-1.0,-225.447711696,0,0.0,-1,-225.447711696,1.0,225.447711696,0.0,0.0,-1.0,-225.447711696,1.0,225.447711696
20170120,@EMDH7,1.0,0.00480365077459,167340.0,index,1484948740,1.0,0.0,0.0,-1.0,-0.0,-1.0,-0.0,-1.0,-0.0,-1.0,-0.0,-1.0,-0.0,0.0,0.0,1.0,0.0,-1.0,-0.0,1.0,0.0,1.0,0.0,0,0.0,1,0.0,-1,-0.0,-1.0,-0.0,1.0,0.0,1.0,0.0,-1.0,-0.0,-1.0,-0.0,1.0,0.0,0,0.0,-1.0,-0.0,-1.0,-0.0,-1.0,-0.0,-1.0,-0.0,1.0,0.0,-1.0,-0.0,1.0,0.0,1.0,0.0,1,0.0,0,0.0,1.0,0.0,-1.0,-0.0,-1,-0.0,1.0,0.0,1,0.0,-1.0,-0.0,0.0,0.0,1.0,0.0,-1.0,-0.0,1.0,0.0,1.0,0.0,0.0,0.0,1.0,0.0,1.0,0.0,-1.0,-0.0,1.0,0.0,1,0.0,1,0.0,0.0,0.0,-1.0,-0.0,-1.0,-0.0,0.0,0.0,-1.0,-0.0,-1.0,-0.0,-1.0,-0.0,1.0,0.0,1.0,0.0,-1,-0.0,0,0.0,-1.0,-0.0,0,0.0,-1.0,-0.0,-1,-0.0,1,0.0,-1.0,-0.0,0,0.0,1.0,0.0,1.0,0.0,-1.0,-0.0,-1.0,-0.0,1.0,0.0,1.0,0.0,1.0,0.0,1.0,0.0,-1.0,-0.0,1,0.0,0,0.0,1.0,0.0,1.0,0.0,1,0.0,-1.0,-0.0,-1.0,-0.0,0,0.0,-1,-0.0,1.0,0.0,0.0,0.0,-1.0,-0.0,1.0,0.0
20170120,@EUH7,1.0,0.00327653997379,133962.5,currency,1484948740,1.0,0.0,0.0,0.0,0.0,1.0,0.0,-1.0,-0.0,-1.0,-0.0,-1.0,-0.0,0.0,0.0,1.0,0.0,-1.0,-0.0,1.0,0.0,-1.0,-0.0,-1,-0.0,-1,-0.0,-1,-0.0,-1.0,-0.0,1.0,0.0,1.0,0.0,-1.0,-0.0,-1.0,-0.0,1.0,0.0,0,0.0,-1.0,-0.0,-1.0,-0.0,1.0,0.0,0.0,0.0,0.0,0.0,-1.0,-0.0,-1.0,-0.0,1.0,0.0,-1,-0.0,-1,-0.0,0.0,0.0,-1.0,-0.0,-1,-0.0,1.0,0.0,1,0.0,-1.0,-0.0,0.0,0.0,1.0,0.0,-1.0,-0.0,1.0,0.0,1.0,0.0,-1.0,-0.0,1.0,0.0,-1.0,-0.0,-1.0,-0.0,1.0,0.0,-1,-0.0,1,0.0,0.0,0.0,-1.0,-0.0,-1.0,-0.0,1.0,0.0,1.0,0.0,-1.0,-0.0,-1.0,-0.0,1.0,0.0,1.0,0.0,-1,-0.0,0,0.0,1.0,0.0,0,0.0,-1.0,-0.0,1,0.0,-1,-0.0,1.0,0.0,1,0.0,-1.0,-0.0,0.0,0.0,0.0,0.0,-1.0,-0.0,1.0,0.0,1.0,0.0,1.0,0.0,1.0,0.0,-1.0,-0.0,1,0.0,0,0.0,1.0,0.0,1.0,0.0,1,0.0,-1.0,-0.0,1.0,0.0,1,0.0,1,0.0,1.0,0.0,0.0,0.0,-1.0,-0.0,1.0,0.0
20170120,QCLH7,1.0,0.0201458173446,53170.0,energy,1484948740,1.0,0.0,0.0,-1.0,-0.0,-1.0,-0.0,-1.0,-0.0,-1.0,-0.0,1.0,0.0,1.0,0.0,1.0,0.0,1.0,0.0,1.0,0.0,1.0,0.0,0,0.0,-1,-0.0,-1,-0.0,0.0,0.0,-1.0,-0.0,-1.0,-0.0,-1.0,-0.0,-1.0,-0.0,-1.0,-0.0,0,0.0,-1.0,-0.0,1.0,0.0,-1.0,-0.0,-1.0,-0.0,1.0,0.0,-1.0,-0.0,1.0,0.0,1.0,0.0,-1,-0.0,0,0.0,1.0,0.0,1.0,0.0,-1,-0.0,1.0,0.0,1,0.0,1.0,0.0,0.0,0.0,-1.0,-0.0,1.0,0.0,1.0,0.0,1.0,0.0,0.0,0.0,1.0,0.0,-1.0,-0.0,1.0,0.0,1.0,0.0,1,0.0,-1,-0.0,0.0,0.0,1.0,0.0,-1.0,-0.0,0.0,0.0,1.0,0.0,1.0,0.0,0.0,0.0,-1.0,-0.0,1.0,0.0,1,0.0,1,0.0,-1.0,-0.0,0,0.0,-1.0,-0.0,1,0.0,1,0.0,-1.0,-0.0,0,0.0,1.0,0.0,1.0,0.0,-1.0,-0.0,1.0,0.0,1.0,0.0,-1.0,-0.0,0.0,0.0,1.0,0.0,-1.0,-0.0,-1,-0.0,-1,-0.0,0.0,0.0,1.0,0.0,-1,-0.0,-1.0,-0.0,-1.0,-0.0,0,0.0,1,0.0,-1.0,-0.0,-1.0,-0.0,-1.0,-0.0,-1.0,-0.0
20170120,@CDH7,1.0,0.0,75120.0,currency,1484948740,1.0,0.0,0.0,0.0,0.0,1.0,0.0,-1.0,-0.0,1.0,0.0,-1.0,-0.0,0.0,0.0,1.0,0.0,-1.0,-0.0,1.0,0.0,-1.0,-0.0,-1,-0.0,-1,-0.0,-1,-0.0,-1.0,-0.0,1.0,0.0,1.0,0.0,0.0,0.0,-1.0,-0.0,1.0,0.0,0,0.0,-1.0,-0.0,-1.0,-0.0,-1.0,-0.0,-1.0,-0.0,1.0,0.0,-1.0,-0.0,1.0,0.0,1.0,0.0,1,0.0,0,0.0,0.0,0.0,-1.0,-0.0,-1,-0.0,1.0,0.0,-1,-0.0,-1.0,-0.0,-1.0,-0.0,-1.0,-0.0,-1.0,-0.0,-1.0,-0.0,0.0,0.0,0.0,0.0,1.0,0.0,1.0,0.0,-1.0,-0.0,1.0,0.0,1,0.0,1,0.0,1.0,0.0,1.0,0.0,1.0,0.0,0.0,0.0,-1.0,-0.0,-1.0,-0.0,-1.0,-0.0,1.0,0.0,1.0,0.0,-1,-0.0,0,0.0,-1.0,-0.0,0,0.0,-1.0,-0.0,-1,-0.0,-1,-0.0,-1.0,-0.0,0,0.0,1.0,0.0,1.0,0.0,-1.0,-0.0,-1.0,-0.0,1.0,0.0,1.0,0.0,1.0,0.0,1.0,0.0,-1.0,-0.0,1,0.0,0,0.0,1.0,0.0,1.0,0.0,1,0.0,-1.0,-0.0,1.0,0.0,1,0.0,1,0.0,1.0,0.0,0.0,0.0,-1.0,-0.0,1.0,0.0
20170120,@CH7,1.0,0.00819112627986,18462.5,grain,1484939571,1.0,0.0,0.0,0.0,0.0,1.0,0.0,-1.0,-0.0,-1.0,-0.0,-1.0,-0.0,1.0,0.0,1.0,0.0,1.0,0.0,-1.0,-0.0,1.0,0.0,-1,-0.0,-1,-0.0,-1,-0.0,0.0,0.0,1.0,0.0,-1.0,-0.0,-1.0,-0.0,-1.0,-0.0,1.0,0.0,0,0.0,-1.0,-0.0,1.0,0.0,-1.0,-0.0,0.0,0.0,0.0,0.0,1.0,0.0,1.0,0.0,-1.0,-0.0,-1,-0.0,-1,-0.0,0.0,0.0,-1.0,-0.0,-1,-0.0,1.0,0.0,1,0.0,1.0,0.0,0.0,0.0,-1.0,-0.0,1.0,0.0,1.0,0.0,1.0,0.0,-1.0,-0.0,1.0,0.0,-1.0,-0.0,-1.0,-0.0,1.0,0.0,-1,-0.0,-1,-0.0,0.0,0.0,1.0,0.0,-1.0,-0.0,1.0,0.0,1.0,0.0,1.0,0.0,0.0,0.0,-1.0,-0.0,1.0,0.0,1,0.0,1,0.0,-1.0,-0.0,0,0.0,1.0,0.0,1,0.0,-1,-0.0,1.0,0.0,1,0.0,1.0,0.0,0.0,0.0,0.0,0.0,1.0,0.0,1.0,0.0,-1.0,-0.0,0.0,0.0,-1.0,-0.0,-1.0,-0.0,-1,-0.0,-1,-0.0,0.0,0.0,1.0,0.0,-1,-0.0,1.0,0.0,-1.0,-0.0,1,0.0,1,0.0,1.0,0.0,-1.0,-0.0,-1.0,-0.0,-1.0,-0.0
20170120,@PXH7,1.0,0.0174740101747,23000.0,currency,1484948740,1.0,0.0,0.0,0.0,0.0,1.0,0.0,-1.0,-0.0,1.0,0.0,-1.0,-0.0,1.0,0.0,1.0,0.0,1.0,0.0,-1.0,-0.0,1.0,0.0,-1,-0.0,-1,-0.0,-1,-0.0,0.0,0.0,-1.0,-0.0,1.0,0.0,0.0,0.0,1.0,0.0,-1.0,-0.0,0,0.0,-1.0,-0.0,1.0,0.0,-1.0,-0.0,-1.0,-0.0,1.0,0.0,-1.0,-0.0,1.0,0.0,1.0,0.0,-1,-0.0,0,0.0,0.0,0.0,1.0,0.0,-1,-0.0,1.0,0.0,-1,-0.0,1.0,0.0,-1.0,-0.0,-1.0,-0.0,-1.0,-0.0,1.0,0.0,0.0,0.0,0.0,0.0,-1.0,-0.0,-1.0,-0.0,1.0,0.0,1.0,0.0,1,0.0,-1,-0.0,1.0,0.0,1.0,0.0,-1.0,-0.0,0.0,0.0,1.0,0.0,1.0,0.0,0.0,0.0,-1.0,-0.0,1.0,0.0,1,0.0,1,0.0,-1.0,-0.0,0,0.0,-1.0,-0.0,1,0.0,-1,-0.0,-1.0,-0.0,0,0.0,1.0,0.0,1.0,0.0,-1.0,-0.0,1.0,0.0,1.0,0.0,-1.0,-0.0,0.0,0.0,1.0,0.0,-1.0,-0.0,-1,-0.0,-1,-0.0,0.0,0.0,1.0,0.0,-1,-0.0,1.0,0.0,-1.0,-0.0,1,0.0,1,0.0,1.0,0.0,-1.0,-0.0,-1.0,-0.0,-1.0,-0.0
20170120,@BOH7,-1.0,-0.00507900677201,21156.0,grain,1484939571,1.0,-107.451467269,107.451467269,0.0,-0.0,1.0,-107.451467269,-1.0,107.451467269,1.0,-107.451467269,-1.0,107.451467269,0.0,-0.0,1.0,-107.451467269,-1.0,107.451467269,1.0,-107.451467269,-1.0,107.451467269,-1,107.451467269,-1,107.451467269,-1,107.451467269,-1.0,107.451467269,1.0,-107.451467269,1.0,-107.451467269,0.0,-0.0,-1.0,107.451467269,1.0,-107.451467269,0,-0.0,-1.0,107.451467269,-1.0,107.451467269,1.0,-107.451467269,0.0,-0.0,0.0,-0.0,-1.0,107.451467269,-1.0,107.451467269,1.0,-107.451467269,-1,107.451467269,-1,107.451467269,0.0,-0.0,-1.0,107.451467269,-1,107.451467269,1.0,-107.451467269,-1,107.451467269,-1.0,107.451467269,-1.0,107.451467269,-1.0,107.451467269,-1.0,107.451467269,-1.0,107.451467269,0.0,-0.0,-1.0,107.451467269,1.0,-107.451467269,-1.0,107.451467269,-1.0,107.451467269,1.0,-107.451467269,-1,107.451467269,1,-107.451467269,1.0,-107.451467269,1.0,-107.451467269,1.0,-107.451467269,1.0,-107.451467269,1.0,-107.451467269,-1.0,107.451467269,-1.0,107.451467269,1.0,-107.451467269,1.0,-107.451467269,-1,107.451467269,0,-0.0,1.0,-107.451467269,0,-0.0,-1.0,107.451467269,1,-107.451467269,-1,107.451467269,1.0,-107.451467269,1,-107.451467269,-1.0,107.451467269,0.0,-0.0,0.0,-0.0,-1.0,107.451467269,1.0,-107.451467269,1.0,-107.451467269,1.0,-107.451467269,1.0,-107.451467269,-1.0,107.451467269,1,-107.451467269,0,-0.0,1.0,-107.451467269,1.0,-107.451467269,1,-107.451467269,-1.0,107.451467269,1.0,-107.451467269,1,-107.451467269,1,-107.451467269,1.0,-107.451467269,0.0,-0.0,-1.0,107.451467269,1.0,-107.451467269
20170123,@YMH7,-1.0,-0.000557103064067,98670.0,index,1485208101,1.0,-0.0,0.0,0.0,-0.0,1.0,-0.0,-1.0,0.0,-1.0,0.0,-1.0,0.0,0.0,-0.0,-1.0,0.0,1.0,-0.0,-1.0,0.0,1.0,-0.0,-1,0.0,-1,0.0,-1,0.0,-1.0,0.0,1.0,-0.0,-1.0,0.0,-1.0,0.0,-1.0,0.0,1.0,-0.0,0,-0.0,-1.0,0.0,-1.0,0.0,-1.0,0.0,0.0,-0.0,0.0,-0.0,1.0,-0.0,1.0,-0.0,-1.0,0.0,-1,0.0,-1,0.0,0.0,-0.0,-1.0,0.0,-1,0.0,1.0,-0.0,1,-0.0,1.0,-0.0,0.0,-0.0,-1.0,0.0,1.0,-0.0,1.0,-0.0,1.0,-0.0,-1.0,0.0,1.0,-0.0,-1.0,0.0,-1.0,0.0,1.0,-0.0,-1,0.0,1,-0.0,0.0,-0.0,1.0,-0.0,-1.0,0.0,1.0,-0.0,1.0,-0.0,-1.0,0.0,-1.0,0.0,1.0,-0.0,-1.0,0.0,1,-0.0,0,-0.0,-1.0,0.0,0,-0.0,1.0,-0.0,1,-0.0,-1,0.0,1.0,-0.0,1,-0.0,1.0,-0.0,0.0,-0.0,0.0,-0.0,-1.0,0.0,1.0,-0.0,1.0,-0.0,1.0,-0.0,-1.0,0.0,1.0,-0.0,-1,0.0,0,-0.0,1.0,-0.0,1.0,-0.0,-1,0.0,1.0,-0.0,-1.0,0.0,1,-0.0,1,-0.0,1.0,-0.0,0.0,-0.0,1.0,-0.0,-1.0,0.0
20170123,@BPH7,1.0,0.0111362169141,78312.5,currency,1485208101,1.0,0.0,0.0,0.0,0.0,1.0,0.0,-1.0,-0.0,-1.0,-0.0,-1.0,-0.0,0.0,0.0,-1.0,-0.0,1.0,0.0,-1.0,-0.0,1.0,0.0,-1,-0.0,-1,-0.0,-1,-0.0,-1.0,-0.0,1.0,0.0,-1.0,-0.0,-1.0,-0.0,-1.0,-0.0,1.0,0.0,0,0.0,-1.0,-0.0,-1.0,-0.0,-1.0,-0.0,0.0,0.0,0.0,0.0,1.0,0.0,1.0,0.0,-1.0,-0.0,-1,-0.0,-1,-0.0,0.0,0.0,-1.0,-0.0,-1,-0.0,1.0,0.0,1,0.0,1.0,0.0,0.0,0.0,-1.0,-0.0,1.0,0.0,1.0,0.0,1.0,0.0,-1.0,-0.0,1.0,0.0,-1.0,-0.0,-1.0,-0.0,1.0,0.0,-1,-0.0,1,0.0,0.0,0.0,1.0,0.0,-1.0,-0.0,1.0,0.0,1.0,0.0,-1.0,-0.0,-1.0,-0.0,1.0,0.0,-1.0,-0.0,1,0.0,0,0.0,-1.0,-0.0,0,0.0,1.0,0.0,1,0.0,-1,-0.0,1.0,0.0,1,0.0,1.0,0.0,0.0,0.0,0.0,0.0,-1.0,-0.0,1.0,0.0,1.0,0.0,1.0,0.0,-1.0,-0.0,1.0,0.0,-1,-0.0,0,0.0,1.0,0.0,1.0,0.0,-1,-0.0,1.0,0.0,-1.0,-0.0,1,0.0,1,0.0,1.0,0.0,0.0,0.0,1.0,0.0,-1.0,-0.0
20170123,@WH7,1.0,0.00875656742557,21600.0,grain,1485198817,1.0,0.0,0.0,0.0,0.0,1.0,0.0,-1.0,-0.0,-1.0,-0.0,-1.0,-0.0,0.0,0.0,-1.0,-0.0,1.0,0.0,-1.0,-0.0,1.0,0.0,-1,-0.0,-1,-0.0,-1,-0.0,-1.0,-0.0,1.0,0.0,-1.0,-0.0,-1.0,-0.0,-1.0,-0.0,1.0,0.0,0,0.0,-1.0,-0.0,-1.0,-0.0,-1.0,-0.0,0.0,0.0,0.0,0.0,1.0,0.0,1.0,0.0,-1.0,-0.0,-1,-0.0,-1,-0.0,0.0,0.0,-1.0,-0.0,-1,-0.0,1.0,0.0,1,0.0,1.0,0.0,0.0,0.0,-1.0,-0.0,1.0,0.0,1.0,0.0,1.0,0.0,-1.0,-0.0,1.0,0.0,-1.0,-0.0,-1.0,-0.0,1.0,0.0,-1,-0.0,1,0.0,0.0,0.0,1.0,0.0,-1.0,-0.0,1.0,0.0,1.0,0.0,-1.0,-0.0,-1.0,-0.0,1.0,0.0,-1.0,-0.0,1,0.0,0,0.0,-1.0,-0.0,0,0.0,1.0,0.0,1,0.0,-1,-0.0,1.0,0.0,1,0.0,1.0,0.0,0.0,0.0,0.0,0.0,-1.0,-0.0,1.0,0.0,1.0,0.0,1.0,0.0,-1.0,-0.0,1.0,0.0,-1,-0.0,0,0.0,1.0,0.0,1.0,0.0,-1,-0.0,1.0,0.0,-1.0,-0.0,1,0.0,1,0.0,1.0,0.0,0.0,0.0,1.0,0.0,-1.0,-0.0
20170123,@USH7,1.0,0.00746113989637,151906.25,rates,1485208101,1.0,0.0,0.0,0.0,0.0,-1.0,-0.0,1.0,0.0,-1.0,-0.0,1.0,0.0,-1.0,-0.0,-1.0,-0.0,-1.0,-0.0,1.0,0.0,-1.0,-0.0,1,0.0,1,0.0,1,0.0,0.0,0.0,-1.0,-0.0,-1.0,-0.0,0.0,0.0,-1.0,-0.0,-1.0,-0.0,0,0.0,1.0,0.0,-1.0,-0.0,1.0,0.0,0.0,0.0,0.0,0.0,-1.0,-0.0,-1.0,-0.0,1.0,0.0,1,0.0,1,0.0,0.0,0.0,1.0,0.0,-1,-0.0,-1.0,-0.0,1,0.0,-1.0,-0.0,1.0,0.0,1.0,0.0,1.0,0.0,-1.0,-0.0,0.0,0.0,1.0,0.0,1.0,0.0,1.0,0.0,1.0,0.0,1.0,0.0,1,0.0,1,0.0,-1.0,-0.0,-1.0,-0.0,1.0,0.0,-1.0,-0.0,-1.0,-0.0,-1.0,-0.0,0.0,0.0,1.0,0.0,-1.0,-0.0,-1,-0.0,-1,-0.0,1.0,0.0,0,0.0,-1.0,-0.0,-1,-0.0,1,0.0,-1.0,-0.0,-1,-0.0,-1.0,-0.0,0.0,0.0,0.0,0.0,-1.0,-0.0,-1.0,-0.0,1.0,0.0,0.0,0.0,1.0,0.0,1.0,0.0,1,0.0,1,0.0,0.0,0.0,-1.0,-0.0,1,0.0,-1.0,-0.0,1.0,0.0,-1,-0.0,-1,-0.0,-1.0,-0.0,1.0,0.0,1.0,0.0,1.0,0.0
20170123,@TYH7,1.0,0.00477987421384,124812.5,rates,1485208101,1.0,596.588050314,596.588050314,1.0,596.588050314,1.0,596.588050314,-1.0,-596.588050314,-1.0,-596.588050314,1.0,596.588050314,-1.0,-596.588050314,-1.0,-596.588050314,-1.0,-596.588050314,-1.0,-596.588050314,-1.0,-596.588050314,0,0.0,-1,-596.588050314,1,596.588050314,0.0,0.0,-1.0,-596.588050314,-1.0,-596.588050314,0.0,0.0,1.0,596.588050314,-1.0,-596.588050314,0,0.0,-1.0,-596.588050314,1.0,596.588050314,1.0,596.588050314,1.0,596.588050314,-1.0,-596.588050314,1.0,596.588050314,-1.0,-596.588050314,-1.0,-596.588050314,-1,-596.588050314,0,0.0,-1.0,-596.588050314,1.0,596.588050314,-1,-596.588050314,-1.0,-596.588050314,1,596.588050314,1.0,596.588050314,1.0,596.588050314,1.0,596.588050314,1.0,596.588050314,1.0,596.588050314,0.0,0.0,0.0,0.0,-1.0,-596.588050314,-1.0,-596.588050314,1.0,596.588050314,1.0,596.588050314,-1,-596.588050314,1,596.588050314,-1.0,-596.588050314,-1.0,-596.588050314,-1.0,-596.588050314,0.0,0.0,1.0,596.588050314,1.0,596.588050314,0.0,0.0,-1.0,-596.588050314,-1.0,-596.588050314,-1,-596.588050314,-1,-596.588050314,1.0,596.588050314,0,0.0,1.0,596.588050314,1,596.588050314,-1,-596.588050314,1.0,596.588050314,0,0.0,-1.0,-596.588050314,-1.0,-596.588050314,1.0,596.588050314,-1.0,-596.588050314,1.0,596.588050314,-1.0,-596.588050314,0.0,0.0,-1.0,-596.588050314,1.0,596.588050314,1,596.588050314,1,596.588050314,0.0,0.0,1.0,596.588050314,-1,-596.588050314,1.0,596.588050314,1.0,596.588050314,0,0.0,1,596.588050314,-1.0,-596.588050314,1.0,596.588050314,1.0,596.588050314,1.0,596.588050314
20170123,@TUH7,1.0,0.000865114267176,216921.875,rates,1485208101,2.0,0.0,0.0,1.0,0.0,1.0,0.0,-1.0,-0.0,-1.0,-0.0,1.0,0.0,-1.0,-0.0,-1.0,-0.0,-1.0,-0.0,-1.0,-0.0,-1.0,-0.0,0,0.0,-1,-0.0,1,0.0,0.0,0.0,-1.0,-0.0,-1.0,-0.0,0.0,0.0,1.0,0.0,-1.0,-0.0,0,0.0,-1.0,-0.0,1.0,0.0,1.0,0.0,1.0,0.0,-1.0,-0.0,1.0,0.0,-1.0,-0.0,-1.0,-0.0,-1,-0.0,0,0.0,-1.0,-0.0,1.0,0.0,-1,-0.0,-1.0,-0.0,1,0.0,1.0,0.0,1.0,0.0,1.0,0.0,1.0,0.0,1.0,0.0,0.0,0.0,0.0,0.0,-1.0,-0.0,-1.0,-0.0,1.0,0.0,1.0,0.0,-1,-0.0,1,0.0,-1.0,-0.0,-1.0,-0.0,-1.0,-0.0,0.0,0.0,1.0,0.0,1.0,0.0,0.0,0.0,-1.0,-0.0,-1.0,-0.0,-1,-0.0,-1,-0.0,1.0,0.0,0,0.0,1.0,0.0,1,0.0,-1,-0.0,1.0,0.0,0,0.0,-1.0,-0.0,-1.0,-0.0,1.0,0.0,-1.0,-0.0,1.0,0.0,-1.0,-0.0,0.0,0.0,-1.0,-0.0,1.0,0.0,1,0.0,1,0.0,0.0,0.0,1.0,0.0,-1,-0.0,1.0,0.0,1.0,0.0,0,0.0,1,0.0,-1.0,-0.0,1.0,0.0,1.0,0.0,1.0,0.0
20170123,@SMH7,-1.0,-0.0157728706625,34320.0,grain,1485198817,1.0,-0.0,0.0,-1.0,0.0,-1.0,0.0,-1.0,0.0,-1.0,0.0,-1.0,0.0,0.0,-0.0,1.0,-0.0,-1.0,0.0,1.0,-0.0,1.0,-0.0,0,-0.0,1,-0.0,-1,0.0,-1.0,0.0,1.0,-0.0,1.0,-0.0,-1.0,0.0,-1.0,0.0,1.0,-0.0,0,-0.0,-1.0,0.0,-1.0,0.0,-1.0,0.0,-1.0,0.0,1.0,-0.0,-1.0,0.0,1.0,-0.0,1.0,-0.0,1,-0.0,0,-0.0,1.0,-0.0,-1.0,0.0,1,-0.0,1.0,-0.0,1,-0.0,-1.0,0.0,0.0,-0.0,1.0,-0.0,-1.0,0.0,1.0,-0.0,1.0,-0.0,0.0,-0.0,1.0,-0.0,1.0,-0.0,-1.0,0.0,-1.0,0.0,1,-0.0,1,-0.0,0.0,-0.0,-1.0,0.0,-1.0,0.0,0.0,-0.0,-1.0,0.0,-1.0,0.0,-1.0,0.0,1.0,-0.0,1.0,-0.0,-1,0.0,0,-0.0,-1.0,0.0,0,-0.0,-1.0,0.0,-1,0.0,1,-0.0,-1.0,0.0,0,-0.0,1.0,-0.0,1.0,-0.0,-1.0,0.0,-1.0,0.0,1.0,-0.0,1.0,-0.0,1.0,-0.0,1.0,-0.0,-1.0,0.0,1,-0.0,0,-0.0,1.0,-0.0,1.0,-0.0,1,-0.0,-1.0,0.0,-1.0,0.0,0,-0.0,-1,0.0,1.0,-0.0,0.0,-0.0,-1.0,0.0,1.0,-0.0
20170123,QSIH7,1.0,0.0122123062471,86200.0,metal,1485208101,1.0,0.0,0.0,1.0,0.0,1.0,0.0,1.0,0.0,-1.0,-0.0,1.0,0.0,0.0,0.0,-1.0,-0.0,1.0,0.0,-1.0,-0.0,-1.0,-0.0,0,0.0,-1,-0.0,1,0.0,1.0,0.0,-1.0,-0.0,-1.0,-0.0,0.0,0.0,1.0,0.0,-1.0,-0.0,0,0.0,1.0,0.0,1.0,0.0,1.0,0.0,1.0,0.0,-1.0,-0.0,1.0,0.0,-1.0,-0.0,-1.0,-0.0,-1,-0.0,0,0.0,-1.0,-0.0,1.0,0.0,-1,-0.0,-1.0,-0.0,1,0.0,1.0,0.0,1.0,0.0,1.0,0.0,1.0,0.0,1.0,0.0,0.0,0.0,0.0,0.0,-1.0,-0.0,-1.0,-0.0,1.0,0.0,1.0,0.0,-1,-0.0,-1,-0.0,-1.0,-0.0,-1.0,-0.0,-1.0,-0.0,0.0,0.0,1.0,0.0,1.0,0.0,1.0,0.0,-1.0,-0.0,-1.0,-0.0,1,0.0,0,0.0,1.0,0.0,0,0.0,1.0,0.0,1,0.0,-1,-0.0,1.0,0.0,0,0.0,-1.0,-0.0,-1.0,-0.0,1.0,0.0,1.0,0.0,-1.0,-0.0,-1.0,-0.0,-1.0,-0.0,-1.0,-0.0,1.0,0.0,-1,-0.0,0,0.0,-1.0,-0.0,-1.0,-0.0,-1,-0.0,1.0,0.0,1.0,0.0,0,0.0,1,0.0,-1.0,-0.0,0.0,0.0,1.0,0.0,-1.0,-0.0
20170123,@SFH7,1.0,0.0040959040959,125637.5,currency,1485208101,1.0,0.0,0.0,-1.0,-0.0,-1.0,-0.0,-1.0,-0.0,1.0,0.0,1.0,0.0,0.0,0.0,-1.0,-0.0,1.0,0.0,1.0,0.0,1.0,0.0,0,0.0,-1,-0.0,-1,-0.0,-1.0,-0.0,-1.0,-0.0,1.0,0.0,0.0,0.0,1.0,0.0,-1.0,-0.0,0,0.0,-1.0,-0.0,-1.0,-0.0,-1.0,-0.0,-1.0,-0.0,1.0,0.0,-1.0,-0.0,1.0,0.0,1.0,0.0,-1,-0.0,0,0.0,1.0,0.0,1.0,0.0,-1,-0.0,1.0,0.0,-1,-0.0,1.0,0.0,-1.0,-0.0,-1.0,-0.0,-1.0,-0.0,1.0,0.0,0.0,0.0,0.0,0.0,-1.0,-0.0,-1.0,-0.0,1.0,0.0,1.0,0.0,1,0.0,1,0.0,1.0,0.0,1.0,0.0,-1.0,-0.0,0.0,0.0,1.0,0.0,-1.0,-0.0,-1.0,-0.0,1.0,0.0,-1.0,-0.0,1,0.0,0,0.0,-1.0,-0.0,0,0.0,-1.0,-0.0,1,0.0,1,0.0,-1.0,-0.0,0,0.0,1.0,0.0,1.0,0.0,-1.0,-0.0,-1.0,-0.0,1.0,0.0,1.0,0.0,1.0,0.0,1.0,0.0,1.0,0.0,-1,-0.0,0,0.0,1.0,0.0,1.0,0.0,-1,-0.0,-1.0,-0.0,-1.0,-0.0,0,0.0,1,0.0,-1.0,-0.0,0.0,0.0,1.0,0.0,-1.0,-0.0
20170123,@SH7,-1.0,-0.0096018735363,52862.5,grain,1485198817,1.0,-0.0,0.0,-1.0,0.0,-1.0,0.0,-1.0,0.0,-1.0,0.0,-1.0,0.0,0.0,-0.0,1.0,-0.0,-1.0,0.0,1.0,-0.0,1.0,-0.0,0,-0.0,1,-0.0,-1,0.0,-1.0,0.0,1.0,-0.0,1.0,-0.0,-1.0,0.0,-1.0,0.0,1.0,-0.0,0,-0.0,-1.0,0.0,-1.0,0.0,1.0,-0.0,0.0,-0.0,0.0,-0.0,-1.0,0.0,-1.0,0.0,1.0,-0.0,-1,0.0,-1,0.0,1.0,-0.0,-1.0,0.0,1,-0.0,1.0,-0.0,1,-0.0,-1.0,0.0,0.0,-0.0,1.0,-0.0,-1.0,0.0,1.0,-0.0,1.0,-0.0,-1.0,0.0,1.0,-0.0,-1.0,0.0,-1.0,0.0,-1.0,0.0,-1,0.0,1,-0.0,0.0,-0.0,-1.0,0.0,-1.0,0.0,1.0,-0.0,1.0,-0.0,-1.0,0.0,-1.0,0.0,1.0,-0.0,1.0,-0.0,-1,0.0,0,-0.0,1.0,-0.0,0,-0.0,-1.0,0.0,1,-0.0,1,-0.0,1.0,-0.0,1,-0.0,-1.0,0.0,0.0,-0.0,0.0,-0.0,-1.0,0.0,1.0,-0.0,1.0,-0.0,1.0,-0.0,1.0,-0.0,-1.0,0.0,1,-0.0,0,-0.0,1.0,-0.0,1.0,-0.0,1,-0.0,-1.0,0.0,-1.0,0.0,0,-0.0,-1,0.0,1.0,-0.0,0.0,-0.0,-1.0,0.0,1.0,-0.0
20170123,QRBH7,1.0,0.00269761606023,67128.6,energy,1485208101,1.0,0.0,0.0,-1.0,-0.0,-1.0,-0.0,-1.0,-0.0,1.0,0.0,1.0,0.0,1.0,0.0,1.0,0.0,1.0,0.0,1.0,0.0,1.0,0.0,0,0.0,-1,-0.0,-1,-0.0,0.0,0.0,-1.0,-0.0,1.0,0.0,0.0,0.0,1.0,0.0,-1.0,-0.0,0,0.0,-1.0,-0.0,1.0,0.0,-1.0,-0.0,-1.0,-0.0,1.0,0.0,-1.0,-0.0,1.0,0.0,1.0,0.0,-1,-0.0,0,0.0,1.0,0.0,1.0,0.0,-1,-0.0,1.0,0.0,-1,-0.0,1.0,0.0,-1.0,-0.0,-1.0,-0.0,-1.0,-0.0,1.0,0.0,0.0,0.0,0.0,0.0,-1.0,-0.0,-1.0,-0.0,1.0,0.0,1.0,0.0,1,0.0,-1,-0.0,1.0,0.0,1.0,0.0,-1.0,-0.0,0.0,0.0,1.0,0.0,1.0,0.0,0.0,0.0,-1.0,-0.0,1.0,0.0,1,0.0,1,0.0,-1.0,-0.0,0,0.0,-1.0,-0.0,1,0.0,1,0.0,-1.0,-0.0,0,0.0,1.0,0.0,1.0,0.0,-1.0,-0.0,1.0,0.0,1.0,0.0,-1.0,-0.0,0.0,0.0,1.0,0.0,-1.0,-0.0,-1,-0.0,-1,-0.0,0.0,0.0,1.0,0.0,-1,-0.0,-1.0,-0.0,-1.0,-0.0,0,0.0,1,0.0,-1.0,-0.0,-1.0,-0.0,-1.0,-0.0,-1.0,-0.0
20170123,QPLJ7,1.0,0.00911885245902,49245.0,metal,1485208101,1.0,0.0,0.0,1.0,0.0,1.0,0.0,1.0,0.0,-1.0,-0.0,1.0,0.0,0.0,0.0,-1.0,-0.0,1.0,0.0,-1.0,-0.0,-1.0,-0.0,0,0.0,-1,-0.0,1,0.0,1.0,0.0,-1.0,-0.0,-1.0,-0.0,0.0,0.0,1.0,0.0,-1.0,-0.0,0,0.0,1.0,0.0,1.0,0.0,1.0,0.0,1.0,0.0,-1.0,-0.0,1.0,0.0,-1.0,-0.0,-1.0,-0.0,-1,-0.0,0,0.0,-1.0,-0.0,1.0,0.0,-1,-0.0,-1.0,-0.0,1,0.0,1.0,0.0,1.0,0.0,1.0,0.0,1.0,0.0,1.0,0.0,0.0,0.0,0.0,0.0,-1.0,-0.0,-1.0,-0.0,1.0,0.0,1.0,0.0,-1,-0.0,-1,-0.0,-1.0,-0.0,-1.0,-0.0,-1.0,-0.0,0.0,0.0,1.0,0.0,1.0,0.0,1.0,0.0,-1.0,-0.0,-1.0,-0.0,1,0.0,0,0.0,1.0,0.0,0,0.0,1.0,0.0,1,0.0,-1,-0.0,1.0,0.0,0,0.0,-1.0,-0.0,-1.0,-0.0,1.0,0.0,1.0,0.0,-1.0,-0.0,-1.0,-0.0,-1.0,-0.0,-1.0,-0.0,1.0,0.0,-1,-0.0,0,0.0,-1.0,-0.0,-1.0,-0.0,-1,-0.0,1.0,0.0,1.0,0.0,0,0.0,1,0.0,-1.0,-0.0,0.0,0.0,1.0,0.0,-1.0,-0.0
20170123,QPAH7,-1.0,-0.0157914764079,77595.0,metal,1485208101,1.0,-0.0,0.0,0.0,-0.0,1.0,-0.0,-1.0,0.0,-1.0,0.0,-1.0,0.0,1.0,-0.0,1.0,-0.0,1.0,-0.0,-1.0,0.0,1.0,-0.0,-1,0.0,-1,0.0,-1,0.0,0.0,-0.0,1.0,-0.0,-1.0,0.0,-1.0,0.0,-1.0,0.0,1.0,-0.0,0,-0.0,-1.0,0.0,1.0,-0.0,-1.0,0.0,0.0,-0.0,0.0,-0.0,1.0,-0.0,1.0,-0.0,-1.0,0.0,-1,0.0,-1,0.0,0.0,-0.0,-1.0,0.0,-1,0.0,1.0,-0.0,1,-0.0,1.0,-0.0,0.0,-0.0,-1.0,0.0,1.0,-0.0,1.0,-0.0,1.0,-0.0,-1.0,0.0,1.0,-0.0,-1.0,0.0,-1.0,0.0,1.0,-0.0,-1,0.0,-1,0.0,0.0,-0.0,1.0,-0.0,-1.0,0.0,1.0,-0.0,1.0,-0.0,1.0,-0.0,0.0,-0.0,-1.0,0.0,1.0,-0.0,1,-0.0,1,-0.0,-1.0,0.0,0,-0.0,1.0,-0.0,1,-0.0,-1,0.0,1.0,-0.0,1,-0.0,1.0,-0.0,0.0,-0.0,0.0,-0.0,1.0,-0.0,1.0,-0.0,-1.0,0.0,0.0,-0.0,-1.0,0.0,-1.0,0.0,-1,0.0,-1,0.0,0.0,-0.0,1.0,-0.0,-1,0.0,1.0,-0.0,-1.0,0.0,1,-0.0,1,-0.0,1.0,-0.0,-1.0,0.0,-1.0,0.0,-1.0,0.0
20170123,@NQH7,1.0,0.0010873325755,101275.0,index,1485208101,1.0,0.0,0.0,0.0,0.0,1.0,0.0,-1.0,-0.0,-1.0,-0.0,-1.0,-0.0,0.0,0.0,-1.0,-0.0,1.0,0.0,-1.0,-0.0,1.0,0.0,-1,-0.0,-1,-0.0,-1,-0.0,-1.0,-0.0,1.0,0.0,-1.0,-0.0,-1.0,-0.0,-1.0,-0.0,1.0,0.0,0,0.0,-1.0,-0.0,-1.0,-0.0,-1.0,-0.0,0.0,0.0,0.0,0.0,1.0,0.0,1.0,0.0,-1.0,-0.0,-1,-0.0,-1,-0.0,0.0,0.0,-1.0,-0.0,-1,-0.0,1.0,0.0,1,0.0,1.0,0.0,0.0,0.0,-1.0,-0.0,1.0,0.0,1.0,0.0,1.0,0.0,-1.0,-0.0,1.0,0.0,-1.0,-0.0,-1.0,-0.0,1.0,0.0,-1,-0.0,1,0.0,0.0,0.0,1.0,0.0,-1.0,-0.0,1.0,0.0,1.0,0.0,-1.0,-0.0,-1.0,-0.0,1.0,0.0,-1.0,-0.0,1,0.0,0,0.0,-1.0,-0.0,0,0.0,1.0,0.0,1,0.0,-1,-0.0,1.0,0.0,1,0.0,1.0,0.0,0.0,0.0,0.0,0.0,-1.0,-0.0,1.0,0.0,1.0,0.0,1.0,0.0,-1.0,-0.0,1.0,0.0,-1,-0.0,0,0.0,1.0,0.0,1.0,0.0,-1,-0.0,1.0,0.0,-1.0,-0.0,1,0.0,1,0.0,1.0,0.0,0.0,0.0,1.0,0.0,-1.0,-0.0
20170123,@NKDH7,-1.0,-0.0146328717011,82271.5769264,index,1485208101,1.0,-0.0,0.0,-1.0,0.0,-1.0,0.0,-1.0,0.0,1.0,-0.0,1.0,-0.0,0.0,-0.0,-1.0,0.0,1.0,-0.0,1.0,-0.0,1.0,-0.0,0,-0.0,-1,0.0,-1,0.0,-1.0,0.0,-1.0,0.0,1.0,-0.0,0.0,-0.0,1.0,-0.0,-1.0,0.0,0,-0.0,-1.0,0.0,-1.0,0.0,-1.0,0.0,-1.0,0.0,1.0,-0.0,-1.0,0.0,1.0,-0.0,1.0,-0.0,-1,0.0,0,-0.0,1.0,-0.0,1.0,-0.0,1,-0.0,1.0,-0.0,-1,0.0,1.0,-0.0,-1.0,0.0,-1.0,0.0,-1.0,0.0,1.0,-0.0,0.0,-0.0,0.0,-0.0,-1.0,0.0,-1.0,0.0,1.0,-0.0,-1.0,0.0,1,-0.0,1,-0.0,1.0,-0.0,1.0,-0.0,-1.0,0.0,0.0,-0.0,1.0,-0.0,-1.0,0.0,-1.0,0.0,1.0,-0.0,-1.0,0.0,1,-0.0,0,-0.0,-1.0,0.0,0,-0.0,-1.0,0.0,1,-0.0,1,-0.0,-1.0,0.0,0,-0.0,1.0,-0.0,1.0,-0.0,-1.0,0.0,-1.0,0.0,1.0,-0.0,1.0,-0.0,1.0,-0.0,1.0,-0.0,1.0,-0.0,-1,0.0,0,-0.0,1.0,-0.0,1.0,-0.0,-1,0.0,-1.0,0.0,-1.0,0.0,0,-0.0,1,-0.0,-1.0,0.0,0.0,-0.0,1.0,-0.0,-1.0,0.0
20170123,QNGH7,1.0,0.0218000622859,32810.0,energy,1485208101,1.0,715.2600436,715.2600436,0.0,0.0,1.0,715.2600436,1.0,715.2600436,1.0,715.2600436,-1.0,-715.2600436,1.0,715.2600436,1.0,715.2600436,1.0,715.2600436,1.0,715.2600436,-1.0,-715.2600436,-1,-715.2600436,-1,-715.2600436,-1,-715.2600436,0.0,0.0,1.0,715.2600436,1.0,715.2600436,0.0,0.0,-1.0,-715.2600436,1.0,715.2600436,0,0.0,1.0,715.2600436,-1.0,-715.2600436,-1.0,-715.2600436,-1.0,-715.2600436,1.0,715.2600436,-1.0,-715.2600436,1.0,715.2600436,1.0,715.2600436,1,715.2600436,0,0.0,0.0,0.0,-1.0,-715.2600436,-1,-715.2600436,1.0,715.2600436,-1,-715.2600436,-1.0,-715.2600436,-1.0,-715.2600436,-1.0,-715.2600436,-1.0,-715.2600436,-1.0,-715.2600436,0.0,0.0,0.0,0.0,1.0,715.2600436,1.0,715.2600436,-1.0,-715.2600436,1.0,715.2600436,1,715.2600436,-1,-715.2600436,1.0,715.2600436,1.0,715.2600436,1.0,715.2600436,0.0,0.0,-1.0,-715.2600436,-1.0,-715.2600436,0.0,0.0,1.0,715.2600436,1.0,715.2600436,1,715.2600436,1,715.2600436,-1.0,-715.2600436,0,0.0,-1.0,-715.2600436,-1,-715.2600436,-1,-715.2600436,-1.0,-715.2600436,0,0.0,1.0,715.2600436,1.0,715.2600436,-1.0,-715.2600436,1.0,715.2600436,-1.0,-715.2600436,1.0,715.2600436,0.0,0.0,1.0,715.2600436,-1.0,-715.2600436,-1,-715.2600436,-1,-715.2600436,0.0,0.0,-1.0,-715.2600436,1,715.2600436,-1.0,-715.2600436,1.0,715.2600436,1,715.2600436,1,715.2600436,1.0,715.2600436,-1.0,-715.2600436,-1.0,-715.2600436,-1.0,-715.2600436
20170123,@BOH7,1.0,0.000284495021337,21096.0,grain,1485198817,1.0,6.00170697013,6.00170697013,0.0,0.0,1.0,6.00170697013,-1.0,-6.00170697013,1.0,6.00170697013,-1.0,-6.00170697013,0.0,0.0,1.0,6.00170697013,-1.0,-6.00170697013,1.0,6.00170697013,-1.0,-6.00170697013,-1,-6.00170697013,-1,-6.00170697013,-1,-6.00170697013,-1.0,-6.00170697013,1.0,6.00170697013,1.0,6.00170697013,0.0,0.0,-1.0,-6.00170697013,1.0,6.00170697013,0,0.0,-1.0,-6.00170697013,-1.0,-6.00170697013,1.0,6.00170697013,0.0,0.0,0.0,0.0,-1.0,-6.00170697013,-1.0,-6.00170697013,1.0,6.00170697013,-1,-6.00170697013,-1,-6.00170697013,0.0,0.0,-1.0,-6.00170697013,-1,-6.00170697013,1.0,6.00170697013,-1,-6.00170697013,-1.0,-6.00170697013,-1.0,-6.00170697013,-1.0,-6.00170697013,-1.0,-6.00170697013,-1.0,-6.00170697013,0.0,0.0,-1.0,-6.00170697013,1.0,6.00170697013,-1.0,-6.00170697013,-1.0,-6.00170697013,1.0,6.00170697013,-1,-6.00170697013,1,6.00170697013,1.0,6.00170697013,1.0,6.00170697013,1.0,6.00170697013,1.0,6.00170697013,1.0,6.00170697013,-1.0,-6.00170697013,-1.0,-6.00170697013,1.0,6.00170697013,1.0,6.00170697013,-1,-6.00170697013,0,0.0,1.0,6.00170697013,0,0.0,-1.0,-6.00170697013,1,6.00170697013,-1,-6.00170697013,1.0,6.00170697013,1,6.00170697013,-1.0,-6.00170697013,0.0,0.0,0.0,0.0,-1.0,-6.00170697013,1.0,6.00170697013,1.0,6.00170697013,1.0,6.00170697013,1.0,6.00170697013,-1.0,-6.00170697013,1,6.00170697013,0,0.0,1.0,6.00170697013,1.0,6.00170697013,1,6.00170697013,-1.0,-6.00170697013,1.0,6.00170697013,1,6.00170697013,1,6.00170697013,1.0,6.00170697013,0.0,0.0,-1.0,-6.00170697013,1.0,6.00170697013
20170123,@NEH7,1.0,0.00809490579204,72230.0,currency,1485208101,1.0,0.0,0.0,0.0,0.0,1.0,0.0,-1.0,-0.0,-1.0,-0.0,-1.0,-0.0,0.0,0.0,1.0,0.0,-1.0,-0.0,1.0,0.0,-1.0,-0.0,-1,-0.0,-1,-0.0,-1,-0.0,-1.0,-0.0,1.0,0.0,1.0,0.0,-1.0,-0.0,-1.0,-0.0,1.0,0.0,0,0.0,-1.0,-0.0,-1.0,-0.0,1.0,0.0,0.0,0.0,0.0,0.0,-1.0,-0.0,-1.0,-0.0,1.0,0.0,-1,-0.0,-1,-0.0,0.0,0.0,-1.0,-0.0,-1,-0.0,1.0,0.0,1,0.0,-1.0,-0.0,0.0,0.0,1.0,0.0,-1.0,-0.0,1.0,0.0,1.0,0.0,-1.0,-0.0,1.0,0.0,-1.0,-0.0,-1.0,-0.0,1.0,0.0,-1,-0.0,1,0.0,0.0,0.0,-1.0,-0.0,-1.0,-0.0,1.0,0.0,1.0,0.0,-1.0,-0.0,-1.0,-0.0,1.0,0.0,1.0,0.0,-1,-0.0,0,0.0,1.0,0.0,0,0.0,-1.0,-0.0,1,0.0,-1,-0.0,1.0,0.0,1,0.0,-1.0,-0.0,0.0,0.0,0.0,0.0,-1.0,-0.0,1.0,0.0,1.0,0.0,1.0,0.0,1.0,0.0,-1.0,-0.0,1,0.0,0,0.0,1.0,0.0,1.0,0.0,1,0.0,-1.0,-0.0,1.0,0.0,1,0.0,1,0.0,1.0,0.0,0.0,0.0,-1.0,-0.0,1.0,0.0
20170123,@HEJ7,-1.0,-0.0116830960204,27070.0,meat,1485198220,1.0,-0.0,0.0,0.0,-0.0,1.0,-0.0,1.0,-0.0,-1.0,0.0,-1.0,0.0,1.0,-0.0,1.0,-0.0,1.0,-0.0,1.0,-0.0,-1.0,0.0,-1,0.0,-1,0.0,-1,0.0,0.0,-0.0,1.0,-0.0,1.0,-0.0,-1.0,0.0,-1.0,0.0,1.0,-0.0,0,-0.0,1.0,-0.0,-1.0,0.0,1.0,-0.0,0.0,-0.0,0.0,-0.0,-1.0,0.0,-1.0,0.0,1.0,-0.0,-1,0.0,-1,0.0,0.0,-0.0,-1.0,0.0,1,-0.0,1.0,-0.0,1,-0.0,-1.0,0.0,0.0,-0.0,1.0,-0.0,-1.0,0.0,1.0,-0.0,1.0,-0.0,-1.0,0.0,1.0,-0.0,-1.0,0.0,-1.0,0.0,-1.0,0.0,-1,0.0,-1,0.0,0.0,-0.0,-1.0,0.0,-1.0,0.0,1.0,-0.0,1.0,-0.0,-1.0,0.0,0.0,-0.0,1.0,-0.0,1.0,-0.0,1,-0.0,1,-0.0,1.0,-0.0,0,-0.0,-1.0,0.0,1,-0.0,-1,0.0,1.0,-0.0,1,-0.0,-1.0,0.0,0.0,-0.0,0.0,-0.0,1.0,-0.0,-1.0,0.0,1.0,-0.0,0.0,-0.0,1.0,-0.0,-1.0,0.0,-1,0.0,-1,0.0,0.0,-0.0,-1.0,0.0,1,-0.0,-1.0,0.0,1.0,-0.0,1,-0.0,1,-0.0,1.0,-0.0,-1.0,0.0,-1.0,0.0,-1.0,0.0
20170123,@LEJ7,1.0,0.000630384534566,47620.0,meat,1485198220,1.0,0.0,0.0,-1.0,-0.0,-1.0,-0.0,1.0,0.0,-1.0,-0.0,-1.0,-0.0,1.0,0.0,1.0,0.0,1.0,0.0,1.0,0.0,1.0,0.0,0,0.0,1,0.0,-1,-0.0,0.0,0.0,1.0,0.0,1.0,0.0,-1.0,-0.0,-1.0,-0.0,1.0,0.0,0,0.0,1.0,0.0,-1.0,-0.0,1.0,0.0,0.0,0.0,0.0,0.0,-1.0,-0.0,-1.0,-0.0,1.0,0.0,-1,-0.0,-1,-0.0,1.0,0.0,-1.0,-0.0,1,0.0,1.0,0.0,1,0.0,-1.0,-0.0,0.0,0.0,1.0,0.0,-1.0,-0.0,1.0,0.0,1.0,0.0,-1.0,-0.0,1.0,0.0,-1.0,-0.0,-1.0,-0.0,-1.0,-0.0,-1,-0.0,-1,-0.0,0.0,0.0,-1.0,-0.0,-1.0,-0.0,1.0,0.0,1.0,0.0,-1.0,-0.0,0.0,0.0,1.0,0.0,1.0,0.0,1,0.0,1,0.0,1.0,0.0,0,0.0,-1.0,-0.0,1,0.0,1,0.0,1.0,0.0,1,0.0,-1.0,-0.0,0.0,0.0,0.0,0.0,1.0,0.0,-1.0,-0.0,1.0,0.0,0.0,0.0,1.0,0.0,-1.0,-0.0,-1,-0.0,-1,-0.0,0.0,0.0,-1.0,-0.0,1,0.0,-1.0,-0.0,-1.0,-0.0,0,0.0,-1,-0.0,1.0,0.0,-1.0,-0.0,-1.0,-0.0,-1.0,-0.0
20170123,@JYH7,1.0,0.0130062749572,110987.5,currency,1485208101,1.0,0.0,0.0,0.0,0.0,-1.0,-0.0,-1.0,-0.0,-1.0,-0.0,1.0,0.0,-1.0,-0.0,-1.0,-0.0,-1.0,-0.0,-1.0,-0.0,1.0,0.0,1,0.0,1,0.0,1,0.0,0.0,0.0,-1.0,-0.0,-1.0,-0.0,0.0,0.0,1.0,0.0,-1.0,-0.0,0,0.0,-1.0,-0.0,1.0,0.0,-1.0,-0.0,0.0,0.0,0.0,0.0,1.0,0.0,1.0,0.0,-1.0,-0.0,1,0.0,1,0.0,0.0,0.0,1.0,0.0,-1,-0.0,-1.0,-0.0,1,0.0,1.0,0.0,1.0,0.0,1.0,0.0,1.0,0.0,1.0,0.0,0.0,0.0,1.0,0.0,-1.0,-0.0,1.0,0.0,1.0,0.0,1.0,0.0,1,0.0,1,0.0,-1.0,-0.0,-1.0,-0.0,-1.0,-0.0,-1.0,-0.0,-1.0,-0.0,1.0,0.0,0.0,0.0,-1.0,-0.0,-1.0,-0.0,-1,-0.0,-1,-0.0,-1.0,-0.0,0,0.0,1.0,0.0,-1,-0.0,1,0.0,-1.0,-0.0,-1,-0.0,1.0,0.0,0.0,0.0,0.0,0.0,-1.0,-0.0,1.0,0.0,-1.0,-0.0,0.0,0.0,-1.0,-0.0,1.0,0.0,1,0.0,1,0.0,0.0,0.0,1.0,0.0,-1,-0.0,1.0,0.0,-1.0,-0.0,-1,-0.0,-1,-0.0,-1.0,-0.0,1.0,0.0,1.0,0.0,1.0,0.0
20170123,QHOH7,-1.0,-0.00872023093577,69228.6,energy,1485208101,1.0,-0.0,0.0,0.0,-0.0,1.0,-0.0,-1.0,0.0,-1.0,0.0,-1.0,0.0,0.0,-0.0,-1.0,0.0,1.0,-0.0,-1.0,0.0,1.0,-0.0,-1,0.0,-1,0.0,-1,0.0,-1.0,0.0,1.0,-0.0,-1.0,0.0,-1.0,0.0,-1.0,0.0,1.0,-0.0,0,-0.0,-1.0,0.0,-1.0,0.0,-1.0,0.0,0.0,-0.0,0.0,-0.0,1.0,-0.0,1.0,-0.0,-1.0,0.0,-1,0.0,-1,0.0,0.0,-0.0,-1.0,0.0,-1,0.0,1.0,-0.0,1,-0.0,1.0,-0.0,0.0,-0.0,-1.0,0.0,1.0,-0.0,1.0,-0.0,1.0,-0.0,-1.0,0.0,1.0,-0.0,-1.0,0.0,-1.0,0.0,1.0,-0.0,-1,0.0,1,-0.0,0.0,-0.0,1.0,-0.0,-1.0,0.0,1.0,-0.0,1.0,-0.0,-1.0,0.0,-1.0,0.0,1.0,-0.0,-1.0,0.0,1,-0.0,0,-0.0,-1.0,0.0,0,-0.0,1.0,-0.0,1,-0.0,-1,0.0,1.0,-0.0,1,-0.0,1.0,-0.0,0.0,-0.0,0.0,-0.0,-1.0,0.0,1.0,-0.0,1.0,-0.0,1.0,-0.0,-1.0,0.0,1.0,-0.0,-1,0.0,0,-0.0,1.0,-0.0,1.0,-0.0,-1,0.0,1.0,-0.0,-1.0,0.0,1,-0.0,1,-0.0,1.0,-0.0,0.0,-0.0,1.0,-0.0,-1.0,0.0
20170123,QHGH7,1.0,0.008,66150.0,metal,1485208101,1.0,529.2,529.2,0.0,0.0,1.0,529.2,-1.0,-529.2,-1.0,-529.2,-1.0,-529.2,0.0,0.0,-1.0,-529.2,1.0,529.2,-1.0,-529.2,1.0,529.2,-1,-529.2,-1,-529.2,-1,-529.2,-1.0,-529.2,1.0,529.2,-1.0,-529.2,-1.0,-529.2,-1.0,-529.2,1.0,529.2,0,0.0,-1.0,-529.2,-1.0,-529.2,-1.0,-529.2,0.0,0.0,0.0,0.0,1.0,529.2,1.0,529.2,-1.0,-529.2,-1,-529.2,-1,-529.2,0.0,0.0,-1.0,-529.2,-1,-529.2,1.0,529.2,1,529.2,1.0,529.2,0.0,0.0,-1.0,-529.2,1.0,529.2,1.0,529.2,1.0,529.2,-1.0,-529.2,1.0,529.2,-1.0,-529.2,-1.0,-529.2,1.0,529.2,-1,-529.2,1,529.2,0.0,0.0,1.0,529.2,-1.0,-529.2,1.0,529.2,1.0,529.2,-1.0,-529.2,-1.0,-529.2,1.0,529.2,-1.0,-529.2,1,529.2,0,0.0,-1.0,-529.2,0,0.0,1.0,529.2,1,529.2,-1,-529.2,1.0,529.2,1,529.2,1.0,529.2,0.0,0.0,0.0,0.0,-1.0,-529.2,1.0,529.2,1.0,529.2,1.0,529.2,-1.0,-529.2,1.0,529.2,-1,-529.2,0,0.0,1.0,529.2,1.0,529.2,-1,-529.2,1.0,529.2,-1.0,-529.2,1,529.2,1,529.2,1.0,529.2,0.0,0.0,1.0,529.2,-1.0,-529.2
20170123,QGCG7,1.0,0.0100423271641,121700.0,metal,1485208101,1.0,0.0,0.0,1.0,0.0,1.0,0.0,1.0,0.0,-1.0,-0.0,1.0,0.0,0.0,0.0,-1.0,-0.0,1.0,0.0,-1.0,-0.0,-1.0,-0.0,0,0.0,-1,-0.0,1,0.0,1.0,0.0,-1.0,-0.0,-1.0,-0.0,0.0,0.0,1.0,0.0,-1.0,-0.0,0,0.0,1.0,0.0,1.0,0.0,1.0,0.0,1.0,0.0,-1.0,-0.0,1.0,0.0,-1.0,-0.0,-1.0,-0.0,-1,-0.0,0,0.0,-1.0,-0.0,1.0,0.0,-1,-0.0,-1.0,-0.0,1,0.0,1.0,0.0,1.0,0.0,1.0,0.0,1.0,0.0,1.0,0.0,0.0,0.0,0.0,0.0,-1.0,-0.0,-1.0,-0.0,1.0,0.0,1.0,0.0,-1,-0.0,-1,-0.0,-1.0,-0.0,-1.0,-0.0,-1.0,-0.0,0.0,0.0,1.0,0.0,1.0,0.0,1.0,0.0,-1.0,-0.0,-1.0,-0.0,1,0.0,0,0.0,1.0,0.0,0,0.0,1.0,0.0,1,0.0,-1,-0.0,1.0,0.0,0,0.0,-1.0,-0.0,-1.0,-0.0,1.0,0.0,1.0,0.0,-1.0,-0.0,-1.0,-0.0,-1.0,-0.0,-1.0,-0.0,1.0,0.0,-1,-0.0,0,0.0,-1.0,-0.0,-1.0,-0.0,-1,-0.0,1.0,0.0,1.0,0.0,0,0.0,1,0.0,-1.0,-0.0,0.0,0.0,1.0,0.0,-1.0,-0.0
20170123,@FVH7,1.0,0.00298745269867,118031.25,rates,1485208101,1.0,0.0,0.0,1.0,0.0,1.0,0.0,-1.0,-0.0,1.0,0.0,1.0,0.0,-1.0,-0.0,-1.0,-0.0,-1.0,-0.0,-1.0,-0.0,-1.0,-0.0,0,0.0,-1,-0.0,1,0.0,0.0,0.0,-1.0,-0.0,-1.0,-0.0,1.0,0.0,1.0,0.0,-1.0,-0.0,0,0.0,-1.0,-0.0,1.0,0.0,1.0,0.0,1.0,0.0,-1.0,-0.0,1.0,0.0,-1.0,-0.0,-1.0,-0.0,-1,-0.0,0,0.0,-1.0,-0.0,1.0,0.0,-1,-0.0,-1.0,-0.0,-1,-0.0,1.0,0.0,0.0,0.0,-1.0,-0.0,1.0,0.0,-1.0,-0.0,-1.0,-0.0,0.0,0.0,-1.0,-0.0,-1.0,-0.0,1.0,0.0,1.0,0.0,-1,-0.0,1,0.0,0.0,0.0,1.0,0.0,1.0,0.0,0.0,0.0,1.0,0.0,1.0,0.0,0.0,0.0,-1.0,-0.0,-1.0,-0.0,-1,-0.0,-1,-0.0,1.0,0.0,0,0.0,1.0,0.0,1,0.0,-1,-0.0,1.0,0.0,0,0.0,-1.0,-0.0,-1.0,-0.0,1.0,0.0,-1.0,-0.0,1.0,0.0,-1.0,-0.0,0.0,0.0,-1.0,-0.0,1.0,0.0,1,0.0,1,0.0,0.0,0.0,1.0,0.0,-1,-0.0,1.0,0.0,1.0,0.0,0,0.0,1,0.0,-1.0,-0.0,1.0,0.0,1.0,0.0,1.0,0.0
20170123,@GFH7,-1.0,-0.00476099790516,65325.0,meat,1485198220,1.0,-0.0,0.0,0.0,-0.0,1.0,-0.0,-1.0,0.0,-1.0,0.0,-1.0,0.0,0.0,-0.0,-1.0,0.0,1.0,-0.0,-1.0,0.0,1.0,-0.0,-1,0.0,-1,0.0,-1,0.0,-1.0,0.0,1.0,-0.0,-1.0,0.0,-1.0,0.0,-1.0,0.0,1.0,-0.0,0,-0.0,-1.0,0.0,-1.0,0.0,-1.0,0.0,0.0,-0.0,0.0,-0.0,1.0,-0.0,1.0,-0.0,-1.0,0.0,-1,0.0,-1,0.0,0.0,-0.0,-1.0,0.0,1,-0.0,1.0,-0.0,1,-0.0,1.0,-0.0,0.0,-0.0,-1.0,0.0,1.0,-0.0,1.0,-0.0,1.0,-0.0,-1.0,0.0,1.0,-0.0,-1.0,0.0,-1.0,0.0,-1.0,0.0,-1,0.0,1,-0.0,0.0,-0.0,1.0,-0.0,-1.0,0.0,1.0,-0.0,1.0,-0.0,-1.0,0.0,-1.0,0.0,1.0,-0.0,-1.0,0.0,1,-0.0,0,-0.0,-1.0,0.0,0,-0.0,1.0,-0.0,1,-0.0,-1,0.0,1.0,-0.0,1,-0.0,1.0,-0.0,0.0,-0.0,0.0,-0.0,-1.0,0.0,1.0,-0.0,1.0,-0.0,1.0,-0.0,-1.0,0.0,1.0,-0.0,-1,0.0,0,-0.0,1.0,-0.0,1.0,-0.0,-1,0.0,1.0,-0.0,-1.0,0.0,1,-0.0,1,-0.0,1.0,-0.0,0.0,-0.0,1.0,-0.0,-1.0,0.0
20170123,@ESH7,-1.0,-0.0017652250662,113100.0,index,1485208101,1.0,-199.646954987,199.646954987,-1.0,199.646954987,-1.0,199.646954987,-1.0,199.646954987,-1.0,199.646954987,1.0,-199.646954987,0.0,-0.0,-1.0,199.646954987,1.0,-199.646954987,1.0,-199.646954987,1.0,-199.646954987,0,-0.0,-1,199.646954987,-1,199.646954987,-1.0,199.646954987,-1.0,199.646954987,-1.0,199.646954987,-1.0,199.646954987,-1.0,199.646954987,-1.0,199.646954987,1,-88.2612533098,-1.0,199.646954987,-1.0,199.646954987,-1.0,199.646954987,-1.0,199.646954987,1.0,-199.646954987,-1.0,199.646954987,1.0,-199.646954987,1.0,-199.646954987,-1,199.646954987,0,-0.0,1.0,-199.646954987,1.0,-199.646954987,-1,199.646954987,1.0,-199.646954987,1,-199.646954987,1.0,-199.646954987,0.0,-0.0,-1.0,199.646954987,1.0,-199.646954987,1.0,-199.646954987,1.0,-199.646954987,0.0,-0.0,1.0,-199.646954987,-1.0,199.646954987,1.0,-199.646954987,1.0,-199.646954987,1,-199.646954987,1,-199.646954987,0.0,-0.0,1.0,-199.646954987,-1.0,199.646954987,0.0,-0.0,1.0,-199.646954987,-1.0,199.646954987,-1.0,199.646954987,1.0,-199.646954987,-1.0,199.646954987,1,-199.646954987,0,-0.0,-1.0,199.646954987,0,-0.0,-1.0,199.646954987,1,-199.646954987,1,-199.646954987,-1.0,199.646954987,0,-0.0,1.0,-199.646954987,1.0,-199.646954987,-1.0,199.646954987,-1.0,199.646954987,1.0,-199.646954987,1.0,-199.646954987,1.0,-199.646954987,1.0,-199.646954987,1.0,-199.646954987,-1,199.646954987,0,-0.0,1.0,-199.646954987,1.0,-199.646954987,-1,199.646954987,-1.0,199.646954987,-1.0,199.646954987,0,-0.0,1,-199.646954987,-1.0,199.646954987,0.0,-0.0,1.0,-199.646954987,-1.0,199.646954987
20170123,@EMDH7,-1.0,-0.00143386306608,167140.0,index,1485208101,1.0,-0.0,0.0,0.0,-0.0,1.0,-0.0,-1.0,0.0,-1.0,0.0,-1.0,0.0,0.0,-0.0,-1.0,0.0,1.0,-0.0,-1.0,0.0,1.0,-0.0,-1,0.0,-1,0.0,-1,0.0,-1.0,0.0,1.0,-0.0,-1.0,0.0,-1.0,0.0,-1.0,0.0,1.0,-0.0,0,-0.0,-1.0,0.0,-1.0,0.0,-1.0,0.0,0.0,-0.0,0.0,-0.0,1.0,-0.0,1.0,-0.0,-1.0,0.0,-1,0.0,-1,0.0,0.0,-0.0,-1.0,0.0,-1,0.0,1.0,-0.0,1,-0.0,1.0,-0.0,0.0,-0.0,-1.0,0.0,1.0,-0.0,1.0,-0.0,1.0,-0.0,-1.0,0.0,1.0,-0.0,-1.0,0.0,-1.0,0.0,1.0,-0.0,-1,0.0,1,-0.0,0.0,-0.0,1.0,-0.0,-1.0,0.0,1.0,-0.0,1.0,-0.0,-1.0,0.0,-1.0,0.0,1.0,-0.0,-1.0,0.0,1,-0.0,0,-0.0,-1.0,0.0,0,-0.0,1.0,-0.0,1,-0.0,-1,0.0,1.0,-0.0,1,-0.0,1.0,-0.0,0.0,-0.0,0.0,-0.0,-1.0,0.0,1.0,-0.0,1.0,-0.0,1.0,-0.0,-1.0,0.0,1.0,-0.0,-1,0.0,0,-0.0,1.0,-0.0,1.0,-0.0,-1,0.0,1.0,-0.0,-1.0,0.0,1,-0.0,1,-0.0,1.0,-0.0,0.0,-0.0,1.0,-0.0,-1.0,0.0
20170123,@EUH7,1.0,0.00461323392358,134743.75,currency,1485208101,1.0,0.0,0.0,0.0,0.0,1.0,0.0,-1.0,-0.0,-1.0,-0.0,-1.0,-0.0,0.0,0.0,-1.0,-0.0,1.0,0.0,-1.0,-0.0,1.0,0.0,-1,-0.0,-1,-0.0,-1,-0.0,-1.0,-0.0,1.0,0.0,-1.0,-0.0,-1.0,-0.0,-1.0,-0.0,1.0,0.0,0,0.0,-1.0,-0.0,-1.0,-0.0,-1.0,-0.0,0.0,0.0,0.0,0.0,1.0,0.0,1.0,0.0,-1.0,-0.0,-1,-0.0,-1,-0.0,0.0,0.0,-1.0,-0.0,-1,-0.0,1.0,0.0,1,0.0,1.0,0.0,0.0,0.0,-1.0,-0.0,1.0,0.0,1.0,0.0,1.0,0.0,-1.0,-0.0,1.0,0.0,-1.0,-0.0,-1.0,-0.0,1.0,0.0,-1,-0.0,1,0.0,0.0,0.0,1.0,0.0,-1.0,-0.0,1.0,0.0,1.0,0.0,-1.0,-0.0,-1.0,-0.0,1.0,0.0,-1.0,-0.0,1,0.0,0,0.0,-1.0,-0.0,0,0.0,1.0,0.0,1,0.0,-1,-0.0,1.0,0.0,1,0.0,1.0,0.0,0.0,0.0,0.0,0.0,-1.0,-0.0,1.0,0.0,1.0,0.0,1.0,0.0,-1.0,-0.0,1.0,0.0,-1,-0.0,0,0.0,1.0,0.0,1.0,0.0,-1,-0.0,1.0,0.0,-1.0,-0.0,1,0.0,1,0.0,1.0,0.0,0.0,0.0,1.0,0.0,-1.0,-0.0
20170123,QCLH7,-1.0,-0.00714017286734,52840.0,energy,1485208101,1.0,-0.0,0.0,0.0,-0.0,1.0,-0.0,-1.0,0.0,-1.0,0.0,-1.0,0.0,1.0,-0.0,1.0,-0.0,1.0,-0.0,-1.0,0.0,1.0,-0.0,-1,0.0,-1,0.0,-1,0.0,0.0,-0.0,1.0,-0.0,-1.0,0.0,-1.0,0.0,-1.0,0.0,1.0,-0.0,0,-0.0,-1.0,0.0,1.0,-0.0,-1.0,0.0,0.0,-0.0,0.0,-0.0,1.0,-0.0,1.0,-0.0,-1.0,0.0,-1,0.0,-1,0.0,0.0,-0.0,-1.0,0.0,-1,0.0,1.0,-0.0,1,-0.0,1.0,-0.0,0.0,-0.0,-1.0,0.0,1.0,-0.0,1.0,-0.0,1.0,-0.0,-1.0,0.0,1.0,-0.0,-1.0,0.0,-1.0,0.0,1.0,-0.0,-1,0.0,-1,0.0,0.0,-0.0,1.0,-0.0,-1.0,0.0,1.0,-0.0,1.0,-0.0,1.0,-0.0,0.0,-0.0,-1.0,0.0,1.0,-0.0,1,-0.0,1,-0.0,-1.0,0.0,0,-0.0,1.0,-0.0,1,-0.0,-1,0.0,1.0,-0.0,1,-0.0,1.0,-0.0,0.0,-0.0,0.0,-0.0,1.0,-0.0,1.0,-0.0,-1.0,0.0,0.0,-0.0,-1.0,0.0,-1.0,0.0,-1,0.0,-1,0.0,0.0,-0.0,1.0,-0.0,-1,0.0,1.0,-0.0,-1.0,0.0,1,-0.0,1,-0.0,1.0,-0.0,-1.0,0.0,-1.0,0.0,-1.0,0.0
20170123,@CDH7,1.0,0.00538778768126,75575.0,currency,1485208101,1.0,0.0,0.0,-1.0,-0.0,-1.0,-0.0,-1.0,-0.0,-1.0,-0.0,1.0,0.0,0.0,0.0,-1.0,-0.0,1.0,0.0,1.0,0.0,1.0,0.0,0,0.0,-1,-0.0,-1,-0.0,-1.0,-0.0,-1.0,-0.0,-1.0,-0.0,-1.0,-0.0,-1.0,-0.0,-1.0,-0.0,0,0.0,-1.0,-0.0,-1.0,-0.0,-1.0,-0.0,-1.0,-0.0,1.0,0.0,-1.0,-0.0,1.0,0.0,1.0,0.0,-1,-0.0,0,0.0,1.0,0.0,1.0,0.0,-1,-0.0,1.0,0.0,1,0.0,1.0,0.0,0.0,0.0,-1.0,-0.0,1.0,0.0,1.0,0.0,1.0,0.0,0.0,0.0,1.0,0.0,-1.0,-0.0,1.0,0.0,1.0,0.0,1,0.0,1,0.0,0.0,0.0,1.0,0.0,-1.0,-0.0,0.0,0.0,1.0,0.0,-1.0,-0.0,-1.0,-0.0,1.0,0.0,-1.0,-0.0,1,0.0,0,0.0,-1.0,-0.0,0,0.0,-1.0,-0.0,1,0.0,1,0.0,-1.0,-0.0,0,0.0,1.0,0.0,1.0,0.0,-1.0,-0.0,-1.0,-0.0,1.0,0.0,1.0,0.0,1.0,0.0,1.0,0.0,1.0,0.0,-1,-0.0,0,0.0,1.0,0.0,1.0,0.0,-1,-0.0,-1.0,-0.0,-1.0,-0.0,0,0.0,1,0.0,-1.0,-0.0,0.0,0.0,1.0,0.0,-1.0,-0.0
20170123,@CH7,-1.0,-0.00135226504395,18462.5,grain,1485198817,1.0,-0.0,0.0,0.0,-0.0,1.0,-0.0,-1.0,0.0,-1.0,0.0,-1.0,0.0,1.0,-0.0,1.0,-0.0,1.0,-0.0,-1.0,0.0,1.0,-0.0,-1,0.0,-1,0.0,-1,0.0,0.0,-0.0,1.0,-0.0,-1.0,0.0,-1.0,0.0,-1.0,0.0,1.0,-0.0,0,-0.0,-1.0,0.0,1.0,-0.0,-1.0,0.0,0.0,-0.0,0.0,-0.0,1.0,-0.0,1.0,-0.0,-1.0,0.0,-1,0.0,-1,0.0,0.0,-0.0,-1.0,0.0,-1,0.0,1.0,-0.0,1,-0.0,1.0,-0.0,0.0,-0.0,-1.0,0.0,1.0,-0.0,1.0,-0.0,1.0,-0.0,-1.0,0.0,1.0,-0.0,-1.0,0.0,-1.0,0.0,1.0,-0.0,-1,0.0,-1,0.0,0.0,-0.0,1.0,-0.0,-1.0,0.0,1.0,-0.0,1.0,-0.0,1.0,-0.0,0.0,-0.0,-1.0,0.0,1.0,-0.0,1,-0.0,1,-0.0,-1.0,0.0,0,-0.0,1.0,-0.0,1,-0.0,-1,0.0,1.0,-0.0,1,-0.0,1.0,-0.0,0.0,-0.0,0.0,-0.0,1.0,-0.0,1.0,-0.0,-1.0,0.0,0.0,-0.0,-1.0,0.0,-1.0,0.0,-1,0.0,-1,0.0,0.0,-0.0,1.0,-0.0,-1,0.0,1.0,-0.0,-1.0,0.0,1,-0.0,1,-0.0,1.0,-0.0,-1.0,0.0,-1.0,0.0,-1.0,0.0
20170123,@PXH7,1.0,0.0115367871136,23235.0,currency,1485208101,1.0,0.0,0.0,-1.0,-0.0,-1.0,-0.0,-1.0,-0.0,-1.0,-0.0,1.0,0.0,1.0,0.0,1.0,0.0,1.0,0.0,1.0,0.0,1.0,0.0,0,0.0,-1,-0.0,-1,-0.0,0.0,0.0,1.0,0.0,-1.0,-0.0,-1.0,-0.0,-1.0,-0.0,1.0,0.0,0,0.0,-1.0,-0.0,1.0,0.0,-1.0,-0.0,0.0,0.0,0.0,0.0,1.0,0.0,1.0,0.0,-1.0,-0.0,-1,-0.0,-1,-0.0,1.0,0.0,-1.0,-0.0,-1,-0.0,1.0,0.0,1,0.0,1.0,0.0,0.0,0.0,-1.0,-0.0,1.0,0.0,1.0,0.0,1.0,0.0,-1.0,-0.0,1.0,0.0,-1.0,-0.0,-1.0,-0.0,1.0,0.0,-1,-0.0,-1,-0.0,0.0,0.0,1.0,0.0,-1.0,-0.0,1.0,0.0,1.0,0.0,1.0,0.0,0.0,0.0,-1.0,-0.0,1.0,0.0,1,0.0,1,0.0,-1.0,-0.0,0,0.0,1.0,0.0,1,0.0,1,0.0,1.0,0.0,1,0.0,1.0,0.0,0.0,0.0,0.0,0.0,1.0,0.0,1.0,0.0,-1.0,-0.0,0.0,0.0,-1.0,-0.0,-1.0,-0.0,-1,-0.0,-1,-0.0,0.0,0.0,1.0,0.0,-1,-0.0,-1.0,-0.0,-1.0,-0.0,0,0.0,1,0.0,-1.0,-0.0,-1.0,-0.0,-1.0,-0.0,-1.0,-0.0
20170123,@ADH7,1.0,0.00304514762346,75760.0,currency,1485208101,1.0,0.0,0.0,0.0,0.0,1.0,0.0,-1.0,-0.0,-1.0,-0.0,-1.0,-0.0,0.0,0.0,-1.0,-0.0,1.0,0.0,-1.0,-0.0,1.0,0.0,-1,-0.0,-1,-0.0,-1,-0.0,-1.0,-0.0,1.0,0.0,-1.0,-0.0,-1.0,-0.0,-1.0,-0.0,1.0,0.0,0,0.0,-1.0,-0.0,-1.0,-0.0,-1.0,-0.0,0.0,0.0,0.0,0.0,1.0,0.0,1.0,0.0,-1.0,-0.0,-1,-0.0,-1,-0.0,0.0,0.0,-1.0,-0.0,-1,-0.0,1.0,0.0,1,0.0,1.0,0.0,0.0,0.0,-1.0,-0.0,1.0,0.0,1.0,0.0,1.0,0.0,-1.0,-0.0,1.0,0.0,-1.0,-0.0,-1.0,-0.0,1.0,0.0,-1,-0.0,1,0.0,0.0,0.0,1.0,0.0,-1.0,-0.0,1.0,0.0,1.0,0.0,-1.0,-0.0,-1.0,-0.0,1.0,0.0,-1.0,-0.0,1,0.0,0,0.0,-1.0,-0.0,0,0.0,1.0,0.0,1,0.0,-1,-0.0,1.0,0.0,1,0.0,1.0,0.0,0.0,0.0,0.0,0.0,-1.0,-0.0,1.0,0.0,1.0,0.0,1.0,0.0,-1.0,-0.0,1.0,0.0,-1,-0.0,0,0.0,1.0,0.0,1.0,0.0,-1,-0.0,1.0,0.0,-1.0,-0.0,1,0.0,1,0.0,1.0,0.0,0.0,0.0,1.0,0.0,-1.0,-0.0
20170124,@YMH7,1.0,0.00582721053965,99250.0,index,1485294306,1.0,0.0,0.0,0.0,0.0,1.0,0.0,-1.0,-0.0,-1.0,-0.0,-1.0,-0.0,0.0,0.0,1.0,0.0,-1.0,-0.0,1.0,0.0,-1.0,-0.0,-1,-0.0,-1,-0.0,-1,-0.0,-1.0,-0.0,1.0,0.0,1.0,0.0,-1.0,-0.0,-1.0,-0.0,1.0,0.0,0,0.0,-1.0,-0.0,-1.0,-0.0,1.0,0.0,0.0,0.0,0.0,0.0,-1.0,-0.0,-1.0,-0.0,1.0,0.0,-1,-0.0,-1,-0.0,0.0,0.0,-1.0,-0.0,-1,-0.0,1.0,0.0,1,0.0,-1.0,-0.0,0.0,0.0,1.0,0.0,-1.0,-0.0,1.0,0.0,1.0,0.0,-1.0,-0.0,1.0,0.0,-1.0,-0.0,-1.0,-0.0,1.0,0.0,-1,-0.0,1,0.0,0.0,0.0,-1.0,-0.0,-1.0,-0.0,1.0,0.0,1.0,0.0,-1.0,-0.0,-1.0,-0.0,1.0,0.0,1.0,0.0,-1,-0.0,0,0.0,1.0,0.0,0,0.0,-1.0,-0.0,1,0.0,-1,-0.0,1.0,0.0,1,0.0,-1.0,-0.0,0.0,0.0,0.0,0.0,-1.0,-0.0,1.0,0.0,1.0,0.0,1.0,0.0,1.0,0.0,-1.0,-0.0,1,0.0,0,0.0,1.0,0.0,1.0,0.0,1,0.0,-1.0,-0.0,1.0,0.0,1,0.0,1,0.0,1.0,0.0,0.0,0.0,-1.0,-0.0,1.0,0.0
20170124,QRBH7,-1.0,-0.00420695717694,66607.8,energy,1485294306,1.0,-0.0,0.0,-1.0,0.0,-1.0,0.0,-1.0,0.0,1.0,-0.0,1.0,-0.0,1.0,-0.0,1.0,-0.0,1.0,-0.0,1.0,-0.0,1.0,-0.0,0,-0.0,-1,0.0,-1,0.0,0.0,-0.0,-1.0,0.0,1.0,-0.0,0.0,-0.0,1.0,-0.0,-1.0,0.0,0,-0.0,-1.0,0.0,1.0,-0.0,-1.0,0.0,-1.0,0.0,1.0,-0.0,-1.0,0.0,1.0,-0.0,1.0,-0.0,-1,0.0,0,-0.0,1.0,-0.0,1.0,-0.0,-1,0.0,1.0,-0.0,-1,0.0,1.0,-0.0,-1.0,0.0,-1.0,0.0,-1.0,0.0,1.0,-0.0,0.0,-0.0,0.0,-0.0,-1.0,0.0,-1.0,0.0,1.0,-0.0,1.0,-0.0,1,-0.0,-1,0.0,1.0,-0.0,1.0,-0.0,-1.0,0.0,0.0,-0.0,1.0,-0.0,1.0,-0.0,0.0,-0.0,-1.0,0.0,1.0,-0.0,1,-0.0,1,-0.0,-1.0,0.0,0,-0.0,-1.0,0.0,1,-0.0,1,-0.0,-1.0,0.0,0,-0.0,1.0,-0.0,1.0,-0.0,-1.0,0.0,1.0,-0.0,1.0,-0.0,-1.0,0.0,0.0,-0.0,1.0,-0.0,-1.0,0.0,-1,0.0,-1,0.0,0.0,-0.0,1.0,-0.0,-1,0.0,-1.0,0.0,-1.0,0.0,0,-0.0,1,-0.0,-1.0,0.0,-1.0,0.0,-1.0,0.0,-1.0,0.0
20170124,@WH7,-1.0,-0.0144258511252,21350.0,grain,1485285159,1.0,-0.0,0.0,0.0,-0.0,1.0,-0.0,-1.0,0.0,-1.0,0.0,-1.0,0.0,0.0,-0.0,-1.0,0.0,1.0,-0.0,-1.0,0.0,1.0,-0.0,-1,0.0,-1,0.0,-1,0.0,-1.0,0.0,1.0,-0.0,-1.0,0.0,-1.0,0.0,-1.0,0.0,1.0,-0.0,0,-0.0,-1.0,0.0,-1.0,0.0,-1.0,0.0,0.0,-0.0,0.0,-0.0,1.0,-0.0,1.0,-0.0,-1.0,0.0,-1,0.0,-1,0.0,0.0,-0.0,-1.0,0.0,-1,0.0,1.0,-0.0,1,-0.0,1.0,-0.0,0.0,-0.0,-1.0,0.0,1.0,-0.0,1.0,-0.0,1.0,-0.0,-1.0,0.0,1.0,-0.0,-1.0,0.0,-1.0,0.0,1.0,-0.0,-1,0.0,1,-0.0,0.0,-0.0,1.0,-0.0,-1.0,0.0,1.0,-0.0,1.0,-0.0,-1.0,0.0,-1.0,0.0,1.0,-0.0,-1.0,0.0,1,-0.0,0,-0.0,-1.0,0.0,0,-0.0,1.0,-0.0,1,-0.0,-1,0.0,1.0,-0.0,1,-0.0,1.0,-0.0,0.0,-0.0,0.0,-0.0,-1.0,0.0,1.0,-0.0,1.0,-0.0,1.0,-0.0,-1.0,0.0,1.0,-0.0,-1,0.0,0,-0.0,1.0,-0.0,1.0,-0.0,-1,0.0,1.0,-0.0,-1.0,0.0,1,-0.0,1,-0.0,1.0,-0.0,0.0,-0.0,1.0,-0.0,-1.0,0.0
20170124,@USH7,-1.0,-0.00801809210526,150781.25,rates,1485294306,1.0,-0.0,0.0,1.0,-0.0,1.0,-0.0,-1.0,0.0,1.0,-0.0,1.0,-0.0,-1.0,0.0,-1.0,0.0,-1.0,0.0,-1.0,0.0,-1.0,0.0,0,-0.0,-1,0.0,1,-0.0,0.0,-0.0,-1.0,0.0,-1.0,0.0,1.0,-0.0,1.0,-0.0,-1.0,0.0,0,-0.0,-1.0,0.0,1.0,-0.0,1.0,-0.0,1.0,-0.0,-1.0,0.0,1.0,-0.0,-1.0,0.0,-1.0,0.0,-1,0.0,0,-0.0,-1.0,0.0,1.0,-0.0,-1,0.0,-1.0,0.0,-1,0.0,1.0,-0.0,0.0,-0.0,-1.0,0.0,1.0,-0.0,-1.0,0.0,-1.0,0.0,0.0,-0.0,-1.0,0.0,-1.0,0.0,1.0,-0.0,1.0,-0.0,-1,0.0,1,-0.0,0.0,-0.0,1.0,-0.0,1.0,-0.0,0.0,-0.0,1.0,-0.0,1.0,-0.0,0.0,-0.0,-1.0,0.0,-1.0,0.0,-1,0.0,-1,0.0,1.0,-0.0,0,-0.0,1.0,-0.0,1,-0.0,-1,0.0,1.0,-0.0,0,-0.0,-1.0,0.0,-1.0,0.0,1.0,-0.0,-1.0,0.0,1.0,-0.0,-1.0,0.0,0.0,-0.0,-1.0,0.0,1.0,-0.0,1,-0.0,1,-0.0,0.0,-0.0,1.0,-0.0,-1,0.0,1.0,-0.0,1.0,-0.0,0,-0.0,1,-0.0,-1.0,0.0,1.0,-0.0,1.0,-0.0,1.0,-0.0
20170124,@TYH7,-1.0,-0.00438157235854,124265.625,rates,1485294306,1.0,-544.478827616,544.478827616,1.0,-544.478827616,1.0,-544.478827616,-1.0,544.478827616,1.0,-544.478827616,1.0,-544.478827616,-1.0,544.478827616,-1.0,544.478827616,-1.0,544.478827616,-1.0,544.478827616,-1.0,544.478827616,0,-0.0,-1,544.478827616,1,-544.478827616,0.0,-0.0,-1.0,544.478827616,-1.0,544.478827616,1.0,-544.478827616,1.0,-544.478827616,-1.0,544.478827616,0,-0.0,-1.0,544.478827616,1.0,-544.478827616,1.0,-544.478827616,1.0,-544.478827616,-1.0,544.478827616,1.0,-544.478827616,-1.0,544.478827616,-1.0,544.478827616,-1,544.478827616,0,-0.0,-1.0,544.478827616,1.0,-544.478827616,-1,544.478827616,-1.0,544.478827616,-1,544.478827616,1.0,-544.478827616,0.0,-0.0,-1.0,544.478827616,1.0,-544.478827616,-1.0,544.478827616,-1.0,544.478827616,0.0,-0.0,-1.0,544.478827616,-1.0,544.478827616,1.0,-544.478827616,1.0,-544.478827616,-1,544.478827616,1,-544.478827616,0.0,-0.0,1.0,-544.478827616,1.0,-544.478827616,0.0,-0.0,1.0,-544.478827616,1.0,-544.478827616,0.0,-0.0,-1.0,544.478827616,-1.0,544.478827616,-1,544.478827616,-1,544.478827616,1.0,-544.478827616,0,-0.0,1.0,-544.478827616,1,-544.478827616,-1,544.478827616,1.0,-544.478827616,0,-0.0,-1.0,544.478827616,-1.0,544.478827616,1.0,-544.478827616,-1.0,544.478827616,1.0,-544.478827616,-1.0,544.478827616,0.0,-0.0,-1.0,544.478827616,1.0,-544.478827616,1,-544.478827616,1,-544.478827616,0.0,-0.0,1.0,-544.478827616,-1,544.478827616,1.0,-544.478827616,1.0,-544.478827616,0,-0.0,1,-544.478827616,-1.0,544.478827616,1.0,-544.478827616,1.0,-544.478827616,1.0,-544.478827616
20170124,@TUH7,-1.0,-0.000864366491392,216734.375,rates,1485294306,2.0,-0.0,0.0,1.0,-0.0,1.0,-0.0,-1.0,0.0,1.0,-0.0,1.0,-0.0,-1.0,0.0,-1.0,0.0,-1.0,0.0,-1.0,0.0,-1.0,0.0,0,-0.0,-1,0.0,1,-0.0,0.0,-0.0,-1.0,0.0,-1.0,0.0,1.0,-0.0,1.0,-0.0,-1.0,0.0,0,-0.0,-1.0,0.0,1.0,-0.0,1.0,-0.0,1.0,-0.0,-1.0,0.0,1.0,-0.0,-1.0,0.0,-1.0,0.0,-1,0.0,0,-0.0,-1.0,0.0,1.0,-0.0,-1,0.0,-1.0,0.0,-1,0.0,1.0,-0.0,0.0,-0.0,-1.0,0.0,1.0,-0.0,-1.0,0.0,-1.0,0.0,0.0,-0.0,-1.0,0.0,-1.0,0.0,1.0,-0.0,1.0,-0.0,-1,0.0,1,-0.0,0.0,-0.0,1.0,-0.0,1.0,-0.0,0.0,-0.0,1.0,-0.0,1.0,-0.0,0.0,-0.0,-1.0,0.0,-1.0,0.0,-1,0.0,-1,0.0,1.0,-0.0,0,-0.0,1.0,-0.0,1,-0.0,-1,0.0,1.0,-0.0,0,-0.0,-1.0,0.0,-1.0,0.0,1.0,-0.0,-1.0,0.0,1.0,-0.0,-1.0,0.0,0.0,-0.0,-1.0,0.0,1.0,-0.0,1,-0.0,1,-0.0,0.0,-0.0,1.0,-0.0,-1,0.0,1.0,-0.0,1.0,-0.0,0,-0.0,1,-0.0,-1.0,0.0,1.0,-0.0,1.0,-0.0,1.0,-0.0
20170124,@SMH7,-1.0,-0.00465793304221,34190.0,grain,1485285159,1.0,-0.0,0.0,-1.0,0.0,-1.0,0.0,-1.0,0.0,-1.0,0.0,-1.0,0.0,0.0,-0.0,1.0,-0.0,-1.0,0.0,1.0,-0.0,1.0,-0.0,0,-0.0,1,-0.0,-1,0.0,-1.0,0.0,1.0,-0.0,1.0,-0.0,-1.0,0.0,-1.0,0.0,1.0,-0.0,0,-0.0,-1.0,0.0,-1.0,0.0,-1.0,0.0,-1.0,0.0,1.0,-0.0,-1.0,0.0,1.0,-0.0,1.0,-0.0,1,-0.0,0,-0.0,1.0,-0.0,-1.0,0.0,1,-0.0,1.0,-0.0,1,-0.0,-1.0,0.0,0.0,-0.0,1.0,-0.0,-1.0,0.0,1.0,-0.0,1.0,-0.0,0.0,-0.0,1.0,-0.0,1.0,-0.0,-1.0,0.0,-1.0,0.0,1,-0.0,1,-0.0,0.0,-0.0,-1.0,0.0,-1.0,0.0,0.0,-0.0,-1.0,0.0,-1.0,0.0,-1.0,0.0,1.0,-0.0,1.0,-0.0,-1,0.0,0,-0.0,-1.0,0.0,0,-0.0,-1.0,0.0,-1,0.0,1,-0.0,-1.0,0.0,0,-0.0,1.0,-0.0,1.0,-0.0,-1.0,0.0,-1.0,0.0,1.0,-0.0,1.0,-0.0,1.0,-0.0,1.0,-0.0,-1.0,0.0,1,-0.0,0,-0.0,1.0,-0.0,1.0,-0.0,1,-0.0,-1.0,0.0,-1.0,0.0,0,-0.0,-1,0.0,1.0,-0.0,0.0,-0.0,-1.0,0.0,1.0,-0.0
20170124,QSIH7,-1.0,-0.00384033515652,85600.0,metal,1485294306,1.0,-0.0,0.0,1.0,-0.0,1.0,-0.0,1.0,-0.0,1.0,-0.0,1.0,-0.0,0.0,-0.0,-1.0,0.0,1.0,-0.0,-1.0,0.0,-1.0,0.0,0,-0.0,-1,0.0,1,-0.0,1.0,-0.0,-1.0,0.0,-1.0,0.0,1.0,-0.0,1.0,-0.0,-1.0,0.0,0,-0.0,1.0,-0.0,1.0,-0.0,1.0,-0.0,1.0,-0.0,-1.0,0.0,1.0,-0.0,-1.0,0.0,-1.0,0.0,-1,0.0,0,-0.0,-1.0,0.0,1.0,-0.0,-1,0.0,-1.0,0.0,-1,0.0,1.0,-0.0,0.0,-0.0,-1.0,0.0,1.0,-0.0,-1.0,0.0,-1.0,0.0,0.0,-0.0,-1.0,0.0,-1.0,0.0,1.0,-0.0,1.0,-0.0,-1,0.0,-1,0.0,0.0,-0.0,1.0,-0.0,1.0,-0.0,0.0,-0.0,1.0,-0.0,1.0,-0.0,1.0,-0.0,-1.0,0.0,-1.0,0.0,1,-0.0,0,-0.0,1.0,-0.0,0,-0.0,1.0,-0.0,1,-0.0,-1,0.0,1.0,-0.0,0,-0.0,-1.0,0.0,-1.0,0.0,1.0,-0.0,1.0,-0.0,-1.0,0.0,-1.0,0.0,-1.0,0.0,-1.0,0.0,1.0,-0.0,-1,0.0,0,-0.0,-1.0,0.0,-1.0,0.0,-1,0.0,1.0,-0.0,1.0,-0.0,0,-0.0,1,-0.0,-1.0,0.0,0.0,-0.0,1.0,-0.0,-1.0,0.0
20170124,@SFH7,-1.0,-0.00239020017926,125212.5,currency,1485294306,1.0,-0.0,0.0,0.0,-0.0,1.0,-0.0,-1.0,0.0,1.0,-0.0,-1.0,0.0,0.0,-0.0,-1.0,0.0,1.0,-0.0,-1.0,0.0,1.0,-0.0,-1,0.0,-1,0.0,-1,0.0,-1.0,0.0,1.0,-0.0,1.0,-0.0,0.0,-0.0,1.0,-0.0,1.0,-0.0,0,-0.0,-1.0,0.0,-1.0,0.0,-1.0,0.0,0.0,-0.0,0.0,-0.0,1.0,-0.0,1.0,-0.0,-1.0,0.0,-1,0.0,-1,0.0,0.0,-0.0,-1.0,0.0,-1,0.0,1.0,-0.0,-1,0.0,1.0,-0.0,-1.0,0.0,-1.0,0.0,-1.0,0.0,1.0,-0.0,0.0,-0.0,-1.0,0.0,-1.0,0.0,-1.0,0.0,-1.0,0.0,1.0,-0.0,-1,0.0,1,-0.0,1.0,-0.0,1.0,-0.0,-1.0,0.0,1.0,-0.0,1.0,-0.0,-1.0,0.0,-1.0,0.0,1.0,-0.0,-1.0,0.0,1,-0.0,0,-0.0,-1.0,0.0,0,-0.0,1.0,-0.0,1,-0.0,-1,0.0,1.0,-0.0,1,-0.0,1.0,-0.0,0.0,-0.0,0.0,-0.0,-1.0,0.0,1.0,-0.0,1.0,-0.0,1.0,-0.0,-1.0,0.0,1.0,-0.0,-1,0.0,0,-0.0,1.0,-0.0,1.0,-0.0,-1,0.0,1.0,-0.0,-1.0,0.0,1,-0.0,1,-0.0,1.0,-0.0,0.0,-0.0,1.0,-0.0,-1.0,0.0
20170124,@SH7,-1.0,-0.00118175372252,52825.0,grain,1485285159,1.0,-0.0,0.0,0.0,-0.0,1.0,-0.0,-1.0,0.0,1.0,-0.0,-1.0,0.0,0.0,-0.0,1.0,-0.0,-1.0,0.0,1.0,-0.0,-1.0,0.0,-1,0.0,-1,0.0,-1,0.0,-1.0,0.0,1.0,-0.0,1.0,-0.0,0.0,-0.0,-1.0,0.0,1.0,-0.0,0,-0.0,-1.0,0.0,-1.0,0.0,1.0,-0.0,0.0,-0.0,0.0,-0.0,-1.0,0.0,-1.0,0.0,1.0,-0.0,-1,0.0,-1,0.0,0.0,-0.0,-1.0,0.0,1,-0.0,1.0,-0.0,-1,0.0,-1.0,0.0,-1.0,0.0,-1.0,0.0,-1.0,0.0,-1.0,0.0,0.0,-0.0,-1.0,0.0,1.0,-0.0,-1.0,0.0,-1.0,0.0,-1.0,0.0,-1,0.0,1,-0.0,1.0,-0.0,1.0,-0.0,1.0,-0.0,1.0,-0.0,1.0,-0.0,-1.0,0.0,-1.0,0.0,1.0,-0.0,1.0,-0.0,-1,0.0,0,-0.0,1.0,-0.0,0,-0.0,-1.0,0.0,1,-0.0,-1,0.0,1.0,-0.0,1,-0.0,-1.0,0.0,0.0,-0.0,0.0,-0.0,-1.0,0.0,1.0,-0.0,1.0,-0.0,1.0,-0.0,1.0,-0.0,-1.0,0.0,1,-0.0,0,-0.0,1.0,-0.0,1.0,-0.0,1,-0.0,-1.0,0.0,1.0,-0.0,1,-0.0,1,-0.0,1.0,-0.0,0.0,-0.0,-1.0,0.0,1.0,-0.0
20170124,QPLJ7,1.0,0.0196958873354,49960.0,metal,1485294306,1.0,0.0,0.0,1.0,0.0,1.0,0.0,1.0,0.0,-1.0,-0.0,1.0,0.0,0.0,0.0,-1.0,-0.0,1.0,0.0,-1.0,-0.0,-1.0,-0.0,0,0.0,-1,-0.0,1,0.0,1.0,0.0,-1.0,-0.0,-1.0,-0.0,0.0,0.0,1.0,0.0,-1.0,-0.0,0,0.0,1.0,0.0,1.0,0.0,1.0,0.0,1.0,0.0,-1.0,-0.0,1.0,0.0,-1.0,-0.0,-1.0,-0.0,-1,-0.0,0,0.0,-1.0,-0.0,1.0,0.0,-1,-0.0,-1.0,-0.0,1,0.0,1.0,0.0,1.0,0.0,1.0,0.0,1.0,0.0,1.0,0.0,0.0,0.0,0.0,0.0,-1.0,-0.0,-1.0,-0.0,1.0,0.0,1.0,0.0,-1,-0.0,-1,-0.0,-1.0,-0.0,-1.0,-0.0,-1.0,-0.0,0.0,0.0,1.0,0.0,1.0,0.0,1.0,0.0,-1.0,-0.0,-1.0,-0.0,1,0.0,0,0.0,1.0,0.0,0,0.0,1.0,0.0,1,0.0,-1,-0.0,1.0,0.0,0,0.0,-1.0,-0.0,-1.0,-0.0,1.0,0.0,1.0,0.0,-1.0,-0.0,-1.0,-0.0,-1.0,-0.0,-1.0,-0.0,1.0,0.0,-1,-0.0,0,0.0,-1.0,-0.0,-1.0,-0.0,-1,-0.0,1.0,0.0,1.0,0.0,0,0.0,1,0.0,-1.0,-0.0,0.0,0.0,1.0,0.0,-1.0,-0.0
20170124,QPAH7,1.0,0.0230071289695,78925.0,metal,1485294306,1.0,0.0,0.0,0.0,0.0,1.0,0.0,1.0,0.0,-1.0,-0.0,-1.0,-0.0,1.0,0.0,1.0,0.0,1.0,0.0,1.0,0.0,-1.0,-0.0,-1,-0.0,-1,-0.0,-1,-0.0,0.0,0.0,1.0,0.0,1.0,0.0,-1.0,-0.0,-1.0,-0.0,1.0,0.0,0,0.0,1.0,0.0,-1.0,-0.0,1.0,0.0,0.0,0.0,0.0,0.0,-1.0,-0.0,-1.0,-0.0,1.0,0.0,-1,-0.0,-1,-0.0,0.0,0.0,-1.0,-0.0,-1,-0.0,1.0,0.0,1,0.0,-1.0,-0.0,0.0,0.0,1.0,0.0,-1.0,-0.0,1.0,0.0,1.0,0.0,-1.0,-0.0,1.0,0.0,-1.0,-0.0,-1.0,-0.0,1.0,0.0,-1,-0.0,-1,-0.0,0.0,0.0,-1.0,-0.0,-1.0,-0.0,1.0,0.0,1.0,0.0,-1.0,-0.0,0.0,0.0,1.0,0.0,1.0,0.0,1,0.0,1,0.0,1.0,0.0,0,0.0,-1.0,-0.0,1,0.0,-1,-0.0,1.0,0.0,1,0.0,-1.0,-0.0,0.0,0.0,0.0,0.0,1.0,0.0,-1.0,-0.0,1.0,0.0,0.0,0.0,1.0,0.0,-1.0,-0.0,-1,-0.0,-1,-0.0,0.0,0.0,-1.0,-0.0,1,0.0,-1.0,-0.0,1.0,0.0,1,0.0,1,0.0,1.0,0.0,-1.0,-0.0,-1.0,-0.0,-1.0,-0.0
20170124,@NQH7,1.0,0.00686284190777,101965.0,index,1485294306,1.0,0.0,0.0,0.0,0.0,1.0,0.0,-1.0,-0.0,-1.0,-0.0,-1.0,-0.0,0.0,0.0,-1.0,-0.0,1.0,0.0,-1.0,-0.0,1.0,0.0,-1,-0.0,-1,-0.0,-1,-0.0,-1.0,-0.0,1.0,0.0,-1.0,-0.0,-1.0,-0.0,-1.0,-0.0,1.0,0.0,0,0.0,-1.0,-0.0,-1.0,-0.0,-1.0,-0.0,0.0,0.0,0.0,0.0,1.0,0.0,1.0,0.0,-1.0,-0.0,-1,-0.0,-1,-0.0,0.0,0.0,-1.0,-0.0,-1,-0.0,1.0,0.0,1,0.0,1.0,0.0,0.0,0.0,-1.0,-0.0,1.0,0.0,1.0,0.0,1.0,0.0,-1.0,-0.0,1.0,0.0,-1.0,-0.0,-1.0,-0.0,1.0,0.0,-1,-0.0,1,0.0,0.0,0.0,1.0,0.0,-1.0,-0.0,1.0,0.0,1.0,0.0,-1.0,-0.0,-1.0,-0.0,1.0,0.0,-1.0,-0.0,1,0.0,0,0.0,-1.0,-0.0,0,0.0,1.0,0.0,1,0.0,-1,-0.0,1.0,0.0,1,0.0,1.0,0.0,0.0,0.0,0.0,0.0,-1.0,-0.0,1.0,0.0,1.0,0.0,1.0,0.0,-1.0,-0.0,1.0,0.0,-1,-0.0,0,0.0,1.0,0.0,1.0,0.0,-1,-0.0,1.0,0.0,-1.0,-0.0,1,0.0,1,0.0,1.0,0.0,0.0,0.0,1.0,0.0,-1.0,-0.0
20170124,@NKDH7,1.0,0.00767398782747,84389.6817658,index,1485294306,1.0,0.0,0.0,-1.0,-0.0,-1.0,-0.0,-1.0,-0.0,1.0,0.0,-1.0,-0.0,0.0,0.0,1.0,0.0,-1.0,-0.0,1.0,0.0,1.0,0.0,0,0.0,1,0.0,-1,-0.0,-1.0,-0.0,1.0,0.0,1.0,0.0,0.0,0.0,-1.0,-0.0,1.0,0.0,0,0.0,-1.0,-0.0,-1.0,-0.0,-1.0,-0.0,-1.0,-0.0,1.0,0.0,-1.0,-0.0,1.0,0.0,1.0,0.0,1,0.0,0,0.0,1.0,0.0,-1.0,-0.0,1,0.0,1.0,0.0,-1,-0.0,-1.0,-0.0,-1.0,-0.0,-1.0,-0.0,-1.0,-0.0,-1.0,-0.0,0.0,0.0,0.0,0.0,1.0,0.0,1.0,0.0,-1.0,-0.0,-1.0,-0.0,1,0.0,1,0.0,1.0,0.0,1.0,0.0,1.0,0.0,0.0,0.0,-1.0,-0.0,-1.0,-0.0,-1.0,-0.0,1.0,0.0,1.0,0.0,-1,-0.0,0,0.0,-1.0,-0.0,0,0.0,-1.0,-0.0,-1,-0.0,1,0.0,-1.0,-0.0,0,0.0,1.0,0.0,1.0,0.0,-1.0,-0.0,-1.0,-0.0,1.0,0.0,1.0,0.0,1.0,0.0,1.0,0.0,-1.0,-0.0,1,0.0,0,0.0,1.0,0.0,1.0,0.0,1,0.0,-1.0,-0.0,-1.0,-0.0,0,0.0,-1,-0.0,1.0,0.0,0.0,0.0,-1.0,-0.0,1.0,0.0
20170124,@NEH7,1.0,0.00332824850922,72350.0,currency,1485294306,1.0,0.0,0.0,0.0,0.0,1.0,0.0,-1.0,-0.0,-1.0,-0.0,-1.0,-0.0,0.0,0.0,-1.0,-0.0,1.0,0.0,-1.0,-0.0,1.0,0.0,-1,-0.0,-1,-0.0,-1,-0.0,-1.0,-0.0,1.0,0.0,-1.0,-0.0,-1.0,-0.0,-1.0,-0.0,1.0,0.0,0,0.0,-1.0,-0.0,-1.0,-0.0,-1.0,-0.0,0.0,0.0,0.0,0.0,1.0,0.0,1.0,0.0,-1.0,-0.0,-1,-0.0,-1,-0.0,0.0,0.0,-1.0,-0.0,-1,-0.0,1.0,0.0,1,0.0,1.0,0.0,0.0,0.0,-1.0,-0.0,1.0,0.0,1.0,0.0,1.0,0.0,-1.0,-0.0,1.0,0.0,-1.0,-0.0,-1.0,-0.0,1.0,0.0,-1,-0.0,1,0.0,0.0,0.0,1.0,0.0,-1.0,-0.0,1.0,0.0,1.0,0.0,-1.0,-0.0,-1.0,-0.0,1.0,0.0,-1.0,-0.0,1,0.0,0,0.0,-1.0,-0.0,0,0.0,1.0,0.0,1,0.0,-1,-0.0,1.0,0.0,1,0.0,1.0,0.0,0.0,0.0,0.0,0.0,-1.0,-0.0,1.0,0.0,1.0,0.0,1.0,0.0,-1.0,-0.0,1.0,0.0,-1,-0.0,0,0.0,1.0,0.0,1.0,0.0,-1,-0.0,1.0,0.0,-1.0,-0.0,1,0.0,1,0.0,1.0,0.0,0.0,0.0,1.0,0.0,-1.0,-0.0
20170124,@PXH7,-1.0,-0.00538329026701,23095.0,currency,1485294306,1.0,-0.0,0.0,-1.0,0.0,-1.0,0.0,-1.0,0.0,-1.0,0.0,1.0,-0.0,1.0,-0.0,1.0,-0.0,1.0,-0.0,1.0,-0.0,1.0,-0.0,0,-0.0,-1,0.0,-1,0.0,0.0,-0.0,1.0,-0.0,-1.0,0.0,-1.0,0.0,-1.0,0.0,1.0,-0.0,0,-0.0,-1.0,0.0,1.0,-0.0,-1.0,0.0,0.0,-0.0,0.0,-0.0,1.0,-0.0,1.0,-0.0,-1.0,0.0,-1,0.0,-1,0.0,1.0,-0.0,-1.0,0.0,-1,0.0,1.0,-0.0,1,-0.0,1.0,-0.0,0.0,-0.0,-1.0,0.0,1.0,-0.0,1.0,-0.0,1.0,-0.0,-1.0,0.0,1.0,-0.0,-1.0,0.0,-1.0,0.0,1.0,-0.0,-1,0.0,-1,0.0,0.0,-0.0,1.0,-0.0,-1.0,0.0,1.0,-0.0,1.0,-0.0,1.0,-0.0,0.0,-0.0,-1.0,0.0,1.0,-0.0,1,-0.0,1,-0.0,-1.0,0.0,0,-0.0,1.0,-0.0,1,-0.0,1,-0.0,1.0,-0.0,1,-0.0,1.0,-0.0,0.0,-0.0,0.0,-0.0,1.0,-0.0,1.0,-0.0,-1.0,0.0,0.0,-0.0,-1.0,0.0,-1.0,0.0,-1,0.0,-1,0.0,0.0,-0.0,1.0,-0.0,-1,0.0,-1.0,0.0,-1.0,0.0,0,-0.0,1,-0.0,-1.0,0.0,-1.0,0.0,-1.0,0.0,-1.0,0.0
20170124,@HEJ7,-1.0,-0.00110660272962,27080.0,meat,1485284634,1.0,-0.0,0.0,-1.0,0.0,-1.0,0.0,1.0,-0.0,-1.0,0.0,-1.0,0.0,1.0,-0.0,1.0,-0.0,1.0,-0.0,1.0,-0.0,1.0,-0.0,0,-0.0,1,-0.0,-1,0.0,0.0,-0.0,1.0,-0.0,1.0,-0.0,-1.0,0.0,-1.0,0.0,1.0,-0.0,0,-0.0,1.0,-0.0,-1.0,0.0,-1.0,0.0,-1.0,0.0,1.0,-0.0,-1.0,0.0,1.0,-0.0,1.0,-0.0,1,-0.0,0,-0.0,1.0,-0.0,-1.0,0.0,1,-0.0,1.0,-0.0,1,-0.0,-1.0,0.0,0.0,-0.0,1.0,-0.0,-1.0,0.0,1.0,-0.0,1.0,-0.0,0.0,-0.0,1.0,-0.0,1.0,-0.0,-1.0,0.0,-1.0,0.0,1,-0.0,-1,0.0,0.0,-0.0,-1.0,0.0,-1.0,0.0,0.0,-0.0,-1.0,0.0,-1.0,0.0,0.0,-0.0,1.0,-0.0,1.0,-0.0,1,-0.0,1,-0.0,-1.0,0.0,0,-0.0,-1.0,0.0,-1,0.0,1,-0.0,-1.0,0.0,0,-0.0,1.0,-0.0,1.0,-0.0,-1.0,0.0,1.0,-0.0,-1.0,0.0,1.0,-0.0,0.0,-0.0,1.0,-0.0,-1.0,0.0,-1,0.0,-1,0.0,0.0,-0.0,-1.0,0.0,1,-0.0,-1.0,0.0,-1.0,0.0,0,-0.0,-1,0.0,1.0,-0.0,-1.0,0.0,-1.0,0.0,-1.0,0.0
20170124,QNGH7,1.0,0.0153515505066,33070.0,energy,1485294306,1.0,507.675775253,507.675775253,-1.0,-507.675775253,-1.0,-507.675775253,-1.0,-507.675775253,-1.0,-507.675775253,1.0,507.675775253,1.0,507.675775253,1.0,507.675775253,1.0,507.675775253,1.0,507.675775253,1.0,507.675775253,0,0.0,-1,-507.675775253,-1,-507.675775253,0.0,0.0,1.0,507.675775253,-1.0,-507.675775253,-1.0,-507.675775253,-1.0,-507.675775253,1.0,507.675775253,0,0.0,-1.0,-507.675775253,1.0,507.675775253,-1.0,-507.675775253,0.0,0.0,0.0,0.0,1.0,507.675775253,1.0,507.675775253,-1.0,-507.675775253,-1,-507.675775253,-1,-507.675775253,1.0,507.675775253,-1.0,-507.675775253,-1,-507.675775253,1.0,507.675775253,1,507.675775253,1.0,507.675775253,0.0,0.0,-1.0,-507.675775253,1.0,507.675775253,1.0,507.675775253,1.0,507.675775253,-1.0,-507.675775253,1.0,507.675775253,-1.0,-507.675775253,-1.0,-507.675775253,1.0,507.675775253,-1,-507.675775253,-1,-507.675775253,0.0,0.0,1.0,507.675775253,-1.0,-507.675775253,1.0,507.675775253,1.0,507.675775253,1.0,507.675775253,0.0,0.0,-1.0,-507.675775253,1.0,507.675775253,1,507.675775253,1,507.675775253,-1.0,-507.675775253,0,0.0,1.0,507.675775253,1,507.675775253,1,507.675775253,1.0,507.675775253,1,507.675775253,1.0,507.675775253,0.0,0.0,0.0,0.0,1.0,507.675775253,1.0,507.675775253,-1.0,-507.675775253,0.0,0.0,-1.0,-507.675775253,-1.0,-507.675775253,-1,-507.675775253,-1,-507.675775253,0.0,0.0,1.0,507.675775253,-1,-507.675775253,-1.0,-507.675775253,-1.0,-507.675775253,0,0.0,1,507.675775253,-1.0,-507.675775253,-1.0,-507.675775253,-1.0,-507.675775253,-1.0,-507.675775253
20170124,@JYH7,-1.0,-0.00727703503131,109987.5,currency,1485294306,1.0,-0.0,0.0,1.0,-0.0,1.0,-0.0,-1.0,0.0,-1.0,0.0,1.0,-0.0,-1.0,0.0,-1.0,0.0,-1.0,0.0,-1.0,0.0,-1.0,0.0,0,-0.0,-1,0.0,1,-0.0,0.0,-0.0,-1.0,0.0,-1.0,0.0,0.0,-0.0,1.0,-0.0,-1.0,0.0,0,-0.0,-1.0,0.0,1.0,-0.0,1.0,-0.0,1.0,-0.0,-1.0,0.0,1.0,-0.0,-1.0,0.0,-1.0,0.0,-1,0.0,0,-0.0,-1.0,0.0,1.0,-0.0,-1,0.0,-1.0,0.0,1,-0.0,1.0,-0.0,1.0,-0.0,1.0,-0.0,1.0,-0.0,1.0,-0.0,0.0,-0.0,0.0,-0.0,-1.0,0.0,-1.0,0.0,1.0,-0.0,1.0,-0.0,-1,0.0,1,-0.0,-1.0,0.0,-1.0,0.0,-1.0,0.0,0.0,-0.0,1.0,-0.0,1.0,-0.0,0.0,-0.0,-1.0,0.0,-1.0,0.0,-1,0.0,-1,0.0,1.0,-0.0,0,-0.0,1.0,-0.0,1,-0.0,-1,0.0,1.0,-0.0,0,-0.0,-1.0,0.0,-1.0,0.0,1.0,-0.0,-1.0,0.0,1.0,-0.0,-1.0,0.0,0.0,-0.0,-1.0,0.0,1.0,-0.0,1,-0.0,1,-0.0,0.0,-0.0,1.0,-0.0,-1,0.0,1.0,-0.0,1.0,-0.0,0,-0.0,1,-0.0,-1.0,0.0,1.0,-0.0,1.0,-0.0,1.0,-0.0
20170124,@ADH7,1.0,0.0010573618821,75740.0,currency,1485294306,1.0,0.0,0.0,0.0,0.0,1.0,0.0,-1.0,-0.0,-1.0,-0.0,-1.0,-0.0,0.0,0.0,-1.0,-0.0,1.0,0.0,-1.0,-0.0,1.0,0.0,-1,-0.0,-1,-0.0,-1,-0.0,-1.0,-0.0,1.0,0.0,-1.0,-0.0,-1.0,-0.0,-1.0,-0.0,1.0,0.0,0,0.0,-1.0,-0.0,-1.0,-0.0,-1.0,-0.0,0.0,0.0,0.0,0.0,1.0,0.0,1.0,0.0,-1.0,-0.0,-1,-0.0,-1,-0.0,0.0,0.0,-1.0,-0.0,-1,-0.0,1.0,0.0,1,0.0,1.0,0.0,0.0,0.0,-1.0,-0.0,1.0,0.0,1.0,0.0,1.0,0.0,-1.0,-0.0,1.0,0.0,-1.0,-0.0,-1.0,-0.0,1.0,0.0,-1,-0.0,1,0.0,0.0,0.0,1.0,0.0,-1.0,-0.0,1.0,0.0,1.0,0.0,-1.0,-0.0,-1.0,-0.0,1.0,0.0,-1.0,-0.0,1,0.0,0,0.0,-1.0,-0.0,0,0.0,1.0,0.0,1,0.0,-1,-0.0,1.0,0.0,1,0.0,1.0,0.0,0.0,0.0,0.0,0.0,-1.0,-0.0,1.0,0.0,1.0,0.0,1.0,0.0,-1.0,-0.0,1.0,0.0,-1,-0.0,0,0.0,1.0,0.0,1.0,0.0,-1,-0.0,1.0,0.0,-1.0,-0.0,1,0.0,1,0.0,1.0,0.0,0.0,0.0,1.0,0.0,-1.0,-0.0
20170124,@BOH7,1.0,0.00455451181326,21174.0,grain,1485285159,1.0,96.4372331341,96.4372331341,0.0,0.0,1.0,96.4372331341,-1.0,-96.4372331341,1.0,96.4372331341,-1.0,-96.4372331341,0.0,0.0,-1.0,-96.4372331341,1.0,96.4372331341,-1.0,-96.4372331341,1.0,96.4372331341,-1,-96.4372331341,-1,-96.4372331341,-1,-96.4372331341,-1.0,-96.4372331341,1.0,96.4372331341,1.0,96.4372331341,0.0,0.0,1.0,96.4372331341,1.0,96.4372331341,0,0.0,-1.0,-96.4372331341,-1.0,-96.4372331341,-1.0,-96.4372331341,0.0,0.0,0.0,0.0,1.0,96.4372331341,1.0,96.4372331341,-1.0,-96.4372331341,-1,-96.4372331341,-1,-96.4372331341,0.0,0.0,-1.0,-96.4372331341,-1,-96.4372331341,1.0,96.4372331341,-1,-96.4372331341,1.0,96.4372331341,-1.0,-96.4372331341,-1.0,-96.4372331341,-1.0,-96.4372331341,1.0,96.4372331341,0.0,0.0,-1.0,-96.4372331341,-1.0,-96.4372331341,-1.0,-96.4372331341,-1.0,-96.4372331341,1.0,96.4372331341,-1,-96.4372331341,1,96.4372331341,1.0,96.4372331341,1.0,96.4372331341,-1.0,-96.4372331341,1.0,96.4372331341,1.0,96.4372331341,-1.0,-96.4372331341,-1.0,-96.4372331341,1.0,96.4372331341,-1.0,-96.4372331341,1,96.4372331341,0,0.0,-1.0,-96.4372331341,0,0.0,1.0,96.4372331341,1,96.4372331341,-1,-96.4372331341,1.0,96.4372331341,1,96.4372331341,1.0,96.4372331341,0.0,0.0,0.0,0.0,-1.0,-96.4372331341,1.0,96.4372331341,1.0,96.4372331341,1.0,96.4372331341,-1.0,-96.4372331341,1.0,96.4372331341,-1,-96.4372331341,0,0.0,1.0,96.4372331341,1.0,96.4372331341,-1,-96.4372331341,1.0,96.4372331341,-1.0,-96.4372331341,1,96.4372331341,1,96.4372331341,1.0,96.4372331341,0.0,0.0,1.0,96.4372331341,-1.0,-96.4372331341
20170124,@BPH7,1.0,0.00103883650312,78293.75,currency,1485294306,1.0,0.0,0.0,0.0,0.0,1.0,0.0,-1.0,-0.0,-1.0,-0.0,-1.0,-0.0,0.0,0.0,-1.0,-0.0,1.0,0.0,-1.0,-0.0,1.0,0.0,-1,-0.0,-1,-0.0,-1,-0.0,-1.0,-0.0,1.0,0.0,-1.0,-0.0,-1.0,-0.0,-1.0,-0.0,1.0,0.0,0,0.0,-1.0,-0.0,-1.0,-0.0,-1.0,-0.0,0.0,0.0,0.0,0.0,1.0,0.0,1.0,0.0,-1.0,-0.0,-1,-0.0,-1,-0.0,0.0,0.0,-1.0,-0.0,-1,-0.0,1.0,0.0,1,0.0,1.0,0.0,0.0,0.0,-1.0,-0.0,1.0,0.0,1.0,0.0,1.0,0.0,-1.0,-0.0,1.0,0.0,-1.0,-0.0,-1.0,-0.0,1.0,0.0,-1,-0.0,1,0.0,0.0,0.0,1.0,0.0,-1.0,-0.0,1.0,0.0,1.0,0.0,-1.0,-0.0,-1.0,-0.0,1.0,0.0,-1.0,-0.0,1,0.0,0,0.0,-1.0,-0.0,0,0.0,1.0,0.0,1,0.0,-1,-0.0,1.0,0.0,1,0.0,1.0,0.0,0.0,0.0,0.0,0.0,-1.0,-0.0,1.0,0.0,1.0,0.0,1.0,0.0,-1.0,-0.0,1.0,0.0,-1,-0.0,0,0.0,1.0,0.0,1.0,0.0,-1,-0.0,1.0,0.0,-1.0,-0.0,1,0.0,1,0.0,1.0,0.0,0.0,0.0,1.0,0.0,-1.0,-0.0
20170124,@CH7,-1.0,-0.0169147496617,18162.5,grain,1485285159,1.0,-0.0,0.0,0.0,-0.0,1.0,-0.0,1.0,-0.0,-1.0,0.0,-1.0,0.0,1.0,-0.0,1.0,-0.0,1.0,-0.0,1.0,-0.0,-1.0,0.0,-1,0.0,-1,0.0,-1,0.0,0.0,-0.0,1.0,-0.0,1.0,-0.0,-1.0,0.0,-1.0,0.0,1.0,-0.0,0,-0.0,1.0,-0.0,-1.0,0.0,1.0,-0.0,0.0,-0.0,0.0,-0.0,-1.0,0.0,-1.0,0.0,1.0,-0.0,-1,0.0,-1,0.0,0.0,-0.0,-1.0,0.0,-1,0.0,1.0,-0.0,1,-0.0,-1.0,0.0,0.0,-0.0,1.0,-0.0,-1.0,0.0,1.0,-0.0,1.0,-0.0,-1.0,0.0,1.0,-0.0,-1.0,0.0,-1.0,0.0,1.0,-0.0,-1,0.0,-1,0.0,0.0,-0.0,-1.0,0.0,-1.0,0.0,1.0,-0.0,1.0,-0.0,-1.0,0.0,0.0,-0.0,1.0,-0.0,1.0,-0.0,1,-0.0,1,-0.0,1.0,-0.0,0,-0.0,-1.0,0.0,1,-0.0,-1,0.0,1.0,-0.0,1,-0.0,-1.0,0.0,0.0,-0.0,0.0,-0.0,1.0,-0.0,-1.0,0.0,1.0,-0.0,0.0,-0.0,1.0,-0.0,-1.0,0.0,-1,0.0,-1,0.0,0.0,-0.0,-1.0,0.0,1,-0.0,-1.0,0.0,1.0,-0.0,1,-0.0,1,-0.0,1.0,-0.0,-1.0,0.0,-1.0,0.0,-1.0,0.0
20170124,@CDH7,1.0,0.0067531779661,76030.0,currency,1485294306,1.0,0.0,0.0,0.0,0.0,1.0,0.0,-1.0,-0.0,1.0,0.0,-1.0,-0.0,0.0,0.0,-1.0,-0.0,1.0,0.0,-1.0,-0.0,1.0,0.0,-1,-0.0,-1,-0.0,-1,-0.0,-1.0,-0.0,1.0,0.0,1.0,0.0,0.0,0.0,1.0,0.0,1.0,0.0,0,0.0,-1.0,-0.0,-1.0,-0.0,-1.0,-0.0,0.0,0.0,0.0,0.0,1.0,0.0,1.0,0.0,-1.0,-0.0,-1,-0.0,-1,-0.0,0.0,0.0,-1.0,-0.0,-1,-0.0,1.0,0.0,-1,-0.0,1.0,0.0,-1.0,-0.0,-1.0,-0.0,-1.0,-0.0,1.0,0.0,0.0,0.0,-1.0,-0.0,-1.0,-0.0,-1.0,-0.0,-1.0,-0.0,1.0,0.0,-1,-0.0,1,0.0,1.0,0.0,1.0,0.0,-1.0,-0.0,1.0,0.0,1.0,0.0,-1.0,-0.0,-1.0,-0.0,1.0,0.0,-1.0,-0.0,1,0.0,0,0.0,-1.0,-0.0,0,0.0,1.0,0.0,1,0.0,-1,-0.0,1.0,0.0,1,0.0,1.0,0.0,0.0,0.0,0.0,0.0,-1.0,-0.0,1.0,0.0,1.0,0.0,1.0,0.0,-1.0,-0.0,1.0,0.0,-1,-0.0,0,0.0,1.0,0.0,1.0,0.0,-1,-0.0,1.0,0.0,-1.0,-0.0,1,0.0,1,0.0,1.0,0.0,0.0,0.0,1.0,0.0,-1.0,-0.0
20170124,@LEJ7,-1.0,-0.0067128172855,47350.0,meat,1485284634,1.0,-0.0,0.0,-1.0,0.0,-1.0,0.0,-1.0,0.0,-1.0,0.0,1.0,-0.0,1.0,-0.0,1.0,-0.0,1.0,-0.0,1.0,-0.0,1.0,-0.0,0,-0.0,-1,0.0,-1,0.0,0.0,-0.0,-1.0,0.0,-1.0,0.0,-1.0,0.0,-1.0,0.0,-1.0,0.0,0,-0.0,-1.0,0.0,1.0,-0.0,-1.0,0.0,-1.0,0.0,1.0,-0.0,-1.0,0.0,1.0,-0.0,1.0,-0.0,-1,0.0,0,-0.0,1.0,-0.0,1.0,-0.0,1,-0.0,1.0,-0.0,1,-0.0,1.0,-0.0,0.0,-0.0,-1.0,0.0,1.0,-0.0,1.0,-0.0,1.0,-0.0,0.0,-0.0,1.0,-0.0,-1.0,0.0,1.0,-0.0,-1.0,0.0,1,-0.0,-1,0.0,0.0,-0.0,1.0,-0.0,-1.0,0.0,0.0,-0.0,1.0,-0.0,1.0,-0.0,0.0,-0.0,-1.0,0.0,1.0,-0.0,1,-0.0,1,-0.0,-1.0,0.0,0,-0.0,-1.0,0.0,1,-0.0,1,-0.0,-1.0,0.0,0,-0.0,1.0,-0.0,1.0,-0.0,-1.0,0.0,1.0,-0.0,1.0,-0.0,-1.0,0.0,0.0,-0.0,1.0,-0.0,-1.0,0.0,-1,0.0,-1,0.0,0.0,-0.0,1.0,-0.0,-1,0.0,-1.0,0.0,-1.0,0.0,0,-0.0,1,-0.0,-1.0,0.0,-1.0,0.0,-1.0,0.0,-1.0,0.0
20170124,@EUH7,-1.0,-0.00143945022288,134406.25,currency,1485294306,1.0,-0.0,0.0,0.0,-0.0,1.0,-0.0,-1.0,0.0,1.0,-0.0,-1.0,0.0,0.0,-0.0,-1.0,0.0,1.0,-0.0,-1.0,0.0,1.0,-0.0,-1,0.0,-1,0.0,-1,0.0,-1.0,0.0,1.0,-0.0,1.0,-0.0,0.0,-0.0,1.0,-0.0,1.0,-0.0,0,-0.0,-1.0,0.0,-1.0,0.0,-1.0,0.0,0.0,-0.0,0.0,-0.0,1.0,-0.0,1.0,-0.0,-1.0,0.0,-1,0.0,-1,0.0,0.0,-0.0,-1.0,0.0,-1,0.0,1.0,-0.0,-1,0.0,1.0,-0.0,-1.0,0.0,-1.0,0.0,-1.0,0.0,1.0,-0.0,0.0,-0.0,-1.0,0.0,-1.0,0.0,-1.0,0.0,-1.0,0.0,1.0,-0.0,-1,0.0,1,-0.0,1.0,-0.0,1.0,-0.0,-1.0,0.0,1.0,-0.0,1.0,-0.0,-1.0,0.0,-1.0,0.0,1.0,-0.0,-1.0,0.0,1,-0.0,0,-0.0,-1.0,0.0,0,-0.0,1.0,-0.0,1,-0.0,-1,0.0,1.0,-0.0,1,-0.0,1.0,-0.0,0.0,-0.0,0.0,-0.0,-1.0,0.0,1.0,-0.0,1.0,-0.0,1.0,-0.0,-1.0,0.0,1.0,-0.0,-1,0.0,0,-0.0,1.0,-0.0,1.0,-0.0,-1,0.0,1.0,-0.0,-1.0,0.0,1,-0.0,1,-0.0,1.0,-0.0,0.0,-0.0,1.0,-0.0,-1.0,0.0
20170124,@EMDH7,1.0,0.014135122185,169320.0,index,1485294306,1.0,0.0,0.0,0.0,0.0,1.0,0.0,-1.0,-0.0,-1.0,-0.0,-1.0,-0.0,0.0,0.0,1.0,0.0,-1.0,-0.0,1.0,0.0,-1.0,-0.0,-1,-0.0,-1,-0.0,-1,-0.0,-1.0,-0.0,1.0,0.0,1.0,0.0,-1.0,-0.0,-1.0,-0.0,1.0,0.0,0,0.0,-1.0,-0.0,-1.0,-0.0,1.0,0.0,0.0,0.0,0.0,0.0,-1.0,-0.0,-1.0,-0.0,1.0,0.0,-1,-0.0,-1,-0.0,0.0,0.0,-1.0,-0.0,-1,-0.0,1.0,0.0,1,0.0,-1.0,-0.0,0.0,0.0,1.0,0.0,-1.0,-0.0,1.0,0.0,1.0,0.0,-1.0,-0.0,1.0,0.0,-1.0,-0.0,-1.0,-0.0,1.0,0.0,-1,-0.0,1,0.0,0.0,0.0,-1.0,-0.0,-1.0,-0.0,1.0,0.0,1.0,0.0,-1.0,-0.0,-1.0,-0.0,1.0,0.0,1.0,0.0,-1,-0.0,0,0.0,1.0,0.0,0,0.0,-1.0,-0.0,1,0.0,-1,-0.0,1.0,0.0,1,0.0,-1.0,-0.0,0.0,0.0,0.0,0.0,-1.0,-0.0,1.0,0.0,1.0,0.0,1.0,0.0,1.0,0.0,-1.0,-0.0,1,0.0,0,0.0,1.0,0.0,1.0,0.0,1,0.0,-1.0,-0.0,1.0,0.0,1,0.0,1,0.0,1.0,0.0,0.0,0.0,-1.0,-0.0,1.0,0.0
20170124,QCLH7,1.0,0.00379146919431,52950.0,energy,1485294306,1.0,0.0,0.0,-1.0,-0.0,-1.0,-0.0,1.0,0.0,1.0,0.0,-1.0,-0.0,1.0,0.0,1.0,0.0,1.0,0.0,1.0,0.0,1.0,0.0,0,0.0,1,0.0,-1,-0.0,0.0,0.0,1.0,0.0,1.0,0.0,0.0,0.0,-1.0,-0.0,1.0,0.0,0,0.0,1.0,0.0,-1.0,-0.0,-1.0,-0.0,-1.0,-0.0,1.0,0.0,-1.0,-0.0,1.0,0.0,1.0,0.0,1,0.0,0,0.0,1.0,0.0,-1.0,-0.0,-1,-0.0,1.0,0.0,-1,-0.0,-1.0,-0.0,-1.0,-0.0,-1.0,-0.0,-1.0,-0.0,-1.0,-0.0,0.0,0.0,0.0,0.0,1.0,0.0,1.0,0.0,-1.0,-0.0,1.0,0.0,1,0.0,-1,-0.0,1.0,0.0,1.0,0.0,1.0,0.0,0.0,0.0,-1.0,-0.0,-1.0,-0.0,0.0,0.0,1.0,0.0,1.0,0.0,1,0.0,1,0.0,-1.0,-0.0,0,0.0,-1.0,-0.0,-1,-0.0,1,0.0,-1.0,-0.0,0,0.0,1.0,0.0,1.0,0.0,-1.0,-0.0,1.0,0.0,-1.0,-0.0,1.0,0.0,0.0,0.0,1.0,0.0,-1.0,-0.0,-1,-0.0,-1,-0.0,0.0,0.0,-1.0,-0.0,1,0.0,-1.0,-0.0,-1.0,-0.0,0,0.0,-1,-0.0,1.0,0.0,-1.0,-0.0,-1.0,-0.0,-1.0,-0.0
20170124,@ESH7,1.0,0.00585764809903,113762.5,index,1485294306,1.0,666.380691866,666.380691866,0.0,0.0,1.0,666.380691866,-1.0,-666.380691866,1.0,666.380691866,-1.0,-666.380691866,0.0,0.0,1.0,666.380691866,-1.0,-666.380691866,1.0,666.380691866,-1.0,-666.380691866,-1,-666.380691866,-1,-666.380691866,-1,-666.380691866,-1.0,-666.380691866,1.0,666.380691866,1.0,666.380691866,0.0,0.0,-1.0,-666.380691866,1.0,666.380691866,1,292.882404951,-1.0,-666.380691866,-1.0,-666.380691866,1.0,666.380691866,0.0,0.0,0.0,0.0,-1.0,-666.380691866,-1.0,-666.380691866,1.0,666.380691866,-1,-666.380691866,-1,-666.380691866,0.0,0.0,-1.0,-666.380691866,-1,-666.380691866,1.0,666.380691866,-1,-666.380691866,-1.0,-666.380691866,-1.0,-666.380691866,-1.0,-666.380691866,-1.0,-666.380691866,-1.0,-666.380691866,0.0,0.0,-1.0,-666.380691866,1.0,666.380691866,-1.0,-666.380691866,-1.0,-666.380691866,1.0,666.380691866,-1,-666.380691866,1,666.380691866,1.0,666.380691866,1.0,666.380691866,1.0,666.380691866,1.0,666.380691866,1.0,666.380691866,-1.0,-666.380691866,-1.0,-666.380691866,1.0,666.380691866,1.0,666.380691866,-1,-666.380691866,0,0.0,1.0,666.380691866,0,0.0,-1.0,-666.380691866,1,666.380691866,-1,-666.380691866,1.0,666.380691866,1,666.380691866,-1.0,-666.380691866,0.0,0.0,0.0,0.0,-1.0,-666.380691866,1.0,666.380691866,1.0,666.380691866,1.0,666.380691866,1.0,666.380691866,-1.0,-666.380691866,1,666.380691866,0,0.0,1.0,666.380691866,1.0,666.380691866,1,666.380691866,-1.0,-666.380691866,1.0,666.380691866,1,666.380691866,1,666.380691866,1.0,666.380691866,0.0,0.0,-1.0,-666.380691866,1.0,666.380691866
20170124,@GFH7,-1.0,-0.00478285823608,65025.0,meat,1485284634,1.0,-0.0,0.0,-1.0,0.0,-1.0,0.0,-1.0,0.0,-1.0,0.0,-1.0,0.0,0.0,-0.0,1.0,-0.0,-1.0,0.0,1.0,-0.0,1.0,-0.0,0,-0.0,1,-0.0,-1,0.0,-1.0,0.0,1.0,-0.0,1.0,-0.0,-1.0,0.0,-1.0,0.0,1.0,-0.0,0,-0.0,-1.0,0.0,-1.0,0.0,-1.0,0.0,-1.0,0.0,1.0,-0.0,-1.0,0.0,1.0,-0.0,1.0,-0.0,1,-0.0,0,-0.0,1.0,-0.0,-1.0,0.0,1,-0.0,1.0,-0.0,1,-0.0,-1.0,0.0,0.0,-0.0,1.0,-0.0,-1.0,0.0,1.0,-0.0,1.0,-0.0,0.0,-0.0,1.0,-0.0,1.0,-0.0,-1.0,0.0,-1.0,0.0,1,-0.0,1,-0.0,0.0,-0.0,-1.0,0.0,-1.0,0.0,0.0,-0.0,-1.0,0.0,-1.0,0.0,-1.0,0.0,1.0,-0.0,1.0,-0.0,-1,0.0,0,-0.0,-1.0,0.0,0,-0.0,-1.0,0.0,-1,0.0,1,-0.0,-1.0,0.0,0,-0.0,1.0,-0.0,1.0,-0.0,-1.0,0.0,-1.0,0.0,1.0,-0.0,1.0,-0.0,1.0,-0.0,1.0,-0.0,-1.0,0.0,1,-0.0,0,-0.0,1.0,-0.0,1.0,-0.0,1,-0.0,-1.0,0.0,-1.0,0.0,0,-0.0,-1,0.0,1.0,-0.0,0.0,-0.0,-1.0,0.0,1.0,-0.0
20170124,@FVH7,-1.0,-0.00277998411438,117703.125,rates,1485294306,1.0,-0.0,0.0,1.0,-0.0,1.0,-0.0,-1.0,0.0,-1.0,0.0,1.0,-0.0,-1.0,0.0,-1.0,0.0,-1.0,0.0,-1.0,0.0,-1.0,0.0,0,-0.0,-1,0.0,1,-0.0,0.0,-0.0,-1.0,0.0,-1.0,0.0,0.0,-0.0,1.0,-0.0,-1.0,0.0,0,-0.0,-1.0,0.0,1.0,-0.0,1.0,-0.0,1.0,-0.0,-1.0,0.0,1.0,-0.0,-1.0,0.0,-1.0,0.0,-1,0.0,0,-0.0,-1.0,0.0,1.0,-0.0,-1,0.0,-1.0,0.0,1,-0.0,1.0,-0.0,1.0,-0.0,1.0,-0.0,1.0,-0.0,1.0,-0.0,0.0,-0.0,0.0,-0.0,-1.0,0.0,-1.0,0.0,1.0,-0.0,1.0,-0.0,-1,0.0,1,-0.0,-1.0,0.0,-1.0,0.0,-1.0,0.0,0.0,-0.0,1.0,-0.0,1.0,-0.0,0.0,-0.0,-1.0,0.0,-1.0,0.0,-1,0.0,-1,0.0,1.0,-0.0,0,-0.0,1.0,-0.0,1,-0.0,-1,0.0,1.0,-0.0,0,-0.0,-1.0,0.0,-1.0,0.0,1.0,-0.0,-1.0,0.0,1.0,-0.0,-1.0,0.0,0.0,-0.0,-1.0,0.0,1.0,-0.0,1,-0.0,1,-0.0,0.0,-0.0,1.0,-0.0,-1,0.0,1.0,-0.0,1.0,-0.0,0,-0.0,1,-0.0,-1.0,0.0,1.0,-0.0,1.0,-0.0,1.0,-0.0
20170124,QGCG7,-1.0,-0.00534715366897,120910.0,metal,1485294306,1.0,-0.0,0.0,1.0,-0.0,1.0,-0.0,1.0,-0.0,-1.0,0.0,1.0,-0.0,0.0,-0.0,-1.0,0.0,1.0,-0.0,-1.0,0.0,-1.0,0.0,0,-0.0,-1,0.0,1,-0.0,1.0,-0.0,-1.0,0.0,-1.0,0.0,0.0,-0.0,1.0,-0.0,-1.0,0.0,0,-0.0,1.0,-0.0,1.0,-0.0,1.0,-0.0,1.0,-0.0,-1.0,0.0,1.0,-0.0,-1.0,0.0,-1.0,0.0,-1,0.0,0,-0.0,-1.0,0.0,1.0,-0.0,-1,0.0,-1.0,0.0,1,-0.0,1.0,-0.0,1.0,-0.0,1.0,-0.0,1.0,-0.0,1.0,-0.0,0.0,-0.0,0.0,-0.0,-1.0,0.0,-1.0,0.0,1.0,-0.0,1.0,-0.0,-1,0.0,-1,0.0,-1.0,0.0,-1.0,0.0,-1.0,0.0,0.0,-0.0,1.0,-0.0,1.0,-0.0,1.0,-0.0,-1.0,0.0,-1.0,0.0,1,-0.0,0,-0.0,1.0,-0.0,0,-0.0,1.0,-0.0,1,-0.0,-1,0.0,1.0,-0.0,0,-0.0,-1.0,0.0,-1.0,0.0,1.0,-0.0,1.0,-0.0,-1.0,0.0,-1.0,0.0,-1.0,0.0,-1.0,0.0,1.0,-0.0,-1,0.0,0,-0.0,-1.0,0.0,-1.0,0.0,-1,0.0,1.0,-0.0,1.0,-0.0,0,-0.0,1,-0.0,-1.0,0.0,0.0,-0.0,1.0,-0.0,-1.0,0.0
20170124,QHGH7,1.0,0.0232294617564,67725.0,metal,1485294306,1.0,1573.21529745,1573.21529745,-1.0,-1573.21529745,-1.0,-1573.21529745,-1.0,-1573.21529745,1.0,1573.21529745,1.0,1573.21529745,0.0,0.0,-1.0,-1573.21529745,1.0,1573.21529745,1.0,1573.21529745,1.0,1573.21529745,0,0.0,-1,-1573.21529745,-1,-1573.21529745,-1.0,-1573.21529745,-1.0,-1573.21529745,1.0,1573.21529745,0.0,0.0,1.0,1573.21529745,-1.0,-1573.21529745,0,0.0,-1.0,-1573.21529745,-1.0,-1573.21529745,-1.0,-1573.21529745,-1.0,-1573.21529745,1.0,1573.21529745,-1.0,-1573.21529745,1.0,1573.21529745,1.0,1573.21529745,-1,-1573.21529745,0,0.0,1.0,1573.21529745,1.0,1573.21529745,-1,-1573.21529745,1.0,1573.21529745,-1,-1573.21529745,1.0,1573.21529745,-1.0,-1573.21529745,-1.0,-1573.21529745,-1.0,-1573.21529745,1.0,1573.21529745,0.0,0.0,0.0,0.0,-1.0,-1573.21529745,-1.0,-1573.21529745,1.0,1573.21529745,1.0,1573.21529745,1,1573.21529745,1,1573.21529745,1.0,1573.21529745,1.0,1573.21529745,-1.0,-1573.21529745,0.0,0.0,1.0,1573.21529745,-1.0,-1573.21529745,-1.0,-1573.21529745,1.0,1573.21529745,-1.0,-1573.21529745,1,1573.21529745,0,0.0,-1.0,-1573.21529745,0,0.0,-1.0,-1573.21529745,1,1573.21529745,1,1573.21529745,-1.0,-1573.21529745,0,0.0,1.0,1573.21529745,1.0,1573.21529745,-1.0,-1573.21529745,-1.0,-1573.21529745,1.0,1573.21529745,1.0,1573.21529745,1.0,1573.21529745,1.0,1573.21529745,1.0,1573.21529745,-1,-1573.21529745,0,0.0,1.0,1573.21529745,1.0,1573.21529745,-1,-1573.21529745,-1.0,-1573.21529745,-1.0,-1573.21529745,0,0.0,1,1573.21529745,-1.0,-1573.21529745,0.0,0.0,1.0,1573.21529745,-1.0,-1573.21529745
20170124,QHOH7,1.0,0.00291686922703,69316.8,energy,1485294306,1.0,0.0,0.0,-1.0,-0.0,-1.0,-0.0,-1.0,-0.0,-1.0,-0.0,-1.0,-0.0,0.0,0.0,1.0,0.0,-1.0,-0.0,1.0,0.0,1.0,0.0,0,0.0,1,0.0,-1,-0.0,-1.0,-0.0,1.0,0.0,1.0,0.0,-1.0,-0.0,-1.0,-0.0,1.0,0.0,0,0.0,-1.0,-0.0,-1.0,-0.0,-1.0,-0.0,-1.0,-0.0,1.0,0.0,-1.0,-0.0,1.0,0.0,1.0,0.0,1,0.0,0,0.0,1.0,0.0,-1.0,-0.0,-1,-0.0,1.0,0.0,1,0.0,-1.0,-0.0,0.0,0.0,1.0,0.0,-1.0,-0.0,1.0,0.0,1.0,0.0,0.0,0.0,1.0,0.0,1.0,0.0,-1.0,-0.0,1.0,0.0,1,0.0,1,0.0,0.0,0.0,-1.0,-0.0,-1.0,-0.0,0.0,0.0,-1.0,-0.0,-1.0,-0.0,-1.0,-0.0,1.0,0.0,1.0,0.0,-1,-0.0,0,0.0,-1.0,-0.0,0,0.0,-1.0,-0.0,-1,-0.0,1,0.0,-1.0,-0.0,0,0.0,1.0,0.0,1.0,0.0,-1.0,-0.0,-1.0,-0.0,1.0,0.0,1.0,0.0,1.0,0.0,1.0,0.0,-1.0,-0.0,1,0.0,0,0.0,1.0,0.0,1.0,0.0,1,0.0,-1.0,-0.0,-1.0,-0.0,0,0.0,-1,-0.0,1.0,0.0,0.0,0.0,-1.0,-0.0,1.0,0.0
20170125,@SH7,-1.0,-0.0049598488427,52662.5,grain,1485371593,1.0,-0.0,0.0,0.0,-0.0,1.0,-0.0,-1.0,0.0,-1.0,0.0,-1.0,0.0,0.0,-0.0,1.0,-0.0,-1.0,0.0,1.0,-0.0,-1.0,0.0,-1,0.0,-1,0.0,-1,0.0,-1.0,0.0,1.0,-0.0,1.0,-0.0,-1.0,0.0,-1.0,0.0,1.0,-0.0,0,-0.0,-1.0,0.0,-1.0,0.0,1.0,-0.0,0.0,-0.0,0.0,-0.0,-1.0,0.0,-1.0,0.0,1.0,-0.0,-1,0.0,-1,0.0,0.0,-0.0,-1.0,0.0,1,-0.0,1.0,-0.0,1,-0.0,-1.0,0.0,0.0,-0.0,1.0,-0.0,-1.0,0.0,1.0,-0.0,1.0,-0.0,-1.0,0.0,1.0,-0.0,-1.0,0.0,-1.0,0.0,-1.0,0.0,-1,0.0,1,-0.0,0.0,-0.0,-1.0,0.0,-1.0,0.0,1.0,-0.0,1.0,-0.0,-1.0,0.0,-1.0,0.0,1.0,-0.0,1.0,-0.0,-1,0.0,0,-0.0,1.0,-0.0,0,-0.0,-1.0,0.0,1,-0.0,-1,0.0,1.0,-0.0,1,-0.0,-1.0,0.0,0.0,-0.0,0.0,-0.0,-1.0,0.0,1.0,-0.0,1.0,-0.0,1.0,-0.0,1.0,-0.0,-1.0,0.0,1,-0.0,0,-0.0,1.0,-0.0,1.0,-0.0,1,-0.0,-1.0,0.0,1.0,-0.0,1,-0.0,1,-0.0,1.0,-0.0,0.0,-0.0,-1.0,0.0,1.0,-0.0
20170125,@NKDH7,1.0,0.00919359075387,84402.4604569,index,1485380790,1.0,0.0,0.0,0.0,0.0,1.0,0.0,-1.0,-0.0,1.0,0.0,-1.0,-0.0,0.0,0.0,-1.0,-0.0,1.0,0.0,-1.0,-0.0,1.0,0.0,-1,-0.0,-1,-0.0,-1,-0.0,-1.0,-0.0,1.0,0.0,1.0,0.0,0.0,0.0,1.0,0.0,1.0,0.0,0,0.0,-1.0,-0.0,-1.0,-0.0,-1.0,-0.0,0.0,0.0,0.0,0.0,1.0,0.0,1.0,0.0,-1.0,-0.0,-1,-0.0,-1,-0.0,0.0,0.0,-1.0,-0.0,1,0.0,1.0,0.0,-1,-0.0,1.0,0.0,-1.0,-0.0,-1.0,-0.0,-1.0,-0.0,1.0,0.0,0.0,0.0,-1.0,-0.0,-1.0,-0.0,-1.0,-0.0,-1.0,-0.0,-1.0,-0.0,-1,-0.0,1,0.0,1.0,0.0,1.0,0.0,-1.0,-0.0,1.0,0.0,1.0,0.0,-1.0,-0.0,-1.0,-0.0,1.0,0.0,-1.0,-0.0,1,0.0,0,0.0,-1.0,-0.0,0,0.0,1.0,0.0,1,0.0,-1,-0.0,1.0,0.0,1,0.0,1.0,0.0,0.0,0.0,0.0,0.0,-1.0,-0.0,1.0,0.0,1.0,0.0,1.0,0.0,-1.0,-0.0,1.0,0.0,-1,-0.0,0,0.0,1.0,0.0,1.0,0.0,-1,-0.0,1.0,0.0,-1.0,-0.0,1,0.0,1,0.0,1.0,0.0,0.0,0.0,1.0,0.0,-1.0,-0.0
20170125,@NQH7,1.0,0.00971302428256,102915.0,index,1485380790,1.0,0.0,0.0,0.0,0.0,1.0,0.0,-1.0,-0.0,1.0,0.0,-1.0,-0.0,0.0,0.0,-1.0,-0.0,1.0,0.0,-1.0,-0.0,1.0,0.0,-1,-0.0,-1,-0.0,-1,-0.0,-1.0,-0.0,1.0,0.0,1.0,0.0,0.0,0.0,1.0,0.0,1.0,0.0,0,0.0,-1.0,-0.0,-1.0,-0.0,-1.0,-0.0,0.0,0.0,0.0,0.0,1.0,0.0,1.0,0.0,-1.0,-0.0,-1,-0.0,-1,-0.0,0.0,0.0,-1.0,-0.0,-1,-0.0,1.0,0.0,-1,-0.0,1.0,0.0,-1.0,-0.0,-1.0,-0.0,-1.0,-0.0,1.0,0.0,0.0,0.0,-1.0,-0.0,-1.0,-0.0,-1.0,-0.0,-1.0,-0.0,1.0,0.0,-1,-0.0,1,0.0,1.0,0.0,1.0,0.0,-1.0,-0.0,1.0,0.0,1.0,0.0,-1.0,-0.0,-1.0,-0.0,1.0,0.0,-1.0,-0.0,1,0.0,0,0.0,-1.0,-0.0,0,0.0,1.0,0.0,1,0.0,-1,-0.0,1.0,0.0,1,0.0,1.0,0.0,0.0,0.0,0.0,0.0,-1.0,-0.0,1.0,0.0,1.0,0.0,1.0,0.0,-1.0,-0.0,1.0,0.0,-1,-0.0,0,0.0,1.0,0.0,1.0,0.0,-1,-0.0,1.0,0.0,-1.0,-0.0,1,0.0,1,0.0,1.0,0.0,0.0,0.0,1.0,0.0,-1.0,-0.0
20170125,QPAH7,-1.0,-0.0793491235786,73270.0,metal,1485380790,1.0,-0.0,0.0,0.0,-0.0,1.0,-0.0,-1.0,0.0,1.0,-0.0,-1.0,0.0,1.0,-0.0,1.0,-0.0,1.0,-0.0,-1.0,0.0,1.0,-0.0,-1,0.0,-1,0.0,-1,0.0,0.0,-0.0,1.0,-0.0,1.0,-0.0,0.0,-0.0,1.0,-0.0,1.0,-0.0,0,-0.0,-1.0,0.0,1.0,-0.0,-1.0,0.0,0.0,-0.0,0.0,-0.0,1.0,-0.0,1.0,-0.0,-1.0,0.0,-1,0.0,-1,0.0,0.0,-0.0,-1.0,0.0,-1,0.0,1.0,-0.0,-1,0.0,1.0,-0.0,-1.0,0.0,-1.0,0.0,-1.0,0.0,1.0,-0.0,0.0,-0.0,-1.0,0.0,-1.0,0.0,-1.0,0.0,-1.0,0.0,1.0,-0.0,-1,0.0,-1,0.0,1.0,-0.0,1.0,-0.0,-1.0,0.0,1.0,-0.0,1.0,-0.0,1.0,-0.0,0.0,-0.0,-1.0,0.0,1.0,-0.0,1,-0.0,1,-0.0,-1.0,0.0,0,-0.0,1.0,-0.0,1,-0.0,-1,0.0,1.0,-0.0,1,-0.0,1.0,-0.0,0.0,-0.0,0.0,-0.0,1.0,-0.0,1.0,-0.0,-1.0,0.0,0.0,-0.0,-1.0,0.0,-1.0,0.0,-1,0.0,-1,0.0,0.0,-0.0,1.0,-0.0,-1,0.0,1.0,-0.0,-1.0,0.0,1,-0.0,1,-0.0,1.0,-0.0,-1.0,0.0,-1.0,0.0,-1.0,0.0
20170125,QPLJ7,-1.0,-0.0233181186743,49215.0,metal,1485380790,1.0,-0.0,0.0,1.0,-0.0,1.0,-0.0,1.0,-0.0,-1.0,0.0,1.0,-0.0,0.0,-0.0,-1.0,0.0,1.0,-0.0,-1.0,0.0,-1.0,0.0,0,-0.0,-1,0.0,1,-0.0,1.0,-0.0,-1.0,0.0,-1.0,0.0,0.0,-0.0,1.0,-0.0,-1.0,0.0,0,-0.0,1.0,-0.0,1.0,-0.0,1.0,-0.0,1.0,-0.0,-1.0,0.0,1.0,-0.0,-1.0,0.0,-1.0,0.0,-1,0.0,0,-0.0,-1.0,0.0,1.0,-0.0,-1,0.0,-1.0,0.0,1,-0.0,1.0,-0.0,1.0,-0.0,1.0,-0.0,1.0,-0.0,1.0,-0.0,0.0,-0.0,0.0,-0.0,-1.0,0.0,-1.0,0.0,1.0,-0.0,1.0,-0.0,-1,0.0,-1,0.0,-1.0,0.0,-1.0,0.0,-1.0,0.0,0.0,-0.0,1.0,-0.0,1.0,-0.0,1.0,-0.0,-1.0,0.0,-1.0,0.0,1,-0.0,0,-0.0,1.0,-0.0,0,-0.0,1.0,-0.0,1,-0.0,-1,0.0,1.0,-0.0,0,-0.0,-1.0,0.0,-1.0,0.0,1.0,-0.0,1.0,-0.0,-1.0,0.0,-1.0,0.0,-1.0,0.0,-1.0,0.0,1.0,-0.0,-1,0.0,0,-0.0,-1.0,0.0,-1.0,0.0,-1,0.0,1.0,-0.0,1.0,-0.0,0,-0.0,1,-0.0,-1.0,0.0,0.0,-0.0,1.0,-0.0,-1.0,0.0
20170125,QRBH7,-1.0,-0.0291547009614,65314.2,energy,1485380790,1.0,-0.0,0.0,-1.0,0.0,-1.0,0.0,1.0,-0.0,1.0,-0.0,-1.0,0.0,1.0,-0.0,1.0,-0.0,1.0,-0.0,1.0,-0.0,1.0,-0.0,0,-0.0,1,-0.0,-1,0.0,0.0,-0.0,1.0,-0.0,1.0,-0.0,0.0,-0.0,-1.0,0.0,1.0,-0.0,0,-0.0,1.0,-0.0,-1.0,0.0,-1.0,0.0,-1.0,0.0,1.0,-0.0,-1.0,0.0,1.0,-0.0,1.0,-0.0,1,-0.0,0,-0.0,1.0,-0.0,-1.0,0.0,-1,0.0,1.0,-0.0,-1,0.0,-1.0,0.0,-1.0,0.0,-1.0,0.0,-1.0,0.0,-1.0,0.0,0.0,-0.0,0.0,-0.0,1.0,-0.0,1.0,-0.0,-1.0,0.0,1.0,-0.0,1,-0.0,-1,0.0,1.0,-0.0,1.0,-0.0,1.0,-0.0,0.0,-0.0,-1.0,0.0,-1.0,0.0,0.0,-0.0,1.0,-0.0,1.0,-0.0,1,-0.0,1,-0.0,-1.0,0.0,0,-0.0,-1.0,0.0,-1,0.0,1,-0.0,-1.0,0.0,0,-0.0,1.0,-0.0,1.0,-0.0,-1.0,0.0,1.0,-0.0,-1.0,0.0,1.0,-0.0,0.0,-0.0,1.0,-0.0,-1.0,0.0,-1,0.0,-1,0.0,0.0,-0.0,-1.0,0.0,1,-0.0,-1.0,0.0,-1.0,0.0,0,-0.0,-1,0.0,1.0,-0.0,-1.0,0.0,-1.0,0.0,-1.0,0.0
20170125,QNGH7,1.0,0.0218512898331,33670.0,energy,1485380790,1.0,735.73292868,735.73292868,-1.0,-735.73292868,-1.0,-735.73292868,-1.0,-735.73292868,-1.0,-735.73292868,1.0,735.73292868,1.0,735.73292868,1.0,735.73292868,1.0,735.73292868,1.0,735.73292868,1.0,735.73292868,0,0.0,-1,-735.73292868,-1,-735.73292868,0.0,0.0,1.0,735.73292868,-1.0,-735.73292868,-1.0,-735.73292868,-1.0,-735.73292868,1.0,735.73292868,0,0.0,-1.0,-735.73292868,1.0,735.73292868,-1.0,-735.73292868,0.0,0.0,0.0,0.0,1.0,735.73292868,1.0,735.73292868,-1.0,-735.73292868,-1,-735.73292868,-1,-735.73292868,1.0,735.73292868,-1.0,-735.73292868,-1,-735.73292868,1.0,735.73292868,1,735.73292868,1.0,735.73292868,0.0,0.0,-1.0,-735.73292868,1.0,735.73292868,1.0,735.73292868,1.0,735.73292868,-1.0,-735.73292868,1.0,735.73292868,-1.0,-735.73292868,-1.0,-735.73292868,1.0,735.73292868,-1,-735.73292868,-1,-735.73292868,0.0,0.0,1.0,735.73292868,-1.0,-735.73292868,1.0,735.73292868,1.0,735.73292868,1.0,735.73292868,0.0,0.0,-1.0,-735.73292868,1.0,735.73292868,1,735.73292868,1,735.73292868,-1.0,-735.73292868,0,0.0,1.0,735.73292868,1,735.73292868,1,735.73292868,1.0,735.73292868,1,735.73292868,1.0,735.73292868,0.0,0.0,0.0,0.0,1.0,735.73292868,1.0,735.73292868,-1.0,-735.73292868,0.0,0.0,-1.0,-735.73292868,-1.0,-735.73292868,-1,-735.73292868,-1,-735.73292868,0.0,0.0,1.0,735.73292868,-1,-735.73292868,-1.0,-735.73292868,-1.0,-735.73292868,0,0.0,1,735.73292868,-1.0,-735.73292868,-1.0,-735.73292868,-1.0,-735.73292868,-1.0,-735.73292868
20170125,@SFH7,1.0,0.00229839112621,125375.0,currency,1485380790,1.0,0.0,0.0,0.0,0.0,1.0,0.0,-1.0,-0.0,1.0,0.0,-1.0,-0.0,0.0,0.0,1.0,0.0,-1.0,-0.0,1.0,0.0,-1.0,-0.0,-1,-0.0,-1,-0.0,-1,-0.0,-1.0,-0.0,1.0,0.0,1.0,0.0,0.0,0.0,-1.0,-0.0,1.0,0.0,0,0.0,-1.0,-0.0,-1.0,-0.0,1.0,0.0,0.0,0.0,0.0,0.0,-1.0,-0.0,-1.0,-0.0,1.0,0.0,-1,-0.0,-1,-0.0,0.0,0.0,-1.0,-0.0,-1,-0.0,1.0,0.0,-1,-0.0,-1.0,-0.0,-1.0,-0.0,-1.0,-0.0,-1.0,-0.0,-1.0,-0.0,0.0,0.0,-1.0,-0.0,1.0,0.0,-1.0,-0.0,-1.0,-0.0,1.0,0.0,-1,-0.0,1,0.0,1.0,0.0,1.0,0.0,1.0,0.0,1.0,0.0,1.0,0.0,-1.0,-0.0,-1.0,-0.0,1.0,0.0,1.0,0.0,-1,-0.0,0,0.0,1.0,0.0,0,0.0,-1.0,-0.0,1,0.0,-1,-0.0,1.0,0.0,1,0.0,-1.0,-0.0,0.0,0.0,0.0,0.0,-1.0,-0.0,1.0,0.0,1.0,0.0,1.0,0.0,1.0,0.0,-1.0,-0.0,1,0.0,0,0.0,1.0,0.0,1.0,0.0,1,0.0,-1.0,-0.0,1.0,0.0,1,0.0,1,0.0,1.0,0.0,0.0,0.0,-1.0,-0.0,1.0,0.0
20170125,@HEJ7,1.0,0.0402957486137,28140.0,meat,1485370866,1.0,0.0,0.0,0.0,0.0,1.0,0.0,1.0,0.0,-1.0,-0.0,-1.0,-0.0,1.0,0.0,1.0,0.0,1.0,0.0,1.0,0.0,-1.0,-0.0,-1,-0.0,-1,-0.0,-1,-0.0,0.0,0.0,1.0,0.0,1.0,0.0,-1.0,-0.0,-1.0,-0.0,1.0,0.0,0,0.0,1.0,0.0,-1.0,-0.0,1.0,0.0,0.0,0.0,0.0,0.0,-1.0,-0.0,-1.0,-0.0,1.0,0.0,-1,-0.0,-1,-0.0,0.0,0.0,-1.0,-0.0,1,0.0,1.0,0.0,1,0.0,-1.0,-0.0,0.0,0.0,1.0,0.0,-1.0,-0.0,1.0,0.0,1.0,0.0,-1.0,-0.0,1.0,0.0,-1.0,-0.0,-1.0,-0.0,-1.0,-0.0,-1,-0.0,-1,-0.0,0.0,0.0,-1.0,-0.0,-1.0,-0.0,1.0,0.0,1.0,0.0,-1.0,-0.0,0.0,0.0,1.0,0.0,1.0,0.0,1,0.0,1,0.0,1.0,0.0,0,0.0,-1.0,-0.0,1,0.0,-1,-0.0,1.0,0.0,1,0.0,-1.0,-0.0,0.0,0.0,0.0,0.0,1.0,0.0,-1.0,-0.0,1.0,0.0,0.0,0.0,1.0,0.0,-1.0,-0.0,-1,-0.0,-1,-0.0,0.0,0.0,-1.0,-0.0,1,0.0,-1.0,-0.0,1.0,0.0,1,0.0,1,0.0,1.0,0.0,-1.0,-0.0,-1.0,-0.0,-1.0,-0.0
20170125,@SMH7,-1.0,-0.000874635568513,34270.0,grain,1485371593,1.0,-0.0,0.0,0.0,-0.0,1.0,-0.0,-1.0,0.0,1.0,-0.0,-1.0,0.0,0.0,-0.0,1.0,-0.0,-1.0,0.0,1.0,-0.0,-1.0,0.0,-1,0.0,-1,0.0,-1,0.0,-1.0,0.0,1.0,-0.0,1.0,-0.0,0.0,-0.0,-1.0,0.0,1.0,-0.0,0,-0.0,-1.0,0.0,-1.0,0.0,-1.0,0.0,-1.0,0.0,1.0,-0.0,-1.0,0.0,1.0,-0.0,1.0,-0.0,1,-0.0,0,-0.0,0.0,-0.0,-1.0,0.0,1,-0.0,1.0,-0.0,-1,0.0,-1.0,0.0,-1.0,0.0,-1.0,0.0,-1.0,0.0,-1.0,0.0,0.0,-0.0,0.0,-0.0,1.0,-0.0,1.0,-0.0,-1.0,0.0,-1.0,0.0,1,-0.0,1,-0.0,1.0,-0.0,1.0,-0.0,1.0,-0.0,0.0,-0.0,-1.0,0.0,-1.0,0.0,-1.0,0.0,1.0,-0.0,1.0,-0.0,-1,0.0,0,-0.0,-1.0,0.0,0,-0.0,-1.0,0.0,-1,0.0,-1,0.0,-1.0,0.0,0,-0.0,1.0,-0.0,1.0,-0.0,-1.0,0.0,-1.0,0.0,1.0,-0.0,1.0,-0.0,1.0,-0.0,1.0,-0.0,-1.0,0.0,1,-0.0,0,-0.0,1.0,-0.0,1.0,-0.0,1,-0.0,-1.0,0.0,1.0,-0.0,1,-0.0,1,-0.0,1.0,-0.0,0.0,-0.0,-1.0,0.0,1.0,-0.0
20170125,@TUH7,-1.0,-0.000216294160058,216671.875,rates,1485380790,2.0,-0.0,0.0,0.0,-0.0,-1.0,0.0,1.0,-0.0,1.0,-0.0,1.0,-0.0,-1.0,0.0,-1.0,0.0,-1.0,0.0,1.0,-0.0,-1.0,0.0,1,-0.0,1,-0.0,1,-0.0,0.0,-0.0,-1.0,0.0,1.0,-0.0,1.0,-0.0,1.0,-0.0,-1.0,0.0,0,-0.0,1.0,-0.0,-1.0,0.0,1.0,-0.0,0.0,-0.0,0.0,-0.0,-1.0,0.0,-1.0,0.0,1.0,-0.0,1,-0.0,1,-0.0,0.0,-0.0,1.0,-0.0,-1,0.0,-1.0,0.0,-1,0.0,-1.0,0.0,0.0,-0.0,1.0,-0.0,-1.0,0.0,-1.0,0.0,-1.0,0.0,1.0,-0.0,-1.0,0.0,1.0,-0.0,1.0,-0.0,1.0,-0.0,1,-0.0,1,-0.0,0.0,-0.0,-1.0,0.0,1.0,-0.0,-1.0,0.0,-1.0,0.0,-1.0,0.0,0.0,-0.0,1.0,-0.0,-1.0,0.0,-1,0.0,-1,0.0,1.0,-0.0,0,-0.0,-1.0,0.0,-1,0.0,1,-0.0,-1.0,0.0,-1,0.0,-1.0,0.0,0.0,-0.0,0.0,-0.0,-1.0,0.0,-1.0,0.0,1.0,-0.0,0.0,-0.0,1.0,-0.0,1.0,-0.0,1,-0.0,1,-0.0,0.0,-0.0,-1.0,0.0,1,-0.0,-1.0,0.0,1.0,-0.0,-1,0.0,-1,0.0,-1.0,0.0,1.0,-0.0,1.0,-0.0,1.0,-0.0
20170125,@TYH7,-1.0,-0.00276729559748,123875.0,rates,1485380790,1.0,-342.798742138,342.798742138,1.0,-342.798742138,1.0,-342.798742138,1.0,-342.798742138,1.0,-342.798742138,-1.0,342.798742138,-1.0,342.798742138,-1.0,342.798742138,-1.0,342.798742138,-1.0,342.798742138,-1.0,342.798742138,0,-0.0,1,-342.798742138,1,-342.798742138,0.0,-0.0,1.0,-342.798742138,1.0,-342.798742138,1.0,-342.798742138,1.0,-342.798742138,1.0,-342.798742138,0,-0.0,1.0,-342.798742138,-1.0,342.798742138,1.0,-342.798742138,1.0,-342.798742138,-1.0,342.798742138,1.0,-342.798742138,-1.0,342.798742138,-1.0,342.798742138,1,-342.798742138,0,-0.0,-1.0,342.798742138,-1.0,342.798742138,-1,342.798742138,-1.0,342.798742138,-1,342.798742138,-1.0,342.798742138,0.0,-0.0,1.0,-342.798742138,-1.0,342.798742138,-1.0,342.798742138,-1.0,342.798742138,0.0,-0.0,-1.0,342.798742138,1.0,-342.798742138,-1.0,342.798742138,1.0,-342.798742138,-1,342.798742138,1,-342.798742138,0.0,-0.0,-1.0,342.798742138,1.0,-342.798742138,0.0,-0.0,-1.0,342.798742138,-1.0,342.798742138,0.0,-0.0,1.0,-342.798742138,-1.0,342.798742138,-1,342.798742138,-1,342.798742138,1.0,-342.798742138,0,-0.0,1.0,-342.798742138,-1,342.798742138,-1,342.798742138,1.0,-342.798742138,0,-0.0,-1.0,342.798742138,-1.0,342.798742138,1.0,-342.798742138,-1.0,342.798742138,-1.0,342.798742138,1.0,-342.798742138,0.0,-0.0,-1.0,342.798742138,1.0,-342.798742138,1,-342.798742138,1,-342.798742138,0.0,-0.0,-1.0,342.798742138,1,-342.798742138,1.0,-342.798742138,1.0,-342.798742138,0,-0.0,-1,342.798742138,1.0,-342.798742138,1.0,-342.798742138,1.0,-342.798742138,1.0,-342.798742138
20170125,@USH7,-1.0,-0.00664038182195,149593.75,rates,1485380790,1.0,-0.0,0.0,0.0,-0.0,-1.0,0.0,1.0,-0.0,1.0,-0.0,1.0,-0.0,-1.0,0.0,-1.0,0.0,-1.0,0.0,1.0,-0.0,-1.0,0.0,1,-0.0,1,-0.0,1,-0.0,0.0,-0.0,-1.0,0.0,1.0,-0.0,1.0,-0.0,1.0,-0.0,-1.0,0.0,0,-0.0,1.0,-0.0,-1.0,0.0,1.0,-0.0,0.0,-0.0,0.0,-0.0,-1.0,0.0,-1.0,0.0,1.0,-0.0,1,-0.0,1,-0.0,0.0,-0.0,1.0,-0.0,-1,0.0,-1.0,0.0,-1,0.0,-1.0,0.0,0.0,-0.0,1.0,-0.0,-1.0,0.0,-1.0,0.0,-1.0,0.0,1.0,-0.0,-1.0,0.0,1.0,-0.0,1.0,-0.0,1.0,-0.0,1,-0.0,1,-0.0,0.0,-0.0,-1.0,0.0,1.0,-0.0,-1.0,0.0,-1.0,0.0,-1.0,0.0,0.0,-0.0,1.0,-0.0,-1.0,0.0,-1,0.0,-1,0.0,1.0,-0.0,0,-0.0,-1.0,0.0,-1,0.0,1,-0.0,-1.0,0.0,-1,0.0,-1.0,0.0,0.0,-0.0,0.0,-0.0,-1.0,0.0,-1.0,0.0,1.0,-0.0,0.0,-0.0,1.0,-0.0,1.0,-0.0,1,-0.0,1,-0.0,0.0,-0.0,-1.0,0.0,1,-0.0,-1.0,0.0,1.0,-0.0,-1,0.0,-1,0.0,-1.0,0.0,1.0,-0.0,1.0,-0.0,1.0,-0.0
20170125,@WH7,-1.0,-0.00644405389572,21200.0,grain,1485371593,1.0,-0.0,0.0,0.0,-0.0,1.0,-0.0,-1.0,0.0,-1.0,0.0,-1.0,0.0,0.0,-0.0,1.0,-0.0,-1.0,0.0,1.0,-0.0,-1.0,0.0,-1,0.0,-1,0.0,-1,0.0,-1.0,0.0,1.0,-0.0,1.0,-0.0,-1.0,0.0,-1.0,0.0,1.0,-0.0,0,-0.0,-1.0,0.0,-1.0,0.0,1.0,-0.0,0.0,-0.0,0.0,-0.0,-1.0,0.0,-1.0,0.0,1.0,-0.0,-1,0.0,-1,0.0,0.0,-0.0,-1.0,0.0,-1,0.0,1.0,-0.0,1,-0.0,-1.0,0.0,0.0,-0.0,1.0,-0.0,-1.0,0.0,1.0,-0.0,1.0,-0.0,-1.0,0.0,1.0,-0.0,-1.0,0.0,-1.0,0.0,1.0,-0.0,-1,0.0,1,-0.0,0.0,-0.0,-1.0,0.0,-1.0,0.0,1.0,-0.0,1.0,-0.0,-1.0,0.0,-1.0,0.0,1.0,-0.0,1.0,-0.0,-1,0.0,0,-0.0,1.0,-0.0,0,-0.0,-1.0,0.0,1,-0.0,-1,0.0,1.0,-0.0,1,-0.0,-1.0,0.0,0.0,-0.0,0.0,-0.0,-1.0,0.0,1.0,-0.0,1.0,-0.0,1.0,-0.0,1.0,-0.0,-1.0,0.0,1,-0.0,0,-0.0,1.0,-0.0,1.0,-0.0,1,-0.0,-1.0,0.0,1.0,-0.0,1,-0.0,1,-0.0,1.0,-0.0,0.0,-0.0,-1.0,0.0,1.0,-0.0
20170125,@YMH7,1.0,0.0078613182826,100000.0,index,1485380790,1.0,0.0,0.0,0.0,0.0,1.0,0.0,-1.0,-0.0,-1.0,-0.0,-1.0,-0.0,0.0,0.0,-1.0,-0.0,1.0,0.0,-1.0,-0.0,1.0,0.0,-1,-0.0,-1,-0.0,-1,-0.0,-1.0,-0.0,1.0,0.0,-1.0,-0.0,-1.0,-0.0,-1.0,-0.0,1.0,0.0,0,0.0,-1.0,-0.0,-1.0,-0.0,-1.0,-0.0,0.0,0.0,0.0,0.0,1.0,0.0,1.0,0.0,-1.0,-0.0,-1,-0.0,-1,-0.0,0.0,0.0,-1.0,-0.0,-1,-0.0,1.0,0.0,1,0.0,1.0,0.0,0.0,0.0,-1.0,-0.0,1.0,0.0,1.0,0.0,1.0,0.0,-1.0,-0.0,1.0,0.0,-1.0,-0.0,-1.0,-0.0,1.0,0.0,-1,-0.0,1,0.0,0.0,0.0,1.0,0.0,-1.0,-0.0,1.0,0.0,1.0,0.0,-1.0,-0.0,-1.0,-0.0,1.0,0.0,-1.0,-0.0,1,0.0,0,0.0,-1.0,-0.0,0,0.0,1.0,0.0,1,0.0,-1,-0.0,1.0,0.0,1,0.0,1.0,0.0,0.0,0.0,0.0,0.0,-1.0,-0.0,1.0,0.0,1.0,0.0,1.0,0.0,-1.0,-0.0,1.0,0.0,-1,-0.0,0,0.0,1.0,0.0,1.0,0.0,-1,-0.0,1.0,0.0,-1.0,-0.0,1,0.0,1,0.0,1.0,0.0,0.0,0.0,1.0,0.0,-1.0,-0.0
20170125,@NEH7,1.0,0.00290055248619,72610.0,currency,1485380790,1.0,0.0,0.0,-1.0,-0.0,-1.0,-0.0,-1.0,-0.0,1.0,0.0,1.0,0.0,0.0,0.0,-1.0,-0.0,1.0,0.0,1.0,0.0,1.0,0.0,0,0.0,-1,-0.0,-1,-0.0,-1.0,-0.0,-1.0,-0.0,1.0,0.0,0.0,0.0,1.0,0.0,-1.0,-0.0,0,0.0,-1.0,-0.0,-1.0,-0.0,-1.0,-0.0,-1.0,-0.0,1.0,0.0,-1.0,-0.0,1.0,0.0,1.0,0.0,-1,-0.0,0,0.0,1.0,0.0,1.0,0.0,-1,-0.0,1.0,0.0,-1,-0.0,1.0,0.0,-1.0,-0.0,-1.0,-0.0,-1.0,-0.0,1.0,0.0,0.0,0.0,0.0,0.0,-1.0,-0.0,-1.0,-0.0,1.0,0.0,1.0,0.0,1,0.0,1,0.0,1.0,0.0,1.0,0.0,-1.0,-0.0,0.0,0.0,1.0,0.0,-1.0,-0.0,-1.0,-0.0,1.0,0.0,-1.0,-0.0,1,0.0,0,0.0,-1.0,-0.0,0,0.0,-1.0,-0.0,1,0.0,1,0.0,-1.0,-0.0,0,0.0,1.0,0.0,1.0,0.0,-1.0,-0.0,-1.0,-0.0,1.0,0.0,1.0,0.0,1.0,0.0,1.0,0.0,1.0,0.0,-1,-0.0,0,0.0,1.0,0.0,1.0,0.0,-1,-0.0,-1.0,-0.0,-1.0,-0.0,0,0.0,1,0.0,-1.0,-0.0,0.0,0.0,1.0,0.0,-1.0,-0.0
20170125,QSIH7,-1.0,-0.0107652022112,85000.0,metal,1485380790,1.0,-0.0,0.0,1.0,-0.0,1.0,-0.0,1.0,-0.0,1.0,-0.0,-1.0,0.0,0.0,-0.0,1.0,-0.0,-1.0,0.0,-1.0,0.0,-1.0,0.0,0,-0.0,1,-0.0,1,-0.0,1.0,-0.0,1.0,-0.0,1.0,-0.0,1.0,-0.0,1.0,-0.0,1.0,-0.0,0,-0.0,1.0,-0.0,1.0,-0.0,1.0,-0.0,1.0,-0.0,-1.0,0.0,1.0,-0.0,-1.0,0.0,-1.0,0.0,1,-0.0,0,-0.0,-1.0,0.0,-1.0,0.0,-1,0.0,-1.0,0.0,-1,0.0,-1.0,0.0,0.0,-0.0,1.0,-0.0,-1.0,0.0,-1.0,0.0,-1.0,0.0,0.0,-0.0,-1.0,0.0,1.0,-0.0,-1.0,0.0,1.0,-0.0,-1,0.0,-1,0.0,0.0,-0.0,-1.0,0.0,1.0,-0.0,0.0,-0.0,-1.0,0.0,1.0,-0.0,1.0,-0.0,-1.0,0.0,1.0,-0.0,-1,0.0,0,-0.0,1.0,-0.0,0,-0.0,1.0,-0.0,-1,0.0,-1,0.0,1.0,-0.0,0,-0.0,-1.0,0.0,-1.0,0.0,1.0,-0.0,1.0,-0.0,-1.0,0.0,-1.0,0.0,-1.0,0.0,-1.0,0.0,-1.0,0.0,1,-0.0,0,-0.0,-1.0,0.0,-1.0,0.0,1,-0.0,1.0,-0.0,1.0,-0.0,0,-0.0,-1,0.0,1.0,-0.0,0.0,-0.0,-1.0,0.0,1.0,-0.0
20170125,@PXH7,1.0,0.0185464740134,23615.0,currency,1485380790,1.0,0.0,0.0,-1.0,-0.0,-1.0,-0.0,1.0,0.0,-1.0,-0.0,-1.0,-0.0,1.0,0.0,1.0,0.0,1.0,0.0,1.0,0.0,1.0,0.0,0,0.0,1,0.0,-1,-0.0,0.0,0.0,1.0,0.0,1.0,0.0,-1.0,-0.0,-1.0,-0.0,1.0,0.0,0,0.0,1.0,0.0,-1.0,-0.0,1.0,0.0,0.0,0.0,0.0,0.0,-1.0,-0.0,-1.0,-0.0,1.0,0.0,-1,-0.0,-1,-0.0,1.0,0.0,-1.0,-0.0,-1,-0.0,1.0,0.0,1,0.0,-1.0,-0.0,0.0,0.0,1.0,0.0,-1.0,-0.0,1.0,0.0,1.0,0.0,-1.0,-0.0,1.0,0.0,-1.0,-0.0,-1.0,-0.0,1.0,0.0,-1,-0.0,-1,-0.0,0.0,0.0,-1.0,-0.0,-1.0,-0.0,1.0,0.0,1.0,0.0,-1.0,-0.0,0.0,0.0,1.0,0.0,1.0,0.0,1,0.0,1,0.0,1.0,0.0,0,0.0,-1.0,-0.0,1,0.0,1,0.0,1.0,0.0,1,0.0,-1.0,-0.0,0.0,0.0,0.0,0.0,1.0,0.0,-1.0,-0.0,1.0,0.0,0.0,0.0,1.0,0.0,-1.0,-0.0,-1,-0.0,-1,-0.0,0.0,0.0,-1.0,-0.0,1,0.0,-1.0,-0.0,-1.0,-0.0,0,0.0,-1,-0.0,1.0,0.0,-1.0,-0.0,-1.0,-0.0,-1.0,-0.0
20170125,@EMDH7,1.0,0.00849457291175,170960.0,index,1485380790,1.0,0.0,0.0,0.0,0.0,1.0,0.0,-1.0,-0.0,1.0,0.0,-1.0,-0.0,0.0,0.0,-1.0,-0.0,1.0,0.0,-1.0,-0.0,1.0,0.0,-1,-0.0,-1,-0.0,-1,-0.0,-1.0,-0.0,1.0,0.0,1.0,0.0,0.0,0.0,1.0,0.0,1.0,0.0,0,0.0,-1.0,-0.0,-1.0,-0.0,-1.0,-0.0,0.0,0.0,0.0,0.0,1.0,0.0,1.0,0.0,-1.0,-0.0,-1,-0.0,-1,-0.0,0.0,0.0,-1.0,-0.0,-1,-0.0,1.0,0.0,-1,-0.0,1.0,0.0,-1.0,-0.0,-1.0,-0.0,-1.0,-0.0,1.0,0.0,0.0,0.0,-1.0,-0.0,-1.0,-0.0,-1.0,-0.0,-1.0,-0.0,1.0,0.0,-1,-0.0,1,0.0,1.0,0.0,1.0,0.0,-1.0,-0.0,1.0,0.0,1.0,0.0,-1.0,-0.0,-1.0,-0.0,1.0,0.0,-1.0,-0.0,1,0.0,0,0.0,-1.0,-0.0,0,0.0,1.0,0.0,1,0.0,-1,-0.0,1.0,0.0,1,0.0,1.0,0.0,0.0,0.0,0.0,0.0,-1.0,-0.0,1.0,0.0,1.0,0.0,1.0,0.0,-1.0,-0.0,1.0,0.0,-1,-0.0,0,0.0,1.0,0.0,1.0,0.0,-1,-0.0,1.0,0.0,-1.0,-0.0,1,0.0,1,0.0,1.0,0.0,0.0,0.0,1.0,0.0,-1.0,-0.0
20170125,@LEJ7,1.0,0.000633445945946,47390.0,meat,1485370866,1.0,0.0,0.0,-1.0,-0.0,-1.0,-0.0,1.0,0.0,-1.0,-0.0,-1.0,-0.0,1.0,0.0,1.0,0.0,1.0,0.0,1.0,0.0,1.0,0.0,0,0.0,1,0.0,-1,-0.0,0.0,0.0,1.0,0.0,1.0,0.0,-1.0,-0.0,-1.0,-0.0,1.0,0.0,0,0.0,1.0,0.0,-1.0,-0.0,-1.0,-0.0,-1.0,-0.0,1.0,0.0,-1.0,-0.0,1.0,0.0,1.0,0.0,1,0.0,0,0.0,1.0,0.0,-1.0,-0.0,1,0.0,1.0,0.0,1,0.0,-1.0,-0.0,0.0,0.0,1.0,0.0,-1.0,-0.0,1.0,0.0,1.0,0.0,0.0,0.0,1.0,0.0,1.0,0.0,-1.0,-0.0,-1.0,-0.0,1,0.0,-1,-0.0,0.0,0.0,-1.0,-0.0,-1.0,-0.0,0.0,0.0,-1.0,-0.0,-1.0,-0.0,0.0,0.0,1.0,0.0,1.0,0.0,1,0.0,1,0.0,-1.0,-0.0,0,0.0,-1.0,-0.0,-1,-0.0,1,0.0,-1.0,-0.0,0,0.0,1.0,0.0,1.0,0.0,-1.0,-0.0,1.0,0.0,-1.0,-0.0,1.0,0.0,0.0,0.0,1.0,0.0,-1.0,-0.0,-1,-0.0,-1,-0.0,0.0,0.0,-1.0,-0.0,1,0.0,-1.0,-0.0,-1.0,-0.0,0,0.0,-1,-0.0,1.0,0.0,-1.0,-0.0,-1.0,-0.0,-1.0,-0.0
20170125,@BOH7,-1.0,-0.0127551020408,20898.0,grain,1485371593,1.0,-266.556122449,266.556122449,-1.0,266.556122449,-1.0,266.556122449,-1.0,266.556122449,1.0,-266.556122449,1.0,-266.556122449,0.0,-0.0,-1.0,266.556122449,1.0,-266.556122449,1.0,-266.556122449,1.0,-266.556122449,0,-0.0,-1,266.556122449,-1,266.556122449,-1.0,266.556122449,-1.0,266.556122449,1.0,-266.556122449,0.0,-0.0,1.0,-266.556122449,-1.0,266.556122449,0,-0.0,-1.0,266.556122449,-1.0,266.556122449,-1.0,266.556122449,-1.0,266.556122449,1.0,-266.556122449,-1.0,266.556122449,1.0,-266.556122449,1.0,-266.556122449,-1,266.556122449,0,-0.0,1.0,-266.556122449,1.0,-266.556122449,-1,266.556122449,1.0,-266.556122449,-1,266.556122449,1.0,-266.556122449,-1.0,266.556122449,-1.0,266.556122449,-1.0,266.556122449,1.0,-266.556122449,0.0,-0.0,0.0,-0.0,-1.0,266.556122449,-1.0,266.556122449,1.0,-266.556122449,1.0,-266.556122449,1,-266.556122449,1,-266.556122449,1.0,-266.556122449,1.0,-266.556122449,-1.0,266.556122449,0.0,-0.0,1.0,-266.556122449,-1.0,266.556122449,-1.0,266.556122449,1.0,-266.556122449,-1.0,266.556122449,1,-266.556122449,0,-0.0,-1.0,266.556122449,0,-0.0,-1.0,266.556122449,1,-266.556122449,1,-266.556122449,-1.0,266.556122449,0,-0.0,1.0,-266.556122449,1.0,-266.556122449,-1.0,266.556122449,-1.0,266.556122449,1.0,-266.556122449,1.0,-266.556122449,1.0,-266.556122449,1.0,-266.556122449,1.0,-266.556122449,-1,266.556122449,0,-0.0,1.0,-266.556122449,1.0,-266.556122449,-1,266.556122449,-1.0,266.556122449,-1.0,266.556122449,0,-0.0,1,-266.556122449,-1.0,266.556122449,0.0,-0.0,1.0,-266.556122449,-1.0,266.556122449
20170125,@BPH7,1.0,0.0102277267279,79018.75,currency,1485380790,1.0,0.0,0.0,0.0,0.0,1.0,0.0,-1.0,-0.0,1.0,0.0,-1.0,-0.0,0.0,0.0,-1.0,-0.0,1.0,0.0,-1.0,-0.0,1.0,0.0,-1,-0.0,-1,-0.0,-1,-0.0,-1.0,-0.0,1.0,0.0,1.0,0.0,0.0,0.0,1.0,0.0,1.0,0.0,0,0.0,-1.0,-0.0,-1.0,-0.0,-1.0,-0.0,0.0,0.0,0.0,0.0,1.0,0.0,1.0,0.0,-1.0,-0.0,-1,-0.0,-1,-0.0,0.0,0.0,-1.0,-0.0,-1,-0.0,1.0,0.0,-1,-0.0,1.0,0.0,-1.0,-0.0,-1.0,-0.0,-1.0,-0.0,1.0,0.0,0.0,0.0,-1.0,-0.0,-1.0,-0.0,-1.0,-0.0,-1.0,-0.0,1.0,0.0,-1,-0.0,1,0.0,1.0,0.0,1.0,0.0,-1.0,-0.0,1.0,0.0,1.0,0.0,-1.0,-0.0,-1.0,-0.0,1.0,0.0,-1.0,-0.0,1,0.0,0,0.0,-1.0,-0.0,0,0.0,1.0,0.0,1,0.0,-1,-0.0,1.0,0.0,1,0.0,1.0,0.0,0.0,0.0,0.0,0.0,-1.0,-0.0,1.0,0.0,1.0,0.0,1.0,0.0,-1.0,-0.0,1.0,0.0,-1,-0.0,0,0.0,1.0,0.0,1.0,0.0,-1,-0.0,1.0,0.0,-1.0,-0.0,1,0.0,1,0.0,1.0,0.0,0.0,0.0,1.0,0.0,-1.0,-0.0
20170125,@CH7,1.0,0.00481761871989,18250.0,grain,1485371593,1.0,0.0,0.0,0.0,0.0,1.0,0.0,1.0,0.0,-1.0,-0.0,-1.0,-0.0,1.0,0.0,1.0,0.0,1.0,0.0,1.0,0.0,-1.0,-0.0,-1,-0.0,-1,-0.0,-1,-0.0,0.0,0.0,1.0,0.0,1.0,0.0,-1.0,-0.0,-1.0,-0.0,1.0,0.0,0,0.0,1.0,0.0,-1.0,-0.0,1.0,0.0,0.0,0.0,0.0,0.0,-1.0,-0.0,-1.0,-0.0,1.0,0.0,-1,-0.0,-1,-0.0,0.0,0.0,-1.0,-0.0,-1,-0.0,1.0,0.0,1,0.0,-1.0,-0.0,0.0,0.0,1.0,0.0,-1.0,-0.0,1.0,0.0,1.0,0.0,-1.0,-0.0,1.0,0.0,-1.0,-0.0,-1.0,-0.0,1.0,0.0,-1,-0.0,-1,-0.0,0.0,0.0,-1.0,-0.0,-1.0,-0.0,1.0,0.0,1.0,0.0,-1.0,-0.0,0.0,0.0,1.0,0.0,1.0,0.0,1,0.0,1,0.0,1.0,0.0,0,0.0,-1.0,-0.0,1,0.0,-1,-0.0,1.0,0.0,1,0.0,-1.0,-0.0,0.0,0.0,0.0,0.0,1.0,0.0,-1.0,-0.0,1.0,0.0,0.0,0.0,1.0,0.0,-1.0,-0.0,-1,-0.0,-1,-0.0,0.0,0.0,-1.0,-0.0,1,0.0,-1.0,-0.0,1.0,0.0,1,0.0,1,0.0,1.0,0.0,-1.0,-0.0,-1.0,-0.0,-1.0,-0.0
20170125,@CDH7,1.0,0.00617811370358,76545.0,currency,1485380790,1.0,0.0,0.0,-1.0,-0.0,-1.0,-0.0,-1.0,-0.0,-1.0,-0.0,1.0,0.0,0.0,0.0,-1.0,-0.0,1.0,0.0,1.0,0.0,1.0,0.0,0,0.0,-1,-0.0,-1,-0.0,-1.0,-0.0,-1.0,-0.0,-1.0,-0.0,-1.0,-0.0,-1.0,-0.0,-1.0,-0.0,0,0.0,-1.0,-0.0,-1.0,-0.0,-1.0,-0.0,-1.0,-0.0,1.0,0.0,-1.0,-0.0,1.0,0.0,1.0,0.0,-1,-0.0,0,0.0,1.0,0.0,1.0,0.0,-1,-0.0,1.0,0.0,1,0.0,1.0,0.0,0.0,0.0,-1.0,-0.0,1.0,0.0,1.0,0.0,1.0,0.0,0.0,0.0,1.0,0.0,-1.0,-0.0,1.0,0.0,1.0,0.0,1,0.0,1,0.0,0.0,0.0,1.0,0.0,-1.0,-0.0,0.0,0.0,1.0,0.0,-1.0,-0.0,-1.0,-0.0,1.0,0.0,-1.0,-0.0,1,0.0,0,0.0,-1.0,-0.0,0,0.0,-1.0,-0.0,1,0.0,1,0.0,-1.0,-0.0,0,0.0,1.0,0.0,1.0,0.0,-1.0,-0.0,-1.0,-0.0,1.0,0.0,1.0,0.0,1.0,0.0,1.0,0.0,1.0,0.0,-1,-0.0,0,0.0,1.0,0.0,1.0,0.0,-1,-0.0,-1.0,-0.0,-1.0,-0.0,0,0.0,1,0.0,-1.0,-0.0,0.0,0.0,1.0,0.0,-1.0,-0.0
20170125,QCLH7,-1.0,-0.00620534035352,52850.0,energy,1485380790,1.0,-0.0,0.0,0.0,-0.0,1.0,-0.0,-1.0,0.0,-1.0,0.0,-1.0,0.0,1.0,-0.0,1.0,-0.0,1.0,-0.0,-1.0,0.0,1.0,-0.0,-1,0.0,-1,0.0,-1,0.0,0.0,-0.0,1.0,-0.0,-1.0,0.0,-1.0,0.0,-1.0,0.0,1.0,-0.0,0,-0.0,-1.0,0.0,1.0,-0.0,-1.0,0.0,0.0,-0.0,0.0,-0.0,1.0,-0.0,1.0,-0.0,-1.0,0.0,-1,0.0,-1,0.0,0.0,-0.0,-1.0,0.0,-1,0.0,1.0,-0.0,1,-0.0,1.0,-0.0,0.0,-0.0,-1.0,0.0,1.0,-0.0,1.0,-0.0,1.0,-0.0,-1.0,0.0,1.0,-0.0,-1.0,0.0,-1.0,0.0,1.0,-0.0,-1,0.0,-1,0.0,0.0,-0.0,1.0,-0.0,-1.0,0.0,1.0,-0.0,1.0,-0.0,1.0,-0.0,0.0,-0.0,-1.0,0.0,1.0,-0.0,1,-0.0,1,-0.0,-1.0,0.0,0,-0.0,1.0,-0.0,1,-0.0,-1,0.0,1.0,-0.0,1,-0.0,1.0,-0.0,0.0,-0.0,0.0,-0.0,1.0,-0.0,1.0,-0.0,-1.0,0.0,0.0,-0.0,-1.0,0.0,-1.0,0.0,-1,0.0,-1,0.0,0.0,-0.0,1.0,-0.0,-1,0.0,1.0,-0.0,-1.0,0.0,1,-0.0,1,-0.0,1.0,-0.0,-1.0,0.0,-1.0,0.0,-1.0,0.0
20170125,@EUH7,1.0,0.00228055477986,134593.75,currency,1485380790,1.0,0.0,0.0,0.0,0.0,1.0,0.0,-1.0,-0.0,1.0,0.0,-1.0,-0.0,0.0,0.0,1.0,0.0,-1.0,-0.0,1.0,0.0,-1.0,-0.0,-1,-0.0,-1,-0.0,-1,-0.0,-1.0,-0.0,1.0,0.0,1.0,0.0,0.0,0.0,-1.0,-0.0,1.0,0.0,0,0.0,-1.0,-0.0,-1.0,-0.0,1.0,0.0,0.0,0.0,0.0,0.0,-1.0,-0.0,-1.0,-0.0,1.0,0.0,-1,-0.0,-1,-0.0,0.0,0.0,-1.0,-0.0,-1,-0.0,1.0,0.0,-1,-0.0,-1.0,-0.0,-1.0,-0.0,-1.0,-0.0,-1.0,-0.0,-1.0,-0.0,0.0,0.0,-1.0,-0.0,1.0,0.0,-1.0,-0.0,-1.0,-0.0,1.0,0.0,-1,-0.0,1,0.0,1.0,0.0,1.0,0.0,1.0,0.0,1.0,0.0,1.0,0.0,-1.0,-0.0,-1.0,-0.0,1.0,0.0,1.0,0.0,-1,-0.0,0,0.0,1.0,0.0,0,0.0,-1.0,-0.0,1,0.0,-1,-0.0,1.0,0.0,1,0.0,-1.0,-0.0,0.0,0.0,0.0,0.0,-1.0,-0.0,1.0,0.0,1.0,0.0,1.0,0.0,1.0,0.0,-1.0,-0.0,1,0.0,0,0.0,1.0,0.0,1.0,0.0,1,0.0,-1.0,-0.0,1.0,0.0,1,0.0,1,0.0,1.0,0.0,0.0,0.0,-1.0,-0.0,1.0,0.0
20170125,@ADH7,-1.0,-0.000792497688548,75650.0,currency,1485380790,1.0,-0.0,0.0,0.0,-0.0,1.0,-0.0,-1.0,0.0,-1.0,0.0,-1.0,0.0,0.0,-0.0,-1.0,0.0,1.0,-0.0,-1.0,0.0,1.0,-0.0,-1,0.0,-1,0.0,-1,0.0,-1.0,0.0,1.0,-0.0,-1.0,0.0,-1.0,0.0,-1.0,0.0,1.0,-0.0,0,-0.0,-1.0,0.0,-1.0,0.0,-1.0,0.0,0.0,-0.0,0.0,-0.0,1.0,-0.0,1.0,-0.0,-1.0,0.0,-1,0.0,-1,0.0,0.0,-0.0,-1.0,0.0,-1,0.0,1.0,-0.0,1,-0.0,1.0,-0.0,0.0,-0.0,-1.0,0.0,1.0,-0.0,1.0,-0.0,1.0,-0.0,-1.0,0.0,1.0,-0.0,-1.0,0.0,-1.0,0.0,1.0,-0.0,-1,0.0,1,-0.0,0.0,-0.0,1.0,-0.0,-1.0,0.0,1.0,-0.0,1.0,-0.0,-1.0,0.0,-1.0,0.0,1.0,-0.0,-1.0,0.0,1,-0.0,0,-0.0,-1.0,0.0,0,-0.0,1.0,-0.0,1,-0.0,-1,0.0,1.0,-0.0,1,-0.0,1.0,-0.0,0.0,-0.0,0.0,-0.0,-1.0,0.0,1.0,-0.0,1.0,-0.0,1.0,-0.0,-1.0,0.0,1.0,-0.0,-1,0.0,0,-0.0,1.0,-0.0,1.0,-0.0,-1,0.0,1.0,-0.0,-1.0,0.0,1,-0.0,1,-0.0,1.0,-0.0,0.0,-0.0,1.0,-0.0,-1.0,0.0
20170125,@GFH7,-1.0,-0.00480122911465,64775.0,meat,1485370866,1.0,-0.0,0.0,-1.0,0.0,-1.0,0.0,-1.0,0.0,-1.0,0.0,-1.0,0.0,0.0,-0.0,1.0,-0.0,-1.0,0.0,1.0,-0.0,1.0,-0.0,0,-0.0,1,-0.0,-1,0.0,-1.0,0.0,1.0,-0.0,1.0,-0.0,-1.0,0.0,-1.0,0.0,1.0,-0.0,0,-0.0,-1.0,0.0,-1.0,0.0,1.0,-0.0,0.0,-0.0,0.0,-0.0,-1.0,0.0,-1.0,0.0,1.0,-0.0,-1,0.0,-1,0.0,1.0,-0.0,-1.0,0.0,1,-0.0,1.0,-0.0,1,-0.0,-1.0,0.0,0.0,-0.0,1.0,-0.0,-1.0,0.0,1.0,-0.0,1.0,-0.0,-1.0,0.0,1.0,-0.0,-1.0,0.0,-1.0,0.0,-1.0,0.0,-1,0.0,1,-0.0,0.0,-0.0,-1.0,0.0,-1.0,0.0,1.0,-0.0,1.0,-0.0,-1.0,0.0,-1.0,0.0,1.0,-0.0,1.0,-0.0,-1,0.0,0,-0.0,1.0,-0.0,0,-0.0,-1.0,0.0,1,-0.0,1,-0.0,1.0,-0.0,1,-0.0,-1.0,0.0,0.0,-0.0,0.0,-0.0,-1.0,0.0,1.0,-0.0,1.0,-0.0,1.0,-0.0,1.0,-0.0,-1.0,0.0,1,-0.0,0,-0.0,1.0,-0.0,1.0,-0.0,1,-0.0,-1.0,0.0,-1.0,0.0,0,-0.0,-1,0.0,1.0,-0.0,0.0,-0.0,-1.0,0.0,1.0,-0.0
20170125,@FVH7,-1.0,-0.00132766861391,117531.25,rates,1485380790,1.0,-0.0,0.0,0.0,-0.0,-1.0,0.0,1.0,-0.0,1.0,-0.0,1.0,-0.0,-1.0,0.0,-1.0,0.0,-1.0,0.0,1.0,-0.0,-1.0,0.0,1,-0.0,1,-0.0,1,-0.0,0.0,-0.0,-1.0,0.0,1.0,-0.0,1.0,-0.0,1.0,-0.0,-1.0,0.0,0,-0.0,1.0,-0.0,-1.0,0.0,1.0,-0.0,0.0,-0.0,0.0,-0.0,-1.0,0.0,-1.0,0.0,1.0,-0.0,1,-0.0,1,-0.0,0.0,-0.0,1.0,-0.0,-1,0.0,-1.0,0.0,-1,0.0,-1.0,0.0,0.0,-0.0,1.0,-0.0,-1.0,0.0,-1.0,0.0,-1.0,0.0,1.0,-0.0,-1.0,0.0,1.0,-0.0,1.0,-0.0,1.0,-0.0,1,-0.0,1,-0.0,0.0,-0.0,-1.0,0.0,1.0,-0.0,-1.0,0.0,-1.0,0.0,-1.0,0.0,0.0,-0.0,1.0,-0.0,-1.0,0.0,-1,0.0,-1,0.0,1.0,-0.0,0,-0.0,-1.0,0.0,-1,0.0,1,-0.0,-1.0,0.0,-1,0.0,-1.0,0.0,0.0,-0.0,0.0,-0.0,-1.0,0.0,-1.0,0.0,1.0,-0.0,0.0,-0.0,1.0,-0.0,1.0,-0.0,1,-0.0,1,-0.0,0.0,-0.0,-1.0,0.0,1,-0.0,-1.0,0.0,1.0,-0.0,-1,0.0,-1,0.0,-1.0,0.0,1.0,-0.0,1.0,-0.0,1.0,-0.0
20170125,QGCG7,-1.0,-0.00875454245127,120020.0,metal,1485380790,1.0,-0.0,0.0,1.0,-0.0,1.0,-0.0,1.0,-0.0,-1.0,0.0,-1.0,0.0,-1.0,0.0,-1.0,0.0,-1.0,0.0,-1.0,0.0,-1.0,0.0,0,-0.0,1,-0.0,1,-0.0,0.0,-0.0,1.0,-0.0,-1.0,0.0,0.0,-0.0,-1.0,0.0,1.0,-0.0,0,-0.0,1.0,-0.0,-1.0,0.0,1.0,-0.0,1.0,-0.0,-1.0,0.0,1.0,-0.0,-1.0,0.0,-1.0,0.0,1,-0.0,0,-0.0,-1.0,0.0,-1.0,0.0,-1,0.0,-1.0,0.0,1,-0.0,-1.0,0.0,1.0,-0.0,1.0,-0.0,1.0,-0.0,-1.0,0.0,0.0,-0.0,0.0,-0.0,1.0,-0.0,1.0,-0.0,-1.0,0.0,1.0,-0.0,-1,0.0,1,-0.0,-1.0,0.0,-1.0,0.0,1.0,-0.0,0.0,-0.0,-1.0,0.0,-1.0,0.0,0.0,-0.0,1.0,-0.0,-1.0,0.0,-1,0.0,-1,0.0,1.0,-0.0,0,-0.0,1.0,-0.0,-1,0.0,-1,0.0,1.0,-0.0,0,-0.0,-1.0,0.0,-1.0,0.0,1.0,-0.0,-1.0,0.0,-1.0,0.0,1.0,-0.0,0.0,-0.0,-1.0,0.0,1.0,-0.0,1,-0.0,1,-0.0,0.0,-0.0,-1.0,0.0,1,-0.0,1.0,-0.0,1.0,-0.0,0,-0.0,-1,0.0,1.0,-0.0,1.0,-0.0,1.0,-0.0,1.0,-0.0
20170125,QHGH7,1.0,0.00129222817057,67800.0,metal,1485380790,1.0,87.6130699649,87.6130699649,0.0,0.0,1.0,87.6130699649,-1.0,-87.6130699649,1.0,87.6130699649,-1.0,-87.6130699649,0.0,0.0,-1.0,-87.6130699649,1.0,87.6130699649,-1.0,-87.6130699649,1.0,87.6130699649,-1,-87.6130699649,-1,-87.6130699649,-1,-87.6130699649,-1.0,-87.6130699649,1.0,87.6130699649,1.0,87.6130699649,0.0,0.0,1.0,87.6130699649,1.0,87.6130699649,0,0.0,-1.0,-87.6130699649,-1.0,-87.6130699649,-1.0,-87.6130699649,0.0,0.0,0.0,0.0,1.0,87.6130699649,1.0,87.6130699649,-1.0,-87.6130699649,-1,-87.6130699649,-1,-87.6130699649,0.0,0.0,-1.0,-87.6130699649,-1,-87.6130699649,1.0,87.6130699649,-1,-87.6130699649,1.0,87.6130699649,-1.0,-87.6130699649,-1.0,-87.6130699649,-1.0,-87.6130699649,1.0,87.6130699649,0.0,0.0,-1.0,-87.6130699649,-1.0,-87.6130699649,-1.0,-87.6130699649,-1.0,-87.6130699649,1.0,87.6130699649,-1,-87.6130699649,1,87.6130699649,1.0,87.6130699649,1.0,87.6130699649,-1.0,-87.6130699649,1.0,87.6130699649,1.0,87.6130699649,-1.0,-87.6130699649,-1.0,-87.6130699649,1.0,87.6130699649,-1.0,-87.6130699649,1,87.6130699649,0,0.0,-1.0,-87.6130699649,0,0.0,1.0,87.6130699649,1,87.6130699649,-1,-87.6130699649,1.0,87.6130699649,1,87.6130699649,1.0,87.6130699649,0.0,0.0,0.0,0.0,-1.0,-87.6130699649,1.0,87.6130699649,1.0,87.6130699649,1.0,87.6130699649,-1.0,-87.6130699649,1.0,87.6130699649,-1,-87.6130699649,0,0.0,1.0,87.6130699649,1.0,87.6130699649,-1,-87.6130699649,1.0,87.6130699649,-1.0,-87.6130699649,1,87.6130699649,1,87.6130699649,1.0,87.6130699649,0.0,0.0,1.0,87.6130699649,-1.0,-87.6130699649
20170125,QHOH7,-1.0,-0.0141065830721,68686.8,energy,1485380790,1.0,-0.0,0.0,0.0,-0.0,1.0,-0.0,-1.0,0.0,-1.0,0.0,-1.0,0.0,1.0,-0.0,1.0,-0.0,1.0,-0.0,-1.0,0.0,1.0,-0.0,-1,0.0,-1,0.0,-1,0.0,0.0,-0.0,1.0,-0.0,-1.0,0.0,-1.0,0.0,-1.0,0.0,1.0,-0.0,0,-0.0,-1.0,0.0,1.0,-0.0,-1.0,0.0,0.0,-0.0,0.0,-0.0,1.0,-0.0,1.0,-0.0,-1.0,0.0,-1,0.0,-1,0.0,0.0,-0.0,-1.0,0.0,-1,0.0,1.0,-0.0,1,-0.0,1.0,-0.0,0.0,-0.0,-1.0,0.0,1.0,-0.0,1.0,-0.0,1.0,-0.0,-1.0,0.0,1.0,-0.0,-1.0,0.0,-1.0,0.0,1.0,-0.0,-1,0.0,-1,0.0,0.0,-0.0,1.0,-0.0,-1.0,0.0,1.0,-0.0,1.0,-0.0,1.0,-0.0,0.0,-0.0,-1.0,0.0,1.0,-0.0,1,-0.0,1,-0.0,-1.0,0.0,0,-0.0,1.0,-0.0,1,-0.0,-1,0.0,1.0,-0.0,1,-0.0,1.0,-0.0,0.0,-0.0,0.0,-0.0,1.0,-0.0,1.0,-0.0,-1.0,0.0,0.0,-0.0,-1.0,0.0,-1.0,0.0,-1,0.0,-1,0.0,0.0,-0.0,1.0,-0.0,-1,0.0,1.0,-0.0,-1.0,0.0,1,-0.0,1,-0.0,1.0,-0.0,-1.0,0.0,-1.0,0.0,-1.0,0.0
20170125,@JYH7,1.0,0.00494571087488,110487.5,currency,1485380790,1.0,0.0,0.0,1.0,0.0,1.0,0.0,1.0,0.0,1.0,0.0,-1.0,-0.0,-1.0,-0.0,-1.0,-0.0,-1.0,-0.0,-1.0,-0.0,-1.0,-0.0,0,0.0,1,0.0,1,0.0,0.0,0.0,1.0,0.0,1.0,0.0,1.0,0.0,1.0,0.0,1.0,0.0,0,0.0,1.0,0.0,-1.0,-0.0,1.0,0.0,1.0,0.0,-1.0,-0.0,1.0,0.0,-1.0,-0.0,-1.0,-0.0,1,0.0,0,0.0,-1.0,-0.0,-1.0,-0.0,-1,-0.0,-1.0,-0.0,-1,-0.0,-1.0,-0.0,0.0,0.0,1.0,0.0,-1.0,-0.0,-1.0,-0.0,-1.0,-0.0,0.0,0.0,-1.0,-0.0,1.0,0.0,-1.0,-0.0,1.0,0.0,-1,-0.0,1,0.0,0.0,0.0,-1.0,-0.0,1.0,0.0,0.0,0.0,-1.0,-0.0,-1.0,-0.0,0.0,0.0,1.0,0.0,-1.0,-0.0,-1,-0.0,-1,-0.0,1.0,0.0,0,0.0,1.0,0.0,-1,-0.0,-1,-0.0,1.0,0.0,0,0.0,-1.0,-0.0,-1.0,-0.0,1.0,0.0,-1.0,-0.0,-1.0,-0.0,1.0,0.0,0.0,0.0,-1.0,-0.0,1.0,0.0,1,0.0,1,0.0,0.0,0.0,-1.0,-0.0,1,0.0,1.0,0.0,1.0,0.0,0,0.0,-1,-0.0,1.0,0.0,1.0,0.0,1.0,0.0,1.0,0.0
20170125,@ESH7,1.0,0.00824357001539,114662.5,index,1485380790,1.0,945.228346889,945.228346889,0.0,0.0,1.0,945.228346889,-1.0,-945.228346889,-1.0,-945.228346889,-1.0,-945.228346889,0.0,0.0,-1.0,-945.228346889,1.0,945.228346889,-1.0,-945.228346889,1.0,945.228346889,-1,-945.228346889,-1,-945.228346889,-1,-945.228346889,-1.0,-945.228346889,1.0,945.228346889,-1.0,-945.228346889,-1.0,-945.228346889,-1.0,-945.228346889,1.0,945.228346889,1,412.178500769,-1.0,-945.228346889,-1.0,-945.228346889,-1.0,-945.228346889,0.0,0.0,0.0,0.0,1.0,945.228346889,1.0,945.228346889,-1.0,-945.228346889,-1,-945.228346889,-1,-945.228346889,0.0,0.0,-1.0,-945.228346889,-1,-945.228346889,1.0,945.228346889,1,945.228346889,1.0,945.228346889,0.0,0.0,-1.0,-945.228346889,1.0,945.228346889,1.0,945.228346889,1.0,945.228346889,-1.0,-945.228346889,1.0,945.228346889,-1.0,-945.228346889,-1.0,-945.228346889,1.0,945.228346889,-1,-945.228346889,1,945.228346889,0.0,0.0,1.0,945.228346889,-1.0,-945.228346889,1.0,945.228346889,1.0,945.228346889,-1.0,-945.228346889,-1.0,-945.228346889,1.0,945.228346889,-1.0,-945.228346889,1,945.228346889,0,0.0,-1.0,-945.228346889,0,0.0,1.0,945.228346889,1,945.228346889,-1,-945.228346889,1.0,945.228346889,1,945.228346889,1.0,945.228346889,0.0,0.0,0.0,0.0,-1.0,-945.228346889,1.0,945.228346889,1.0,945.228346889,1.0,945.228346889,-1.0,-945.228346889,1.0,945.228346889,-1,-945.228346889,0,0.0,1.0,945.228346889,1.0,945.228346889,-1,-945.228346889,1.0,945.228346889,-1.0,-945.228346889,1,945.228346889,1,945.228346889,1.0,945.228346889,0.0,0.0,1.0,945.228346889,-1.0,-945.228346889
20170126,@HEJ7,-1.0,-0.0402708481825,26930.0,meat,1485457361,1.0,-0.0,0.0,-1.0,0.0,-1.0,0.0,-1.0,0.0,-1.0,0.0,1.0,-0.0,1.0,-0.0,1.0,-0.0,1.0,-0.0,1.0,-0.0,1.0,-0.0,0,-0.0,-1,0.0,-1,0.0,0.0,-0.0,-1.0,0.0,-1.0,0.0,-1.0,0.0,-1.0,0.0,-1.0,0.0,0,-0.0,-1.0,0.0,1.0,-0.0,-1.0,0.0,-1.0,0.0,1.0,-0.0,-1.0,0.0,1.0,-0.0,1.0,-0.0,-1,0.0,0,-0.0,1.0,-0.0,1.0,-0.0,1,-0.0,1.0,-0.0,1,-0.0,1.0,-0.0,0.0,-0.0,-1.0,0.0,1.0,-0.0,1.0,-0.0,1.0,-0.0,0.0,-0.0,1.0,-0.0,-1.0,0.0,1.0,-0.0,-1.0,0.0,1,-0.0,-1,0.0,0.0,-0.0,1.0,-0.0,-1.0,0.0,0.0,-0.0,1.0,-0.0,1.0,-0.0,0.0,-0.0,-1.0,0.0,1.0,-0.0,1,-0.0,1,-0.0,-1.0,0.0,0,-0.0,-1.0,0.0,1,-0.0,1,-0.0,-1.0,0.0,0,-0.0,1.0,-0.0,1.0,-0.0,-1.0,0.0,1.0,-0.0,1.0,-0.0,-1.0,0.0,0.0,-0.0,1.0,-0.0,-1.0,0.0,-1,0.0,-1,0.0,0.0,-0.0,1.0,-0.0,-1,0.0,-1.0,0.0,-1.0,0.0,0,-0.0,1,-0.0,-1.0,0.0,-1.0,0.0,-1.0,0.0,-1.0,0.0
20170126,@PXH7,1.0,0.00407288317256,23420.0,currency,1485467187,1.0,0.0,0.0,-1.0,-0.0,-1.0,-0.0,-1.0,-0.0,-1.0,-0.0,1.0,0.0,1.0,0.0,1.0,0.0,1.0,0.0,1.0,0.0,1.0,0.0,0,0.0,-1,-0.0,-1,-0.0,0.0,0.0,1.0,0.0,-1.0,-0.0,-1.0,-0.0,-1.0,-0.0,1.0,0.0,0,0.0,-1.0,-0.0,1.0,0.0,-1.0,-0.0,0.0,0.0,0.0,0.0,1.0,0.0,1.0,0.0,-1.0,-0.0,-1,-0.0,-1,-0.0,1.0,0.0,-1.0,-0.0,-1,-0.0,1.0,0.0,1,0.0,1.0,0.0,0.0,0.0,-1.0,-0.0,1.0,0.0,1.0,0.0,1.0,0.0,-1.0,-0.0,1.0,0.0,-1.0,-0.0,-1.0,-0.0,1.0,0.0,-1,-0.0,-1,-0.0,0.0,0.0,1.0,0.0,-1.0,-0.0,1.0,0.0,1.0,0.0,1.0,0.0,0.0,0.0,-1.0,-0.0,1.0,0.0,1,0.0,1,0.0,-1.0,-0.0,0,0.0,1.0,0.0,1,0.0,1,0.0,1.0,0.0,1,0.0,1.0,0.0,0.0,0.0,0.0,0.0,1.0,0.0,1.0,0.0,-1.0,-0.0,0.0,0.0,-1.0,-0.0,-1.0,-0.0,-1,-0.0,-1,-0.0,0.0,0.0,1.0,0.0,-1,-0.0,-1.0,-0.0,-1.0,-0.0,0,0.0,1,0.0,-1.0,-0.0,-1.0,-0.0,-1.0,-0.0,-1.0,-0.0
20170126,@NEH7,-1.0,-0.00275900124155,72290.0,currency,1485467187,1.0,-0.0,0.0,0.0,-0.0,1.0,-0.0,-1.0,0.0,-1.0,0.0,-1.0,0.0,0.0,-0.0,-1.0,0.0,1.0,-0.0,-1.0,0.0,1.0,-0.0,-1,0.0,-1,0.0,-1,0.0,-1.0,0.0,1.0,-0.0,-1.0,0.0,-1.0,0.0,-1.0,0.0,1.0,-0.0,0,-0.0,-1.0,0.0,-1.0,0.0,-1.0,0.0,0.0,-0.0,0.0,-0.0,1.0,-0.0,1.0,-0.0,-1.0,0.0,-1,0.0,-1,0.0,0.0,-0.0,-1.0,0.0,-1,0.0,1.0,-0.0,1,-0.0,1.0,-0.0,0.0,-0.0,-1.0,0.0,1.0,-0.0,1.0,-0.0,1.0,-0.0,-1.0,0.0,1.0,-0.0,-1.0,0.0,-1.0,0.0,1.0,-0.0,-1,0.0,1,-0.0,0.0,-0.0,1.0,-0.0,-1.0,0.0,1.0,-0.0,1.0,-0.0,-1.0,0.0,-1.0,0.0,1.0,-0.0,-1.0,0.0,1,-0.0,0,-0.0,-1.0,0.0,0,-0.0,1.0,-0.0,1,-0.0,-1,0.0,1.0,-0.0,1,-0.0,1.0,-0.0,0.0,-0.0,0.0,-0.0,-1.0,0.0,1.0,-0.0,1.0,-0.0,1.0,-0.0,-1.0,0.0,1.0,-0.0,-1,0.0,0,-0.0,1.0,-0.0,1.0,-0.0,-1,0.0,1.0,-0.0,-1.0,0.0,1,-0.0,1,-0.0,1.0,-0.0,0.0,-0.0,1.0,-0.0,-1.0,0.0
20170126,QNGH7,1.0,0.00567842199641,33650.0,energy,1485467187,1.0,191.078900179,191.078900179,-1.0,-191.078900179,-1.0,-191.078900179,-1.0,-191.078900179,-1.0,-191.078900179,1.0,191.078900179,1.0,191.078900179,1.0,191.078900179,1.0,191.078900179,1.0,191.078900179,1.0,191.078900179,0,0.0,-1,-191.078900179,-1,-191.078900179,0.0,0.0,-1.0,-191.078900179,-1.0,-191.078900179,-1.0,-191.078900179,-1.0,-191.078900179,-1.0,-191.078900179,0,0.0,-1.0,-191.078900179,1.0,191.078900179,-1.0,-191.078900179,-1.0,-191.078900179,1.0,191.078900179,-1.0,-191.078900179,1.0,191.078900179,1.0,191.078900179,-1,-191.078900179,0,0.0,1.0,191.078900179,1.0,191.078900179,-1,-191.078900179,1.0,191.078900179,1,191.078900179,1.0,191.078900179,0.0,0.0,-1.0,-191.078900179,1.0,191.078900179,1.0,191.078900179,1.0,191.078900179,0.0,0.0,1.0,191.078900179,-1.0,-191.078900179,1.0,191.078900179,1.0,191.078900179,1,191.078900179,-1,-191.078900179,0.0,0.0,1.0,191.078900179,-1.0,-191.078900179,0.0,0.0,1.0,191.078900179,1.0,191.078900179,0.0,0.0,-1.0,-191.078900179,1.0,191.078900179,1,191.078900179,1,191.078900179,-1.0,-191.078900179,0,0.0,-1.0,-191.078900179,1,191.078900179,1,191.078900179,-1.0,-191.078900179,0,0.0,1.0,191.078900179,1.0,191.078900179,-1.0,-191.078900179,1.0,191.078900179,1.0,191.078900179,-1.0,-191.078900179,0.0,0.0,1.0,191.078900179,-1.0,-191.078900179,-1,-191.078900179,-1,-191.078900179,0.0,0.0,1.0,191.078900179,-1,-191.078900179,-1.0,-191.078900179,-1.0,-191.078900179,0,0.0,1,191.078900179,-1.0,-191.078900179,-1.0,-191.078900179,-1.0,-191.078900179,-1.0,-191.078900179
20170126,@NKDH7,1.0,0.0148360229047,86078.2409043,index,1485467187,1.0,0.0,0.0,-1.0,-0.0,-1.0,-0.0,-1.0,-0.0,-1.0,-0.0,1.0,0.0,0.0,0.0,-1.0,-0.0,1.0,0.0,1.0,0.0,1.0,0.0,0,0.0,-1,-0.0,-1,-0.0,-1.0,-0.0,-1.0,-0.0,-1.0,-0.0,-1.0,-0.0,-1.0,-0.0,-1.0,-0.0,0,0.0,-1.0,-0.0,-1.0,-0.0,-1.0,-0.0,-1.0,-0.0,1.0,0.0,-1.0,-0.0,1.0,0.0,1.0,0.0,-1,-0.0,0,0.0,1.0,0.0,1.0,0.0,1,0.0,1.0,0.0,1,0.0,1.0,0.0,0.0,0.0,-1.0,-0.0,1.0,0.0,1.0,0.0,1.0,0.0,0.0,0.0,1.0,0.0,-1.0,-0.0,1.0,0.0,-1.0,-0.0,1,0.0,1,0.0,0.0,0.0,1.0,0.0,-1.0,-0.0,0.0,0.0,1.0,0.0,-1.0,-0.0,-1.0,-0.0,1.0,0.0,-1.0,-0.0,1,0.0,0,0.0,-1.0,-0.0,0,0.0,-1.0,-0.0,1,0.0,1,0.0,-1.0,-0.0,0,0.0,1.0,0.0,1.0,0.0,-1.0,-0.0,-1.0,-0.0,1.0,0.0,1.0,0.0,1.0,0.0,1.0,0.0,1.0,0.0,-1,-0.0,0,0.0,1.0,0.0,1.0,0.0,-1,-0.0,-1.0,-0.0,-1.0,-0.0,0,0.0,1,0.0,-1.0,-0.0,0.0,0.0,1.0,0.0,-1.0,-0.0
20170126,@NQH7,1.0,0.00029146021568,102960.0,index,1485467187,1.0,0.0,0.0,0.0,0.0,1.0,0.0,-1.0,-0.0,-1.0,-0.0,-1.0,-0.0,0.0,0.0,-1.0,-0.0,1.0,0.0,-1.0,-0.0,1.0,0.0,-1,-0.0,-1,-0.0,-1,-0.0,-1.0,-0.0,1.0,0.0,-1.0,-0.0,-1.0,-0.0,-1.0,-0.0,1.0,0.0,0,0.0,-1.0,-0.0,-1.0,-0.0,-1.0,-0.0,0.0,0.0,0.0,0.0,1.0,0.0,1.0,0.0,-1.0,-0.0,-1,-0.0,-1,-0.0,0.0,0.0,-1.0,-0.0,-1,-0.0,1.0,0.0,1,0.0,1.0,0.0,0.0,0.0,-1.0,-0.0,1.0,0.0,1.0,0.0,1.0,0.0,-1.0,-0.0,1.0,0.0,-1.0,-0.0,-1.0,-0.0,1.0,0.0,-1,-0.0,1,0.0,0.0,0.0,1.0,0.0,-1.0,-0.0,1.0,0.0,1.0,0.0,-1.0,-0.0,-1.0,-0.0,1.0,0.0,-1.0,-0.0,1,0.0,0,0.0,-1.0,-0.0,0,0.0,1.0,0.0,1,0.0,-1,-0.0,1.0,0.0,1,0.0,1.0,0.0,0.0,0.0,0.0,0.0,-1.0,-0.0,1.0,0.0,1.0,0.0,1.0,0.0,-1.0,-0.0,1.0,0.0,-1,-0.0,0,0.0,1.0,0.0,1.0,0.0,-1,-0.0,1.0,0.0,-1.0,-0.0,1,0.0,1,0.0,1.0,0.0,0.0,0.0,1.0,0.0,-1.0,-0.0
20170126,QPAH7,-1.0,-0.0157587284336,72450.0,metal,1485467187,1.0,-0.0,0.0,-1.0,0.0,-1.0,0.0,1.0,-0.0,-1.0,0.0,-1.0,0.0,1.0,-0.0,1.0,-0.0,1.0,-0.0,1.0,-0.0,1.0,-0.0,0,-0.0,1,-0.0,-1,0.0,0.0,-0.0,1.0,-0.0,1.0,-0.0,-1.0,0.0,-1.0,0.0,1.0,-0.0,0,-0.0,1.0,-0.0,-1.0,0.0,-1.0,0.0,-1.0,0.0,1.0,-0.0,-1.0,0.0,1.0,-0.0,1.0,-0.0,1,-0.0,0,-0.0,1.0,-0.0,-1.0,0.0,-1,0.0,1.0,-0.0,1,-0.0,-1.0,0.0,0.0,-0.0,1.0,-0.0,-1.0,0.0,1.0,-0.0,1.0,-0.0,0.0,-0.0,1.0,-0.0,1.0,-0.0,-1.0,0.0,1.0,-0.0,1,-0.0,-1,0.0,0.0,-0.0,-1.0,0.0,-1.0,0.0,0.0,-0.0,-1.0,0.0,-1.0,0.0,0.0,-0.0,1.0,-0.0,1.0,-0.0,1,-0.0,1,-0.0,-1.0,0.0,0,-0.0,-1.0,0.0,-1,0.0,1,-0.0,-1.0,0.0,0,-0.0,1.0,-0.0,1.0,-0.0,-1.0,0.0,1.0,-0.0,-1.0,0.0,1.0,-0.0,0.0,-0.0,1.0,-0.0,-1.0,0.0,-1,0.0,-1,0.0,0.0,-0.0,-1.0,0.0,1,-0.0,-1.0,0.0,-1.0,0.0,0,-0.0,-1,0.0,1.0,-0.0,-1.0,0.0,-1.0,0.0,-1.0,0.0
20170126,@SFH7,-1.0,-0.00119724633343,125137.5,currency,1485467187,1.0,-0.0,0.0,0.0,-0.0,1.0,-0.0,-1.0,0.0,1.0,-0.0,-1.0,0.0,0.0,-0.0,-1.0,0.0,1.0,-0.0,-1.0,0.0,1.0,-0.0,-1,0.0,-1,0.0,-1,0.0,-1.0,0.0,1.0,-0.0,1.0,-0.0,0.0,-0.0,1.0,-0.0,1.0,-0.0,0,-0.0,-1.0,0.0,-1.0,0.0,-1.0,0.0,0.0,-0.0,0.0,-0.0,1.0,-0.0,1.0,-0.0,-1.0,0.0,-1,0.0,-1,0.0,0.0,-0.0,-1.0,0.0,-1,0.0,1.0,-0.0,-1,0.0,1.0,-0.0,-1.0,0.0,-1.0,0.0,-1.0,0.0,1.0,-0.0,0.0,-0.0,-1.0,0.0,-1.0,0.0,-1.0,0.0,-1.0,0.0,1.0,-0.0,-1,0.0,1,-0.0,1.0,-0.0,1.0,-0.0,-1.0,0.0,1.0,-0.0,1.0,-0.0,-1.0,0.0,-1.0,0.0,1.0,-0.0,-1.0,0.0,1,-0.0,0,-0.0,-1.0,0.0,0,-0.0,1.0,-0.0,1,-0.0,-1,0.0,1.0,-0.0,1,-0.0,1.0,-0.0,0.0,-0.0,0.0,-0.0,-1.0,0.0,1.0,-0.0,1.0,-0.0,1.0,-0.0,-1.0,0.0,1.0,-0.0,-1,0.0,0,-0.0,1.0,-0.0,1.0,-0.0,-1,0.0,1.0,-0.0,-1.0,0.0,1,-0.0,1,-0.0,1.0,-0.0,0.0,-0.0,1.0,-0.0,-1.0,0.0
20170126,QRBH7,1.0,0.00805204844112,65725.8,energy,1485467187,1.0,0.0,0.0,-1.0,-0.0,-1.0,-0.0,1.0,0.0,1.0,0.0,-1.0,-0.0,1.0,0.0,1.0,0.0,1.0,0.0,1.0,0.0,1.0,0.0,0,0.0,1,0.0,-1,-0.0,0.0,0.0,1.0,0.0,1.0,0.0,0.0,0.0,-1.0,-0.0,1.0,0.0,0,0.0,1.0,0.0,-1.0,-0.0,-1.0,-0.0,-1.0,-0.0,1.0,0.0,-1.0,-0.0,1.0,0.0,1.0,0.0,1,0.0,0,0.0,1.0,0.0,-1.0,-0.0,-1,-0.0,1.0,0.0,-1,-0.0,-1.0,-0.0,-1.0,-0.0,-1.0,-0.0,-1.0,-0.0,-1.0,-0.0,0.0,0.0,0.0,0.0,1.0,0.0,1.0,0.0,-1.0,-0.0,1.0,0.0,1,0.0,-1,-0.0,1.0,0.0,1.0,0.0,1.0,0.0,0.0,0.0,-1.0,-0.0,-1.0,-0.0,0.0,0.0,1.0,0.0,1.0,0.0,1,0.0,1,0.0,-1.0,-0.0,0,0.0,-1.0,-0.0,-1,-0.0,1,0.0,-1.0,-0.0,0,0.0,1.0,0.0,1.0,0.0,-1.0,-0.0,1.0,0.0,-1.0,-0.0,1.0,0.0,0.0,0.0,1.0,0.0,-1.0,-0.0,-1,-0.0,-1,-0.0,0.0,0.0,-1.0,-0.0,1,0.0,-1.0,-0.0,-1.0,-0.0,0,0.0,-1,-0.0,1.0,0.0,-1.0,-0.0,-1.0,-0.0,-1.0,-0.0
20170126,@SH7,-1.0,-0.00876569533286,52300.0,grain,1485458096,1.0,-0.0,0.0,0.0,-0.0,1.0,-0.0,-1.0,0.0,1.0,-0.0,-1.0,0.0,0.0,-0.0,1.0,-0.0,-1.0,0.0,1.0,-0.0,-1.0,0.0,-1,0.0,-1,0.0,-1,0.0,-1.0,0.0,1.0,-0.0,1.0,-0.0,0.0,-0.0,-1.0,0.0,1.0,-0.0,0,-0.0,-1.0,0.0,-1.0,0.0,1.0,-0.0,0.0,-0.0,0.0,-0.0,-1.0,0.0,-1.0,0.0,1.0,-0.0,-1,0.0,-1,0.0,0.0,-0.0,-1.0,0.0,1,-0.0,1.0,-0.0,-1,0.0,-1.0,0.0,-1.0,0.0,-1.0,0.0,-1.0,0.0,-1.0,0.0,0.0,-0.0,-1.0,0.0,1.0,-0.0,-1.0,0.0,-1.0,0.0,-1.0,0.0,-1,0.0,1,-0.0,1.0,-0.0,1.0,-0.0,1.0,-0.0,1.0,-0.0,1.0,-0.0,-1.0,0.0,-1.0,0.0,1.0,-0.0,1.0,-0.0,-1,0.0,0,-0.0,1.0,-0.0,0,-0.0,-1.0,0.0,1,-0.0,-1,0.0,1.0,-0.0,1,-0.0,-1.0,0.0,0.0,-0.0,0.0,-0.0,-1.0,0.0,1.0,-0.0,1.0,-0.0,1.0,-0.0,1.0,-0.0,-1.0,0.0,1,-0.0,0,-0.0,1.0,-0.0,1.0,-0.0,1,-0.0,-1.0,0.0,1.0,-0.0,1,-0.0,1,-0.0,1.0,-0.0,0.0,-0.0,-1.0,0.0,1.0,-0.0
20170126,QSIH7,-1.0,-0.0117785630153,83900.0,metal,1485467187,1.0,-0.0,0.0,1.0,-0.0,1.0,-0.0,1.0,-0.0,1.0,-0.0,-1.0,0.0,0.0,-0.0,1.0,-0.0,-1.0,0.0,-1.0,0.0,-1.0,0.0,0,-0.0,1,-0.0,1,-0.0,1.0,-0.0,1.0,-0.0,1.0,-0.0,1.0,-0.0,1.0,-0.0,1.0,-0.0,0,-0.0,1.0,-0.0,1.0,-0.0,1.0,-0.0,1.0,-0.0,-1.0,0.0,1.0,-0.0,-1.0,0.0,-1.0,0.0,1,-0.0,0,-0.0,-1.0,0.0,-1.0,0.0,-1,0.0,-1.0,0.0,-1,0.0,-1.0,0.0,0.0,-0.0,1.0,-0.0,-1.0,0.0,-1.0,0.0,-1.0,0.0,0.0,-0.0,-1.0,0.0,1.0,-0.0,-1.0,0.0,1.0,-0.0,-1,0.0,-1,0.0,0.0,-0.0,-1.0,0.0,1.0,-0.0,0.0,-0.0,-1.0,0.0,1.0,-0.0,1.0,-0.0,-1.0,0.0,1.0,-0.0,-1,0.0,0,-0.0,1.0,-0.0,0,-0.0,1.0,-0.0,-1,0.0,-1,0.0,1.0,-0.0,0,-0.0,-1.0,0.0,-1.0,0.0,1.0,-0.0,1.0,-0.0,-1.0,0.0,-1.0,0.0,-1.0,0.0,-1.0,0.0,-1.0,0.0,1,-0.0,0,-0.0,-1.0,0.0,-1.0,0.0,1,-0.0,1.0,-0.0,1.0,-0.0,0,-0.0,-1,0.0,1.0,-0.0,0.0,-0.0,-1.0,0.0,1.0,-0.0
20170126,@SMH7,-1.0,-0.00699096999709,34090.0,grain,1485458096,1.0,-0.0,0.0,-1.0,0.0,-1.0,0.0,-1.0,0.0,-1.0,0.0,-1.0,0.0,0.0,-0.0,1.0,-0.0,-1.0,0.0,1.0,-0.0,1.0,-0.0,0,-0.0,1,-0.0,-1,0.0,-1.0,0.0,1.0,-0.0,1.0,-0.0,-1.0,0.0,-1.0,0.0,1.0,-0.0,0,-0.0,-1.0,0.0,-1.0,0.0,-1.0,0.0,-1.0,0.0,1.0,-0.0,-1.0,0.0,1.0,-0.0,1.0,-0.0,1,-0.0,0,-0.0,1.0,-0.0,-1.0,0.0,1,-0.0,1.0,-0.0,1,-0.0,-1.0,0.0,0.0,-0.0,1.0,-0.0,-1.0,0.0,1.0,-0.0,1.0,-0.0,0.0,-0.0,1.0,-0.0,1.0,-0.0,-1.0,0.0,-1.0,0.0,1,-0.0,1,-0.0,0.0,-0.0,-1.0,0.0,-1.0,0.0,0.0,-0.0,-1.0,0.0,-1.0,0.0,-1.0,0.0,1.0,-0.0,1.0,-0.0,-1,0.0,0,-0.0,-1.0,0.0,0,-0.0,-1.0,0.0,-1,0.0,1,-0.0,-1.0,0.0,0,-0.0,1.0,-0.0,1.0,-0.0,-1.0,0.0,-1.0,0.0,1.0,-0.0,1.0,-0.0,1.0,-0.0,1.0,-0.0,-1.0,0.0,1,-0.0,0,-0.0,1.0,-0.0,1.0,-0.0,1,-0.0,-1.0,0.0,-1.0,0.0,0,-0.0,-1,0.0,1.0,-0.0,0.0,-0.0,-1.0,0.0,1.0,-0.0
20170126,@TUH7,1.0,0.000360620266859,216718.75,rates,1485467187,2.0,0.0,0.0,1.0,0.0,1.0,0.0,1.0,0.0,1.0,0.0,-1.0,-0.0,-1.0,-0.0,-1.0,-0.0,-1.0,-0.0,-1.0,-0.0,-1.0,-0.0,0,0.0,1,0.0,1,0.0,0.0,0.0,1.0,0.0,1.0,0.0,1.0,0.0,1.0,0.0,1.0,0.0,0,0.0,1.0,0.0,-1.0,-0.0,1.0,0.0,1.0,0.0,-1.0,-0.0,1.0,0.0,-1.0,-0.0,-1.0,-0.0,1,0.0,0,0.0,-1.0,-0.0,-1.0,-0.0,-1,-0.0,-1.0,-0.0,-1,-0.0,-1.0,-0.0,0.0,0.0,1.0,0.0,-1.0,-0.0,-1.0,-0.0,-1.0,-0.0,0.0,0.0,-1.0,-0.0,1.0,0.0,-1.0,-0.0,1.0,0.0,-1,-0.0,1,0.0,0.0,0.0,-1.0,-0.0,1.0,0.0,0.0,0.0,-1.0,-0.0,-1.0,-0.0,0.0,0.0,1.0,0.0,-1.0,-0.0,-1,-0.0,-1,-0.0,1.0,0.0,0,0.0,1.0,0.0,-1,-0.0,-1,-0.0,1.0,0.0,0,0.0,-1.0,-0.0,-1.0,-0.0,1.0,0.0,-1.0,-0.0,-1.0,-0.0,1.0,0.0,0.0,0.0,-1.0,-0.0,1.0,0.0,1,0.0,1,0.0,0.0,0.0,-1.0,-0.0,1,0.0,1.0,0.0,1.0,0.0,0,0.0,-1,-0.0,1.0,0.0,1.0,0.0,1.0,0.0,1.0,0.0
20170126,@TYH7,1.0,0.0012619888945,123968.75,rates,1485467187,1.0,156.447185765,156.447185765,1.0,156.447185765,1.0,156.447185765,1.0,156.447185765,1.0,156.447185765,-1.0,-156.447185765,-1.0,-156.447185765,-1.0,-156.447185765,-1.0,-156.447185765,-1.0,-156.447185765,-1.0,-156.447185765,0,0.0,1,156.447185765,1,156.447185765,0.0,0.0,1.0,156.447185765,1.0,156.447185765,1.0,156.447185765,1.0,156.447185765,1.0,156.447185765,0,0.0,1.0,156.447185765,-1.0,-156.447185765,1.0,156.447185765,1.0,156.447185765,-1.0,-156.447185765,1.0,156.447185765,-1.0,-156.447185765,-1.0,-156.447185765,1,156.447185765,0,0.0,-1.0,-156.447185765,-1.0,-156.447185765,-1,-156.447185765,-1.0,-156.447185765,-1,-156.447185765,-1.0,-156.447185765,0.0,0.0,1.0,156.447185765,-1.0,-156.447185765,-1.0,-156.447185765,-1.0,-156.447185765,0.0,0.0,-1.0,-156.447185765,1.0,156.447185765,-1.0,-156.447185765,1.0,156.447185765,-1,-156.447185765,1,156.447185765,0.0,0.0,-1.0,-156.447185765,1.0,156.447185765,0.0,0.0,-1.0,-156.447185765,-1.0,-156.447185765,0.0,0.0,1.0,156.447185765,-1.0,-156.447185765,-1,-156.447185765,-1,-156.447185765,1.0,156.447185765,0,0.0,1.0,156.447185765,-1,-156.447185765,-1,-156.447185765,1.0,156.447185765,0,0.0,-1.0,-156.447185765,-1.0,-156.447185765,1.0,156.447185765,-1.0,-156.447185765,-1.0,-156.447185765,1.0,156.447185765,0.0,0.0,-1.0,-156.447185765,1.0,156.447185765,1,156.447185765,1,156.447185765,0.0,0.0,-1.0,-156.447185765,1,156.447185765,1.0,156.447185765,1.0,156.447185765,0,0.0,-1,-156.447185765,1.0,156.447185765,1.0,156.447185765,1.0,156.447185765,1.0,156.447185765
20170126,QPLJ7,-1.0,-0.00203728226546,48985.0,metal,1485467187,1.0,-0.0,0.0,1.0,-0.0,1.0,-0.0,1.0,-0.0,-1.0,0.0,-1.0,0.0,0.0,-0.0,1.0,-0.0,-1.0,0.0,-1.0,0.0,-1.0,0.0,0,-0.0,1,-0.0,1,-0.0,1.0,-0.0,1.0,-0.0,-1.0,0.0,0.0,-0.0,-1.0,0.0,1.0,-0.0,0,-0.0,1.0,-0.0,1.0,-0.0,1.0,-0.0,1.0,-0.0,-1.0,0.0,1.0,-0.0,-1.0,0.0,-1.0,0.0,1,-0.0,0,-0.0,-1.0,0.0,-1.0,0.0,-1,0.0,-1.0,0.0,1,-0.0,-1.0,0.0,1.0,-0.0,1.0,-0.0,1.0,-0.0,-1.0,0.0,0.0,-0.0,0.0,-0.0,1.0,-0.0,1.0,-0.0,-1.0,0.0,1.0,-0.0,-1,0.0,-1,0.0,-1.0,0.0,-1.0,0.0,1.0,-0.0,0.0,-0.0,-1.0,0.0,1.0,-0.0,1.0,-0.0,-1.0,0.0,1.0,-0.0,-1,0.0,0,-0.0,1.0,-0.0,0,-0.0,1.0,-0.0,-1,0.0,-1,0.0,1.0,-0.0,0,-0.0,-1.0,0.0,-1.0,0.0,1.0,-0.0,1.0,-0.0,-1.0,0.0,-1.0,0.0,-1.0,0.0,-1.0,0.0,-1.0,0.0,1,-0.0,0,-0.0,-1.0,0.0,-1.0,0.0,1,-0.0,1.0,-0.0,1.0,-0.0,0,-0.0,-1,0.0,1.0,-0.0,0.0,-0.0,-1.0,0.0,1.0,-0.0
20170126,@LEJ7,-1.0,-0.00990099009901,47000.0,meat,1485457361,1.0,-0.0,0.0,0.0,-0.0,1.0,-0.0,-1.0,0.0,1.0,-0.0,-1.0,0.0,1.0,-0.0,1.0,-0.0,1.0,-0.0,-1.0,0.0,1.0,-0.0,-1,0.0,-1,0.0,-1,0.0,0.0,-0.0,-1.0,0.0,1.0,-0.0,0.0,-0.0,1.0,-0.0,-1.0,0.0,0,-0.0,-1.0,0.0,1.0,-0.0,-1.0,0.0,-1.0,0.0,1.0,-0.0,-1.0,0.0,1.0,-0.0,1.0,-0.0,-1,0.0,0,-0.0,0.0,-0.0,1.0,-0.0,1,-0.0,1.0,-0.0,-1,0.0,1.0,-0.0,-1.0,0.0,-1.0,0.0,-1.0,0.0,1.0,-0.0,0.0,-0.0,0.0,-0.0,-1.0,0.0,-1.0,0.0,1.0,-0.0,-1.0,0.0,1,-0.0,-1,0.0,1.0,-0.0,1.0,-0.0,-1.0,0.0,0.0,-0.0,1.0,-0.0,1.0,-0.0,0.0,-0.0,-1.0,0.0,1.0,-0.0,1,-0.0,1,-0.0,-1.0,0.0,0,-0.0,-1.0,0.0,1,-0.0,-1,0.0,-1.0,0.0,0,-0.0,1.0,-0.0,1.0,-0.0,-1.0,0.0,1.0,-0.0,1.0,-0.0,-1.0,0.0,0.0,-0.0,1.0,-0.0,-1.0,0.0,-1,0.0,-1,0.0,0.0,-0.0,1.0,-0.0,-1,0.0,1.0,-0.0,-1.0,0.0,1,-0.0,1,-0.0,1.0,-0.0,-1.0,0.0,-1.0,0.0,-1.0,0.0
20170126,@WH7,-1.0,-0.00117785630153,21200.0,grain,1485458096,1.0,-0.0,0.0,0.0,-0.0,1.0,-0.0,-1.0,0.0,-1.0,0.0,-1.0,0.0,0.0,-0.0,1.0,-0.0,-1.0,0.0,1.0,-0.0,-1.0,0.0,-1,0.0,-1,0.0,-1,0.0,-1.0,0.0,1.0,-0.0,1.0,-0.0,-1.0,0.0,-1.0,0.0,1.0,-0.0,0,-0.0,-1.0,0.0,-1.0,0.0,1.0,-0.0,0.0,-0.0,0.0,-0.0,-1.0,0.0,-1.0,0.0,1.0,-0.0,-1,0.0,-1,0.0,0.0,-0.0,-1.0,0.0,-1,0.0,1.0,-0.0,1,-0.0,-1.0,0.0,0.0,-0.0,1.0,-0.0,-1.0,0.0,1.0,-0.0,1.0,-0.0,-1.0,0.0,1.0,-0.0,-1.0,0.0,-1.0,0.0,1.0,-0.0,-1,0.0,1,-0.0,0.0,-0.0,-1.0,0.0,-1.0,0.0,1.0,-0.0,1.0,-0.0,-1.0,0.0,-1.0,0.0,1.0,-0.0,1.0,-0.0,-1,0.0,0,-0.0,1.0,-0.0,0,-0.0,-1.0,0.0,1,-0.0,-1,0.0,1.0,-0.0,1,-0.0,-1.0,0.0,0.0,-0.0,0.0,-0.0,-1.0,0.0,1.0,-0.0,1.0,-0.0,1.0,-0.0,1.0,-0.0,-1.0,0.0,1,-0.0,0,-0.0,1.0,-0.0,1.0,-0.0,1,-0.0,-1.0,0.0,1.0,-0.0,1,-0.0,1,-0.0,1.0,-0.0,0.0,-0.0,-1.0,0.0,1.0,-0.0
20170126,QHOH7,1.0,0.0176160078566,69631.8,energy,1485467187,1.0,0.0,0.0,0.0,0.0,1.0,0.0,1.0,0.0,-1.0,-0.0,-1.0,-0.0,1.0,0.0,1.0,0.0,1.0,0.0,1.0,0.0,-1.0,-0.0,-1,-0.0,-1,-0.0,-1,-0.0,0.0,0.0,1.0,0.0,1.0,0.0,-1.0,-0.0,-1.0,-0.0,1.0,0.0,0,0.0,1.0,0.0,-1.0,-0.0,1.0,0.0,0.0,0.0,0.0,0.0,-1.0,-0.0,-1.0,-0.0,1.0,0.0,-1,-0.0,-1,-0.0,0.0,0.0,-1.0,-0.0,-1,-0.0,1.0,0.0,1,0.0,-1.0,-0.0,0.0,0.0,1.0,0.0,-1.0,-0.0,1.0,0.0,1.0,0.0,-1.0,-0.0,1.0,0.0,-1.0,-0.0,-1.0,-0.0,1.0,0.0,-1,-0.0,-1,-0.0,0.0,0.0,-1.0,-0.0,-1.0,-0.0,1.0,0.0,1.0,0.0,-1.0,-0.0,0.0,0.0,1.0,0.0,1.0,0.0,1,0.0,1,0.0,1.0,0.0,0,0.0,-1.0,-0.0,1,0.0,-1,-0.0,1.0,0.0,1,0.0,-1.0,-0.0,0.0,0.0,0.0,0.0,1.0,0.0,-1.0,-0.0,1.0,0.0,0.0,0.0,1.0,0.0,-1.0,-0.0,-1,-0.0,-1,-0.0,0.0,0.0,-1.0,-0.0,1,0.0,-1.0,-0.0,1.0,0.0,1,0.0,1,0.0,1.0,0.0,-1.0,-0.0,-1.0,-0.0,-1.0,-0.0
20170126,@USH7,1.0,0.00271795943968,149875.0,rates,1485467187,1.0,0.0,0.0,0.0,0.0,-1.0,-0.0,1.0,0.0,1.0,0.0,1.0,0.0,-1.0,-0.0,-1.0,-0.0,-1.0,-0.0,1.0,0.0,-1.0,-0.0,1,0.0,1,0.0,1,0.0,0.0,0.0,-1.0,-0.0,1.0,0.0,1.0,0.0,1.0,0.0,-1.0,-0.0,0,0.0,1.0,0.0,-1.0,-0.0,1.0,0.0,0.0,0.0,0.0,0.0,-1.0,-0.0,-1.0,-0.0,1.0,0.0,1,0.0,1,0.0,0.0,0.0,1.0,0.0,-1,-0.0,-1.0,-0.0,-1,-0.0,-1.0,-0.0,0.0,0.0,1.0,0.0,-1.0,-0.0,-1.0,-0.0,-1.0,-0.0,1.0,0.0,-1.0,-0.0,1.0,0.0,1.0,0.0,1.0,0.0,1,0.0,1,0.0,0.0,0.0,-1.0,-0.0,1.0,0.0,-1.0,-0.0,-1.0,-0.0,-1.0,-0.0,0.0,0.0,1.0,0.0,-1.0,-0.0,-1,-0.0,-1,-0.0,1.0,0.0,0,0.0,-1.0,-0.0,-1,-0.0,1,0.0,-1.0,-0.0,-1,-0.0,-1.0,-0.0,0.0,0.0,0.0,0.0,-1.0,-0.0,-1.0,-0.0,1.0,0.0,0.0,0.0,1.0,0.0,1.0,0.0,1,0.0,1,0.0,0.0,0.0,-1.0,-0.0,1,0.0,-1.0,-0.0,1.0,0.0,-1,-0.0,-1,-0.0,-1.0,-0.0,1.0,0.0,1.0,0.0,1.0,0.0
20170126,@ADH7,-1.0,-0.00410541650113,75200.0,currency,1485467187,1.0,-0.0,0.0,0.0,-0.0,1.0,-0.0,-1.0,0.0,-1.0,0.0,-1.0,0.0,0.0,-0.0,1.0,-0.0,-1.0,0.0,1.0,-0.0,-1.0,0.0,-1,0.0,-1,0.0,-1,0.0,-1.0,0.0,1.0,-0.0,1.0,-0.0,-1.0,0.0,-1.0,0.0,1.0,-0.0,0,-0.0,-1.0,0.0,-1.0,0.0,1.0,-0.0,0.0,-0.0,0.0,-0.0,-1.0,0.0,-1.0,0.0,1.0,-0.0,-1,0.0,-1,0.0,0.0,-0.0,-1.0,0.0,-1,0.0,1.0,-0.0,1,-0.0,-1.0,0.0,0.0,-0.0,1.0,-0.0,-1.0,0.0,1.0,-0.0,1.0,-0.0,-1.0,0.0,1.0,-0.0,-1.0,0.0,-1.0,0.0,1.0,-0.0,-1,0.0,1,-0.0,0.0,-0.0,-1.0,0.0,-1.0,0.0,1.0,-0.0,1.0,-0.0,-1.0,0.0,-1.0,0.0,1.0,-0.0,1.0,-0.0,-1,0.0,0,-0.0,1.0,-0.0,0,-0.0,-1.0,0.0,1,-0.0,-1,0.0,1.0,-0.0,1,-0.0,-1.0,0.0,0.0,-0.0,0.0,-0.0,-1.0,0.0,1.0,-0.0,1.0,-0.0,1.0,-0.0,1.0,-0.0,-1.0,0.0,1,-0.0,0,-0.0,1.0,-0.0,1.0,-0.0,1,-0.0,-1.0,0.0,1.0,-0.0,1,-0.0,1,-0.0,1.0,-0.0,0.0,-0.0,-1.0,0.0,1.0,-0.0
20170126,@BOH7,-1.0,-0.0120447375968,20670.0,grain,1485458096,1.0,-248.964726126,248.964726126,0.0,-0.0,1.0,-248.964726126,-1.0,248.964726126,-1.0,248.964726126,-1.0,248.964726126,0.0,-0.0,1.0,-248.964726126,-1.0,248.964726126,1.0,-248.964726126,-1.0,248.964726126,-1,248.964726126,-1,248.964726126,-1,248.964726126,-1.0,248.964726126,1.0,-248.964726126,1.0,-248.964726126,-1.0,248.964726126,-1.0,248.964726126,1.0,-248.964726126,0,-0.0,-1.0,248.964726126,-1.0,248.964726126,1.0,-248.964726126,0.0,-0.0,0.0,-0.0,-1.0,248.964726126,-1.0,248.964726126,1.0,-248.964726126,-1,248.964726126,-1,248.964726126,0.0,-0.0,-1.0,248.964726126,-1,248.964726126,1.0,-248.964726126,1,-248.964726126,-1.0,248.964726126,0.0,-0.0,1.0,-248.964726126,-1.0,248.964726126,1.0,-248.964726126,1.0,-248.964726126,-1.0,248.964726126,1.0,-248.964726126,-1.0,248.964726126,-1.0,248.964726126,1.0,-248.964726126,-1,248.964726126,1,-248.964726126,0.0,-0.0,-1.0,248.964726126,-1.0,248.964726126,1.0,-248.964726126,1.0,-248.964726126,-1.0,248.964726126,-1.0,248.964726126,1.0,-248.964726126,1.0,-248.964726126,-1,248.964726126,0,-0.0,1.0,-248.964726126,0,-0.0,-1.0,248.964726126,1,-248.964726126,-1,248.964726126,1.0,-248.964726126,1,-248.964726126,-1.0,248.964726126,0.0,-0.0,0.0,-0.0,-1.0,248.964726126,1.0,-248.964726126,1.0,-248.964726126,1.0,-248.964726126,1.0,-248.964726126,-1.0,248.964726126,1,-248.964726126,0,-0.0,1.0,-248.964726126,1.0,-248.964726126,1,-248.964726126,-1.0,248.964726126,1.0,-248.964726126,1,-248.964726126,1,-248.964726126,1.0,-248.964726126,0.0,-0.0,-1.0,248.964726126,1.0,-248.964726126
20170126,@BPH7,-1.0,-0.00363952844371,78706.25,currency,1485467187,1.0,-0.0,0.0,-1.0,0.0,-1.0,0.0,-1.0,0.0,-1.0,0.0,1.0,-0.0,0.0,-0.0,-1.0,0.0,1.0,-0.0,1.0,-0.0,1.0,-0.0,0,-0.0,-1,0.0,-1,0.0,-1.0,0.0,1.0,-0.0,-1.0,0.0,-1.0,0.0,-1.0,0.0,1.0,-0.0,0,-0.0,-1.0,0.0,-1.0,0.0,-1.0,0.0,0.0,-0.0,0.0,-0.0,1.0,-0.0,1.0,-0.0,-1.0,0.0,-1,0.0,-1,0.0,1.0,-0.0,-1.0,0.0,-1,0.0,1.0,-0.0,1,-0.0,1.0,-0.0,0.0,-0.0,-1.0,0.0,1.0,-0.0,1.0,-0.0,1.0,-0.0,-1.0,0.0,1.0,-0.0,-1.0,0.0,-1.0,0.0,1.0,-0.0,-1,0.0,1,-0.0,0.0,-0.0,1.0,-0.0,-1.0,0.0,1.0,-0.0,1.0,-0.0,-1.0,0.0,-1.0,0.0,1.0,-0.0,-1.0,0.0,1,-0.0,0,-0.0,-1.0,0.0,0,-0.0,1.0,-0.0,1,-0.0,1,-0.0,1.0,-0.0,1,-0.0,1.0,-0.0,0.0,-0.0,0.0,-0.0,-1.0,0.0,1.0,-0.0,1.0,-0.0,1.0,-0.0,-1.0,0.0,1.0,-0.0,-1,0.0,0,-0.0,1.0,-0.0,1.0,-0.0,-1,0.0,-1.0,0.0,-1.0,0.0,0,-0.0,1,-0.0,-1.0,0.0,0.0,-0.0,1.0,-0.0,-1.0,0.0
20170126,@CH7,-1.0,-0.00887372013652,18150.0,grain,1485458096,1.0,-0.0,0.0,-1.0,0.0,-1.0,0.0,-1.0,0.0,-1.0,0.0,1.0,-0.0,1.0,-0.0,1.0,-0.0,1.0,-0.0,1.0,-0.0,1.0,-0.0,0,-0.0,-1,0.0,-1,0.0,0.0,-0.0,1.0,-0.0,-1.0,0.0,-1.0,0.0,-1.0,0.0,1.0,-0.0,0,-0.0,-1.0,0.0,1.0,-0.0,-1.0,0.0,0.0,-0.0,0.0,-0.0,1.0,-0.0,1.0,-0.0,-1.0,0.0,-1,0.0,-1,0.0,1.0,-0.0,-1.0,0.0,-1,0.0,1.0,-0.0,1,-0.0,1.0,-0.0,0.0,-0.0,-1.0,0.0,1.0,-0.0,1.0,-0.0,1.0,-0.0,-1.0,0.0,1.0,-0.0,-1.0,0.0,-1.0,0.0,1.0,-0.0,-1,0.0,-1,0.0,0.0,-0.0,1.0,-0.0,-1.0,0.0,1.0,-0.0,1.0,-0.0,1.0,-0.0,0.0,-0.0,-1.0,0.0,1.0,-0.0,1,-0.0,1,-0.0,-1.0,0.0,0,-0.0,1.0,-0.0,1,-0.0,1,-0.0,1.0,-0.0,1,-0.0,1.0,-0.0,0.0,-0.0,0.0,-0.0,1.0,-0.0,1.0,-0.0,-1.0,0.0,0.0,-0.0,-1.0,0.0,-1.0,0.0,-1,0.0,-1,0.0,0.0,-0.0,1.0,-0.0,-1,0.0,-1.0,0.0,-1.0,0.0,0,-0.0,1,-0.0,-1.0,0.0,-1.0,0.0,-1.0,0.0,-1.0,0.0
20170126,@CDH7,-1.0,-0.0028761929664,76270.0,currency,1485467187,1.0,-0.0,0.0,-1.0,0.0,-1.0,0.0,-1.0,0.0,1.0,-0.0,1.0,-0.0,0.0,-0.0,-1.0,0.0,1.0,-0.0,1.0,-0.0,1.0,-0.0,0,-0.0,-1,0.0,-1,0.0,-1.0,0.0,-1.0,0.0,1.0,-0.0,0.0,-0.0,1.0,-0.0,-1.0,0.0,0,-0.0,-1.0,0.0,-1.0,0.0,-1.0,0.0,-1.0,0.0,1.0,-0.0,-1.0,0.0,1.0,-0.0,1.0,-0.0,-1,0.0,0,-0.0,1.0,-0.0,1.0,-0.0,-1,0.0,1.0,-0.0,-1,0.0,1.0,-0.0,-1.0,0.0,-1.0,0.0,-1.0,0.0,1.0,-0.0,0.0,-0.0,0.0,-0.0,-1.0,0.0,-1.0,0.0,1.0,-0.0,1.0,-0.0,1,-0.0,1,-0.0,1.0,-0.0,1.0,-0.0,-1.0,0.0,0.0,-0.0,1.0,-0.0,-1.0,0.0,-1.0,0.0,1.0,-0.0,-1.0,0.0,1,-0.0,0,-0.0,-1.0,0.0,0,-0.0,-1.0,0.0,1,-0.0,1,-0.0,-1.0,0.0,0,-0.0,1.0,-0.0,1.0,-0.0,-1.0,0.0,-1.0,0.0,1.0,-0.0,1.0,-0.0,1.0,-0.0,1.0,-0.0,1.0,-0.0,-1,0.0,0,-0.0,1.0,-0.0,1.0,-0.0,-1,0.0,-1.0,0.0,-1.0,0.0,0,-0.0,1,-0.0,-1.0,0.0,0.0,-0.0,1.0,-0.0,-1.0,0.0
20170126,@JYH7,-1.0,-0.00918784029038,109187.5,currency,1485467187,1.0,-0.0,0.0,0.0,-0.0,-1.0,0.0,-1.0,0.0,-1.0,0.0,1.0,-0.0,-1.0,0.0,-1.0,0.0,-1.0,0.0,-1.0,0.0,1.0,-0.0,1,-0.0,1,-0.0,1,-0.0,0.0,-0.0,-1.0,0.0,-1.0,0.0,0.0,-0.0,1.0,-0.0,-1.0,0.0,0,-0.0,-1.0,0.0,1.0,-0.0,-1.0,0.0,0.0,-0.0,0.0,-0.0,1.0,-0.0,1.0,-0.0,-1.0,0.0,1,-0.0,1,-0.0,0.0,-0.0,1.0,-0.0,-1,0.0,-1.0,0.0,1,-0.0,1.0,-0.0,1.0,-0.0,1.0,-0.0,1.0,-0.0,1.0,-0.0,0.0,-0.0,1.0,-0.0,-1.0,0.0,1.0,-0.0,1.0,-0.0,1.0,-0.0,1,-0.0,1,-0.0,-1.0,0.0,-1.0,0.0,-1.0,0.0,-1.0,0.0,-1.0,0.0,1.0,-0.0,0.0,-0.0,-1.0,0.0,-1.0,0.0,-1,0.0,-1,0.0,-1.0,0.0,0,-0.0,1.0,-0.0,-1,0.0,1,-0.0,-1.0,0.0,-1,0.0,1.0,-0.0,0.0,-0.0,0.0,-0.0,-1.0,0.0,1.0,-0.0,-1.0,0.0,0.0,-0.0,-1.0,0.0,1.0,-0.0,1,-0.0,1,-0.0,0.0,-0.0,1.0,-0.0,-1,0.0,1.0,-0.0,-1.0,0.0,-1,0.0,-1,0.0,-1.0,0.0,1.0,-0.0,1.0,-0.0,1.0,-0.0
20170126,QCLH7,1.0,0.018009478673,53700.0,energy,1485467187,1.0,0.0,0.0,0.0,0.0,1.0,0.0,1.0,0.0,-1.0,-0.0,-1.0,-0.0,1.0,0.0,1.0,0.0,1.0,0.0,1.0,0.0,-1.0,-0.0,-1,-0.0,-1,-0.0,-1,-0.0,0.0,0.0,1.0,0.0,1.0,0.0,-1.0,-0.0,-1.0,-0.0,1.0,0.0,0,0.0,1.0,0.0,-1.0,-0.0,1.0,0.0,0.0,0.0,0.0,0.0,-1.0,-0.0,-1.0,-0.0,1.0,0.0,-1,-0.0,-1,-0.0,0.0,0.0,-1.0,-0.0,-1,-0.0,1.0,0.0,1,0.0,-1.0,-0.0,0.0,0.0,1.0,0.0,-1.0,-0.0,1.0,0.0,1.0,0.0,-1.0,-0.0,1.0,0.0,-1.0,-0.0,-1.0,-0.0,1.0,0.0,-1,-0.0,-1,-0.0,0.0,0.0,-1.0,-0.0,-1.0,-0.0,1.0,0.0,1.0,0.0,-1.0,-0.0,0.0,0.0,1.0,0.0,1.0,0.0,1,0.0,1,0.0,1.0,0.0,0,0.0,-1.0,-0.0,1,0.0,-1,-0.0,1.0,0.0,1,0.0,-1.0,-0.0,0.0,0.0,0.0,0.0,1.0,0.0,-1.0,-0.0,1.0,0.0,0.0,0.0,1.0,0.0,-1.0,-0.0,-1,-0.0,-1,-0.0,0.0,0.0,-1.0,-0.0,1,0.0,-1.0,-0.0,1.0,0.0,1,0.0,1,0.0,1.0,0.0,-1.0,-0.0,-1.0,-0.0,-1.0,-0.0
20170126,@EMDH7,-1.0,-0.00234150910262,170430.0,index,1485467187,1.0,-0.0,0.0,0.0,-0.0,1.0,-0.0,-1.0,0.0,1.0,-0.0,-1.0,0.0,1.0,-0.0,1.0,-0.0,1.0,-0.0,-1.0,0.0,1.0,-0.0,-1,0.0,-1,0.0,-1,0.0,0.0,-0.0,1.0,-0.0,1.0,-0.0,0.0,-0.0,1.0,-0.0,1.0,-0.0,0,-0.0,-1.0,0.0,1.0,-0.0,-1.0,0.0,0.0,-0.0,0.0,-0.0,1.0,-0.0,1.0,-0.0,-1.0,0.0,-1,0.0,-1,0.0,0.0,-0.0,-1.0,0.0,-1,0.0,1.0,-0.0,-1,0.0,1.0,-0.0,-1.0,0.0,-1.0,0.0,-1.0,0.0,1.0,-0.0,0.0,-0.0,-1.0,0.0,-1.0,0.0,-1.0,0.0,-1.0,0.0,1.0,-0.0,-1,0.0,-1,0.0,1.0,-0.0,1.0,-0.0,-1.0,0.0,1.0,-0.0,1.0,-0.0,1.0,-0.0,0.0,-0.0,-1.0,0.0,1.0,-0.0,1,-0.0,1,-0.0,-1.0,0.0,0,-0.0,1.0,-0.0,1,-0.0,-1,0.0,1.0,-0.0,1,-0.0,1.0,-0.0,0.0,-0.0,0.0,-0.0,1.0,-0.0,1.0,-0.0,-1.0,0.0,0.0,-0.0,-1.0,0.0,-1.0,0.0,-1,0.0,-1,0.0,0.0,-0.0,1.0,-0.0,-1,0.0,1.0,-0.0,-1.0,0.0,1,-0.0,1,-0.0,1.0,-0.0,-1.0,0.0,-1.0,0.0,-1.0,0.0
20170126,@ESH7,-1.0,-0.000217959895379,114675.0,index,1485467187,1.0,-24.9945510026,24.9945510026,0.0,-0.0,1.0,-24.9945510026,-1.0,24.9945510026,-1.0,24.9945510026,-1.0,24.9945510026,1.0,-24.9945510026,1.0,-24.9945510026,1.0,-24.9945510026,-1.0,24.9945510026,1.0,-24.9945510026,-1,24.9945510026,-1,24.9945510026,-1,24.9945510026,0.0,-0.0,1.0,-24.9945510026,-1.0,24.9945510026,-1.0,24.9945510026,-1.0,24.9945510026,1.0,-24.9945510026,1,-10.897994769,-1.0,24.9945510026,1.0,-24.9945510026,-1.0,24.9945510026,0.0,-0.0,0.0,-0.0,1.0,-24.9945510026,1.0,-24.9945510026,-1.0,24.9945510026,-1,24.9945510026,-1,24.9945510026,0.0,-0.0,-1.0,24.9945510026,-1,24.9945510026,1.0,-24.9945510026,1,-24.9945510026,1.0,-24.9945510026,0.0,-0.0,-1.0,24.9945510026,1.0,-24.9945510026,1.0,-24.9945510026,1.0,-24.9945510026,-1.0,24.9945510026,1.0,-24.9945510026,-1.0,24.9945510026,-1.0,24.9945510026,1.0,-24.9945510026,-1,24.9945510026,-1,24.9945510026,0.0,-0.0,1.0,-24.9945510026,-1.0,24.9945510026,1.0,-24.9945510026,1.0,-24.9945510026,1.0,-24.9945510026,0.0,-0.0,-1.0,24.9945510026,1.0,-24.9945510026,1,-24.9945510026,1,-24.9945510026,-1.0,24.9945510026,0,-0.0,1.0,-24.9945510026,1,-24.9945510026,-1,24.9945510026,1.0,-24.9945510026,1,-24.9945510026,1.0,-24.9945510026,0.0,-0.0,0.0,-0.0,1.0,-24.9945510026,1.0,-24.9945510026,-1.0,24.9945510026,0.0,-0.0,-1.0,24.9945510026,-1.0,24.9945510026,-1,24.9945510026,-1,24.9945510026,0.0,-0.0,1.0,-24.9945510026,-1,24.9945510026,1.0,-24.9945510026,-1.0,24.9945510026,1,-24.9945510026,1,-24.9945510026,1.0,-24.9945510026,-1.0,24.9945510026,-1.0,24.9945510026,-1.0,24.9945510026
20170126,@GFH7,-1.0,-0.0227185213708,63450.0,meat,1485457361,1.0,-0.0,0.0,0.0,-0.0,1.0,-0.0,-1.0,0.0,1.0,-0.0,-1.0,0.0,0.0,-0.0,1.0,-0.0,-1.0,0.0,1.0,-0.0,-1.0,0.0,-1,0.0,-1,0.0,-1,0.0,-1.0,0.0,1.0,-0.0,1.0,-0.0,0.0,-0.0,-1.0,0.0,1.0,-0.0,0,-0.0,-1.0,0.0,-1.0,0.0,1.0,-0.0,0.0,-0.0,0.0,-0.0,-1.0,0.0,-1.0,0.0,1.0,-0.0,-1,0.0,-1,0.0,0.0,-0.0,-1.0,0.0,1,-0.0,1.0,-0.0,-1,0.0,-1.0,0.0,-1.0,0.0,-1.0,0.0,-1.0,0.0,-1.0,0.0,0.0,-0.0,-1.0,0.0,1.0,-0.0,-1.0,0.0,-1.0,0.0,-1.0,0.0,-1,0.0,1,-0.0,1.0,-0.0,1.0,-0.0,1.0,-0.0,1.0,-0.0,1.0,-0.0,-1.0,0.0,-1.0,0.0,1.0,-0.0,1.0,-0.0,-1,0.0,0,-0.0,1.0,-0.0,0,-0.0,-1.0,0.0,1,-0.0,-1,0.0,1.0,-0.0,1,-0.0,-1.0,0.0,0.0,-0.0,0.0,-0.0,-1.0,0.0,1.0,-0.0,1.0,-0.0,1.0,-0.0,1.0,-0.0,-1.0,0.0,1,-0.0,0,-0.0,1.0,-0.0,1.0,-0.0,1,-0.0,-1.0,0.0,1.0,-0.0,1,-0.0,1,-0.0,1.0,-0.0,0.0,-0.0,-1.0,0.0,1.0,-0.0
20170126,@FVH7,1.0,0.00106404202966,117601.5625,rates,1485467187,1.0,0.0,0.0,0.0,0.0,-1.0,-0.0,1.0,0.0,1.0,0.0,1.0,0.0,-1.0,-0.0,-1.0,-0.0,-1.0,-0.0,1.0,0.0,-1.0,-0.0,1,0.0,1,0.0,1,0.0,0.0,0.0,-1.0,-0.0,1.0,0.0,1.0,0.0,1.0,0.0,-1.0,-0.0,0,0.0,1.0,0.0,-1.0,-0.0,1.0,0.0,0.0,0.0,0.0,0.0,-1.0,-0.0,-1.0,-0.0,1.0,0.0,1,0.0,1,0.0,0.0,0.0,1.0,0.0,-1,-0.0,-1.0,-0.0,-1,-0.0,-1.0,-0.0,0.0,0.0,1.0,0.0,-1.0,-0.0,-1.0,-0.0,-1.0,-0.0,1.0,0.0,-1.0,-0.0,1.0,0.0,1.0,0.0,1.0,0.0,1,0.0,1,0.0,0.0,0.0,-1.0,-0.0,1.0,0.0,-1.0,-0.0,-1.0,-0.0,-1.0,-0.0,0.0,0.0,1.0,0.0,-1.0,-0.0,-1,-0.0,-1,-0.0,1.0,0.0,0,0.0,-1.0,-0.0,-1,-0.0,1,0.0,-1.0,-0.0,-1,-0.0,-1.0,-0.0,0.0,0.0,0.0,0.0,-1.0,-0.0,-1.0,-0.0,1.0,0.0,0.0,0.0,1.0,0.0,1.0,0.0,1,0.0,1,0.0,0.0,0.0,-1.0,-0.0,1,0.0,-1.0,-0.0,1.0,0.0,-1,-0.0,-1,-0.0,-1.0,-0.0,1.0,0.0,1.0,0.0,1.0,0.0
20170126,QGCJ7,-1.0,-0.00816326530612,119070.0,metal,1485467187,1.0,-0.0,0.0,1.0,-0.0,1.0,-0.0,1.0,-0.0,-1.0,0.0,-1.0,0.0,-1.0,0.0,-1.0,0.0,-1.0,0.0,-1.0,0.0,-1.0,0.0,0,-0.0,1,-0.0,1,-0.0,0.0,-0.0,1.0,-0.0,-1.0,0.0,0.0,-0.0,-1.0,0.0,1.0,-0.0,0,-0.0,1.0,-0.0,-1.0,0.0,1.0,-0.0,1.0,-0.0,-1.0,0.0,1.0,-0.0,-1.0,0.0,-1.0,0.0,1,-0.0,0,-0.0,-1.0,0.0,-1.0,0.0,-1,0.0,-1.0,0.0,1,-0.0,-1.0,0.0,1.0,-0.0,1.0,-0.0,1.0,-0.0,-1.0,0.0,0.0,-0.0,0.0,-0.0,1.0,-0.0,1.0,-0.0,-1.0,0.0,1.0,-0.0,-1,0.0,1,-0.0,-1.0,0.0,-1.0,0.0,1.0,-0.0,0.0,-0.0,-1.0,0.0,-1.0,0.0,0.0,-0.0,1.0,-0.0,-1.0,0.0,-1,0.0,-1,0.0,1.0,-0.0,0,-0.0,1.0,-0.0,-1,0.0,-1,0.0,1.0,-0.0,0,-0.0,-1.0,0.0,-1.0,0.0,1.0,-0.0,-1.0,0.0,-1.0,0.0,1.0,-0.0,0.0,-0.0,-1.0,0.0,1.0,-0.0,1,-0.0,1,-0.0,0.0,-0.0,-1.0,0.0,1,-0.0,1.0,-0.0,1.0,-0.0,0,-0.0,-1,0.0,1.0,-0.0,1.0,-0.0,1.0,-0.0,1.0,-0.0
20170126,QHGH7,-1.0,-0.0167896678967,66612.5,metal,1485467187,1.0,-1118.40175277,1118.40175277,0.0,-0.0,1.0,-1118.40175277,-1.0,1118.40175277,-1.0,1118.40175277,-1.0,1118.40175277,0.0,-0.0,-1.0,1118.40175277,1.0,-1118.40175277,-1.0,1118.40175277,1.0,-1118.40175277,-1,1118.40175277,-1,1118.40175277,-1,1118.40175277,-1.0,1118.40175277,1.0,-1118.40175277,-1.0,1118.40175277,-1.0,1118.40175277,-1.0,1118.40175277,1.0,-1118.40175277,0,-0.0,-1.0,1118.40175277,-1.0,1118.40175277,-1.0,1118.40175277,0.0,-0.0,0.0,-0.0,1.0,-1118.40175277,1.0,-1118.40175277,-1.0,1118.40175277,-1,1118.40175277,-1,1118.40175277,0.0,-0.0,-1.0,1118.40175277,-1,1118.40175277,1.0,-1118.40175277,1,-1118.40175277,1.0,-1118.40175277,0.0,-0.0,-1.0,1118.40175277,1.0,-1118.40175277,1.0,-1118.40175277,1.0,-1118.40175277,-1.0,1118.40175277,1.0,-1118.40175277,-1.0,1118.40175277,-1.0,1118.40175277,1.0,-1118.40175277,-1,1118.40175277,1,-1118.40175277,0.0,-0.0,1.0,-1118.40175277,-1.0,1118.40175277,1.0,-1118.40175277,1.0,-1118.40175277,-1.0,1118.40175277,-1.0,1118.40175277,1.0,-1118.40175277,-1.0,1118.40175277,1,-1118.40175277,0,-0.0,-1.0,1118.40175277,0,-0.0,1.0,-1118.40175277,1,-1118.40175277,-1,1118.40175277,1.0,-1118.40175277,1,-1118.40175277,1.0,-1118.40175277,0.0,-0.0,0.0,-0.0,-1.0,1118.40175277,1.0,-1118.40175277,1.0,-1118.40175277,1.0,-1118.40175277,-1.0,1118.40175277,1.0,-1118.40175277,-1,1118.40175277,0,-0.0,1.0,-1118.40175277,1.0,-1118.40175277,-1,1118.40175277,1.0,-1118.40175277,-1.0,1118.40175277,1,-1118.40175277,1,-1118.40175277,1.0,-1118.40175277,0.0,-0.0,1.0,-1118.40175277,-1.0,1118.40175277
20170126,@EUH7,-1.0,-0.00678344097012,133606.25,currency,1485467187,1.0,-0.0,0.0,0.0,-0.0,1.0,-0.0,-1.0,0.0,1.0,-0.0,-1.0,0.0,0.0,-0.0,-1.0,0.0,1.0,-0.0,-1.0,0.0,1.0,-0.0,-1,0.0,-1,0.0,-1,0.0,-1.0,0.0,1.0,-0.0,1.0,-0.0,0.0,-0.0,1.0,-0.0,1.0,-0.0,0,-0.0,-1.0,0.0,-1.0,0.0,-1.0,0.0,0.0,-0.0,0.0,-0.0,1.0,-0.0,1.0,-0.0,-1.0,0.0,-1,0.0,-1,0.0,0.0,-0.0,-1.0,0.0,-1,0.0,1.0,-0.0,-1,0.0,1.0,-0.0,-1.0,0.0,-1.0,0.0,-1.0,0.0,1.0,-0.0,0.0,-0.0,-1.0,0.0,-1.0,0.0,-1.0,0.0,-1.0,0.0,1.0,-0.0,-1,0.0,1,-0.0,1.0,-0.0,1.0,-0.0,-1.0,0.0,1.0,-0.0,1.0,-0.0,-1.0,0.0,-1.0,0.0,1.0,-0.0,-1.0,0.0,1,-0.0,0,-0.0,-1.0,0.0,0,-0.0,1.0,-0.0,1,-0.0,-1,0.0,1.0,-0.0,1,-0.0,1.0,-0.0,0.0,-0.0,0.0,-0.0,-1.0,0.0,1.0,-0.0,1.0,-0.0,1.0,-0.0,-1.0,0.0,1.0,-0.0,-1,0.0,0,-0.0,1.0,-0.0,1.0,-0.0,-1,0.0,1.0,-0.0,-1.0,0.0,1,-0.0,1,-0.0,1.0,-0.0,0.0,-0.0,1.0,-0.0,-1.0,0.0
20170126,@YMH7,1.0,0.00189971504274,100205.0,index,1485467187,1.0,0.0,0.0,-1.0,-0.0,-1.0,-0.0,-1.0,-0.0,1.0,0.0,1.0,0.0,0.0,0.0,-1.0,-0.0,1.0,0.0,1.0,0.0,1.0,0.0,0,0.0,-1,-0.0,-1,-0.0,-1.0,-0.0,-1.0,-0.0,1.0,0.0,0.0,0.0,1.0,0.0,-1.0,-0.0,0,0.0,-1.0,-0.0,-1.0,-0.0,-1.0,-0.0,-1.0,-0.0,1.0,0.0,-1.0,-0.0,1.0,0.0,1.0,0.0,-1,-0.0,0,0.0,1.0,0.0,1.0,0.0,-1,-0.0,1.0,0.0,-1,-0.0,1.0,0.0,-1.0,-0.0,-1.0,-0.0,-1.0,-0.0,1.0,0.0,0.0,0.0,0.0,0.0,-1.0,-0.0,-1.0,-0.0,1.0,0.0,1.0,0.0,1,0.0,1,0.0,1.0,0.0,1.0,0.0,-1.0,-0.0,0.0,0.0,1.0,0.0,-1.0,-0.0,-1.0,-0.0,1.0,0.0,-1.0,-0.0,1,0.0,0,0.0,-1.0,-0.0,0,0.0,-1.0,-0.0,1,0.0,1,0.0,-1.0,-0.0,0,0.0,1.0,0.0,1.0,0.0,-1.0,-0.0,-1.0,-0.0,1.0,0.0,1.0,0.0,1.0,0.0,1.0,0.0,1.0,0.0,-1,-0.0,0,0.0,1.0,0.0,1.0,0.0,-1,-0.0,-1.0,-0.0,-1.0,-0.0,0,0.0,1,0.0,-1.0,-0.0,0.0,0.0,1.0,0.0,-1.0,-0.0
20170127,@BOH7,-1.0,-0.00638236147375,20550.0,grain,1485544461,1.0,-131.157528285,131.157528285,-1.0,131.157528285,-1.0,131.157528285,-1.0,131.157528285,1.0,-131.157528285,-1.0,131.157528285,0.0,-0.0,1.0,-131.157528285,-1.0,131.157528285,1.0,-131.157528285,1.0,-131.157528285,0,-0.0,1,-131.157528285,-1,131.157528285,-1.0,131.157528285,1.0,-131.157528285,1.0,-131.157528285,0.0,-0.0,-1.0,131.157528285,1.0,-131.157528285,0,-0.0,-1.0,131.157528285,-1.0,131.157528285,-1.0,131.157528285,-1.0,131.157528285,1.0,-131.157528285,-1.0,131.157528285,1.0,-131.157528285,1.0,-131.157528285,1,-131.157528285,0,-0.0,1.0,-131.157528285,-1.0,131.157528285,-1,131.157528285,1.0,-131.157528285,-1,131.157528285,-1.0,131.157528285,-1.0,131.157528285,-1.0,131.157528285,-1.0,131.157528285,-1.0,131.157528285,0.0,-0.0,0.0,-0.0,1.0,-131.157528285,1.0,-131.157528285,-1.0,131.157528285,1.0,-131.157528285,1,-131.157528285,1,-131.157528285,1.0,-131.157528285,1.0,-131.157528285,1.0,-131.157528285,0.0,-0.0,-1.0,131.157528285,-1.0,131.157528285,-1.0,131.157528285,1.0,-131.157528285,1.0,-131.157528285,-1,131.157528285,0,-0.0,-1.0,131.157528285,0,-0.0,-1.0,131.157528285,-1,131.157528285,1,-131.157528285,-1.0,131.157528285,0,-0.0,1.0,-131.157528285,1.0,-131.157528285,-1.0,131.157528285,-1.0,131.157528285,1.0,-131.157528285,1.0,-131.157528285,1.0,-131.157528285,1.0,-131.157528285,-1.0,131.157528285,1,-131.157528285,0,-0.0,1.0,-131.157528285,1.0,-131.157528285,1,-131.157528285,-1.0,131.157528285,-1.0,131.157528285,0,-0.0,-1,131.157528285,1.0,-131.157528285,0.0,-0.0,-1.0,131.157528285,1.0,-131.157528285
20170127,@ADH7,-1.0,-0.000530222693531,75400.0,currency,1485553609,1.0,-0.0,0.0,0.0,-0.0,1.0,-0.0,-1.0,0.0,-1.0,0.0,-1.0,0.0,0.0,-0.0,1.0,-0.0,-1.0,0.0,1.0,-0.0,-1.0,0.0,-1,0.0,-1,0.0,-1,0.0,-1.0,0.0,1.0,-0.0,1.0,-0.0,-1.0,0.0,-1.0,0.0,1.0,-0.0,0,-0.0,-1.0,0.0,-1.0,0.0,1.0,-0.0,0.0,-0.0,0.0,-0.0,-1.0,0.0,-1.0,0.0,1.0,-0.0,-1,0.0,-1,0.0,0.0,-0.0,-1.0,0.0,-1,0.0,1.0,-0.0,1,-0.0,-1.0,0.0,0.0,-0.0,1.0,-0.0,-1.0,0.0,1.0,-0.0,1.0,-0.0,-1.0,0.0,1.0,-0.0,-1.0,0.0,-1.0,0.0,1.0,-0.0,-1,0.0,1,-0.0,0.0,-0.0,-1.0,0.0,-1.0,0.0,1.0,-0.0,1.0,-0.0,-1.0,0.0,-1.0,0.0,1.0,-0.0,1.0,-0.0,-1,0.0,0,-0.0,1.0,-0.0,0,-0.0,-1.0,0.0,1,-0.0,-1,0.0,1.0,-0.0,1,-0.0,-1.0,0.0,0.0,-0.0,0.0,-0.0,-1.0,0.0,1.0,-0.0,1.0,-0.0,1.0,-0.0,1.0,-0.0,-1.0,0.0,1,-0.0,0,-0.0,1.0,-0.0,1.0,-0.0,1,-0.0,-1.0,0.0,1.0,-0.0,1,-0.0,1,-0.0,1.0,-0.0,0.0,-0.0,-1.0,0.0,1.0,-0.0
20170127,@YMH7,-1.0,-0.00194504014762,100060.0,index,1485553609,1.0,-0.0,0.0,-1.0,0.0,-1.0,0.0,-1.0,0.0,-1.0,0.0,1.0,-0.0,0.0,-0.0,-1.0,0.0,1.0,-0.0,1.0,-0.0,1.0,-0.0,0,-0.0,-1,0.0,-1,0.0,-1.0,0.0,-1.0,0.0,-1.0,0.0,-1.0,0.0,-1.0,0.0,-1.0,0.0,0,-0.0,-1.0,0.0,-1.0,0.0,-1.0,0.0,-1.0,0.0,1.0,-0.0,-1.0,0.0,1.0,-0.0,1.0,-0.0,-1,0.0,0,-0.0,1.0,-0.0,1.0,-0.0,-1,0.0,1.0,-0.0,1,-0.0,1.0,-0.0,0.0,-0.0,-1.0,0.0,1.0,-0.0,1.0,-0.0,1.0,-0.0,0.0,-0.0,1.0,-0.0,-1.0,0.0,1.0,-0.0,1.0,-0.0,1,-0.0,1,-0.0,0.0,-0.0,1.0,-0.0,-1.0,0.0,0.0,-0.0,1.0,-0.0,-1.0,0.0,-1.0,0.0,1.0,-0.0,-1.0,0.0,1,-0.0,0,-0.0,-1.0,0.0,0,-0.0,-1.0,0.0,1,-0.0,1,-0.0,-1.0,0.0,0,-0.0,1.0,-0.0,1.0,-0.0,-1.0,0.0,-1.0,0.0,1.0,-0.0,1.0,-0.0,1.0,-0.0,1.0,-0.0,1.0,-0.0,-1,0.0,0,-0.0,1.0,-0.0,1.0,-0.0,-1,0.0,-1.0,0.0,-1.0,0.0,0,-0.0,1,-0.0,-1.0,0.0,0.0,-0.0,1.0,-0.0,-1.0,0.0
20170127,@WH7,-1.0,-0.0117096018735,21100.0,grain,1485544461,1.0,-0.0,0.0,0.0,-0.0,1.0,-0.0,-1.0,0.0,1.0,-0.0,-1.0,0.0,0.0,-0.0,1.0,-0.0,-1.0,0.0,1.0,-0.0,-1.0,0.0,-1,0.0,-1,0.0,-1,0.0,-1.0,0.0,1.0,-0.0,1.0,-0.0,0.0,-0.0,-1.0,0.0,1.0,-0.0,0,-0.0,-1.0,0.0,-1.0,0.0,1.0,-0.0,0.0,-0.0,0.0,-0.0,-1.0,0.0,-1.0,0.0,1.0,-0.0,-1,0.0,-1,0.0,0.0,-0.0,-1.0,0.0,-1,0.0,1.0,-0.0,-1,0.0,-1.0,0.0,-1.0,0.0,-1.0,0.0,-1.0,0.0,-1.0,0.0,0.0,-0.0,-1.0,0.0,1.0,-0.0,-1.0,0.0,-1.0,0.0,1.0,-0.0,-1,0.0,1,-0.0,1.0,-0.0,1.0,-0.0,1.0,-0.0,1.0,-0.0,1.0,-0.0,-1.0,0.0,-1.0,0.0,1.0,-0.0,1.0,-0.0,-1,0.0,0,-0.0,1.0,-0.0,0,-0.0,-1.0,0.0,1,-0.0,-1,0.0,1.0,-0.0,1,-0.0,-1.0,0.0,0.0,-0.0,0.0,-0.0,-1.0,0.0,1.0,-0.0,1.0,-0.0,1.0,-0.0,1.0,-0.0,-1.0,0.0,1,-0.0,0,-0.0,1.0,-0.0,1.0,-0.0,1,-0.0,-1.0,0.0,1.0,-0.0,1,-0.0,1,-0.0,1.0,-0.0,0.0,-0.0,-1.0,0.0,1.0,-0.0
20170127,@USH7,1.0,0.0039641143334,150375.0,rates,1485553609,1.0,0.0,0.0,0.0,0.0,-1.0,-0.0,-1.0,-0.0,1.0,0.0,1.0,0.0,-1.0,-0.0,-1.0,-0.0,-1.0,-0.0,-1.0,-0.0,1.0,0.0,1,0.0,1,0.0,1,0.0,0.0,0.0,-1.0,-0.0,-1.0,-0.0,1.0,0.0,1.0,0.0,-1.0,-0.0,0,0.0,-1.0,-0.0,1.0,0.0,-1.0,-0.0,0.0,0.0,0.0,0.0,1.0,0.0,1.0,0.0,-1.0,-0.0,1,0.0,1,0.0,0.0,0.0,1.0,0.0,-1,-0.0,-1.0,-0.0,-1,-0.0,1.0,0.0,0.0,0.0,-1.0,-0.0,1.0,0.0,-1.0,-0.0,-1.0,-0.0,1.0,0.0,-1.0,-0.0,1.0,0.0,1.0,0.0,1.0,0.0,1,0.0,1,0.0,0.0,0.0,1.0,0.0,1.0,0.0,-1.0,-0.0,-1.0,-0.0,1.0,0.0,0.0,0.0,-1.0,-0.0,-1.0,-0.0,-1,-0.0,-1,-0.0,-1.0,-0.0,0,0.0,1.0,0.0,-1,-0.0,1,0.0,-1.0,-0.0,-1,-0.0,1.0,0.0,0.0,0.0,0.0,0.0,-1.0,-0.0,1.0,0.0,-1.0,-0.0,0.0,0.0,-1.0,-0.0,1.0,0.0,1,0.0,1,0.0,0.0,0.0,1.0,0.0,-1,-0.0,1.0,0.0,-1.0,-0.0,-1,-0.0,-1,-0.0,-1.0,-0.0,1.0,0.0,1.0,0.0,1.0,0.0
20170127,@TYH7,1.0,0.00138643811444,124140.625,rates,1485553609,1.0,172.113294051,172.113294051,1.0,172.113294051,1.0,172.113294051,-1.0,-172.113294051,1.0,172.113294051,1.0,172.113294051,-1.0,-172.113294051,-1.0,-172.113294051,-1.0,-172.113294051,-1.0,-172.113294051,-1.0,-172.113294051,0,0.0,-1,-172.113294051,1,172.113294051,0.0,0.0,-1.0,-172.113294051,-1.0,-172.113294051,1.0,172.113294051,1.0,172.113294051,-1.0,-172.113294051,0,0.0,-1.0,-172.113294051,1.0,172.113294051,1.0,172.113294051,1.0,172.113294051,-1.0,-172.113294051,1.0,172.113294051,-1.0,-172.113294051,-1.0,-172.113294051,-1,-172.113294051,0,0.0,-1.0,-172.113294051,1.0,172.113294051,-1,-172.113294051,-1.0,-172.113294051,-1,-172.113294051,1.0,172.113294051,0.0,0.0,-1.0,-172.113294051,1.0,172.113294051,-1.0,-172.113294051,-1.0,-172.113294051,0.0,0.0,-1.0,-172.113294051,-1.0,-172.113294051,1.0,172.113294051,1.0,172.113294051,-1,-172.113294051,1,172.113294051,0.0,0.0,1.0,172.113294051,1.0,172.113294051,0.0,0.0,1.0,172.113294051,1.0,172.113294051,0.0,0.0,-1.0,-172.113294051,-1.0,-172.113294051,-1,-172.113294051,-1,-172.113294051,1.0,172.113294051,0,0.0,1.0,172.113294051,1,172.113294051,-1,-172.113294051,1.0,172.113294051,0,0.0,-1.0,-172.113294051,-1.0,-172.113294051,1.0,172.113294051,-1.0,-172.113294051,1.0,172.113294051,-1.0,-172.113294051,0.0,0.0,-1.0,-172.113294051,1.0,172.113294051,1,172.113294051,1,172.113294051,0.0,0.0,1.0,172.113294051,-1,-172.113294051,1.0,172.113294051,1.0,172.113294051,0,0.0,1,172.113294051,-1.0,-172.113294051,1.0,172.113294051,1.0,172.113294051,1.0,172.113294051
20170127,@TUH7,1.0,7.20980533526e-05,216734.375,rates,1485553609,2.0,0.0,0.0,1.0,0.0,1.0,0.0,-1.0,-0.0,1.0,0.0,1.0,0.0,-1.0,-0.0,-1.0,-0.0,-1.0,-0.0,-1.0,-0.0,-1.0,-0.0,0,0.0,-1,-0.0,1,0.0,0.0,0.0,-1.0,-0.0,-1.0,-0.0,1.0,0.0,1.0,0.0,-1.0,-0.0,0,0.0,-1.0,-0.0,1.0,0.0,1.0,0.0,1.0,0.0,-1.0,-0.0,1.0,0.0,-1.0,-0.0,-1.0,-0.0,-1,-0.0,0,0.0,-1.0,-0.0,1.0,0.0,-1,-0.0,-1.0,-0.0,-1,-0.0,1.0,0.0,0.0,0.0,-1.0,-0.0,1.0,0.0,-1.0,-0.0,-1.0,-0.0,0.0,0.0,-1.0,-0.0,-1.0,-0.0,1.0,0.0,1.0,0.0,-1,-0.0,1,0.0,0.0,0.0,1.0,0.0,1.0,0.0,0.0,0.0,1.0,0.0,1.0,0.0,0.0,0.0,-1.0,-0.0,-1.0,-0.0,-1,-0.0,-1,-0.0,1.0,0.0,0,0.0,1.0,0.0,1,0.0,-1,-0.0,1.0,0.0,0,0.0,-1.0,-0.0,-1.0,-0.0,1.0,0.0,-1.0,-0.0,1.0,0.0,-1.0,-0.0,0.0,0.0,-1.0,-0.0,1.0,0.0,1,0.0,1,0.0,0.0,0.0,1.0,0.0,-1,-0.0,1.0,0.0,1.0,0.0,0,0.0,1,0.0,-1.0,-0.0,1.0,0.0,1.0,0.0,1.0,0.0
20170127,@SMH7,1.0,0.000292056074766,34250.0,grain,1485544461,1.0,0.0,0.0,0.0,0.0,1.0,0.0,-1.0,-0.0,1.0,0.0,-1.0,-0.0,0.0,0.0,1.0,0.0,-1.0,-0.0,1.0,0.0,-1.0,-0.0,-1,-0.0,-1,-0.0,-1,-0.0,-1.0,-0.0,1.0,0.0,1.0,0.0,0.0,0.0,-1.0,-0.0,1.0,0.0,0,0.0,-1.0,-0.0,-1.0,-0.0,-1.0,-0.0,-1.0,-0.0,1.0,0.0,-1.0,-0.0,1.0,0.0,1.0,0.0,1,0.0,0,0.0,0.0,0.0,-1.0,-0.0,1,0.0,1.0,0.0,-1,-0.0,-1.0,-0.0,-1.0,-0.0,-1.0,-0.0,-1.0,-0.0,-1.0,-0.0,0.0,0.0,0.0,0.0,1.0,0.0,1.0,0.0,-1.0,-0.0,-1.0,-0.0,1,0.0,1,0.0,1.0,0.0,1.0,0.0,1.0,0.0,0.0,0.0,-1.0,-0.0,-1.0,-0.0,-1.0,-0.0,1.0,0.0,1.0,0.0,-1,-0.0,0,0.0,-1.0,-0.0,0,0.0,-1.0,-0.0,-1,-0.0,-1,-0.0,-1.0,-0.0,0,0.0,1.0,0.0,1.0,0.0,-1.0,-0.0,-1.0,-0.0,1.0,0.0,1.0,0.0,1.0,0.0,1.0,0.0,-1.0,-0.0,1,0.0,0,0.0,1.0,0.0,1.0,0.0,1,0.0,-1.0,-0.0,1.0,0.0,1,0.0,1,0.0,1.0,0.0,0.0,0.0,-1.0,-0.0,1.0,0.0
20170127,QSIH7,1.0,0.0178041543027,85750.0,metal,1485553609,1.0,0.0,0.0,0.0,0.0,-1.0,-0.0,1.0,0.0,1.0,0.0,1.0,0.0,0.0,0.0,1.0,0.0,-1.0,-0.0,1.0,0.0,-1.0,-0.0,1,0.0,1,0.0,1,0.0,1.0,0.0,-1.0,-0.0,1.0,0.0,1.0,0.0,1.0,0.0,-1.0,-0.0,0,0.0,1.0,0.0,1.0,0.0,1.0,0.0,0.0,0.0,0.0,0.0,-1.0,-0.0,-1.0,-0.0,1.0,0.0,1,0.0,1,0.0,0.0,0.0,1.0,0.0,-1,-0.0,-1.0,-0.0,-1,-0.0,-1.0,-0.0,0.0,0.0,1.0,0.0,-1.0,-0.0,-1.0,-0.0,-1.0,-0.0,1.0,0.0,-1.0,-0.0,1.0,0.0,1.0,0.0,1.0,0.0,1,0.0,-1,-0.0,0.0,0.0,-1.0,-0.0,1.0,0.0,-1.0,-0.0,-1.0,-0.0,1.0,0.0,1.0,0.0,-1.0,-0.0,1.0,0.0,-1,-0.0,0,0.0,1.0,0.0,0,0.0,-1.0,-0.0,-1,-0.0,1,0.0,-1.0,-0.0,-1,-0.0,-1.0,-0.0,0.0,0.0,0.0,0.0,1.0,0.0,-1.0,-0.0,-1.0,-0.0,-1.0,-0.0,1.0,0.0,-1.0,-0.0,1,0.0,0,0.0,-1.0,-0.0,-1.0,-0.0,1,0.0,-1.0,-0.0,1.0,0.0,-1,-0.0,-1,-0.0,-1.0,-0.0,0.0,0.0,-1.0,-0.0,1.0,0.0
20170127,@SFH7,1.0,0.000398803589232,125425.0,currency,1485553609,1.0,0.0,0.0,-1.0,-0.0,-1.0,-0.0,-1.0,-0.0,1.0,0.0,-1.0,-0.0,0.0,0.0,1.0,0.0,-1.0,-0.0,1.0,0.0,1.0,0.0,0,0.0,1,0.0,-1,-0.0,-1.0,-0.0,1.0,0.0,1.0,0.0,0.0,0.0,-1.0,-0.0,1.0,0.0,0,0.0,-1.0,-0.0,-1.0,-0.0,-1.0,-0.0,-1.0,-0.0,1.0,0.0,-1.0,-0.0,1.0,0.0,1.0,0.0,1,0.0,0,0.0,1.0,0.0,-1.0,-0.0,-1,-0.0,1.0,0.0,-1,-0.0,-1.0,-0.0,-1.0,-0.0,-1.0,-0.0,-1.0,-0.0,-1.0,-0.0,0.0,0.0,0.0,0.0,1.0,0.0,1.0,0.0,-1.0,-0.0,1.0,0.0,1,0.0,1,0.0,1.0,0.0,1.0,0.0,1.0,0.0,0.0,0.0,-1.0,-0.0,-1.0,-0.0,-1.0,-0.0,1.0,0.0,1.0,0.0,-1,-0.0,0,0.0,-1.0,-0.0,0,0.0,-1.0,-0.0,-1,-0.0,1,0.0,-1.0,-0.0,0,0.0,1.0,0.0,1.0,0.0,-1.0,-0.0,-1.0,-0.0,1.0,0.0,1.0,0.0,1.0,0.0,1.0,0.0,-1.0,-0.0,1,0.0,0,0.0,1.0,0.0,1.0,0.0,1,0.0,-1.0,-0.0,-1.0,-0.0,0,0.0,-1,-0.0,1.0,0.0,0.0,0.0,-1.0,-0.0,1.0,0.0
20170127,QRBH7,-1.0,-0.0133180398904,65032.8,energy,1485553609,1.0,-0.0,0.0,0.0,-0.0,1.0,-0.0,-1.0,0.0,-1.0,0.0,-1.0,0.0,1.0,-0.0,1.0,-0.0,1.0,-0.0,-1.0,0.0,1.0,-0.0,-1,0.0,-1,0.0,-1,0.0,0.0,-0.0,1.0,-0.0,-1.0,0.0,-1.0,0.0,-1.0,0.0,1.0,-0.0,0,-0.0,-1.0,0.0,1.0,-0.0,-1.0,0.0,0.0,-0.0,0.0,-0.0,1.0,-0.0,1.0,-0.0,-1.0,0.0,-1,0.0,-1,0.0,0.0,-0.0,-1.0,0.0,-1,0.0,1.0,-0.0,1,-0.0,1.0,-0.0,0.0,-0.0,-1.0,0.0,1.0,-0.0,1.0,-0.0,1.0,-0.0,-1.0,0.0,1.0,-0.0,-1.0,0.0,-1.0,0.0,1.0,-0.0,-1,0.0,-1,0.0,0.0,-0.0,1.0,-0.0,-1.0,0.0,1.0,-0.0,1.0,-0.0,1.0,-0.0,0.0,-0.0,-1.0,0.0,1.0,-0.0,1,-0.0,1,-0.0,-1.0,0.0,0,-0.0,1.0,-0.0,1,-0.0,-1,0.0,1.0,-0.0,1,-0.0,1.0,-0.0,0.0,-0.0,0.0,-0.0,1.0,-0.0,1.0,-0.0,-1.0,0.0,0.0,-0.0,-1.0,0.0,-1.0,0.0,-1,0.0,-1,0.0,0.0,-0.0,1.0,-0.0,-1,0.0,1.0,-0.0,-1.0,0.0,1,-0.0,1,-0.0,1.0,-0.0,-1.0,0.0,-1.0,0.0,-1.0,0.0
20170127,QPLJ7,1.0,0.00621371090965,49390.0,metal,1485553609,1.0,0.0,0.0,0.0,0.0,-1.0,-0.0,1.0,0.0,1.0,0.0,1.0,0.0,0.0,0.0,1.0,0.0,-1.0,-0.0,1.0,0.0,-1.0,-0.0,1,0.0,1,0.0,1,0.0,1.0,0.0,-1.0,-0.0,1.0,0.0,1.0,0.0,1.0,0.0,-1.0,-0.0,0,0.0,1.0,0.0,1.0,0.0,1.0,0.0,0.0,0.0,0.0,0.0,-1.0,-0.0,-1.0,-0.0,1.0,0.0,1,0.0,1,0.0,0.0,0.0,1.0,0.0,-1,-0.0,-1.0,-0.0,-1,-0.0,-1.0,-0.0,0.0,0.0,1.0,0.0,-1.0,-0.0,-1.0,-0.0,-1.0,-0.0,1.0,0.0,-1.0,-0.0,1.0,0.0,1.0,0.0,1.0,0.0,1,0.0,-1,-0.0,0.0,0.0,-1.0,-0.0,1.0,0.0,-1.0,-0.0,-1.0,-0.0,1.0,0.0,1.0,0.0,-1.0,-0.0,1.0,0.0,-1,-0.0,0,0.0,1.0,0.0,0,0.0,-1.0,-0.0,-1,-0.0,1,0.0,-1.0,-0.0,-1,-0.0,-1.0,-0.0,0.0,0.0,0.0,0.0,1.0,0.0,-1.0,-0.0,-1.0,-0.0,-1.0,-0.0,1.0,0.0,-1.0,-0.0,1,0.0,0,0.0,-1.0,-0.0,-1.0,-0.0,1,0.0,-1.0,-0.0,1.0,0.0,-1,-0.0,-1,-0.0,-1.0,-0.0,0.0,0.0,-1.0,-0.0,1.0,0.0
20170127,QPAH7,1.0,0.0164952722755,73640.0,metal,1485553609,1.0,0.0,0.0,-1.0,-0.0,-1.0,-0.0,1.0,0.0,-1.0,-0.0,-1.0,-0.0,1.0,0.0,1.0,0.0,1.0,0.0,1.0,0.0,1.0,0.0,0,0.0,1,0.0,-1,-0.0,0.0,0.0,1.0,0.0,1.0,0.0,-1.0,-0.0,-1.0,-0.0,1.0,0.0,0,0.0,1.0,0.0,-1.0,-0.0,-1.0,-0.0,-1.0,-0.0,1.0,0.0,-1.0,-0.0,1.0,0.0,1.0,0.0,1,0.0,0,0.0,1.0,0.0,-1.0,-0.0,-1,-0.0,1.0,0.0,1,0.0,-1.0,-0.0,0.0,0.0,1.0,0.0,-1.0,-0.0,1.0,0.0,1.0,0.0,0.0,0.0,1.0,0.0,1.0,0.0,-1.0,-0.0,1.0,0.0,1,0.0,-1,-0.0,0.0,0.0,-1.0,-0.0,-1.0,-0.0,0.0,0.0,-1.0,-0.0,-1.0,-0.0,0.0,0.0,1.0,0.0,1.0,0.0,1,0.0,1,0.0,-1.0,-0.0,0,0.0,-1.0,-0.0,-1,-0.0,1,0.0,-1.0,-0.0,0,0.0,1.0,0.0,1.0,0.0,-1.0,-0.0,1.0,0.0,-1.0,-0.0,1.0,0.0,0.0,0.0,1.0,0.0,-1.0,-0.0,-1,-0.0,-1,-0.0,0.0,0.0,-1.0,-0.0,1,0.0,-1.0,-0.0,-1.0,-0.0,0,0.0,-1,-0.0,1.0,0.0,-1.0,-0.0,-1.0,-0.0,-1.0,-0.0
20170127,@NQH7,1.0,0.0028167646059,103245.0,index,1485553609,1.0,0.0,0.0,0.0,0.0,1.0,0.0,-1.0,-0.0,-1.0,-0.0,-1.0,-0.0,0.0,0.0,-1.0,-0.0,1.0,0.0,-1.0,-0.0,1.0,0.0,-1,-0.0,-1,-0.0,-1,-0.0,-1.0,-0.0,1.0,0.0,-1.0,-0.0,-1.0,-0.0,-1.0,-0.0,1.0,0.0,0,0.0,-1.0,-0.0,-1.0,-0.0,-1.0,-0.0,0.0,0.0,0.0,0.0,1.0,0.0,1.0,0.0,-1.0,-0.0,-1,-0.0,-1,-0.0,0.0,0.0,-1.0,-0.0,-1,-0.0,1.0,0.0,1,0.0,1.0,0.0,0.0,0.0,-1.0,-0.0,1.0,0.0,1.0,0.0,1.0,0.0,-1.0,-0.0,1.0,0.0,-1.0,-0.0,-1.0,-0.0,1.0,0.0,-1,-0.0,1,0.0,0.0,0.0,1.0,0.0,-1.0,-0.0,1.0,0.0,1.0,0.0,-1.0,-0.0,-1.0,-0.0,1.0,0.0,-1.0,-0.0,1,0.0,0,0.0,-1.0,-0.0,0,0.0,1.0,0.0,1,0.0,-1,-0.0,1.0,0.0,1,0.0,1.0,0.0,0.0,0.0,0.0,0.0,-1.0,-0.0,1.0,0.0,1.0,0.0,1.0,0.0,-1.0,-0.0,1.0,0.0,-1,-0.0,0,0.0,1.0,0.0,1.0,0.0,-1,-0.0,1.0,0.0,-1.0,-0.0,1,0.0,1,0.0,1.0,0.0,0.0,0.0,1.0,0.0,-1.0,-0.0
20170127,@NKDH7,-1.0,-0.00179441168931,84940.2320914,index,1485553609,1.0,-0.0,0.0,-1.0,0.0,-1.0,0.0,-1.0,0.0,-1.0,0.0,1.0,-0.0,0.0,-0.0,-1.0,0.0,1.0,-0.0,1.0,-0.0,1.0,-0.0,0,-0.0,-1,0.0,-1,0.0,-1.0,0.0,-1.0,0.0,-1.0,0.0,-1.0,0.0,-1.0,0.0,-1.0,0.0,0,-0.0,-1.0,0.0,-1.0,0.0,-1.0,0.0,-1.0,0.0,1.0,-0.0,-1.0,0.0,1.0,-0.0,1.0,-0.0,-1,0.0,0,-0.0,1.0,-0.0,1.0,-0.0,1,-0.0,1.0,-0.0,1,-0.0,1.0,-0.0,0.0,-0.0,-1.0,0.0,1.0,-0.0,1.0,-0.0,1.0,-0.0,0.0,-0.0,1.0,-0.0,-1.0,0.0,1.0,-0.0,-1.0,0.0,1,-0.0,1,-0.0,0.0,-0.0,1.0,-0.0,-1.0,0.0,0.0,-0.0,1.0,-0.0,-1.0,0.0,-1.0,0.0,1.0,-0.0,-1.0,0.0,1,-0.0,0,-0.0,-1.0,0.0,0,-0.0,-1.0,0.0,1,-0.0,1,-0.0,-1.0,0.0,0,-0.0,1.0,-0.0,1.0,-0.0,-1.0,0.0,-1.0,0.0,1.0,-0.0,1.0,-0.0,1.0,-0.0,1.0,-0.0,1.0,-0.0,-1,0.0,0,-0.0,1.0,-0.0,1.0,-0.0,-1,0.0,-1.0,0.0,-1.0,0.0,0,-0.0,1,-0.0,-1.0,0.0,0.0,-0.0,1.0,-0.0,-1.0,0.0
20170127,QNGH7,-1.0,-0.00588754783633,33770.0,energy,1485553609,1.0,-198.822490433,198.822490433,-1.0,198.822490433,-1.0,198.822490433,-1.0,198.822490433,-1.0,198.822490433,1.0,-198.822490433,1.0,-198.822490433,1.0,-198.822490433,1.0,-198.822490433,1.0,-198.822490433,1.0,-198.822490433,0,-0.0,-1,198.822490433,-1,198.822490433,0.0,-0.0,-1.0,198.822490433,-1.0,198.822490433,-1.0,198.822490433,-1.0,198.822490433,-1.0,198.822490433,0,-0.0,-1.0,198.822490433,1.0,-198.822490433,-1.0,198.822490433,-1.0,198.822490433,1.0,-198.822490433,-1.0,198.822490433,1.0,-198.822490433,1.0,-198.822490433,-1,198.822490433,0,-0.0,1.0,-198.822490433,1.0,-198.822490433,-1,198.822490433,1.0,-198.822490433,1,-198.822490433,1.0,-198.822490433,0.0,-0.0,-1.0,198.822490433,1.0,-198.822490433,1.0,-198.822490433,1.0,-198.822490433,0.0,-0.0,1.0,-198.822490433,-1.0,198.822490433,1.0,-198.822490433,1.0,-198.822490433,1,-198.822490433,-1,198.822490433,0.0,-0.0,1.0,-198.822490433,-1.0,198.822490433,0.0,-0.0,1.0,-198.822490433,1.0,-198.822490433,0.0,-0.0,-1.0,198.822490433,1.0,-198.822490433,1,-198.822490433,1,-198.822490433,-1.0,198.822490433,0,-0.0,-1.0,198.822490433,1,-198.822490433,1,-198.822490433,-1.0,198.822490433,0,-0.0,1.0,-198.822490433,1.0,-198.822490433,-1.0,198.822490433,1.0,-198.822490433,1.0,-198.822490433,-1.0,198.822490433,0.0,-0.0,1.0,-198.822490433,-1.0,198.822490433,-1,198.822490433,-1,198.822490433,0.0,-0.0,1.0,-198.822490433,-1,198.822490433,-1.0,198.822490433,-1.0,198.822490433,0,-0.0,1,-198.822490433,-1.0,198.822490433,-1.0,198.822490433,-1.0,198.822490433,-1.0,198.822490433
20170127,@NEH7,1.0,0.00193290073174,72570.0,currency,1485553609,1.0,0.0,0.0,0.0,0.0,1.0,0.0,-1.0,-0.0,-1.0,-0.0,-1.0,-0.0,0.0,0.0,1.0,0.0,-1.0,-0.0,1.0,0.0,-1.0,-0.0,-1,-0.0,-1,-0.0,-1,-0.0,-1.0,-0.0,1.0,0.0,1.0,0.0,-1.0,-0.0,-1.0,-0.0,1.0,0.0,0,0.0,-1.0,-0.0,-1.0,-0.0,1.0,0.0,0.0,0.0,0.0,0.0,-1.0,-0.0,-1.0,-0.0,1.0,0.0,-1,-0.0,-1,-0.0,0.0,0.0,-1.0,-0.0,-1,-0.0,1.0,0.0,1,0.0,-1.0,-0.0,0.0,0.0,1.0,0.0,-1.0,-0.0,1.0,0.0,1.0,0.0,-1.0,-0.0,1.0,0.0,-1.0,-0.0,-1.0,-0.0,1.0,0.0,-1,-0.0,1,0.0,0.0,0.0,-1.0,-0.0,-1.0,-0.0,1.0,0.0,1.0,0.0,-1.0,-0.0,-1.0,-0.0,1.0,0.0,1.0,0.0,-1,-0.0,0,0.0,1.0,0.0,0,0.0,-1.0,-0.0,1,0.0,-1,-0.0,1.0,0.0,1,0.0,-1.0,-0.0,0.0,0.0,0.0,0.0,-1.0,-0.0,1.0,0.0,1.0,0.0,1.0,0.0,1.0,0.0,-1.0,-0.0,1,0.0,0,0.0,1.0,0.0,1.0,0.0,1,0.0,-1.0,-0.0,1.0,0.0,1,0.0,1,0.0,1.0,0.0,0.0,0.0,-1.0,-0.0,1.0,0.0
20170127,@SH7,-1.0,-0.000952834683182,52425.0,grain,1485544461,1.0,-0.0,0.0,0.0,-0.0,1.0,-0.0,-1.0,0.0,1.0,-0.0,-1.0,0.0,0.0,-0.0,1.0,-0.0,-1.0,0.0,1.0,-0.0,-1.0,0.0,-1,0.0,-1,0.0,-1,0.0,-1.0,0.0,1.0,-0.0,1.0,-0.0,0.0,-0.0,-1.0,0.0,1.0,-0.0,0,-0.0,-1.0,0.0,-1.0,0.0,1.0,-0.0,0.0,-0.0,0.0,-0.0,-1.0,0.0,-1.0,0.0,1.0,-0.0,-1,0.0,-1,0.0,0.0,-0.0,-1.0,0.0,1,-0.0,1.0,-0.0,-1,0.0,-1.0,0.0,-1.0,0.0,-1.0,0.0,-1.0,0.0,-1.0,0.0,0.0,-0.0,-1.0,0.0,1.0,-0.0,-1.0,0.0,-1.0,0.0,-1.0,0.0,-1,0.0,1,-0.0,1.0,-0.0,1.0,-0.0,1.0,-0.0,1.0,-0.0,1.0,-0.0,-1.0,0.0,-1.0,0.0,1.0,-0.0,1.0,-0.0,-1,0.0,0,-0.0,1.0,-0.0,0,-0.0,-1.0,0.0,1,-0.0,-1,0.0,1.0,-0.0,1,-0.0,-1.0,0.0,0.0,-0.0,0.0,-0.0,-1.0,0.0,1.0,-0.0,1.0,-0.0,1.0,-0.0,1.0,-0.0,-1.0,0.0,1,-0.0,0,-0.0,1.0,-0.0,1.0,-0.0,1,-0.0,-1.0,0.0,1.0,-0.0,1,-0.0,1,-0.0,1.0,-0.0,0.0,-0.0,-1.0,0.0,1.0,-0.0
20170127,@HEJ7,1.0,0.0152473038304,27300.0,meat,1485543673,1.0,0.0,0.0,-1.0,-0.0,-1.0,-0.0,1.0,0.0,1.0,0.0,-1.0,-0.0,1.0,0.0,1.0,0.0,1.0,0.0,1.0,0.0,1.0,0.0,0,0.0,1,0.0,-1,-0.0,0.0,0.0,1.0,0.0,1.0,0.0,0.0,0.0,-1.0,-0.0,1.0,0.0,0,0.0,1.0,0.0,-1.0,-0.0,-1.0,-0.0,-1.0,-0.0,1.0,0.0,-1.0,-0.0,1.0,0.0,1.0,0.0,1,0.0,0,0.0,1.0,0.0,-1.0,-0.0,1,0.0,1.0,0.0,-1,-0.0,-1.0,-0.0,-1.0,-0.0,-1.0,-0.0,-1.0,-0.0,-1.0,-0.0,0.0,0.0,0.0,0.0,1.0,0.0,1.0,0.0,-1.0,-0.0,-1.0,-0.0,1,0.0,-1,-0.0,1.0,0.0,1.0,0.0,1.0,0.0,0.0,0.0,-1.0,-0.0,-1.0,-0.0,0.0,0.0,1.0,0.0,1.0,0.0,1,0.0,1,0.0,-1.0,-0.0,0,0.0,-1.0,-0.0,-1,-0.0,1,0.0,-1.0,-0.0,0,0.0,1.0,0.0,1.0,0.0,-1.0,-0.0,1.0,0.0,-1.0,-0.0,1.0,0.0,0.0,0.0,1.0,0.0,-1.0,-0.0,-1,-0.0,-1,-0.0,0.0,0.0,-1.0,-0.0,1,0.0,-1.0,-0.0,-1.0,-0.0,0,0.0,-1,-0.0,1.0,0.0,-1.0,-0.0,-1.0,-0.0,-1.0,-0.0
20170127,@PXH7,1.0,0.0151676992096,23760.0,currency,1485553609,1.0,0.0,0.0,0.0,0.0,1.0,0.0,-1.0,-0.0,-1.0,-0.0,-1.0,-0.0,0.0,0.0,-1.0,-0.0,1.0,0.0,-1.0,-0.0,1.0,0.0,-1,-0.0,-1,-0.0,-1,-0.0,-1.0,-0.0,1.0,0.0,-1.0,-0.0,-1.0,-0.0,-1.0,-0.0,1.0,0.0,0,0.0,-1.0,-0.0,-1.0,-0.0,-1.0,-0.0,0.0,0.0,0.0,0.0,1.0,0.0,1.0,0.0,-1.0,-0.0,-1,-0.0,-1,-0.0,0.0,0.0,-1.0,-0.0,-1,-0.0,1.0,0.0,1,0.0,1.0,0.0,0.0,0.0,-1.0,-0.0,1.0,0.0,1.0,0.0,1.0,0.0,-1.0,-0.0,1.0,0.0,-1.0,-0.0,-1.0,-0.0,1.0,0.0,-1,-0.0,1,0.0,0.0,0.0,1.0,0.0,-1.0,-0.0,1.0,0.0,1.0,0.0,-1.0,-0.0,-1.0,-0.0,1.0,0.0,-1.0,-0.0,1,0.0,0,0.0,-1.0,-0.0,0,0.0,1.0,0.0,1,0.0,-1,-0.0,1.0,0.0,1,0.0,1.0,0.0,0.0,0.0,0.0,0.0,-1.0,-0.0,1.0,0.0,1.0,0.0,1.0,0.0,-1.0,-0.0,1.0,0.0,-1,-0.0,0,0.0,1.0,0.0,1.0,0.0,-1,-0.0,1.0,0.0,-1.0,-0.0,1,0.0,1,0.0,1.0,0.0,0.0,0.0,1.0,0.0,-1.0,-0.0
20170127,@CH7,-1.0,-0.0020618556701,18150.0,grain,1485544461,1.0,-0.0,0.0,-1.0,0.0,-1.0,0.0,1.0,-0.0,1.0,-0.0,-1.0,0.0,1.0,-0.0,1.0,-0.0,1.0,-0.0,1.0,-0.0,1.0,-0.0,0,-0.0,1,-0.0,-1,0.0,0.0,-0.0,1.0,-0.0,1.0,-0.0,0.0,-0.0,-1.0,0.0,1.0,-0.0,0,-0.0,1.0,-0.0,-1.0,0.0,-1.0,0.0,-1.0,0.0,1.0,-0.0,-1.0,0.0,1.0,-0.0,1.0,-0.0,1,-0.0,0,-0.0,1.0,-0.0,-1.0,0.0,-1,0.0,1.0,-0.0,-1,0.0,-1.0,0.0,-1.0,0.0,-1.0,0.0,-1.0,0.0,-1.0,0.0,0.0,-0.0,0.0,-0.0,1.0,-0.0,1.0,-0.0,-1.0,0.0,1.0,-0.0,1,-0.0,-1,0.0,1.0,-0.0,1.0,-0.0,1.0,-0.0,0.0,-0.0,-1.0,0.0,-1.0,0.0,0.0,-0.0,1.0,-0.0,1.0,-0.0,1,-0.0,1,-0.0,-1.0,0.0,0,-0.0,-1.0,0.0,-1,0.0,1,-0.0,-1.0,0.0,0,-0.0,1.0,-0.0,1.0,-0.0,-1.0,0.0,1.0,-0.0,-1.0,0.0,1.0,-0.0,0.0,-0.0,1.0,-0.0,-1.0,0.0,-1,0.0,-1,0.0,0.0,-0.0,-1.0,0.0,1,-0.0,-1.0,0.0,-1.0,0.0,0,-0.0,-1,0.0,1.0,-0.0,-1.0,0.0,-1.0,0.0,-1.0,0.0
20170127,@CDH7,-1.0,-0.0045142296369,76080.0,currency,1485553609,1.0,-0.0,0.0,0.0,-0.0,1.0,-0.0,-1.0,0.0,-1.0,0.0,-1.0,0.0,0.0,-0.0,1.0,-0.0,-1.0,0.0,1.0,-0.0,-1.0,0.0,-1,0.0,-1,0.0,-1,0.0,-1.0,0.0,1.0,-0.0,1.0,-0.0,-1.0,0.0,-1.0,0.0,1.0,-0.0,0,-0.0,-1.0,0.0,-1.0,0.0,1.0,-0.0,0.0,-0.0,0.0,-0.0,-1.0,0.0,-1.0,0.0,1.0,-0.0,-1,0.0,-1,0.0,0.0,-0.0,-1.0,0.0,-1,0.0,1.0,-0.0,1,-0.0,-1.0,0.0,0.0,-0.0,1.0,-0.0,-1.0,0.0,1.0,-0.0,1.0,-0.0,-1.0,0.0,1.0,-0.0,-1.0,0.0,-1.0,0.0,1.0,-0.0,-1,0.0,1,-0.0,0.0,-0.0,-1.0,0.0,-1.0,0.0,1.0,-0.0,1.0,-0.0,-1.0,0.0,-1.0,0.0,1.0,-0.0,1.0,-0.0,-1,0.0,0,-0.0,1.0,-0.0,0,-0.0,-1.0,0.0,1,-0.0,-1,0.0,1.0,-0.0,1,-0.0,-1.0,0.0,0.0,-0.0,0.0,-0.0,-1.0,0.0,1.0,-0.0,1.0,-0.0,1.0,-0.0,1.0,-0.0,-1.0,0.0,1,-0.0,0,-0.0,1.0,-0.0,1.0,-0.0,1,-0.0,-1.0,0.0,1.0,-0.0,1,-0.0,1,-0.0,1.0,-0.0,0.0,-0.0,-1.0,0.0,1.0,-0.0
20170127,QCLH7,-1.0,-0.0120862774266,53130.0,energy,1485553609,1.0,-0.0,0.0,0.0,-0.0,1.0,-0.0,-1.0,0.0,-1.0,0.0,-1.0,0.0,1.0,-0.0,1.0,-0.0,1.0,-0.0,-1.0,0.0,1.0,-0.0,-1,0.0,-1,0.0,-1,0.0,0.0,-0.0,1.0,-0.0,-1.0,0.0,-1.0,0.0,-1.0,0.0,1.0,-0.0,0,-0.0,-1.0,0.0,1.0,-0.0,-1.0,0.0,0.0,-0.0,0.0,-0.0,1.0,-0.0,1.0,-0.0,-1.0,0.0,-1,0.0,-1,0.0,0.0,-0.0,-1.0,0.0,-1,0.0,1.0,-0.0,1,-0.0,1.0,-0.0,0.0,-0.0,-1.0,0.0,1.0,-0.0,1.0,-0.0,1.0,-0.0,-1.0,0.0,1.0,-0.0,-1.0,0.0,-1.0,0.0,1.0,-0.0,-1,0.0,-1,0.0,0.0,-0.0,1.0,-0.0,-1.0,0.0,1.0,-0.0,1.0,-0.0,1.0,-0.0,0.0,-0.0,-1.0,0.0,1.0,-0.0,1,-0.0,1,-0.0,-1.0,0.0,0,-0.0,1.0,-0.0,1,-0.0,-1,0.0,1.0,-0.0,1,-0.0,1.0,-0.0,0.0,-0.0,0.0,-0.0,1.0,-0.0,1.0,-0.0,-1.0,0.0,0.0,-0.0,-1.0,0.0,-1.0,0.0,-1,0.0,-1,0.0,0.0,-0.0,1.0,-0.0,-1,0.0,1.0,-0.0,-1.0,0.0,1,-0.0,1,-0.0,1.0,-0.0,-1.0,0.0,-1.0,0.0,-1.0,0.0
20170127,@EUH7,-1.0,-0.000326568696058,133925.0,currency,1485553609,1.0,-0.0,0.0,0.0,-0.0,1.0,-0.0,-1.0,0.0,-1.0,0.0,-1.0,0.0,0.0,-0.0,1.0,-0.0,-1.0,0.0,1.0,-0.0,-1.0,0.0,-1,0.0,-1,0.0,-1,0.0,-1.0,0.0,1.0,-0.0,1.0,-0.0,-1.0,0.0,-1.0,0.0,1.0,-0.0,0,-0.0,-1.0,0.0,-1.0,0.0,1.0,-0.0,0.0,-0.0,0.0,-0.0,-1.0,0.0,-1.0,0.0,1.0,-0.0,-1,0.0,-1,0.0,0.0,-0.0,-1.0,0.0,-1,0.0,1.0,-0.0,1,-0.0,-1.0,0.0,0.0,-0.0,1.0,-0.0,-1.0,0.0,1.0,-0.0,1.0,-0.0,-1.0,0.0,1.0,-0.0,-1.0,0.0,-1.0,0.0,1.0,-0.0,-1,0.0,1,-0.0,0.0,-0.0,-1.0,0.0,-1.0,0.0,1.0,-0.0,1.0,-0.0,-1.0,0.0,-1.0,0.0,1.0,-0.0,1.0,-0.0,-1,0.0,0,-0.0,1.0,-0.0,0,-0.0,-1.0,0.0,1,-0.0,-1,0.0,1.0,-0.0,1,-0.0,-1.0,0.0,0.0,-0.0,0.0,-0.0,-1.0,0.0,1.0,-0.0,1.0,-0.0,1.0,-0.0,1.0,-0.0,-1.0,0.0,1,-0.0,0,-0.0,1.0,-0.0,1.0,-0.0,1,-0.0,-1.0,0.0,1.0,-0.0,1,-0.0,1,-0.0,1.0,-0.0,0.0,-0.0,-1.0,0.0,1.0,-0.0
20170127,@EMDH7,-1.0,-0.00634100516674,169240.0,index,1485553609,1.0,-0.0,0.0,0.0,-0.0,1.0,-0.0,1.0,-0.0,1.0,-0.0,-1.0,0.0,1.0,-0.0,1.0,-0.0,1.0,-0.0,1.0,-0.0,-1.0,0.0,-1,0.0,-1,0.0,-1,0.0,0.0,-0.0,1.0,-0.0,1.0,-0.0,0.0,-0.0,-1.0,0.0,1.0,-0.0,0,-0.0,1.0,-0.0,-1.0,0.0,1.0,-0.0,0.0,-0.0,0.0,-0.0,-1.0,0.0,-1.0,0.0,1.0,-0.0,-1,0.0,-1,0.0,0.0,-0.0,-1.0,0.0,-1,0.0,1.0,-0.0,-1,0.0,-1.0,0.0,-1.0,0.0,-1.0,0.0,-1.0,0.0,-1.0,0.0,0.0,-0.0,-1.0,0.0,1.0,-0.0,-1.0,0.0,-1.0,0.0,1.0,-0.0,-1,0.0,-1,0.0,1.0,-0.0,1.0,-0.0,1.0,-0.0,1.0,-0.0,1.0,-0.0,-1.0,0.0,0.0,-0.0,1.0,-0.0,1.0,-0.0,1,-0.0,1,-0.0,1.0,-0.0,0,-0.0,-1.0,0.0,1,-0.0,-1,0.0,1.0,-0.0,1,-0.0,-1.0,0.0,0.0,-0.0,0.0,-0.0,1.0,-0.0,-1.0,0.0,1.0,-0.0,0.0,-0.0,1.0,-0.0,-1.0,0.0,-1,0.0,-1,0.0,0.0,-0.0,-1.0,0.0,1,-0.0,-1.0,0.0,1.0,-0.0,1,-0.0,1,-0.0,1.0,-0.0,-1.0,0.0,-1.0,0.0,-1.0,0.0
20170127,@ESH7,-1.0,-0.00228857890148,114437.5,index,1485553609,1.0,-261.899248038,261.899248038,0.0,-0.0,1.0,-261.899248038,1.0,-261.899248038,-1.0,261.899248038,-1.0,261.899248038,1.0,-261.899248038,1.0,-261.899248038,1.0,-261.899248038,1.0,-261.899248038,-1.0,261.899248038,-1,261.899248038,-1,261.899248038,-1,261.899248038,0.0,-0.0,1.0,-261.899248038,1.0,-261.899248038,-1.0,261.899248038,-1.0,261.899248038,1.0,-261.899248038,1,-114.428945074,1.0,-261.899248038,-1.0,261.899248038,1.0,-261.899248038,0.0,-0.0,0.0,-0.0,-1.0,261.899248038,-1.0,261.899248038,1.0,-261.899248038,-1,261.899248038,-1,261.899248038,0.0,-0.0,-1.0,261.899248038,-1,261.899248038,1.0,-261.899248038,1,-261.899248038,-1.0,261.899248038,0.0,-0.0,1.0,-261.899248038,-1.0,261.899248038,1.0,-261.899248038,1.0,-261.899248038,-1.0,261.899248038,1.0,-261.899248038,-1.0,261.899248038,-1.0,261.899248038,1.0,-261.899248038,-1,261.899248038,-1,261.899248038,0.0,-0.0,-1.0,261.899248038,-1.0,261.899248038,1.0,-261.899248038,1.0,-261.899248038,-1.0,261.899248038,0.0,-0.0,1.0,-261.899248038,1.0,-261.899248038,1,-261.899248038,1,-261.899248038,1.0,-261.899248038,0,-0.0,-1.0,261.899248038,1,-261.899248038,-1,261.899248038,1.0,-261.899248038,1,-261.899248038,-1.0,261.899248038,0.0,-0.0,0.0,-0.0,1.0,-261.899248038,-1.0,261.899248038,1.0,-261.899248038,0.0,-0.0,1.0,-261.899248038,-1.0,261.899248038,-1,261.899248038,-1,261.899248038,0.0,-0.0,-1.0,261.899248038,1,-261.899248038,-1.0,261.899248038,1.0,-261.899248038,1,-261.899248038,1,-261.899248038,1.0,-261.899248038,-1.0,261.899248038,-1.0,261.899248038,-1.0,261.899248038
20170127,@BPH7,-1.0,-0.00522979397781,78462.5,currency,1485553609,1.0,-0.0,0.0,-1.0,0.0,-1.0,0.0,-1.0,0.0,-1.0,0.0,-1.0,0.0,0.0,-0.0,1.0,-0.0,-1.0,0.0,1.0,-0.0,1.0,-0.0,0,-0.0,1,-0.0,-1,0.0,-1.0,0.0,1.0,-0.0,1.0,-0.0,-1.0,0.0,-1.0,0.0,1.0,-0.0,0,-0.0,-1.0,0.0,-1.0,0.0,1.0,-0.0,0.0,-0.0,0.0,-0.0,-1.0,0.0,-1.0,0.0,1.0,-0.0,-1,0.0,-1,0.0,1.0,-0.0,-1.0,0.0,-1,0.0,1.0,-0.0,1,-0.0,-1.0,0.0,0.0,-0.0,1.0,-0.0,-1.0,0.0,1.0,-0.0,1.0,-0.0,-1.0,0.0,1.0,-0.0,-1.0,0.0,-1.0,0.0,1.0,-0.0,-1,0.0,1,-0.0,0.0,-0.0,-1.0,0.0,-1.0,0.0,1.0,-0.0,1.0,-0.0,-1.0,0.0,-1.0,0.0,1.0,-0.0,1.0,-0.0,-1,0.0,0,-0.0,1.0,-0.0,0,-0.0,-1.0,0.0,1,-0.0,1,-0.0,1.0,-0.0,1,-0.0,-1.0,0.0,0.0,-0.0,0.0,-0.0,-1.0,0.0,1.0,-0.0,1.0,-0.0,1.0,-0.0,1.0,-0.0,-1.0,0.0,1,-0.0,0,-0.0,1.0,-0.0,1.0,-0.0,1,-0.0,-1.0,0.0,-1.0,0.0,0,-0.0,-1,0.0,1.0,-0.0,0.0,-0.0,-1.0,0.0,1.0,-0.0
20170127,@FVH7,1.0,0.000664231152441,117695.3125,rates,1485553609,1.0,0.0,0.0,1.0,0.0,1.0,0.0,-1.0,-0.0,1.0,0.0,1.0,0.0,-1.0,-0.0,-1.0,-0.0,-1.0,-0.0,-1.0,-0.0,-1.0,-0.0,0,0.0,-1,-0.0,1,0.0,0.0,0.0,-1.0,-0.0,-1.0,-0.0,1.0,0.0,1.0,0.0,-1.0,-0.0,0,0.0,-1.0,-0.0,1.0,0.0,1.0,0.0,1.0,0.0,-1.0,-0.0,1.0,0.0,-1.0,-0.0,-1.0,-0.0,-1,-0.0,0,0.0,-1.0,-0.0,1.0,0.0,-1,-0.0,-1.0,-0.0,-1,-0.0,1.0,0.0,0.0,0.0,-1.0,-0.0,1.0,0.0,-1.0,-0.0,-1.0,-0.0,0.0,0.0,-1.0,-0.0,-1.0,-0.0,1.0,0.0,1.0,0.0,-1,-0.0,1,0.0,0.0,0.0,1.0,0.0,1.0,0.0,0.0,0.0,1.0,0.0,1.0,0.0,0.0,0.0,-1.0,-0.0,-1.0,-0.0,-1,-0.0,-1,-0.0,1.0,0.0,0,0.0,1.0,0.0,1,0.0,-1,-0.0,1.0,0.0,0,0.0,-1.0,-0.0,-1.0,-0.0,1.0,0.0,-1.0,-0.0,1.0,0.0,-1.0,-0.0,0.0,0.0,-1.0,-0.0,1.0,0.0,1,0.0,1,0.0,0.0,0.0,1.0,0.0,-1,-0.0,1.0,0.0,1.0,0.0,0,0.0,1,0.0,-1.0,-0.0,1.0,0.0,1.0,0.0,1.0,0.0
20170127,QGCJ7,1.0,0.000754716981132,119340.0,metal,1485553609,1.0,0.0,0.0,1.0,0.0,1.0,0.0,1.0,0.0,1.0,0.0,-1.0,-0.0,-1.0,-0.0,-1.0,-0.0,-1.0,-0.0,-1.0,-0.0,-1.0,-0.0,0,0.0,1,0.0,1,0.0,0.0,0.0,1.0,0.0,1.0,0.0,1.0,0.0,1.0,0.0,1.0,0.0,0,0.0,1.0,0.0,-1.0,-0.0,1.0,0.0,1.0,0.0,-1.0,-0.0,1.0,0.0,-1.0,-0.0,-1.0,-0.0,1,0.0,0,0.0,-1.0,-0.0,-1.0,-0.0,-1,-0.0,-1.0,-0.0,-1,-0.0,-1.0,-0.0,0.0,0.0,1.0,0.0,-1.0,-0.0,-1.0,-0.0,-1.0,-0.0,0.0,0.0,-1.0,-0.0,1.0,0.0,-1.0,-0.0,1.0,0.0,-1,-0.0,1,0.0,0.0,0.0,-1.0,-0.0,1.0,0.0,0.0,0.0,-1.0,-0.0,-1.0,-0.0,0.0,0.0,1.0,0.0,-1.0,-0.0,-1,-0.0,-1,-0.0,1.0,0.0,0,0.0,1.0,0.0,-1,-0.0,-1,-0.0,1.0,0.0,0,0.0,-1.0,-0.0,-1.0,-0.0,1.0,0.0,-1.0,-0.0,-1.0,-0.0,1.0,0.0,0.0,0.0,-1.0,-0.0,1.0,0.0,1,0.0,1,0.0,0.0,0.0,-1.0,-0.0,1,0.0,1.0,0.0,1.0,0.0,0,0.0,-1,-0.0,1.0,0.0,1.0,0.0,1.0,0.0,1.0,0.0
20170127,QHGH7,1.0,0.00692106247662,67287.5,metal,1485553609,1.0,465.700991395,465.700991395,0.0,0.0,1.0,465.700991395,1.0,465.700991395,-1.0,-465.700991395,-1.0,-465.700991395,1.0,465.700991395,1.0,465.700991395,1.0,465.700991395,1.0,465.700991395,-1.0,-465.700991395,-1,-465.700991395,-1,-465.700991395,-1,-465.700991395,0.0,0.0,1.0,465.700991395,1.0,465.700991395,-1.0,-465.700991395,-1.0,-465.700991395,1.0,465.700991395,0,0.0,1.0,465.700991395,-1.0,-465.700991395,1.0,465.700991395,0.0,0.0,0.0,0.0,-1.0,-465.700991395,-1.0,-465.700991395,1.0,465.700991395,-1,-465.700991395,-1,-465.700991395,0.0,0.0,-1.0,-465.700991395,-1,-465.700991395,1.0,465.700991395,1,465.700991395,-1.0,-465.700991395,0.0,0.0,1.0,465.700991395,-1.0,-465.700991395,1.0,465.700991395,1.0,465.700991395,-1.0,-465.700991395,1.0,465.700991395,-1.0,-465.700991395,-1.0,-465.700991395,1.0,465.700991395,-1,-465.700991395,-1,-465.700991395,0.0,0.0,-1.0,-465.700991395,-1.0,-465.700991395,1.0,465.700991395,1.0,465.700991395,-1.0,-465.700991395,0.0,0.0,1.0,465.700991395,1.0,465.700991395,1,465.700991395,1,465.700991395,1.0,465.700991395,0,0.0,-1.0,-465.700991395,1,465.700991395,-1,-465.700991395,1.0,465.700991395,1,465.700991395,-1.0,-465.700991395,0.0,0.0,0.0,0.0,1.0,465.700991395,-1.0,-465.700991395,1.0,465.700991395,0.0,0.0,1.0,465.700991395,-1.0,-465.700991395,-1,-465.700991395,-1,-465.700991395,0.0,0.0,-1.0,-465.700991395,1,465.700991395,-1.0,-465.700991395,1.0,465.700991395,1,465.700991395,1,465.700991395,1.0,465.700991395,-1.0,-465.700991395,-1.0,-465.700991395,-1.0,-465.700991395
20170127,QHOH7,-1.0,-0.0164686010738,68476.8,energy,1485553609,1.0,-0.0,0.0,0.0,-0.0,1.0,-0.0,-1.0,0.0,-1.0,0.0,-1.0,0.0,1.0,-0.0,1.0,-0.0,1.0,-0.0,-1.0,0.0,1.0,-0.0,-1,0.0,-1,0.0,-1,0.0,0.0,-0.0,1.0,-0.0,-1.0,0.0,-1.0,0.0,-1.0,0.0,1.0,-0.0,0,-0.0,-1.0,0.0,1.0,-0.0,-1.0,0.0,0.0,-0.0,0.0,-0.0,1.0,-0.0,1.0,-0.0,-1.0,0.0,-1,0.0,-1,0.0,0.0,-0.0,-1.0,0.0,-1,0.0,1.0,-0.0,1,-0.0,1.0,-0.0,0.0,-0.0,-1.0,0.0,1.0,-0.0,1.0,-0.0,1.0,-0.0,-1.0,0.0,1.0,-0.0,-1.0,0.0,-1.0,0.0,1.0,-0.0,-1,0.0,-1,0.0,0.0,-0.0,1.0,-0.0,-1.0,0.0,1.0,-0.0,1.0,-0.0,1.0,-0.0,0.0,-0.0,-1.0,0.0,1.0,-0.0,1,-0.0,1,-0.0,-1.0,0.0,0,-0.0,1.0,-0.0,1,-0.0,-1,0.0,1.0,-0.0,1,-0.0,1.0,-0.0,0.0,-0.0,0.0,-0.0,1.0,-0.0,1.0,-0.0,-1.0,0.0,0.0,-0.0,-1.0,0.0,-1.0,0.0,-1,0.0,-1,0.0,0.0,-0.0,1.0,-0.0,-1,0.0,1.0,-0.0,-1.0,0.0,1,-0.0,1,-0.0,1.0,-0.0,-1.0,0.0,-1.0,0.0,-1.0,0.0
20170127,@JYH7,-1.0,-0.00656505109322,108762.5,currency,1485553609,1.0,-0.0,0.0,0.0,-0.0,-1.0,0.0,1.0,-0.0,1.0,-0.0,1.0,-0.0,-1.0,0.0,-1.0,0.0,-1.0,0.0,1.0,-0.0,-1.0,0.0,1,-0.0,1,-0.0,1,-0.0,0.0,-0.0,-1.0,0.0,1.0,-0.0,1.0,-0.0,1.0,-0.0,-1.0,0.0,0,-0.0,1.0,-0.0,-1.0,0.0,1.0,-0.0,0.0,-0.0,0.0,-0.0,-1.0,0.0,-1.0,0.0,1.0,-0.0,1,-0.0,1,-0.0,0.0,-0.0,1.0,-0.0,-1,0.0,-1.0,0.0,-1,0.0,-1.0,0.0,0.0,-0.0,1.0,-0.0,-1.0,0.0,-1.0,0.0,-1.0,0.0,1.0,-0.0,-1.0,0.0,1.0,-0.0,1.0,-0.0,1.0,-0.0,1,-0.0,1,-0.0,0.0,-0.0,-1.0,0.0,1.0,-0.0,-1.0,0.0,-1.0,0.0,-1.0,0.0,0.0,-0.0,1.0,-0.0,-1.0,0.0,-1,0.0,-1,0.0,1.0,-0.0,0,-0.0,-1.0,0.0,-1,0.0,1,-0.0,-1.0,0.0,-1,0.0,-1.0,0.0,0.0,-0.0,0.0,-0.0,-1.0,0.0,-1.0,0.0,1.0,-0.0,0.0,-0.0,1.0,-0.0,1.0,-0.0,1,-0.0,1,-0.0,0.0,-0.0,-1.0,0.0,1,-0.0,-1.0,0.0,1.0,-0.0,-1,0.0,-1,0.0,-1.0,0.0,1.0,-0.0,1.0,-0.0,1.0,-0.0
20170127,@LEJ7,-1.0,-0.00170104188816,46950.0,meat,1485543673,1.0,-0.0,0.0,-1.0,0.0,-1.0,0.0,1.0,-0.0,-1.0,0.0,-1.0,0.0,1.0,-0.0,1.0,-0.0,1.0,-0.0,1.0,-0.0,1.0,-0.0,0,-0.0,1,-0.0,-1,0.0,0.0,-0.0,1.0,-0.0,1.0,-0.0,-1.0,0.0,-1.0,0.0,1.0,-0.0,0,-0.0,1.0,-0.0,-1.0,0.0,1.0,-0.0,0.0,-0.0,0.0,-0.0,-1.0,0.0,-1.0,0.0,1.0,-0.0,-1,0.0,-1,0.0,1.0,-0.0,-1.0,0.0,1,-0.0,1.0,-0.0,1,-0.0,-1.0,0.0,0.0,-0.0,1.0,-0.0,-1.0,0.0,1.0,-0.0,1.0,-0.0,-1.0,0.0,1.0,-0.0,-1.0,0.0,-1.0,0.0,-1.0,0.0,-1,0.0,-1,0.0,0.0,-0.0,-1.0,0.0,-1.0,0.0,1.0,-0.0,1.0,-0.0,-1.0,0.0,0.0,-0.0,1.0,-0.0,1.0,-0.0,1,-0.0,1,-0.0,1.0,-0.0,0,-0.0,-1.0,0.0,1,-0.0,1,-0.0,1.0,-0.0,1,-0.0,-1.0,0.0,0.0,-0.0,0.0,-0.0,1.0,-0.0,-1.0,0.0,1.0,-0.0,0.0,-0.0,1.0,-0.0,-1.0,0.0,-1,0.0,-1,0.0,0.0,-0.0,-1.0,0.0,1,-0.0,-1.0,0.0,-1.0,0.0,0,-0.0,-1,0.0,1.0,-0.0,-1.0,0.0,-1.0,0.0,-1.0,0.0
20170127,@GFH7,-1.0,-0.000196695515342,63537.5,meat,1485543673,1.0,-0.0,0.0,0.0,-0.0,1.0,-0.0,-1.0,0.0,1.0,-0.0,-1.0,0.0,0.0,-0.0,1.0,-0.0,-1.0,0.0,1.0,-0.0,-1.0,0.0,-1,0.0,-1,0.0,-1,0.0,-1.0,0.0,1.0,-0.0,1.0,-0.0,0.0,-0.0,-1.0,0.0,1.0,-0.0,0,-0.0,-1.0,0.0,-1.0,0.0,1.0,-0.0,0.0,-0.0,0.0,-0.0,-1.0,0.0,-1.0,0.0,1.0,-0.0,-1,0.0,-1,0.0,0.0,-0.0,-1.0,0.0,1,-0.0,1.0,-0.0,-1,0.0,-1.0,0.0,-1.0,0.0,-1.0,0.0,-1.0,0.0,-1.0,0.0,0.0,-0.0,-1.0,0.0,1.0,-0.0,-1.0,0.0,-1.0,0.0,-1.0,0.0,-1,0.0,1,-0.0,1.0,-0.0,1.0,-0.0,1.0,-0.0,1.0,-0.0,1.0,-0.0,-1.0,0.0,-1.0,0.0,1.0,-0.0,1.0,-0.0,-1,0.0,0,-0.0,1.0,-0.0,0,-0.0,-1.0,0.0,1,-0.0,-1,0.0,1.0,-0.0,1,-0.0,-1.0,0.0,0.0,-0.0,0.0,-0.0,-1.0,0.0,1.0,-0.0,1.0,-0.0,1.0,-0.0,1.0,-0.0,-1.0,0.0,1,-0.0,0,-0.0,1.0,-0.0,1.0,-0.0,1,-0.0,-1.0,0.0,1.0,-0.0,1,-0.0,1,-0.0,1.0,-0.0,0.0,-0.0,-1.0,0.0,1.0,-0.0
20170130,@YMH7,-1.0,-0.00619628223066,99440.0,index,1485812781,1.0,-0.0,0.0,-1.0,0.0,-1.0,0.0,1.0,-0.0,1.0,-0.0,-1.0,0.0,1.0,-0.0,1.0,-0.0,1.0,-0.0,1.0,-0.0,1.0,-0.0,0,-0.0,1,-0.0,-1,0.0,0.0,-0.0,1.0,-0.0,1.0,-0.0,0.0,-0.0,-1.0,0.0,1.0,-0.0,0,-0.0,1.0,-0.0,-1.0,0.0,-1.0,0.0,-1.0,0.0,1.0,-0.0,-1.0,0.0,1.0,-0.0,1.0,-0.0,1,-0.0,0,-0.0,1.0,-0.0,-1.0,0.0,-1,0.0,1.0,-0.0,-1,0.0,-1.0,0.0,-1.0,0.0,-1.0,0.0,-1.0,0.0,-1.0,0.0,0.0,-0.0,0.0,-0.0,1.0,-0.0,1.0,-0.0,-1.0,0.0,1.0,-0.0,1,-0.0,-1,0.0,1.0,-0.0,1.0,-0.0,1.0,-0.0,0.0,-0.0,-1.0,0.0,-1.0,0.0,0.0,-0.0,1.0,-0.0,1.0,-0.0,1,-0.0,1,-0.0,-1.0,0.0,0,-0.0,-1.0,0.0,-1,0.0,1,-0.0,-1.0,0.0,0,-0.0,1.0,-0.0,1.0,-0.0,-1.0,0.0,1.0,-0.0,-1.0,0.0,1.0,-0.0,0.0,-0.0,1.0,-0.0,-1.0,0.0,-1,0.0,-1,0.0,0.0,-0.0,-1.0,0.0,1,-0.0,-1.0,0.0,-1.0,0.0,0,-0.0,-1,0.0,1.0,-0.0,-1.0,0.0,-1.0,0.0,-1.0,0.0
20170130,@LEJ7,-1.0,-0.019603665033,46010.0,meat,1485802845,1.0,-0.0,0.0,0.0,-0.0,1.0,-0.0,1.0,-0.0,1.0,-0.0,-1.0,0.0,1.0,-0.0,1.0,-0.0,1.0,-0.0,1.0,-0.0,-1.0,0.0,-1,0.0,-1,0.0,-1,0.0,0.0,-0.0,1.0,-0.0,1.0,-0.0,0.0,-0.0,-1.0,0.0,1.0,-0.0,0,-0.0,1.0,-0.0,-1.0,0.0,1.0,-0.0,0.0,-0.0,0.0,-0.0,-1.0,0.0,-1.0,0.0,1.0,-0.0,-1,0.0,-1,0.0,0.0,-0.0,-1.0,0.0,1,-0.0,1.0,-0.0,-1,0.0,-1.0,0.0,-1.0,0.0,-1.0,0.0,-1.0,0.0,-1.0,0.0,0.0,-0.0,-1.0,0.0,1.0,-0.0,-1.0,0.0,-1.0,0.0,-1.0,0.0,-1,0.0,-1,0.0,1.0,-0.0,1.0,-0.0,1.0,-0.0,1.0,-0.0,1.0,-0.0,-1.0,0.0,0.0,-0.0,1.0,-0.0,1.0,-0.0,1,-0.0,1,-0.0,1.0,-0.0,0,-0.0,-1.0,0.0,1,-0.0,-1,0.0,1.0,-0.0,1,-0.0,-1.0,0.0,0.0,-0.0,0.0,-0.0,1.0,-0.0,-1.0,0.0,1.0,-0.0,0.0,-0.0,1.0,-0.0,-1.0,0.0,-1,0.0,-1,0.0,0.0,-0.0,-1.0,0.0,1,-0.0,-1.0,0.0,1.0,-0.0,1,-0.0,1,-0.0,1.0,-0.0,-1.0,0.0,-1.0,0.0,-1.0,0.0
20170130,@JYH7,1.0,0.0109145220588,109987.5,currency,1485812781,1.0,0.0,0.0,1.0,0.0,1.0,0.0,1.0,0.0,-1.0,-0.0,-1.0,-0.0,-1.0,-0.0,-1.0,-0.0,-1.0,-0.0,-1.0,-0.0,-1.0,-0.0,0,0.0,1,0.0,1,0.0,0.0,0.0,1.0,0.0,-1.0,-0.0,0.0,0.0,-1.0,-0.0,1.0,0.0,0,0.0,1.0,0.0,-1.0,-0.0,1.0,0.0,1.0,0.0,-1.0,-0.0,1.0,0.0,-1.0,-0.0,-1.0,-0.0,1,0.0,0,0.0,-1.0,-0.0,-1.0,-0.0,-1,-0.0,-1.0,-0.0,1,0.0,-1.0,-0.0,1.0,0.0,1.0,0.0,1.0,0.0,-1.0,-0.0,0.0,0.0,0.0,0.0,1.0,0.0,1.0,0.0,-1.0,-0.0,1.0,0.0,-1,-0.0,1,0.0,-1.0,-0.0,-1.0,-0.0,1.0,0.0,0.0,0.0,-1.0,-0.0,-1.0,-0.0,0.0,0.0,1.0,0.0,-1.0,-0.0,-1,-0.0,-1,-0.0,1.0,0.0,0,0.0,1.0,0.0,-1,-0.0,-1,-0.0,1.0,0.0,0,0.0,-1.0,-0.0,-1.0,-0.0,1.0,0.0,-1.0,-0.0,-1.0,-0.0,1.0,0.0,0.0,0.0,-1.0,-0.0,1.0,0.0,1,0.0,1,0.0,0.0,0.0,-1.0,-0.0,1,0.0,1.0,0.0,1.0,0.0,0,0.0,-1,-0.0,1.0,0.0,1.0,0.0,1.0,0.0,1.0,0.0
20170130,QHOH7,-1.0,-0.00569050969834,68250.0,energy,1485812781,1.0,-0.0,0.0,0.0,-0.0,1.0,-0.0,1.0,-0.0,1.0,-0.0,-1.0,0.0,1.0,-0.0,1.0,-0.0,1.0,-0.0,1.0,-0.0,-1.0,0.0,-1,0.0,-1,0.0,-1,0.0,0.0,-0.0,1.0,-0.0,1.0,-0.0,0.0,-0.0,-1.0,0.0,1.0,-0.0,0,-0.0,1.0,-0.0,-1.0,0.0,1.0,-0.0,0.0,-0.0,0.0,-0.0,-1.0,0.0,-1.0,0.0,1.0,-0.0,-1,0.0,-1,0.0,0.0,-0.0,-1.0,0.0,-1,0.0,1.0,-0.0,-1,0.0,-1.0,0.0,-1.0,0.0,-1.0,0.0,-1.0,0.0,-1.0,0.0,0.0,-0.0,-1.0,0.0,1.0,-0.0,-1.0,0.0,-1.0,0.0,1.0,-0.0,-1,0.0,-1,0.0,1.0,-0.0,1.0,-0.0,1.0,-0.0,1.0,-0.0,1.0,-0.0,-1.0,0.0,0.0,-0.0,1.0,-0.0,1.0,-0.0,1,-0.0,1,-0.0,1.0,-0.0,0,-0.0,-1.0,0.0,1,-0.0,-1,0.0,1.0,-0.0,1,-0.0,-1.0,0.0,0.0,-0.0,0.0,-0.0,1.0,-0.0,-1.0,0.0,1.0,-0.0,0.0,-0.0,1.0,-0.0,-1.0,0.0,-1,0.0,-1,0.0,0.0,-0.0,-1.0,0.0,1,-0.0,-1.0,0.0,1.0,-0.0,1,-0.0,1,-0.0,1.0,-0.0,-1.0,0.0,-1.0,0.0,-1.0,0.0
20170130,QHGH7,-1.0,-0.00780814277747,66712.5,metal,1485812781,1.0,-520.900725042,520.900725042,0.0,-0.0,1.0,-520.900725042,-1.0,520.900725042,-1.0,520.900725042,-1.0,520.900725042,1.0,-520.900725042,1.0,-520.900725042,1.0,-520.900725042,-1.0,520.900725042,1.0,-520.900725042,-1,520.900725042,-1,520.900725042,-1,520.900725042,0.0,-0.0,1.0,-520.900725042,-1.0,520.900725042,-1.0,520.900725042,-1.0,520.900725042,1.0,-520.900725042,0,-0.0,-1.0,520.900725042,1.0,-520.900725042,-1.0,520.900725042,0.0,-0.0,0.0,-0.0,1.0,-520.900725042,1.0,-520.900725042,-1.0,520.900725042,-1,520.900725042,-1,520.900725042,0.0,-0.0,-1.0,520.900725042,-1,520.900725042,1.0,-520.900725042,1,-520.900725042,1.0,-520.900725042,0.0,-0.0,-1.0,520.900725042,1.0,-520.900725042,1.0,-520.900725042,1.0,-520.900725042,-1.0,520.900725042,1.0,-520.900725042,-1.0,520.900725042,-1.0,520.900725042,1.0,-520.900725042,-1,520.900725042,-1,520.900725042,0.0,-0.0,1.0,-520.900725042,-1.0,520.900725042,1.0,-520.900725042,1.0,-520.900725042,1.0,-520.900725042,0.0,-0.0,-1.0,520.900725042,1.0,-520.900725042,1,-520.900725042,1,-520.900725042,-1.0,520.900725042,0,-0.0,1.0,-520.900725042,1,-520.900725042,-1,520.900725042,1.0,-520.900725042,1,-520.900725042,1.0,-520.900725042,0.0,-0.0,0.0,-0.0,1.0,-520.900725042,1.0,-520.900725042,-1.0,520.900725042,0.0,-0.0,-1.0,520.900725042,-1.0,520.900725042,-1,520.900725042,-1,520.900725042,0.0,-0.0,1.0,-520.900725042,-1,520.900725042,1.0,-520.900725042,-1.0,520.900725042,1,-520.900725042,1,-520.900725042,1.0,-520.900725042,-1.0,520.900725042,-1.0,520.900725042,-1.0,520.900725042
20170130,QGCJ7,1.0,0.00520527243724,119730.0,metal,1485812781,1.0,0.0,0.0,1.0,0.0,1.0,0.0,-1.0,-0.0,1.0,0.0,1.0,0.0,-1.0,-0.0,-1.0,-0.0,-1.0,-0.0,-1.0,-0.0,-1.0,-0.0,0,0.0,-1,-0.0,1,0.0,0.0,0.0,-1.0,-0.0,-1.0,-0.0,1.0,0.0,1.0,0.0,-1.0,-0.0,0,0.0,-1.0,-0.0,1.0,0.0,1.0,0.0,1.0,0.0,-1.0,-0.0,1.0,0.0,-1.0,-0.0,-1.0,-0.0,-1,-0.0,0,0.0,-1.0,-0.0,1.0,0.0,-1,-0.0,-1.0,-0.0,-1,-0.0,1.0,0.0,0.0,0.0,-1.0,-0.0,1.0,0.0,-1.0,-0.0,-1.0,-0.0,0.0,0.0,-1.0,-0.0,-1.0,-0.0,1.0,0.0,1.0,0.0,-1,-0.0,1,0.0,0.0,0.0,1.0,0.0,1.0,0.0,0.0,0.0,1.0,0.0,1.0,0.0,0.0,0.0,-1.0,-0.0,-1.0,-0.0,-1,-0.0,-1,-0.0,1.0,0.0,0,0.0,1.0,0.0,1,0.0,-1,-0.0,1.0,0.0,0,0.0,-1.0,-0.0,-1.0,-0.0,1.0,0.0,-1.0,-0.0,1.0,0.0,-1.0,-0.0,0.0,0.0,-1.0,-0.0,1.0,0.0,1,0.0,1,0.0,0.0,0.0,1.0,0.0,-1,-0.0,1.0,0.0,1.0,0.0,0,0.0,1,0.0,-1.0,-0.0,1.0,0.0,1.0,0.0,1.0,0.0
20170130,@FVH7,-1.0,-0.000265445616829,117695.3125,rates,1485812781,1.0,-0.0,0.0,1.0,-0.0,1.0,-0.0,-1.0,0.0,1.0,-0.0,1.0,-0.0,-1.0,0.0,-1.0,0.0,-1.0,0.0,-1.0,0.0,-1.0,0.0,0,-0.0,-1,0.0,1,-0.0,0.0,-0.0,-1.0,0.0,-1.0,0.0,1.0,-0.0,1.0,-0.0,-1.0,0.0,0,-0.0,-1.0,0.0,1.0,-0.0,1.0,-0.0,1.0,-0.0,-1.0,0.0,1.0,-0.0,-1.0,0.0,-1.0,0.0,-1,0.0,0,-0.0,-1.0,0.0,1.0,-0.0,-1,0.0,-1.0,0.0,-1,0.0,1.0,-0.0,0.0,-0.0,-1.0,0.0,1.0,-0.0,-1.0,0.0,-1.0,0.0,0.0,-0.0,-1.0,0.0,-1.0,0.0,1.0,-0.0,1.0,-0.0,-1,0.0,1,-0.0,0.0,-0.0,1.0,-0.0,1.0,-0.0,0.0,-0.0,1.0,-0.0,1.0,-0.0,0.0,-0.0,-1.0,0.0,-1.0,0.0,-1,0.0,-1,0.0,1.0,-0.0,0,-0.0,1.0,-0.0,1,-0.0,-1,0.0,1.0,-0.0,0,-0.0,-1.0,0.0,-1.0,0.0,1.0,-0.0,-1.0,0.0,1.0,-0.0,-1.0,0.0,0.0,-0.0,-1.0,0.0,1.0,-0.0,1,-0.0,1,-0.0,0.0,-0.0,1.0,-0.0,-1,0.0,1.0,-0.0,1.0,-0.0,0,-0.0,1,-0.0,-1.0,0.0,1.0,-0.0,1.0,-0.0,1.0,-0.0
20170130,@EUH7,-1.0,-0.000186610683462,133943.75,currency,1485812781,1.0,-0.0,0.0,0.0,-0.0,1.0,-0.0,-1.0,0.0,-1.0,0.0,-1.0,0.0,0.0,-0.0,1.0,-0.0,-1.0,0.0,1.0,-0.0,-1.0,0.0,-1,0.0,-1,0.0,-1,0.0,-1.0,0.0,1.0,-0.0,1.0,-0.0,-1.0,0.0,-1.0,0.0,1.0,-0.0,0,-0.0,-1.0,0.0,-1.0,0.0,1.0,-0.0,0.0,-0.0,0.0,-0.0,-1.0,0.0,-1.0,0.0,1.0,-0.0,-1,0.0,-1,0.0,0.0,-0.0,-1.0,0.0,-1,0.0,1.0,-0.0,1,-0.0,-1.0,0.0,0.0,-0.0,1.0,-0.0,-1.0,0.0,1.0,-0.0,1.0,-0.0,-1.0,0.0,1.0,-0.0,-1.0,0.0,-1.0,0.0,1.0,-0.0,-1,0.0,1,-0.0,0.0,-0.0,-1.0,0.0,-1.0,0.0,1.0,-0.0,1.0,-0.0,-1.0,0.0,-1.0,0.0,1.0,-0.0,1.0,-0.0,-1,0.0,0,-0.0,1.0,-0.0,0,-0.0,-1.0,0.0,1,-0.0,-1,0.0,1.0,-0.0,1,-0.0,-1.0,0.0,0.0,-0.0,0.0,-0.0,-1.0,0.0,1.0,-0.0,1.0,-0.0,1.0,-0.0,1.0,-0.0,-1.0,0.0,1,-0.0,0,-0.0,1.0,-0.0,1.0,-0.0,1,-0.0,-1.0,0.0,1.0,-0.0,1,-0.0,1,-0.0,1.0,-0.0,0.0,-0.0,-1.0,0.0,1.0,-0.0
20170130,@ESH7,-1.0,-0.00567933595457,113800.0,index,1485812781,1.0,-646.30843163,646.30843163,0.0,-0.0,1.0,-646.30843163,1.0,-646.30843163,-1.0,646.30843163,-1.0,646.30843163,1.0,-646.30843163,1.0,-646.30843163,1.0,-646.30843163,1.0,-646.30843163,-1.0,646.30843163,-1,646.30843163,-1,646.30843163,-1,646.30843163,0.0,-0.0,1.0,-646.30843163,1.0,-646.30843163,-1.0,646.30843163,-1.0,646.30843163,1.0,-646.30843163,1,-283.966797728,1.0,-646.30843163,-1.0,646.30843163,1.0,-646.30843163,0.0,-0.0,0.0,-0.0,-1.0,646.30843163,-1.0,646.30843163,1.0,-646.30843163,-1,646.30843163,-1,646.30843163,0.0,-0.0,-1.0,646.30843163,-1,646.30843163,1.0,-646.30843163,1,-646.30843163,-1.0,646.30843163,0.0,-0.0,1.0,-646.30843163,-1.0,646.30843163,1.0,-646.30843163,1.0,-646.30843163,-1.0,646.30843163,1.0,-646.30843163,-1.0,646.30843163,-1.0,646.30843163,1.0,-646.30843163,-1,646.30843163,-1,646.30843163,0.0,-0.0,-1.0,646.30843163,-1.0,646.30843163,1.0,-646.30843163,1.0,-646.30843163,-1.0,646.30843163,0.0,-0.0,1.0,-646.30843163,1.0,-646.30843163,1,-646.30843163,1,-646.30843163,1.0,-646.30843163,0,-0.0,-1.0,646.30843163,1,-646.30843163,-1,646.30843163,1.0,-646.30843163,1,-646.30843163,-1.0,646.30843163,0.0,-0.0,0.0,-0.0,1.0,-646.30843163,-1.0,646.30843163,1.0,-646.30843163,0.0,-0.0,1.0,-646.30843163,-1.0,646.30843163,-1,646.30843163,-1,646.30843163,0.0,-0.0,-1.0,646.30843163,1,-646.30843163,-1.0,646.30843163,1.0,-646.30843163,1,-646.30843163,1,-646.30843163,1.0,-646.30843163,-1.0,646.30843163,-1.0,646.30843163,-1.0,646.30843163
20170130,@EMDH7,-1.0,-0.00820204165929,168080.0,index,1485812781,1.0,-0.0,0.0,0.0,-0.0,1.0,-0.0,1.0,-0.0,1.0,-0.0,-1.0,0.0,1.0,-0.0,1.0,-0.0,1.0,-0.0,1.0,-0.0,-1.0,0.0,-1,0.0,-1,0.0,-1,0.0,0.0,-0.0,1.0,-0.0,1.0,-0.0,0.0,-0.0,-1.0,0.0,1.0,-0.0,0,-0.0,1.0,-0.0,-1.0,0.0,1.0,-0.0,0.0,-0.0,0.0,-0.0,-1.0,0.0,-1.0,0.0,1.0,-0.0,-1,0.0,-1,0.0,0.0,-0.0,-1.0,0.0,-1,0.0,1.0,-0.0,-1,0.0,-1.0,0.0,-1.0,0.0,-1.0,0.0,-1.0,0.0,-1.0,0.0,0.0,-0.0,-1.0,0.0,1.0,-0.0,-1.0,0.0,-1.0,0.0,1.0,-0.0,-1,0.0,-1,0.0,1.0,-0.0,1.0,-0.0,1.0,-0.0,1.0,-0.0,1.0,-0.0,-1.0,0.0,0.0,-0.0,1.0,-0.0,1.0,-0.0,1,-0.0,1,-0.0,1.0,-0.0,0,-0.0,-1.0,0.0,1,-0.0,-1,0.0,1.0,-0.0,1,-0.0,-1.0,0.0,0.0,-0.0,0.0,-0.0,1.0,-0.0,-1.0,0.0,1.0,-0.0,0.0,-0.0,1.0,-0.0,-1.0,0.0,-1,0.0,-1,0.0,0.0,-0.0,-1.0,0.0,1,-0.0,-1.0,0.0,1.0,-0.0,1,-0.0,1,-0.0,1.0,-0.0,-1.0,0.0,-1.0,0.0,-1.0,0.0
20170130,QCLH7,-1.0,-0.00959187511755,52660.0,energy,1485812781,1.0,-0.0,0.0,0.0,-0.0,1.0,-0.0,1.0,-0.0,1.0,-0.0,-1.0,0.0,1.0,-0.0,1.0,-0.0,1.0,-0.0,1.0,-0.0,-1.0,0.0,-1,0.0,-1,0.0,-1,0.0,0.0,-0.0,1.0,-0.0,1.0,-0.0,0.0,-0.0,-1.0,0.0,1.0,-0.0,0,-0.0,1.0,-0.0,-1.0,0.0,1.0,-0.0,0.0,-0.0,0.0,-0.0,-1.0,0.0,-1.0,0.0,1.0,-0.0,-1,0.0,-1,0.0,0.0,-0.0,-1.0,0.0,-1,0.0,1.0,-0.0,-1,0.0,-1.0,0.0,-1.0,0.0,-1.0,0.0,-1.0,0.0,-1.0,0.0,0.0,-0.0,-1.0,0.0,1.0,-0.0,-1.0,0.0,-1.0,0.0,1.0,-0.0,-1,0.0,-1,0.0,1.0,-0.0,1.0,-0.0,1.0,-0.0,1.0,-0.0,1.0,-0.0,-1.0,0.0,0.0,-0.0,1.0,-0.0,1.0,-0.0,1,-0.0,1,-0.0,1.0,-0.0,0,-0.0,-1.0,0.0,1,-0.0,-1,0.0,1.0,-0.0,1,-0.0,-1.0,0.0,0.0,-0.0,0.0,-0.0,1.0,-0.0,-1.0,0.0,1.0,-0.0,0.0,-0.0,1.0,-0.0,-1.0,0.0,-1,0.0,-1,0.0,0.0,-0.0,-1.0,0.0,1,-0.0,-1.0,0.0,1.0,-0.0,1,-0.0,1,-0.0,1.0,-0.0,-1.0,0.0,-1.0,0.0,-1.0,0.0
20170130,@CDH7,1.0,0.00170637264553,76315.0,currency,1485812781,1.0,0.0,0.0,-1.0,-0.0,-1.0,-0.0,1.0,0.0,-1.0,-0.0,-1.0,-0.0,1.0,0.0,1.0,0.0,1.0,0.0,1.0,0.0,1.0,0.0,0,0.0,1,0.0,-1,-0.0,0.0,0.0,1.0,0.0,1.0,0.0,-1.0,-0.0,-1.0,-0.0,1.0,0.0,0,0.0,1.0,0.0,-1.0,-0.0,-1.0,-0.0,-1.0,-0.0,1.0,0.0,-1.0,-0.0,1.0,0.0,1.0,0.0,1,0.0,0,0.0,1.0,0.0,-1.0,-0.0,-1,-0.0,1.0,0.0,1,0.0,-1.0,-0.0,0.0,0.0,1.0,0.0,-1.0,-0.0,1.0,0.0,1.0,0.0,0.0,0.0,1.0,0.0,1.0,0.0,-1.0,-0.0,1.0,0.0,1,0.0,-1,-0.0,0.0,0.0,-1.0,-0.0,-1.0,-0.0,0.0,0.0,-1.0,-0.0,-1.0,-0.0,0.0,0.0,1.0,0.0,1.0,0.0,1,0.0,1,0.0,-1.0,-0.0,0,0.0,-1.0,-0.0,-1,-0.0,1,0.0,-1.0,-0.0,0,0.0,1.0,0.0,1.0,0.0,-1.0,-0.0,1.0,0.0,-1.0,-0.0,1.0,0.0,0.0,0.0,1.0,0.0,-1.0,-0.0,-1,-0.0,-1,-0.0,0.0,0.0,-1.0,-0.0,1,0.0,-1.0,-0.0,-1.0,-0.0,0,0.0,-1,-0.0,1.0,0.0,-1.0,-0.0,-1.0,-0.0,-1.0,-0.0
20170130,@CH7,-1.0,-0.0110344827586,17925.0,grain,1485803608,1.0,-0.0,0.0,0.0,-0.0,1.0,-0.0,1.0,-0.0,-1.0,0.0,-1.0,0.0,1.0,-0.0,1.0,-0.0,1.0,-0.0,1.0,-0.0,-1.0,0.0,-1,0.0,-1,0.0,-1,0.0,0.0,-0.0,1.0,-0.0,1.0,-0.0,-1.0,0.0,-1.0,0.0,1.0,-0.0,0,-0.0,1.0,-0.0,-1.0,0.0,1.0,-0.0,0.0,-0.0,0.0,-0.0,-1.0,0.0,-1.0,0.0,1.0,-0.0,-1,0.0,-1,0.0,0.0,-0.0,-1.0,0.0,-1,0.0,1.0,-0.0,1,-0.0,-1.0,0.0,0.0,-0.0,1.0,-0.0,-1.0,0.0,1.0,-0.0,1.0,-0.0,-1.0,0.0,1.0,-0.0,-1.0,0.0,-1.0,0.0,1.0,-0.0,-1,0.0,-1,0.0,0.0,-0.0,-1.0,0.0,-1.0,0.0,1.0,-0.0,1.0,-0.0,-1.0,0.0,0.0,-0.0,1.0,-0.0,1.0,-0.0,1,-0.0,1,-0.0,1.0,-0.0,0,-0.0,-1.0,0.0,1,-0.0,-1,0.0,1.0,-0.0,1,-0.0,-1.0,0.0,0.0,-0.0,0.0,-0.0,1.0,-0.0,-1.0,0.0,1.0,-0.0,0.0,-0.0,1.0,-0.0,-1.0,0.0,-1,0.0,-1,0.0,0.0,-0.0,-1.0,0.0,1,-0.0,-1.0,0.0,1.0,-0.0,1,-0.0,1,-0.0,1.0,-0.0,-1.0,0.0,-1.0,0.0,-1.0,0.0
20170130,@BPH7,-1.0,-0.00580794017026,78100.0,currency,1485812781,1.0,-0.0,0.0,0.0,-0.0,1.0,-0.0,-1.0,0.0,-1.0,0.0,-1.0,0.0,0.0,-0.0,1.0,-0.0,-1.0,0.0,1.0,-0.0,-1.0,0.0,-1,0.0,-1,0.0,-1,0.0,-1.0,0.0,1.0,-0.0,1.0,-0.0,-1.0,0.0,-1.0,0.0,1.0,-0.0,0,-0.0,-1.0,0.0,-1.0,0.0,1.0,-0.0,0.0,-0.0,0.0,-0.0,-1.0,0.0,-1.0,0.0,1.0,-0.0,-1,0.0,-1,0.0,0.0,-0.0,-1.0,0.0,-1,0.0,1.0,-0.0,1,-0.0,-1.0,0.0,0.0,-0.0,1.0,-0.0,-1.0,0.0,1.0,-0.0,1.0,-0.0,-1.0,0.0,1.0,-0.0,-1.0,0.0,-1.0,0.0,1.0,-0.0,-1,0.0,1,-0.0,0.0,-0.0,-1.0,0.0,-1.0,0.0,1.0,-0.0,1.0,-0.0,-1.0,0.0,-1.0,0.0,1.0,-0.0,1.0,-0.0,-1,0.0,0,-0.0,1.0,-0.0,0,-0.0,-1.0,0.0,1,-0.0,-1,0.0,1.0,-0.0,1,-0.0,-1.0,0.0,0.0,-0.0,0.0,-0.0,-1.0,0.0,1.0,-0.0,1.0,-0.0,1.0,-0.0,1.0,-0.0,-1.0,0.0,1,-0.0,0,-0.0,1.0,-0.0,1.0,-0.0,1,-0.0,-1.0,0.0,1.0,-0.0,1,-0.0,1,-0.0,1.0,-0.0,0.0,-0.0,-1.0,0.0,1.0,-0.0
20170130,@GFH7,-1.0,-0.0260886622205,62062.5,meat,1485802845,1.0,-0.0,0.0,0.0,-0.0,1.0,-0.0,-1.0,0.0,1.0,-0.0,-1.0,0.0,0.0,-0.0,1.0,-0.0,-1.0,0.0,1.0,-0.0,-1.0,0.0,-1,0.0,-1,0.0,-1,0.0,-1.0,0.0,1.0,-0.0,1.0,-0.0,0.0,-0.0,-1.0,0.0,1.0,-0.0,0,-0.0,-1.0,0.0,-1.0,0.0,1.0,-0.0,0.0,-0.0,0.0,-0.0,-1.0,0.0,-1.0,0.0,1.0,-0.0,-1,0.0,-1,0.0,0.0,-0.0,-1.0,0.0,1,-0.0,1.0,-0.0,-1,0.0,-1.0,0.0,-1.0,0.0,-1.0,0.0,-1.0,0.0,-1.0,0.0,0.0,-0.0,-1.0,0.0,1.0,-0.0,-1.0,0.0,-1.0,0.0,-1.0,0.0,-1,0.0,1,-0.0,1.0,-0.0,1.0,-0.0,1.0,-0.0,1.0,-0.0,1.0,-0.0,-1.0,0.0,-1.0,0.0,1.0,-0.0,1.0,-0.0,-1,0.0,0,-0.0,1.0,-0.0,0,-0.0,-1.0,0.0,1,-0.0,-1,0.0,1.0,-0.0,1,-0.0,-1.0,0.0,0.0,-0.0,0.0,-0.0,-1.0,0.0,1.0,-0.0,1.0,-0.0,1.0,-0.0,1.0,-0.0,-1.0,0.0,1,-0.0,0,-0.0,1.0,-0.0,1.0,-0.0,1,-0.0,-1.0,0.0,1.0,-0.0,1,-0.0,1,-0.0,1.0,-0.0,0.0,-0.0,-1.0,0.0,1.0,-0.0
20170130,@HEJ7,-1.0,-0.00366032210835,27220.0,meat,1485802845,1.0,-0.0,0.0,0.0,-0.0,1.0,-0.0,-1.0,0.0,1.0,-0.0,-1.0,0.0,1.0,-0.0,1.0,-0.0,1.0,-0.0,-1.0,0.0,1.0,-0.0,-1,0.0,-1,0.0,-1,0.0,0.0,-0.0,1.0,-0.0,1.0,-0.0,0.0,-0.0,1.0,-0.0,1.0,-0.0,0,-0.0,-1.0,0.0,1.0,-0.0,-1.0,0.0,0.0,-0.0,0.0,-0.0,1.0,-0.0,1.0,-0.0,-1.0,0.0,-1,0.0,-1,0.0,0.0,-0.0,-1.0,0.0,1,-0.0,1.0,-0.0,-1,0.0,1.0,-0.0,-1.0,0.0,-1.0,0.0,-1.0,0.0,1.0,-0.0,0.0,-0.0,-1.0,0.0,-1.0,0.0,-1.0,0.0,-1.0,0.0,-1.0,0.0,-1,0.0,-1,0.0,1.0,-0.0,1.0,-0.0,-1.0,0.0,1.0,-0.0,1.0,-0.0,1.0,-0.0,0.0,-0.0,-1.0,0.0,1.0,-0.0,1,-0.0,1,-0.0,-1.0,0.0,0,-0.0,1.0,-0.0,1,-0.0,-1,0.0,1.0,-0.0,1,-0.0,1.0,-0.0,0.0,-0.0,0.0,-0.0,1.0,-0.0,1.0,-0.0,-1.0,0.0,0.0,-0.0,-1.0,0.0,-1.0,0.0,-1,0.0,-1,0.0,0.0,-0.0,1.0,-0.0,-1,0.0,1.0,-0.0,-1.0,0.0,1,-0.0,1,-0.0,1.0,-0.0,-1.0,0.0,-1.0,0.0,-1.0,0.0
20170130,@WH7,-1.0,-0.0136741973841,20737.5,grain,1485803608,1.0,-0.0,0.0,-1.0,0.0,-1.0,0.0,1.0,-0.0,-1.0,0.0,-1.0,0.0,1.0,-0.0,1.0,-0.0,1.0,-0.0,1.0,-0.0,1.0,-0.0,0,-0.0,1,-0.0,-1,0.0,0.0,-0.0,1.0,-0.0,1.0,-0.0,-1.0,0.0,-1.0,0.0,1.0,-0.0,0,-0.0,1.0,-0.0,-1.0,0.0,-1.0,0.0,-1.0,0.0,1.0,-0.0,-1.0,0.0,1.0,-0.0,1.0,-0.0,1,-0.0,0,-0.0,1.0,-0.0,-1.0,0.0,-1,0.0,1.0,-0.0,1,-0.0,-1.0,0.0,0.0,-0.0,1.0,-0.0,-1.0,0.0,1.0,-0.0,1.0,-0.0,0.0,-0.0,1.0,-0.0,1.0,-0.0,-1.0,0.0,1.0,-0.0,1,-0.0,-1,0.0,0.0,-0.0,-1.0,0.0,-1.0,0.0,0.0,-0.0,-1.0,0.0,-1.0,0.0,0.0,-0.0,1.0,-0.0,1.0,-0.0,1,-0.0,1,-0.0,-1.0,0.0,0,-0.0,-1.0,0.0,-1,0.0,1,-0.0,-1.0,0.0,0,-0.0,1.0,-0.0,1.0,-0.0,-1.0,0.0,1.0,-0.0,-1.0,0.0,1.0,-0.0,0.0,-0.0,1.0,-0.0,-1.0,0.0,-1,0.0,-1,0.0,0.0,-0.0,-1.0,0.0,1,-0.0,-1.0,0.0,-1.0,0.0,0,-0.0,-1,0.0,1.0,-0.0,-1.0,0.0,-1.0,0.0,-1.0,0.0
20170130,@NEH7,1.0,0.00289415656009,72770.0,currency,1485812781,1.0,0.0,0.0,0.0,0.0,1.0,0.0,-1.0,-0.0,-1.0,-0.0,-1.0,-0.0,0.0,0.0,-1.0,-0.0,1.0,0.0,-1.0,-0.0,1.0,0.0,-1,-0.0,-1,-0.0,-1,-0.0,-1.0,-0.0,1.0,0.0,-1.0,-0.0,-1.0,-0.0,-1.0,-0.0,1.0,0.0,0,0.0,-1.0,-0.0,-1.0,-0.0,-1.0,-0.0,0.0,0.0,0.0,0.0,1.0,0.0,1.0,0.0,-1.0,-0.0,-1,-0.0,-1,-0.0,0.0,0.0,-1.0,-0.0,-1,-0.0,1.0,0.0,1,0.0,1.0,0.0,0.0,0.0,-1.0,-0.0,1.0,0.0,1.0,0.0,1.0,0.0,-1.0,-0.0,1.0,0.0,-1.0,-0.0,-1.0,-0.0,1.0,0.0,-1,-0.0,1,0.0,0.0,0.0,1.0,0.0,-1.0,-0.0,1.0,0.0,1.0,0.0,-1.0,-0.0,-1.0,-0.0,1.0,0.0,-1.0,-0.0,1,0.0,0,0.0,-1.0,-0.0,0,0.0,1.0,0.0,1,0.0,-1,-0.0,1.0,0.0,1,0.0,1.0,0.0,0.0,0.0,0.0,0.0,-1.0,-0.0,1.0,0.0,1.0,0.0,1.0,0.0,-1.0,-0.0,1.0,0.0,-1,-0.0,0,0.0,1.0,0.0,1.0,0.0,-1,-0.0,1.0,0.0,-1.0,-0.0,1,0.0,1,0.0,1.0,0.0,0.0,0.0,1.0,0.0,-1.0,-0.0
20170130,@BOH7,-1.0,-0.0180916253283,20190.0,grain,1485803608,1.0,-365.269915378,365.269915378,-1.0,365.269915378,-1.0,365.269915378,1.0,-365.269915378,1.0,-365.269915378,-1.0,365.269915378,1.0,-365.269915378,1.0,-365.269915378,1.0,-365.269915378,1.0,-365.269915378,1.0,-365.269915378,0,-0.0,1,-365.269915378,-1,365.269915378,0.0,-0.0,1.0,-365.269915378,1.0,-365.269915378,0.0,-0.0,-1.0,365.269915378,1.0,-365.269915378,0,-0.0,1.0,-365.269915378,-1.0,365.269915378,-1.0,365.269915378,-1.0,365.269915378,1.0,-365.269915378,-1.0,365.269915378,1.0,-365.269915378,1.0,-365.269915378,1,-365.269915378,0,-0.0,1.0,-365.269915378,-1.0,365.269915378,-1,365.269915378,1.0,-365.269915378,-1,365.269915378,-1.0,365.269915378,-1.0,365.269915378,-1.0,365.269915378,-1.0,365.269915378,-1.0,365.269915378,0.0,-0.0,0.0,-0.0,1.0,-365.269915378,1.0,-365.269915378,-1.0,365.269915378,1.0,-365.269915378,1,-365.269915378,-1,365.269915378,1.0,-365.269915378,1.0,-365.269915378,1.0,-365.269915378,0.0,-0.0,-1.0,365.269915378,-1.0,365.269915378,0.0,-0.0,1.0,-365.269915378,1.0,-365.269915378,1,-365.269915378,1,-365.269915378,-1.0,365.269915378,0,-0.0,-1.0,365.269915378,-1,365.269915378,1,-365.269915378,-1.0,365.269915378,0,-0.0,1.0,-365.269915378,1.0,-365.269915378,-1.0,365.269915378,1.0,-365.269915378,-1.0,365.269915378,1.0,-365.269915378,0.0,-0.0,1.0,-365.269915378,-1.0,365.269915378,-1,365.269915378,-1,365.269915378,0.0,-0.0,-1.0,365.269915378,1,-365.269915378,-1.0,365.269915378,-1.0,365.269915378,0,-0.0,-1,365.269915378,1.0,-365.269915378,-1.0,365.269915378,-1.0,365.269915378,-1.0,365.269915378
20170130,@USH7,-1.0,-0.00124688279302,150187.5,rates,1485812781,1.0,-0.0,0.0,1.0,-0.0,1.0,-0.0,-1.0,0.0,-1.0,0.0,1.0,-0.0,-1.0,0.0,-1.0,0.0,-1.0,0.0,-1.0,0.0,-1.0,0.0,0,-0.0,-1,0.0,1,-0.0,0.0,-0.0,-1.0,0.0,-1.0,0.0,0.0,-0.0,1.0,-0.0,-1.0,0.0,0,-0.0,-1.0,0.0,1.0,-0.0,1.0,-0.0,1.0,-0.0,-1.0,0.0,1.0,-0.0,-1.0,0.0,-1.0,0.0,-1,0.0,0,-0.0,-1.0,0.0,1.0,-0.0,-1,0.0,-1.0,0.0,1,-0.0,1.0,-0.0,1.0,-0.0,1.0,-0.0,1.0,-0.0,1.0,-0.0,0.0,-0.0,0.0,-0.0,-1.0,0.0,-1.0,0.0,1.0,-0.0,1.0,-0.0,-1,0.0,1,-0.0,-1.0,0.0,-1.0,0.0,-1.0,0.0,0.0,-0.0,1.0,-0.0,1.0,-0.0,0.0,-0.0,-1.0,0.0,-1.0,0.0,-1,0.0,-1,0.0,1.0,-0.0,0,-0.0,1.0,-0.0,1,-0.0,-1,0.0,1.0,-0.0,0,-0.0,-1.0,0.0,-1.0,0.0,1.0,-0.0,-1.0,0.0,1.0,-0.0,-1.0,0.0,0.0,-0.0,-1.0,0.0,1.0,-0.0,1,-0.0,1,-0.0,0.0,-0.0,1.0,-0.0,-1,0.0,1.0,-0.0,1.0,-0.0,0,-0.0,1,-0.0,-1.0,0.0,1.0,-0.0,1.0,-0.0,1.0,-0.0
20170130,@TYH7,-1.0,-0.000377500943752,124125.0,rates,1485812781,1.0,-46.8573046433,46.8573046433,1.0,-46.8573046433,1.0,-46.8573046433,-1.0,46.8573046433,1.0,-46.8573046433,1.0,-46.8573046433,-1.0,46.8573046433,-1.0,46.8573046433,-1.0,46.8573046433,-1.0,46.8573046433,-1.0,46.8573046433,0,-0.0,-1,46.8573046433,1,-46.8573046433,0.0,-0.0,-1.0,46.8573046433,-1.0,46.8573046433,1.0,-46.8573046433,1.0,-46.8573046433,-1.0,46.8573046433,0,-0.0,-1.0,46.8573046433,1.0,-46.8573046433,1.0,-46.8573046433,1.0,-46.8573046433,-1.0,46.8573046433,1.0,-46.8573046433,-1.0,46.8573046433,-1.0,46.8573046433,-1,46.8573046433,0,-0.0,-1.0,46.8573046433,1.0,-46.8573046433,-1,46.8573046433,-1.0,46.8573046433,-1,46.8573046433,1.0,-46.8573046433,0.0,-0.0,-1.0,46.8573046433,1.0,-46.8573046433,-1.0,46.8573046433,-1.0,46.8573046433,0.0,-0.0,-1.0,46.8573046433,-1.0,46.8573046433,1.0,-46.8573046433,1.0,-46.8573046433,-1,46.8573046433,1,-46.8573046433,0.0,-0.0,1.0,-46.8573046433,1.0,-46.8573046433,0.0,-0.0,1.0,-46.8573046433,1.0,-46.8573046433,0.0,-0.0,-1.0,46.8573046433,-1.0,46.8573046433,-1,46.8573046433,-1,46.8573046433,1.0,-46.8573046433,0,-0.0,1.0,-46.8573046433,1,-46.8573046433,-1,46.8573046433,1.0,-46.8573046433,0,-0.0,-1.0,46.8573046433,-1.0,46.8573046433,1.0,-46.8573046433,-1.0,46.8573046433,1.0,-46.8573046433,-1.0,46.8573046433,0.0,-0.0,-1.0,46.8573046433,1.0,-46.8573046433,1,-46.8573046433,1,-46.8573046433,0.0,-0.0,1.0,-46.8573046433,-1,46.8573046433,1.0,-46.8573046433,1.0,-46.8573046433,0,-0.0,1,-46.8573046433,-1.0,46.8573046433,1.0,-46.8573046433,1.0,-46.8573046433,1.0,-46.8573046433
20170130,@TUH7,-1.0,-0.000144164924674,216734.375,rates,1485812781,2.0,-0.0,0.0,0.0,-0.0,-1.0,0.0,-1.0,0.0,1.0,-0.0,1.0,-0.0,-1.0,0.0,-1.0,0.0,-1.0,0.0,-1.0,0.0,1.0,-0.0,1,-0.0,1,-0.0,1,-0.0,0.0,-0.0,-1.0,0.0,-1.0,0.0,1.0,-0.0,1.0,-0.0,-1.0,0.0,0,-0.0,-1.0,0.0,1.0,-0.0,-1.0,0.0,0.0,-0.0,0.0,-0.0,1.0,-0.0,1.0,-0.0,-1.0,0.0,1,-0.0,1,-0.0,0.0,-0.0,1.0,-0.0,-1,0.0,-1.0,0.0,-1,0.0,1.0,-0.0,0.0,-0.0,-1.0,0.0,1.0,-0.0,-1.0,0.0,-1.0,0.0,1.0,-0.0,-1.0,0.0,1.0,-0.0,1.0,-0.0,1.0,-0.0,1,-0.0,1,-0.0,0.0,-0.0,1.0,-0.0,1.0,-0.0,-1.0,0.0,-1.0,0.0,1.0,-0.0,0.0,-0.0,-1.0,0.0,-1.0,0.0,-1,0.0,-1,0.0,-1.0,0.0,0,-0.0,1.0,-0.0,-1,0.0,1,-0.0,-1.0,0.0,-1,0.0,1.0,-0.0,0.0,-0.0,0.0,-0.0,-1.0,0.0,1.0,-0.0,-1.0,0.0,0.0,-0.0,-1.0,0.0,1.0,-0.0,1,-0.0,1,-0.0,0.0,-0.0,1.0,-0.0,-1,0.0,1.0,-0.0,-1.0,0.0,-1,0.0,-1,0.0,-1.0,0.0,1.0,-0.0,1.0,-0.0,1.0,-0.0
20170130,@SMH7,-1.0,-0.0247813411079,33450.0,grain,1485803608,1.0,-0.0,0.0,-1.0,0.0,-1.0,0.0,-1.0,0.0,-1.0,0.0,1.0,-0.0,0.0,-0.0,-1.0,0.0,1.0,-0.0,1.0,-0.0,1.0,-0.0,0,-0.0,-1,0.0,-1,0.0,-1.0,0.0,-1.0,0.0,-1.0,0.0,-1.0,0.0,-1.0,0.0,-1.0,0.0,0,-0.0,-1.0,0.0,-1.0,0.0,-1.0,0.0,-1.0,0.0,1.0,-0.0,-1.0,0.0,1.0,-0.0,1.0,-0.0,-1,0.0,0,-0.0,1.0,-0.0,1.0,-0.0,1,-0.0,1.0,-0.0,1,-0.0,1.0,-0.0,0.0,-0.0,-1.0,0.0,1.0,-0.0,1.0,-0.0,1.0,-0.0,0.0,-0.0,1.0,-0.0,-1.0,0.0,1.0,-0.0,-1.0,0.0,1,-0.0,1,-0.0,0.0,-0.0,1.0,-0.0,-1.0,0.0,0.0,-0.0,1.0,-0.0,-1.0,0.0,-1.0,0.0,1.0,-0.0,-1.0,0.0,1,-0.0,0,-0.0,-1.0,0.0,0,-0.0,-1.0,0.0,1,-0.0,1,-0.0,-1.0,0.0,0,-0.0,1.0,-0.0,1.0,-0.0,-1.0,0.0,-1.0,0.0,1.0,-0.0,1.0,-0.0,1.0,-0.0,1.0,-0.0,1.0,-0.0,-1,0.0,0,-0.0,1.0,-0.0,1.0,-0.0,-1,0.0,-1.0,0.0,-1.0,0.0,0,-0.0,1,-0.0,-1.0,0.0,0.0,-0.0,1.0,-0.0,-1.0,0.0
20170130,QSIH7,-1.0,-0.00093370681606,85600.0,metal,1485812781,1.0,-0.0,0.0,1.0,-0.0,1.0,-0.0,1.0,-0.0,-1.0,0.0,1.0,-0.0,0.0,-0.0,-1.0,0.0,1.0,-0.0,-1.0,0.0,-1.0,0.0,0,-0.0,-1,0.0,1,-0.0,1.0,-0.0,-1.0,0.0,-1.0,0.0,0.0,-0.0,1.0,-0.0,-1.0,0.0,0,-0.0,1.0,-0.0,1.0,-0.0,1.0,-0.0,1.0,-0.0,-1.0,0.0,1.0,-0.0,-1.0,0.0,-1.0,0.0,-1,0.0,0,-0.0,-1.0,0.0,1.0,-0.0,-1,0.0,-1.0,0.0,1,-0.0,1.0,-0.0,1.0,-0.0,1.0,-0.0,1.0,-0.0,1.0,-0.0,0.0,-0.0,0.0,-0.0,-1.0,0.0,-1.0,0.0,1.0,-0.0,1.0,-0.0,-1,0.0,-1,0.0,-1.0,0.0,-1.0,0.0,-1.0,0.0,0.0,-0.0,1.0,-0.0,1.0,-0.0,1.0,-0.0,-1.0,0.0,-1.0,0.0,1,-0.0,0,-0.0,1.0,-0.0,0,-0.0,1.0,-0.0,1,-0.0,-1,0.0,1.0,-0.0,0,-0.0,-1.0,0.0,-1.0,0.0,1.0,-0.0,1.0,-0.0,-1.0,0.0,-1.0,0.0,-1.0,0.0,-1.0,0.0,1.0,-0.0,-1,0.0,0,-0.0,-1.0,0.0,-1.0,0.0,-1,0.0,1.0,-0.0,1.0,-0.0,0,-0.0,1,-0.0,-1.0,0.0,0.0,-0.0,1.0,-0.0,-1.0,0.0
20170130,@PXH7,1.0,0.00673542412124,23915.0,currency,1485812781,1.0,0.0,0.0,0.0,0.0,1.0,0.0,-1.0,-0.0,-1.0,-0.0,-1.0,-0.0,1.0,0.0,1.0,0.0,1.0,0.0,-1.0,-0.0,1.0,0.0,-1,-0.0,-1,-0.0,-1,-0.0,0.0,0.0,1.0,0.0,-1.0,-0.0,-1.0,-0.0,-1.0,-0.0,1.0,0.0,0,0.0,-1.0,-0.0,1.0,0.0,-1.0,-0.0,0.0,0.0,0.0,0.0,1.0,0.0,1.0,0.0,-1.0,-0.0,-1,-0.0,-1,-0.0,0.0,0.0,-1.0,-0.0,-1,-0.0,1.0,0.0,1,0.0,1.0,0.0,0.0,0.0,-1.0,-0.0,1.0,0.0,1.0,0.0,1.0,0.0,-1.0,-0.0,1.0,0.0,-1.0,-0.0,-1.0,-0.0,1.0,0.0,-1,-0.0,-1,-0.0,0.0,0.0,1.0,0.0,-1.0,-0.0,1.0,0.0,1.0,0.0,1.0,0.0,0.0,0.0,-1.0,-0.0,1.0,0.0,1,0.0,1,0.0,-1.0,-0.0,0,0.0,1.0,0.0,1,0.0,-1,-0.0,1.0,0.0,1,0.0,1.0,0.0,0.0,0.0,0.0,0.0,1.0,0.0,1.0,0.0,-1.0,-0.0,0.0,0.0,-1.0,-0.0,-1.0,-0.0,-1,-0.0,-1,-0.0,0.0,0.0,1.0,0.0,-1,-0.0,1.0,0.0,-1.0,-0.0,1,0.0,1,0.0,1.0,0.0,-1.0,-0.0,-1.0,-0.0,-1.0,-0.0
20170130,@SFH7,1.0,0.00358780147499,125875.0,currency,1485812781,1.0,0.0,0.0,0.0,0.0,1.0,0.0,-1.0,-0.0,1.0,0.0,-1.0,-0.0,0.0,0.0,-1.0,-0.0,1.0,0.0,-1.0,-0.0,1.0,0.0,-1,-0.0,-1,-0.0,-1,-0.0,-1.0,-0.0,1.0,0.0,1.0,0.0,0.0,0.0,1.0,0.0,1.0,0.0,0,0.0,-1.0,-0.0,-1.0,-0.0,-1.0,-0.0,0.0,0.0,0.0,0.0,1.0,0.0,1.0,0.0,-1.0,-0.0,-1,-0.0,-1,-0.0,0.0,0.0,-1.0,-0.0,-1,-0.0,1.0,0.0,-1,-0.0,1.0,0.0,-1.0,-0.0,-1.0,-0.0,-1.0,-0.0,1.0,0.0,0.0,0.0,-1.0,-0.0,-1.0,-0.0,-1.0,-0.0,-1.0,-0.0,1.0,0.0,-1,-0.0,1,0.0,1.0,0.0,1.0,0.0,-1.0,-0.0,1.0,0.0,1.0,0.0,-1.0,-0.0,-1.0,-0.0,1.0,0.0,-1.0,-0.0,1,0.0,0,0.0,-1.0,-0.0,0,0.0,1.0,0.0,1,0.0,-1,-0.0,1.0,0.0,1,0.0,1.0,0.0,0.0,0.0,0.0,0.0,-1.0,-0.0,1.0,0.0,1.0,0.0,1.0,0.0,-1.0,-0.0,1.0,0.0,-1,-0.0,0,0.0,1.0,0.0,1.0,0.0,-1,-0.0,1.0,0.0,-1.0,-0.0,1,0.0,1,0.0,1.0,0.0,0.0,0.0,1.0,0.0,-1.0,-0.0
20170130,QRBH7,-1.0,-0.0114705503287,64428.0,energy,1485812781,1.0,-0.0,0.0,0.0,-0.0,1.0,-0.0,1.0,-0.0,-1.0,0.0,-1.0,0.0,1.0,-0.0,1.0,-0.0,1.0,-0.0,1.0,-0.0,-1.0,0.0,-1,0.0,-1,0.0,-1,0.0,0.0,-0.0,1.0,-0.0,1.0,-0.0,-1.0,0.0,-1.0,0.0,1.0,-0.0,0,-0.0,1.0,-0.0,-1.0,0.0,1.0,-0.0,0.0,-0.0,0.0,-0.0,-1.0,0.0,-1.0,0.0,1.0,-0.0,-1,0.0,-1,0.0,0.0,-0.0,-1.0,0.0,-1,0.0,1.0,-0.0,1,-0.0,-1.0,0.0,0.0,-0.0,1.0,-0.0,-1.0,0.0,1.0,-0.0,1.0,-0.0,-1.0,0.0,1.0,-0.0,-1.0,0.0,-1.0,0.0,1.0,-0.0,-1,0.0,-1,0.0,0.0,-0.0,-1.0,0.0,-1.0,0.0,1.0,-0.0,1.0,-0.0,-1.0,0.0,0.0,-0.0,1.0,-0.0,1.0,-0.0,1,-0.0,1,-0.0,1.0,-0.0,0,-0.0,-1.0,0.0,1,-0.0,-1,0.0,1.0,-0.0,1,-0.0,-1.0,0.0,0.0,-0.0,0.0,-0.0,1.0,-0.0,-1.0,0.0,1.0,-0.0,0.0,-0.0,1.0,-0.0,-1.0,0.0,-1,0.0,-1,0.0,0.0,-0.0,-1.0,0.0,1,-0.0,-1.0,0.0,1.0,-0.0,1,-0.0,1,-0.0,1.0,-0.0,-1.0,0.0,-1.0,0.0,-1.0,0.0
20170130,QPLJ7,1.0,0.00996643954032,49655.0,metal,1485812781,1.0,0.0,0.0,1.0,0.0,1.0,0.0,1.0,0.0,-1.0,-0.0,1.0,0.0,0.0,0.0,-1.0,-0.0,1.0,0.0,-1.0,-0.0,-1.0,-0.0,0,0.0,-1,-0.0,1,0.0,1.0,0.0,-1.0,-0.0,-1.0,-0.0,0.0,0.0,1.0,0.0,-1.0,-0.0,0,0.0,1.0,0.0,1.0,0.0,1.0,0.0,1.0,0.0,-1.0,-0.0,1.0,0.0,-1.0,-0.0,-1.0,-0.0,-1,-0.0,0,0.0,-1.0,-0.0,1.0,0.0,-1,-0.0,-1.0,-0.0,1,0.0,1.0,0.0,1.0,0.0,1.0,0.0,1.0,0.0,1.0,0.0,0.0,0.0,0.0,0.0,-1.0,-0.0,-1.0,-0.0,1.0,0.0,1.0,0.0,-1,-0.0,-1,-0.0,-1.0,-0.0,-1.0,-0.0,-1.0,-0.0,0.0,0.0,1.0,0.0,1.0,0.0,1.0,0.0,-1.0,-0.0,-1.0,-0.0,1,0.0,0,0.0,1.0,0.0,0,0.0,1.0,0.0,1,0.0,-1,-0.0,1.0,0.0,0,0.0,-1.0,-0.0,-1.0,-0.0,1.0,0.0,1.0,0.0,-1.0,-0.0,-1.0,-0.0,-1.0,-0.0,-1.0,-0.0,1.0,0.0,-1,-0.0,0,0.0,-1.0,-0.0,-1.0,-0.0,-1,-0.0,1.0,0.0,1.0,0.0,0,0.0,1,0.0,-1.0,-0.0,0.0,0.0,1.0,0.0,-1.0,-0.0
20170130,QPAH7,1.0,0.00690495532088,74370.0,metal,1485812781,1.0,0.0,0.0,0.0,0.0,1.0,0.0,-1.0,-0.0,1.0,0.0,-1.0,-0.0,1.0,0.0,1.0,0.0,1.0,0.0,-1.0,-0.0,1.0,0.0,-1,-0.0,-1,-0.0,-1,-0.0,0.0,0.0,1.0,0.0,1.0,0.0,0.0,0.0,1.0,0.0,1.0,0.0,0,0.0,-1.0,-0.0,1.0,0.0,-1.0,-0.0,0.0,0.0,0.0,0.0,1.0,0.0,1.0,0.0,-1.0,-0.0,-1,-0.0,-1,-0.0,0.0,0.0,-1.0,-0.0,-1,-0.0,1.0,0.0,-1,-0.0,1.0,0.0,-1.0,-0.0,-1.0,-0.0,-1.0,-0.0,1.0,0.0,0.0,0.0,-1.0,-0.0,-1.0,-0.0,-1.0,-0.0,-1.0,-0.0,1.0,0.0,-1,-0.0,-1,-0.0,1.0,0.0,1.0,0.0,-1.0,-0.0,1.0,0.0,1.0,0.0,1.0,0.0,0.0,0.0,-1.0,-0.0,1.0,0.0,1,0.0,1,0.0,-1.0,-0.0,0,0.0,1.0,0.0,1,0.0,-1,-0.0,1.0,0.0,1,0.0,1.0,0.0,0.0,0.0,0.0,0.0,1.0,0.0,1.0,0.0,-1.0,-0.0,0.0,0.0,-1.0,-0.0,-1.0,-0.0,-1,-0.0,-1,-0.0,0.0,0.0,1.0,0.0,-1,-0.0,1.0,0.0,-1.0,-0.0,1,0.0,1,0.0,1.0,0.0,-1.0,-0.0,-1.0,-0.0,-1.0,-0.0
20170130,@NQH7,-1.0,-0.00745762711864,102480.0,index,1485812781,1.0,-0.0,0.0,0.0,-0.0,1.0,-0.0,-1.0,0.0,-1.0,0.0,-1.0,0.0,0.0,-0.0,-1.0,0.0,1.0,-0.0,-1.0,0.0,1.0,-0.0,-1,0.0,-1,0.0,-1,0.0,-1.0,0.0,1.0,-0.0,-1.0,0.0,-1.0,0.0,-1.0,0.0,1.0,-0.0,0,-0.0,-1.0,0.0,-1.0,0.0,-1.0,0.0,0.0,-0.0,0.0,-0.0,1.0,-0.0,1.0,-0.0,-1.0,0.0,-1,0.0,-1,0.0,0.0,-0.0,-1.0,0.0,-1,0.0,1.0,-0.0,1,-0.0,1.0,-0.0,0.0,-0.0,-1.0,0.0,1.0,-0.0,1.0,-0.0,1.0,-0.0,-1.0,0.0,1.0,-0.0,-1.0,0.0,-1.0,0.0,1.0,-0.0,-1,0.0,1,-0.0,0.0,-0.0,1.0,-0.0,-1.0,0.0,1.0,-0.0,1.0,-0.0,-1.0,0.0,-1.0,0.0,1.0,-0.0,-1.0,0.0,1,-0.0,0,-0.0,-1.0,0.0,0,-0.0,1.0,-0.0,1,-0.0,-1,0.0,1.0,-0.0,1,-0.0,1.0,-0.0,0.0,-0.0,0.0,-0.0,-1.0,0.0,1.0,-0.0,1.0,-0.0,1.0,-0.0,-1.0,0.0,1.0,-0.0,-1,0.0,0,-0.0,1.0,-0.0,1.0,-0.0,-1,0.0,1.0,-0.0,-1.0,0.0,1,-0.0,1,-0.0,1.0,-0.0,0.0,-0.0,1.0,-0.0,-1.0,0.0
20170130,@NKDH7,-1.0,-0.01489470981,83333.3333333,index,1485812781,1.0,-0.0,0.0,-1.0,0.0,-1.0,0.0,-1.0,0.0,-1.0,0.0,-1.0,0.0,0.0,-0.0,1.0,-0.0,-1.0,0.0,1.0,-0.0,1.0,-0.0,0,-0.0,1,-0.0,-1,0.0,-1.0,0.0,1.0,-0.0,1.0,-0.0,-1.0,0.0,-1.0,0.0,1.0,-0.0,0,-0.0,-1.0,0.0,-1.0,0.0,1.0,-0.0,0.0,-0.0,0.0,-0.0,-1.0,0.0,-1.0,0.0,1.0,-0.0,-1,0.0,-1,0.0,1.0,-0.0,-1.0,0.0,1,-0.0,1.0,-0.0,1,-0.0,-1.0,0.0,0.0,-0.0,1.0,-0.0,-1.0,0.0,1.0,-0.0,1.0,-0.0,-1.0,0.0,1.0,-0.0,-1.0,0.0,-1.0,0.0,-1.0,0.0,-1,0.0,1,-0.0,0.0,-0.0,-1.0,0.0,-1.0,0.0,1.0,-0.0,1.0,-0.0,-1.0,0.0,-1.0,0.0,1.0,-0.0,1.0,-0.0,-1,0.0,0,-0.0,1.0,-0.0,0,-0.0,-1.0,0.0,1,-0.0,1,-0.0,1.0,-0.0,1,-0.0,-1.0,0.0,0.0,-0.0,0.0,-0.0,-1.0,0.0,1.0,-0.0,1.0,-0.0,1.0,-0.0,1.0,-0.0,-1.0,0.0,1,-0.0,0,-0.0,1.0,-0.0,1.0,-0.0,1,-0.0,-1.0,0.0,-1.0,0.0,0,-0.0,-1,0.0,1.0,-0.0,0.0,-0.0,-1.0,0.0,1.0,-0.0
20170130,QNGH7,-1.0,-0.0381179273377,32300.0,energy,1485812781,1.0,-1231.20905301,1231.20905301,0.0,-0.0,1.0,-1231.20905301,1.0,-1231.20905301,-1.0,1231.20905301,-1.0,1231.20905301,1.0,-1231.20905301,1.0,-1231.20905301,1.0,-1231.20905301,1.0,-1231.20905301,-1.0,1231.20905301,-1,1231.20905301,-1,1231.20905301,-1,1231.20905301,0.0,-0.0,1.0,-1231.20905301,1.0,-1231.20905301,-1.0,1231.20905301,-1.0,1231.20905301,1.0,-1231.20905301,0,-0.0,1.0,-1231.20905301,-1.0,1231.20905301,1.0,-1231.20905301,0.0,-0.0,0.0,-0.0,-1.0,1231.20905301,-1.0,1231.20905301,1.0,-1231.20905301,-1,1231.20905301,-1,1231.20905301,0.0,-0.0,-1.0,1231.20905301,-1,1231.20905301,1.0,-1231.20905301,1,-1231.20905301,-1.0,1231.20905301,0.0,-0.0,1.0,-1231.20905301,-1.0,1231.20905301,1.0,-1231.20905301,1.0,-1231.20905301,-1.0,1231.20905301,1.0,-1231.20905301,-1.0,1231.20905301,-1.0,1231.20905301,1.0,-1231.20905301,-1,1231.20905301,-1,1231.20905301,0.0,-0.0,-1.0,1231.20905301,-1.0,1231.20905301,1.0,-1231.20905301,1.0,-1231.20905301,-1.0,1231.20905301,0.0,-0.0,1.0,-1231.20905301,1.0,-1231.20905301,1,-1231.20905301,1,-1231.20905301,1.0,-1231.20905301,0,-0.0,-1.0,1231.20905301,1,-1231.20905301,-1,1231.20905301,1.0,-1231.20905301,1,-1231.20905301,-1.0,1231.20905301,0.0,-0.0,0.0,-0.0,1.0,-1231.20905301,-1.0,1231.20905301,1.0,-1231.20905301,0.0,-0.0,1.0,-1231.20905301,-1.0,1231.20905301,-1,1231.20905301,-1,1231.20905301,0.0,-0.0,-1.0,1231.20905301,1,-1231.20905301,-1.0,1231.20905301,1.0,-1231.20905301,1,-1231.20905301,1,-1231.20905301,1.0,-1231.20905301,-1.0,1231.20905301,-1.0,1231.20905301,-1.0,1231.20905301
20170130,@SH7,-1.0,-0.0245413390517,51175.0,grain,1485803608,1.0,-0.0,0.0,0.0,-0.0,1.0,-0.0,1.0,-0.0,1.0,-0.0,-1.0,0.0,1.0,-0.0,1.0,-0.0,1.0,-0.0,1.0,-0.0,-1.0,0.0,-1,0.0,-1,0.0,-1,0.0,0.0,-0.0,1.0,-0.0,1.0,-0.0,0.0,-0.0,-1.0,0.0,1.0,-0.0,0,-0.0,1.0,-0.0,-1.0,0.0,1.0,-0.0,0.0,-0.0,0.0,-0.0,-1.0,0.0,-1.0,0.0,1.0,-0.0,-1,0.0,-1,0.0,0.0,-0.0,-1.0,0.0,1,-0.0,1.0,-0.0,-1,0.0,-1.0,0.0,-1.0,0.0,-1.0,0.0,-1.0,0.0,-1.0,0.0,0.0,-0.0,-1.0,0.0,1.0,-0.0,-1.0,0.0,-1.0,0.0,-1.0,0.0,-1,0.0,-1,0.0,1.0,-0.0,1.0,-0.0,1.0,-0.0,1.0,-0.0,1.0,-0.0,-1.0,0.0,0.0,-0.0,1.0,-0.0,1.0,-0.0,1,-0.0,1,-0.0,1.0,-0.0,0,-0.0,-1.0,0.0,1,-0.0,-1,0.0,1.0,-0.0,1,-0.0,-1.0,0.0,0.0,-0.0,0.0,-0.0,1.0,-0.0,-1.0,0.0,1.0,-0.0,0.0,-0.0,1.0,-0.0,-1.0,0.0,-1,0.0,-1,0.0,0.0,-0.0,-1.0,0.0,1,-0.0,-1.0,0.0,1.0,-0.0,1,-0.0,1,-0.0,1.0,-0.0,-1.0,0.0,-1.0,0.0,-1.0,0.0
20170130,@ADH7,1.0,0.000662778366914,75490.0,currency,1485812781,1.0,0.0,0.0,0.0,0.0,1.0,0.0,1.0,0.0,-1.0,-0.0,-1.0,-0.0,1.0,0.0,1.0,0.0,1.0,0.0,1.0,0.0,-1.0,-0.0,-1,-0.0,-1,-0.0,-1,-0.0,0.0,0.0,1.0,0.0,1.0,0.0,-1.0,-0.0,-1.0,-0.0,1.0,0.0,0,0.0,1.0,0.0,-1.0,-0.0,1.0,0.0,0.0,0.0,0.0,0.0,-1.0,-0.0,-1.0,-0.0,1.0,0.0,-1,-0.0,-1,-0.0,0.0,0.0,-1.0,-0.0,-1,-0.0,1.0,0.0,1,0.0,-1.0,-0.0,0.0,0.0,1.0,0.0,-1.0,-0.0,1.0,0.0,1.0,0.0,-1.0,-0.0,1.0,0.0,-1.0,-0.0,-1.0,-0.0,1.0,0.0,-1,-0.0,-1,-0.0,0.0,0.0,-1.0,-0.0,-1.0,-0.0,1.0,0.0,1.0,0.0,-1.0,-0.0,0.0,0.0,1.0,0.0,1.0,0.0,1,0.0,1,0.0,1.0,0.0,0,0.0,-1.0,-0.0,1,0.0,-1,-0.0,1.0,0.0,1,0.0,-1.0,-0.0,0.0,0.0,0.0,0.0,1.0,0.0,-1.0,-0.0,1.0,0.0,0.0,0.0,1.0,0.0,-1.0,-0.0,-1,-0.0,-1,-0.0,0.0,0.0,-1.0,-0.0,1,0.0,-1.0,-0.0,1.0,0.0,1,0.0,1,0.0,1.0,0.0,-1.0,-0.0,-1.0,-0.0,-1.0,-0.0
20170131,@HEJ7,1.0,0.0157566874313,27720.0,meat,1485901802,1.0,0.0,0.0,0.0,0.0,1.0,0.0,1.0,0.0,1.0,0.0,-1.0,-0.0,1.0,0.0,1.0,0.0,1.0,0.0,1.0,0.0,-1.0,-0.0,-1,-0.0,-1,-0.0,-1,-0.0,0.0,0.0,1.0,0.0,1.0,0.0,0.0,0.0,-1.0,-0.0,1.0,0.0,0,0.0,1.0,0.0,-1.0,-0.0,1.0,0.0,0.0,0.0,0.0,0.0,-1.0,-0.0,-1.0,-0.0,1.0,0.0,-1,-0.0,-1,-0.0,0.0,0.0,-1.0,-0.0,1,0.0,1.0,0.0,-1,-0.0,-1.0,-0.0,-1.0,-0.0,-1.0,-0.0,-1.0,-0.0,-1.0,-0.0,0.0,0.0,-1.0,-0.0,1.0,0.0,-1.0,-0.0,-1.0,-0.0,-1.0,-0.0,-1,-0.0,-1,-0.0,1.0,0.0,1.0,0.0,1.0,0.0,1.0,0.0,1.0,0.0,-1.0,-0.0,0.0,0.0,1.0,0.0,1.0,0.0,1,0.0,1,0.0,1.0,0.0,0,0.0,-1.0,-0.0,1,0.0,-1,-0.0,1.0,0.0,1,0.0,-1.0,-0.0,0.0,0.0,0.0,0.0,1.0,0.0,-1.0,-0.0,1.0,0.0,0.0,0.0,1.0,0.0,-1.0,-0.0,-1,-0.0,-1,-0.0,0.0,0.0,-1.0,-0.0,1,0.0,-1.0,-0.0,1.0,0.0,1,0.0,1,0.0,1.0,0.0,-1.0,-0.0,-1.0,-0.0,-1.0,-0.0
20170131,@BPH7,1.0,0.00792380342564,78706.25,currency,1485901802,1.0,0.0,0.0,-1.0,-0.0,-1.0,-0.0,-1.0,-0.0,-1.0,-0.0,-1.0,-0.0,0.0,0.0,1.0,0.0,-1.0,-0.0,1.0,0.0,1.0,0.0,0,0.0,1,0.0,-1,-0.0,-1.0,-0.0,1.0,0.0,1.0,0.0,-1.0,-0.0,-1.0,-0.0,1.0,0.0,0,0.0,-1.0,-0.0,-1.0,-0.0,-1.0,-0.0,-1.0,-0.0,1.0,0.0,-1.0,-0.0,1.0,0.0,1.0,0.0,1,0.0,0,0.0,1.0,0.0,-1.0,-0.0,-1,-0.0,1.0,0.0,1,0.0,-1.0,-0.0,0.0,0.0,1.0,0.0,-1.0,-0.0,1.0,0.0,1.0,0.0,0.0,0.0,1.0,0.0,1.0,0.0,-1.0,-0.0,1.0,0.0,1,0.0,1,0.0,0.0,0.0,-1.0,-0.0,-1.0,-0.0,0.0,0.0,-1.0,-0.0,-1.0,-0.0,-1.0,-0.0,1.0,0.0,1.0,0.0,-1,-0.0,0,0.0,-1.0,-0.0,0,0.0,-1.0,-0.0,-1,-0.0,1,0.0,-1.0,-0.0,0,0.0,1.0,0.0,1.0,0.0,-1.0,-0.0,-1.0,-0.0,1.0,0.0,1.0,0.0,1.0,0.0,1.0,0.0,-1.0,-0.0,1,0.0,0,0.0,1.0,0.0,1.0,0.0,1,0.0,-1.0,-0.0,-1.0,-0.0,0,0.0,-1,-0.0,1.0,0.0,0.0,0.0,-1.0,-0.0,1.0,0.0
20170131,@YMH7,-1.0,-0.00341914722446,99100.0,index,1485901802,1.0,-0.0,0.0,-1.0,0.0,-1.0,0.0,1.0,-0.0,1.0,-0.0,-1.0,0.0,1.0,-0.0,1.0,-0.0,1.0,-0.0,1.0,-0.0,1.0,-0.0,0,-0.0,1,-0.0,-1,0.0,0.0,-0.0,1.0,-0.0,1.0,-0.0,0.0,-0.0,-1.0,0.0,1.0,-0.0,0,-0.0,1.0,-0.0,-1.0,0.0,-1.0,0.0,-1.0,0.0,1.0,-0.0,-1.0,0.0,1.0,-0.0,1.0,-0.0,1,-0.0,0,-0.0,1.0,-0.0,-1.0,0.0,-1,0.0,1.0,-0.0,-1,0.0,-1.0,0.0,-1.0,0.0,-1.0,0.0,-1.0,0.0,-1.0,0.0,0.0,-0.0,0.0,-0.0,1.0,-0.0,1.0,-0.0,-1.0,0.0,1.0,-0.0,1,-0.0,-1,0.0,1.0,-0.0,1.0,-0.0,1.0,-0.0,0.0,-0.0,-1.0,0.0,-1.0,0.0,0.0,-0.0,1.0,-0.0,1.0,-0.0,1,-0.0,1,-0.0,-1.0,0.0,0,-0.0,-1.0,0.0,-1,0.0,1,-0.0,-1.0,0.0,0,-0.0,1.0,-0.0,1.0,-0.0,-1.0,0.0,1.0,-0.0,-1.0,0.0,1.0,-0.0,0.0,-0.0,1.0,-0.0,-1.0,0.0,-1,0.0,-1,0.0,0.0,-0.0,-1.0,0.0,1,-0.0,-1.0,0.0,-1.0,0.0,0,-0.0,-1,0.0,1.0,-0.0,-1.0,0.0,-1.0,0.0,-1.0,0.0
20170131,@WH7,1.0,0.0157004830918,21025.0,grain,1485901802,1.0,0.0,0.0,-1.0,-0.0,-1.0,-0.0,1.0,0.0,-1.0,-0.0,-1.0,-0.0,1.0,0.0,1.0,0.0,1.0,0.0,1.0,0.0,1.0,0.0,0,0.0,1,0.0,-1,-0.0,0.0,0.0,1.0,0.0,1.0,0.0,-1.0,-0.0,-1.0,-0.0,1.0,0.0,0,0.0,1.0,0.0,-1.0,-0.0,-1.0,-0.0,-1.0,-0.0,1.0,0.0,-1.0,-0.0,1.0,0.0,1.0,0.0,1,0.0,0,0.0,1.0,0.0,-1.0,-0.0,-1,-0.0,1.0,0.0,1,0.0,-1.0,-0.0,0.0,0.0,1.0,0.0,-1.0,-0.0,1.0,0.0,1.0,0.0,0.0,0.0,1.0,0.0,1.0,0.0,-1.0,-0.0,1.0,0.0,1,0.0,-1,-0.0,0.0,0.0,-1.0,-0.0,-1.0,-0.0,0.0,0.0,-1.0,-0.0,-1.0,-0.0,0.0,0.0,1.0,0.0,1.0,0.0,1,0.0,1,0.0,-1.0,-0.0,0,0.0,-1.0,-0.0,-1,-0.0,1,0.0,-1.0,-0.0,0,0.0,1.0,0.0,1.0,0.0,-1.0,-0.0,1.0,0.0,-1.0,-0.0,1.0,0.0,0.0,0.0,1.0,0.0,-1.0,-0.0,-1,-0.0,-1,-0.0,0.0,0.0,-1.0,-0.0,1,0.0,-1.0,-0.0,-1.0,-0.0,0,0.0,-1,-0.0,1.0,0.0,-1.0,-0.0,-1.0,-0.0,-1.0,-0.0
20170131,@USH7,1.0,0.00270382695507,150656.25,rates,1485901802,1.0,0.0,0.0,0.0,0.0,-1.0,-0.0,1.0,0.0,1.0,0.0,1.0,0.0,-1.0,-0.0,-1.0,-0.0,-1.0,-0.0,1.0,0.0,-1.0,-0.0,1,0.0,1,0.0,1,0.0,0.0,0.0,-1.0,-0.0,1.0,0.0,1.0,0.0,1.0,0.0,-1.0,-0.0,0,0.0,1.0,0.0,-1.0,-0.0,1.0,0.0,0.0,0.0,0.0,0.0,-1.0,-0.0,-1.0,-0.0,1.0,0.0,1,0.0,1,0.0,0.0,0.0,1.0,0.0,-1,-0.0,-1.0,-0.0,-1,-0.0,-1.0,-0.0,0.0,0.0,1.0,0.0,-1.0,-0.0,-1.0,-0.0,-1.0,-0.0,1.0,0.0,-1.0,-0.0,1.0,0.0,1.0,0.0,1.0,0.0,1,0.0,1,0.0,0.0,0.0,-1.0,-0.0,1.0,0.0,-1.0,-0.0,-1.0,-0.0,-1.0,-0.0,0.0,0.0,1.0,0.0,-1.0,-0.0,-1,-0.0,-1,-0.0,1.0,0.0,0,0.0,-1.0,-0.0,-1,-0.0,1,0.0,-1.0,-0.0,-1,-0.0,-1.0,-0.0,0.0,0.0,0.0,0.0,-1.0,-0.0,-1.0,-0.0,1.0,0.0,0.0,0.0,1.0,0.0,1.0,0.0,1,0.0,1,0.0,0.0,0.0,-1.0,-0.0,1,0.0,-1.0,-0.0,1.0,0.0,-1,-0.0,-1,-0.0,-1.0,-0.0,1.0,0.0,1.0,0.0,1.0,0.0
20170131,@TYH7,1.0,0.00176100628931,124437.5,rates,1485901802,1.0,219.135220126,219.135220126,0.0,0.0,-1.0,-219.135220126,1.0,219.135220126,1.0,219.135220126,1.0,219.135220126,-1.0,-219.135220126,-1.0,-219.135220126,-1.0,-219.135220126,1.0,219.135220126,-1.0,-219.135220126,1,219.135220126,1,219.135220126,1,219.135220126,0.0,0.0,-1.0,-219.135220126,1.0,219.135220126,1.0,219.135220126,1.0,219.135220126,-1.0,-219.135220126,0,0.0,1.0,219.135220126,-1.0,-219.135220126,1.0,219.135220126,0.0,0.0,0.0,0.0,-1.0,-219.135220126,-1.0,-219.135220126,1.0,219.135220126,1,219.135220126,1,219.135220126,0.0,0.0,1.0,219.135220126,-1,-219.135220126,-1.0,-219.135220126,-1,-219.135220126,-1.0,-219.135220126,0.0,0.0,1.0,219.135220126,-1.0,-219.135220126,-1.0,-219.135220126,-1.0,-219.135220126,1.0,219.135220126,-1.0,-219.135220126,1.0,219.135220126,1.0,219.135220126,1.0,219.135220126,1,219.135220126,1,219.135220126,0.0,0.0,-1.0,-219.135220126,1.0,219.135220126,-1.0,-219.135220126,-1.0,-219.135220126,-1.0,-219.135220126,0.0,0.0,1.0,219.135220126,-1.0,-219.135220126,-1,-219.135220126,-1,-219.135220126,1.0,219.135220126,0,0.0,-1.0,-219.135220126,-1,-219.135220126,1,219.135220126,-1.0,-219.135220126,-1,-219.135220126,-1.0,-219.135220126,0.0,0.0,0.0,0.0,-1.0,-219.135220126,-1.0,-219.135220126,1.0,219.135220126,0.0,0.0,1.0,219.135220126,1.0,219.135220126,1,219.135220126,1,219.135220126,0.0,0.0,-1.0,-219.135220126,1,219.135220126,-1.0,-219.135220126,1.0,219.135220126,-1,-219.135220126,-1,-219.135220126,-1.0,-219.135220126,1.0,219.135220126,1.0,219.135220126,1.0,219.135220126
20170131,@TUH7,1.0,0.000144164924674,216796.875,rates,1485901802,2.0,0.0,0.0,1.0,0.0,1.0,0.0,1.0,0.0,-1.0,-0.0,-1.0,-0.0,-1.0,-0.0,-1.0,-0.0,-1.0,-0.0,-1.0,-0.0,-1.0,-0.0,0,0.0,1,0.0,1,0.0,0.0,0.0,1.0,0.0,-1.0,-0.0,0.0,0.0,-1.0,-0.0,1.0,0.0,0,0.0,1.0,0.0,-1.0,-0.0,1.0,0.0,1.0,0.0,-1.0,-0.0,1.0,0.0,-1.0,-0.0,-1.0,-0.0,1,0.0,0,0.0,-1.0,-0.0,-1.0,-0.0,-1,-0.0,-1.0,-0.0,1,0.0,-1.0,-0.0,1.0,0.0,1.0,0.0,1.0,0.0,-1.0,-0.0,0.0,0.0,0.0,0.0,1.0,0.0,1.0,0.0,-1.0,-0.0,1.0,0.0,-1,-0.0,1,0.0,-1.0,-0.0,-1.0,-0.0,1.0,0.0,0.0,0.0,-1.0,-0.0,-1.0,-0.0,0.0,0.0,1.0,0.0,-1.0,-0.0,-1,-0.0,-1,-0.0,1.0,0.0,0,0.0,1.0,0.0,-1,-0.0,-1,-0.0,1.0,0.0,0,0.0,-1.0,-0.0,-1.0,-0.0,1.0,0.0,-1.0,-0.0,-1.0,-0.0,1.0,0.0,0.0,0.0,-1.0,-0.0,1.0,0.0,1,0.0,1,0.0,0.0,0.0,-1.0,-0.0,1,0.0,1.0,0.0,1.0,0.0,0,0.0,-1,-0.0,1.0,0.0,1.0,0.0,1.0,0.0,1.0,0.0
20170131,@SMH7,1.0,0.000598086124402,33460.0,grain,1485901802,1.0,0.0,0.0,-1.0,-0.0,-1.0,-0.0,-1.0,-0.0,-1.0,-0.0,-1.0,-0.0,0.0,0.0,1.0,0.0,-1.0,-0.0,1.0,0.0,1.0,0.0,0,0.0,1,0.0,-1,-0.0,-1.0,-0.0,1.0,0.0,1.0,0.0,-1.0,-0.0,-1.0,-0.0,1.0,0.0,0,0.0,-1.0,-0.0,-1.0,-0.0,-1.0,-0.0,-1.0,-0.0,1.0,0.0,-1.0,-0.0,1.0,0.0,1.0,0.0,1,0.0,0,0.0,1.0,0.0,-1.0,-0.0,1,0.0,1.0,0.0,1,0.0,-1.0,-0.0,0.0,0.0,1.0,0.0,-1.0,-0.0,1.0,0.0,1.0,0.0,0.0,0.0,1.0,0.0,1.0,0.0,-1.0,-0.0,-1.0,-0.0,1,0.0,1,0.0,0.0,0.0,-1.0,-0.0,-1.0,-0.0,0.0,0.0,-1.0,-0.0,-1.0,-0.0,-1.0,-0.0,1.0,0.0,1.0,0.0,-1,-0.0,0,0.0,-1.0,-0.0,0,0.0,-1.0,-0.0,-1,-0.0,1,0.0,-1.0,-0.0,0,0.0,1.0,0.0,1.0,0.0,-1.0,-0.0,-1.0,-0.0,1.0,0.0,1.0,0.0,1.0,0.0,1.0,0.0,-1.0,-0.0,1,0.0,0,0.0,1.0,0.0,1.0,0.0,1,0.0,-1.0,-0.0,-1.0,-0.0,0,0.0,-1,-0.0,1.0,0.0,0.0,0.0,-1.0,-0.0,1.0,0.0
20170131,QSIH7,1.0,0.0246618470149,87875.0,metal,1485901802,1.0,0.0,0.0,1.0,0.0,1.0,0.0,1.0,0.0,-1.0,-0.0,-1.0,-0.0,0.0,0.0,1.0,0.0,-1.0,-0.0,-1.0,-0.0,-1.0,-0.0,0,0.0,1,0.0,1,0.0,1.0,0.0,1.0,0.0,-1.0,-0.0,0.0,0.0,-1.0,-0.0,1.0,0.0,0,0.0,1.0,0.0,1.0,0.0,1.0,0.0,1.0,0.0,-1.0,-0.0,1.0,0.0,-1.0,-0.0,-1.0,-0.0,1,0.0,0,0.0,-1.0,-0.0,-1.0,-0.0,-1,-0.0,-1.0,-0.0,1,0.0,-1.0,-0.0,1.0,0.0,1.0,0.0,1.0,0.0,-1.0,-0.0,0.0,0.0,0.0,0.0,1.0,0.0,1.0,0.0,-1.0,-0.0,1.0,0.0,-1,-0.0,-1,-0.0,-1.0,-0.0,-1.0,-0.0,1.0,0.0,0.0,0.0,-1.0,-0.0,1.0,0.0,1.0,0.0,-1.0,-0.0,1.0,0.0,-1,-0.0,0,0.0,1.0,0.0,0,0.0,1.0,0.0,-1,-0.0,-1,-0.0,1.0,0.0,0,0.0,-1.0,-0.0,-1.0,-0.0,1.0,0.0,1.0,0.0,-1.0,-0.0,-1.0,-0.0,-1.0,-0.0,-1.0,-0.0,-1.0,-0.0,1,0.0,0,0.0,-1.0,-0.0,-1.0,-0.0,1,0.0,1.0,0.0,1.0,0.0,0,0.0,-1,-0.0,1.0,0.0,0.0,0.0,-1.0,-0.0,1.0,0.0
20170131,@SFH7,1.0,0.00585840532221,126625.0,currency,1485901802,1.0,0.0,0.0,0.0,0.0,1.0,0.0,-1.0,-0.0,1.0,0.0,-1.0,-0.0,0.0,0.0,-1.0,-0.0,1.0,0.0,-1.0,-0.0,1.0,0.0,-1,-0.0,-1,-0.0,-1,-0.0,-1.0,-0.0,1.0,0.0,1.0,0.0,0.0,0.0,1.0,0.0,1.0,0.0,0,0.0,-1.0,-0.0,-1.0,-0.0,-1.0,-0.0,0.0,0.0,0.0,0.0,1.0,0.0,1.0,0.0,-1.0,-0.0,-1,-0.0,-1,-0.0,0.0,0.0,-1.0,-0.0,-1,-0.0,1.0,0.0,-1,-0.0,1.0,0.0,-1.0,-0.0,-1.0,-0.0,-1.0,-0.0,1.0,0.0,0.0,0.0,-1.0,-0.0,-1.0,-0.0,-1.0,-0.0,-1.0,-0.0,1.0,0.0,-1,-0.0,1,0.0,1.0,0.0,1.0,0.0,-1.0,-0.0,1.0,0.0,1.0,0.0,-1.0,-0.0,-1.0,-0.0,1.0,0.0,-1.0,-0.0,1,0.0,0,0.0,-1.0,-0.0,0,0.0,1.0,0.0,1,0.0,-1,-0.0,1.0,0.0,1,0.0,1.0,0.0,0.0,0.0,0.0,0.0,-1.0,-0.0,1.0,0.0,1.0,0.0,1.0,0.0,-1.0,-0.0,1.0,0.0,-1,-0.0,0,0.0,1.0,0.0,1.0,0.0,-1,-0.0,1.0,0.0,-1.0,-0.0,1,0.0,1,0.0,1.0,0.0,0.0,0.0,1.0,0.0,-1.0,-0.0
20170131,@SH7,1.0,0.0014666340748,51212.5,grain,1485901802,1.0,0.0,0.0,0.0,0.0,1.0,0.0,1.0,0.0,-1.0,-0.0,-1.0,-0.0,1.0,0.0,1.0,0.0,1.0,0.0,1.0,0.0,-1.0,-0.0,-1,-0.0,-1,-0.0,-1,-0.0,0.0,0.0,1.0,0.0,1.0,0.0,-1.0,-0.0,-1.0,-0.0,1.0,0.0,0,0.0,1.0,0.0,-1.0,-0.0,1.0,0.0,0.0,0.0,0.0,0.0,-1.0,-0.0,-1.0,-0.0,1.0,0.0,-1,-0.0,-1,-0.0,0.0,0.0,-1.0,-0.0,1,0.0,1.0,0.0,1,0.0,-1.0,-0.0,0.0,0.0,1.0,0.0,-1.0,-0.0,1.0,0.0,1.0,0.0,-1.0,-0.0,1.0,0.0,-1.0,-0.0,-1.0,-0.0,-1.0,-0.0,-1,-0.0,-1,-0.0,0.0,0.0,-1.0,-0.0,-1.0,-0.0,1.0,0.0,1.0,0.0,-1.0,-0.0,0.0,0.0,1.0,0.0,1.0,0.0,1,0.0,1,0.0,1.0,0.0,0,0.0,-1.0,-0.0,1,0.0,-1,-0.0,1.0,0.0,1,0.0,-1.0,-0.0,0.0,0.0,0.0,0.0,1.0,0.0,-1.0,-0.0,1.0,0.0,0.0,0.0,1.0,0.0,-1.0,-0.0,-1,-0.0,-1,-0.0,0.0,0.0,-1.0,-0.0,1,0.0,-1.0,-0.0,1.0,0.0,1,0.0,1,0.0,1.0,0.0,-1.0,-0.0,-1.0,-0.0,-1.0,-0.0
20170131,QRBH7,1.0,0.0148066010045,65343.6,energy,1485901802,1.0,0.0,0.0,0.0,0.0,1.0,0.0,1.0,0.0,1.0,0.0,-1.0,-0.0,1.0,0.0,1.0,0.0,1.0,0.0,1.0,0.0,-1.0,-0.0,-1,-0.0,-1,-0.0,-1,-0.0,0.0,0.0,1.0,0.0,1.0,0.0,0.0,0.0,-1.0,-0.0,1.0,0.0,0,0.0,1.0,0.0,-1.0,-0.0,1.0,0.0,0.0,0.0,0.0,0.0,-1.0,-0.0,-1.0,-0.0,1.0,0.0,-1,-0.0,-1,-0.0,0.0,0.0,-1.0,-0.0,-1,-0.0,1.0,0.0,-1,-0.0,-1.0,-0.0,-1.0,-0.0,-1.0,-0.0,-1.0,-0.0,-1.0,-0.0,0.0,0.0,-1.0,-0.0,1.0,0.0,-1.0,-0.0,-1.0,-0.0,1.0,0.0,-1,-0.0,-1,-0.0,1.0,0.0,1.0,0.0,1.0,0.0,1.0,0.0,1.0,0.0,-1.0,-0.0,0.0,0.0,1.0,0.0,1.0,0.0,1,0.0,1,0.0,1.0,0.0,0,0.0,-1.0,-0.0,1,0.0,-1,-0.0,1.0,0.0,1,0.0,-1.0,-0.0,0.0,0.0,0.0,0.0,1.0,0.0,-1.0,-0.0,1.0,0.0,0.0,0.0,1.0,0.0,-1.0,-0.0,-1,-0.0,-1,-0.0,0.0,0.0,-1.0,-0.0,1,0.0,-1.0,-0.0,1.0,0.0,1,0.0,1,0.0,1.0,0.0,-1.0,-0.0,-1.0,-0.0,-1.0,-0.0
20170131,QPLJ7,1.0,0.00523402113739,49935.0,metal,1485901802,1.0,0.0,0.0,1.0,0.0,1.0,0.0,1.0,0.0,-1.0,-0.0,1.0,0.0,0.0,0.0,-1.0,-0.0,1.0,0.0,-1.0,-0.0,-1.0,-0.0,0,0.0,-1,-0.0,1,0.0,1.0,0.0,-1.0,-0.0,-1.0,-0.0,0.0,0.0,1.0,0.0,-1.0,-0.0,0,0.0,1.0,0.0,1.0,0.0,1.0,0.0,1.0,0.0,-1.0,-0.0,1.0,0.0,-1.0,-0.0,-1.0,-0.0,-1,-0.0,0,0.0,-1.0,-0.0,1.0,0.0,-1,-0.0,-1.0,-0.0,1,0.0,1.0,0.0,1.0,0.0,1.0,0.0,1.0,0.0,1.0,0.0,0.0,0.0,0.0,0.0,-1.0,-0.0,-1.0,-0.0,1.0,0.0,1.0,0.0,-1,-0.0,-1,-0.0,-1.0,-0.0,-1.0,-0.0,-1.0,-0.0,0.0,0.0,1.0,0.0,1.0,0.0,1.0,0.0,-1.0,-0.0,-1.0,-0.0,1,0.0,0,0.0,1.0,0.0,0,0.0,1.0,0.0,1,0.0,-1,-0.0,1.0,0.0,0,0.0,-1.0,-0.0,-1.0,-0.0,1.0,0.0,1.0,0.0,-1.0,-0.0,-1.0,-0.0,-1.0,-0.0,-1.0,-0.0,1.0,0.0,-1,-0.0,0,0.0,-1.0,-0.0,-1.0,-0.0,-1,-0.0,1.0,0.0,1.0,0.0,0,0.0,1,0.0,-1.0,-0.0,0.0,0.0,1.0,0.0,-1.0,-0.0
20170131,QPAH7,1.0,0.0216670052136,75445.0,metal,1485901802,1.0,0.0,0.0,0.0,0.0,1.0,0.0,-1.0,-0.0,-1.0,-0.0,-1.0,-0.0,1.0,0.0,1.0,0.0,1.0,0.0,-1.0,-0.0,1.0,0.0,-1,-0.0,-1,-0.0,-1,-0.0,0.0,0.0,1.0,0.0,-1.0,-0.0,-1.0,-0.0,-1.0,-0.0,1.0,0.0,0,0.0,-1.0,-0.0,1.0,0.0,-1.0,-0.0,0.0,0.0,0.0,0.0,1.0,0.0,1.0,0.0,-1.0,-0.0,-1,-0.0,-1,-0.0,0.0,0.0,-1.0,-0.0,-1,-0.0,1.0,0.0,1,0.0,1.0,0.0,0.0,0.0,-1.0,-0.0,1.0,0.0,1.0,0.0,1.0,0.0,-1.0,-0.0,1.0,0.0,-1.0,-0.0,-1.0,-0.0,1.0,0.0,-1,-0.0,-1,-0.0,0.0,0.0,1.0,0.0,-1.0,-0.0,1.0,0.0,1.0,0.0,1.0,0.0,0.0,0.0,-1.0,-0.0,1.0,0.0,1,0.0,1,0.0,-1.0,-0.0,0,0.0,1.0,0.0,1,0.0,-1,-0.0,1.0,0.0,1,0.0,1.0,0.0,0.0,0.0,0.0,0.0,1.0,0.0,1.0,0.0,-1.0,-0.0,0.0,0.0,-1.0,-0.0,-1.0,-0.0,-1,-0.0,-1,-0.0,0.0,0.0,1.0,0.0,-1,-0.0,1.0,0.0,-1.0,-0.0,1,0.0,1,0.0,1.0,0.0,-1.0,-0.0,-1.0,-0.0,-1.0,-0.0
20170131,@NQH7,1.0,0.00141477217289,102635.0,index,1485901802,1.0,0.0,0.0,0.0,0.0,1.0,0.0,-1.0,-0.0,-1.0,-0.0,-1.0,-0.0,0.0,0.0,1.0,0.0,-1.0,-0.0,1.0,0.0,-1.0,-0.0,-1,-0.0,-1,-0.0,-1,-0.0,-1.0,-0.0,1.0,0.0,1.0,0.0,-1.0,-0.0,-1.0,-0.0,1.0,0.0,0,0.0,-1.0,-0.0,-1.0,-0.0,1.0,0.0,0.0,0.0,0.0,0.0,-1.0,-0.0,-1.0,-0.0,1.0,0.0,-1,-0.0,-1,-0.0,0.0,0.0,-1.0,-0.0,-1,-0.0,1.0,0.0,1,0.0,-1.0,-0.0,0.0,0.0,1.0,0.0,-1.0,-0.0,1.0,0.0,1.0,0.0,-1.0,-0.0,1.0,0.0,-1.0,-0.0,-1.0,-0.0,1.0,0.0,-1,-0.0,1,0.0,0.0,0.0,-1.0,-0.0,-1.0,-0.0,1.0,0.0,1.0,0.0,-1.0,-0.0,-1.0,-0.0,1.0,0.0,1.0,0.0,-1,-0.0,0,0.0,1.0,0.0,0,0.0,-1.0,-0.0,1,0.0,-1,-0.0,1.0,0.0,1,0.0,-1.0,-0.0,0.0,0.0,0.0,0.0,-1.0,-0.0,1.0,0.0,1.0,0.0,1.0,0.0,1.0,0.0,-1.0,-0.0,1,0.0,0,0.0,1.0,0.0,1.0,0.0,1,0.0,-1.0,-0.0,1.0,0.0,1,0.0,1,0.0,1.0,0.0,0.0,0.0,-1.0,-0.0,1.0,0.0
20170131,@NKDH7,-1.0,-0.0104302477184,83362.6219137,index,1485901802,1.0,-0.0,0.0,0.0,-0.0,1.0,-0.0,-1.0,0.0,1.0,-0.0,-1.0,0.0,0.0,-0.0,1.0,-0.0,-1.0,0.0,1.0,-0.0,-1.0,0.0,-1,0.0,-1,0.0,-1,0.0,-1.0,0.0,1.0,-0.0,1.0,-0.0,0.0,-0.0,-1.0,0.0,1.0,-0.0,0,-0.0,-1.0,0.0,-1.0,0.0,-1.0,0.0,-1.0,0.0,1.0,-0.0,-1.0,0.0,1.0,-0.0,1.0,-0.0,1,-0.0,0,-0.0,0.0,-0.0,-1.0,0.0,1,-0.0,1.0,-0.0,-1,0.0,-1.0,0.0,-1.0,0.0,-1.0,0.0,-1.0,0.0,-1.0,0.0,0.0,-0.0,0.0,-0.0,1.0,-0.0,1.0,-0.0,-1.0,0.0,-1.0,0.0,1,-0.0,1,-0.0,1.0,-0.0,1.0,-0.0,1.0,-0.0,0.0,-0.0,-1.0,0.0,-1.0,0.0,-1.0,0.0,1.0,-0.0,1.0,-0.0,-1,0.0,0,-0.0,-1.0,0.0,0,-0.0,-1.0,0.0,-1,0.0,-1,0.0,-1.0,0.0,0,-0.0,1.0,-0.0,1.0,-0.0,-1.0,0.0,-1.0,0.0,1.0,-0.0,1.0,-0.0,1.0,-0.0,1.0,-0.0,-1.0,0.0,1,-0.0,0,-0.0,1.0,-0.0,1.0,-0.0,1,-0.0,-1.0,0.0,1.0,-0.0,1,-0.0,1,-0.0,1.0,-0.0,0.0,-0.0,-1.0,0.0,1.0,-0.0
20170131,@BOH7,1.0,0.00654567093127,20298.0,grain,1485901802,1.0,132.864028563,132.864028563,-1.0,-132.864028563,-1.0,-132.864028563,1.0,132.864028563,1.0,132.864028563,-1.0,-132.864028563,1.0,132.864028563,1.0,132.864028563,1.0,132.864028563,1.0,132.864028563,1.0,132.864028563,0,0.0,1,132.864028563,-1,-132.864028563,0.0,0.0,1.0,132.864028563,1.0,132.864028563,0.0,0.0,-1.0,-132.864028563,1.0,132.864028563,0,0.0,1.0,132.864028563,-1.0,-132.864028563,-1.0,-132.864028563,-1.0,-132.864028563,1.0,132.864028563,-1.0,-132.864028563,1.0,132.864028563,1.0,132.864028563,1,132.864028563,0,0.0,1.0,132.864028563,-1.0,-132.864028563,-1,-132.864028563,1.0,132.864028563,-1,-132.864028563,-1.0,-132.864028563,-1.0,-132.864028563,-1.0,-132.864028563,-1.0,-132.864028563,-1.0,-132.864028563,0.0,0.0,0.0,0.0,1.0,132.864028563,1.0,132.864028563,-1.0,-132.864028563,1.0,132.864028563,1,132.864028563,-1,-132.864028563,1.0,132.864028563,1.0,132.864028563,1.0,132.864028563,0.0,0.0,-1.0,-132.864028563,-1.0,-132.864028563,0.0,0.0,1.0,132.864028563,1.0,132.864028563,1,132.864028563,1,132.864028563,-1.0,-132.864028563,0,0.0,-1.0,-132.864028563,-1,-132.864028563,1,132.864028563,-1.0,-132.864028563,0,0.0,1.0,132.864028563,1.0,132.864028563,-1.0,-132.864028563,1.0,132.864028563,-1.0,-132.864028563,1.0,132.864028563,0.0,0.0,1.0,132.864028563,-1.0,-132.864028563,-1,-132.864028563,-1,-132.864028563,0.0,0.0,-1.0,-132.864028563,1,132.864028563,-1.0,-132.864028563,-1.0,-132.864028563,0,0.0,-1,-132.864028563,1.0,132.864028563,-1.0,-132.864028563,-1.0,-132.864028563,-1.0,-132.864028563
20170131,QNGH7,-1.0,-0.0309405940594,31320.0,energy,1485901802,1.0,-969.059405941,969.059405941,0.0,-0.0,1.0,-969.059405941,1.0,-969.059405941,-1.0,969.059405941,-1.0,969.059405941,1.0,-969.059405941,1.0,-969.059405941,1.0,-969.059405941,1.0,-969.059405941,-1.0,969.059405941,-1,969.059405941,-1,969.059405941,-1,969.059405941,0.0,-0.0,1.0,-969.059405941,1.0,-969.059405941,-1.0,969.059405941,-1.0,969.059405941,1.0,-969.059405941,0,-0.0,1.0,-969.059405941,-1.0,969.059405941,1.0,-969.059405941,0.0,-0.0,0.0,-0.0,-1.0,969.059405941,-1.0,969.059405941,1.0,-969.059405941,-1,969.059405941,-1,969.059405941,0.0,-0.0,-1.0,969.059405941,-1,969.059405941,1.0,-969.059405941,1,-969.059405941,-1.0,969.059405941,0.0,-0.0,1.0,-969.059405941,-1.0,969.059405941,1.0,-969.059405941,1.0,-969.059405941,-1.0,969.059405941,1.0,-969.059405941,-1.0,969.059405941,-1.0,969.059405941,1.0,-969.059405941,-1,969.059405941,-1,969.059405941,0.0,-0.0,-1.0,969.059405941,-1.0,969.059405941,1.0,-969.059405941,1.0,-969.059405941,-1.0,969.059405941,0.0,-0.0,1.0,-969.059405941,1.0,-969.059405941,1,-969.059405941,1,-969.059405941,1.0,-969.059405941,0,-0.0,-1.0,969.059405941,1,-969.059405941,-1,969.059405941,1.0,-969.059405941,1,-969.059405941,-1.0,969.059405941,0.0,-0.0,0.0,-0.0,1.0,-969.059405941,-1.0,969.059405941,1.0,-969.059405941,0.0,-0.0,1.0,-969.059405941,-1.0,969.059405941,-1,969.059405941,-1,969.059405941,0.0,-0.0,-1.0,969.059405941,1,-969.059405941,-1.0,969.059405941,1.0,-969.059405941,1,-969.059405941,1,-969.059405941,1.0,-969.059405941,-1.0,969.059405941,-1.0,969.059405941,-1.0,969.059405941
20170131,@PXH7,-1.0,-0.00292336604719,23875.0,currency,1485901802,1.0,-0.0,0.0,0.0,-0.0,1.0,-0.0,-1.0,0.0,1.0,-0.0,-1.0,0.0,1.0,-0.0,1.0,-0.0,1.0,-0.0,-1.0,0.0,1.0,-0.0,-1,0.0,-1,0.0,-1,0.0,0.0,-0.0,1.0,-0.0,1.0,-0.0,0.0,-0.0,1.0,-0.0,1.0,-0.0,0,-0.0,-1.0,0.0,1.0,-0.0,-1.0,0.0,0.0,-0.0,0.0,-0.0,1.0,-0.0,1.0,-0.0,-1.0,0.0,-1,0.0,-1,0.0,0.0,-0.0,-1.0,0.0,-1,0.0,1.0,-0.0,-1,0.0,1.0,-0.0,-1.0,0.0,-1.0,0.0,-1.0,0.0,1.0,-0.0,0.0,-0.0,-1.0,0.0,-1.0,0.0,-1.0,0.0,-1.0,0.0,1.0,-0.0,-1,0.0,-1,0.0,1.0,-0.0,1.0,-0.0,-1.0,0.0,1.0,-0.0,1.0,-0.0,1.0,-0.0,0.0,-0.0,-1.0,0.0,1.0,-0.0,1,-0.0,1,-0.0,-1.0,0.0,0,-0.0,1.0,-0.0,1,-0.0,-1,0.0,1.0,-0.0,1,-0.0,1.0,-0.0,0.0,-0.0,0.0,-0.0,1.0,-0.0,1.0,-0.0,-1.0,0.0,0.0,-0.0,-1.0,0.0,-1.0,0.0,-1,0.0,-1,0.0,0.0,-0.0,1.0,-0.0,-1,0.0,1.0,-0.0,-1.0,0.0,1,-0.0,1,-0.0,1.0,-0.0,-1.0,0.0,-1.0,0.0,-1.0,0.0
20170131,@LEJ7,-1.0,-0.00674940126279,45620.0,meat,1485901802,1.0,-0.0,0.0,0.0,-0.0,1.0,-0.0,1.0,-0.0,1.0,-0.0,-1.0,0.0,1.0,-0.0,1.0,-0.0,1.0,-0.0,1.0,-0.0,-1.0,0.0,-1,0.0,-1,0.0,-1,0.0,0.0,-0.0,1.0,-0.0,1.0,-0.0,0.0,-0.0,-1.0,0.0,1.0,-0.0,0,-0.0,1.0,-0.0,-1.0,0.0,1.0,-0.0,0.0,-0.0,0.0,-0.0,-1.0,0.0,-1.0,0.0,1.0,-0.0,-1,0.0,-1,0.0,0.0,-0.0,-1.0,0.0,1,-0.0,1.0,-0.0,-1,0.0,-1.0,0.0,-1.0,0.0,-1.0,0.0,-1.0,0.0,-1.0,0.0,0.0,-0.0,-1.0,0.0,1.0,-0.0,-1.0,0.0,-1.0,0.0,-1.0,0.0,-1,0.0,-1,0.0,1.0,-0.0,1.0,-0.0,1.0,-0.0,1.0,-0.0,1.0,-0.0,-1.0,0.0,0.0,-0.0,1.0,-0.0,1.0,-0.0,1,-0.0,1,-0.0,1.0,-0.0,0,-0.0,-1.0,0.0,1,-0.0,-1,0.0,1.0,-0.0,1,-0.0,-1.0,0.0,0.0,-0.0,0.0,-0.0,1.0,-0.0,-1.0,0.0,1.0,-0.0,0.0,-0.0,1.0,-0.0,-1.0,0.0,-1,0.0,-1,0.0,0.0,-0.0,-1.0,0.0,1,-0.0,-1.0,0.0,1.0,-0.0,1,-0.0,1,-0.0,1.0,-0.0,-1.0,0.0,-1.0,0.0,-1.0,0.0
20170131,@JYH7,1.0,0.00783378746594,110962.5,currency,1485901802,1.0,0.0,0.0,1.0,0.0,1.0,0.0,-1.0,-0.0,-1.0,-0.0,1.0,0.0,-1.0,-0.0,-1.0,-0.0,-1.0,-0.0,-1.0,-0.0,-1.0,-0.0,0,0.0,-1,-0.0,1,0.0,0.0,0.0,-1.0,-0.0,-1.0,-0.0,0.0,0.0,1.0,0.0,-1.0,-0.0,0,0.0,-1.0,-0.0,1.0,0.0,1.0,0.0,1.0,0.0,-1.0,-0.0,1.0,0.0,-1.0,-0.0,-1.0,-0.0,-1,-0.0,0,0.0,-1.0,-0.0,1.0,0.0,-1,-0.0,-1.0,-0.0,1,0.0,1.0,0.0,1.0,0.0,1.0,0.0,1.0,0.0,1.0,0.0,0.0,0.0,0.0,0.0,-1.0,-0.0,-1.0,-0.0,1.0,0.0,1.0,0.0,-1,-0.0,1,0.0,-1.0,-0.0,-1.0,-0.0,-1.0,-0.0,0.0,0.0,1.0,0.0,1.0,0.0,0.0,0.0,-1.0,-0.0,-1.0,-0.0,-1,-0.0,-1,-0.0,1.0,0.0,0,0.0,1.0,0.0,1,0.0,-1,-0.0,1.0,0.0,0,0.0,-1.0,-0.0,-1.0,-0.0,1.0,0.0,-1.0,-0.0,1.0,0.0,-1.0,-0.0,0.0,0.0,-1.0,-0.0,1.0,0.0,1,0.0,1,0.0,0.0,0.0,1.0,0.0,-1,-0.0,1.0,0.0,1.0,0.0,0,0.0,1,0.0,-1.0,-0.0,1.0,0.0,1.0,0.0,1.0,0.0
20170131,QHOH7,1.0,0.00406353897303,68493.6,energy,1485901802,1.0,0.0,0.0,0.0,0.0,1.0,0.0,1.0,0.0,-1.0,-0.0,-1.0,-0.0,1.0,0.0,1.0,0.0,1.0,0.0,1.0,0.0,-1.0,-0.0,-1,-0.0,-1,-0.0,-1,-0.0,0.0,0.0,1.0,0.0,1.0,0.0,-1.0,-0.0,-1.0,-0.0,1.0,0.0,0,0.0,1.0,0.0,-1.0,-0.0,1.0,0.0,0.0,0.0,0.0,0.0,-1.0,-0.0,-1.0,-0.0,1.0,0.0,-1,-0.0,-1,-0.0,0.0,0.0,-1.0,-0.0,-1,-0.0,1.0,0.0,1,0.0,-1.0,-0.0,0.0,0.0,1.0,0.0,-1.0,-0.0,1.0,0.0,1.0,0.0,-1.0,-0.0,1.0,0.0,-1.0,-0.0,-1.0,-0.0,1.0,0.0,-1,-0.0,-1,-0.0,0.0,0.0,-1.0,-0.0,-1.0,-0.0,1.0,0.0,1.0,0.0,-1.0,-0.0,0.0,0.0,1.0,0.0,1.0,0.0,1,0.0,1,0.0,1.0,0.0,0,0.0,-1.0,-0.0,1,0.0,-1,-0.0,1.0,0.0,1,0.0,-1.0,-0.0,0.0,0.0,0.0,0.0,1.0,0.0,-1.0,-0.0,1.0,0.0,0.0,0.0,1.0,0.0,-1.0,-0.0,-1,-0.0,-1,-0.0,0.0,0.0,-1.0,-0.0,1,0.0,-1.0,-0.0,1.0,0.0,1,0.0,1,0.0,1.0,0.0,-1.0,-0.0,-1.0,-0.0,-1.0,-0.0
20170131,QHGH7,1.0,0.0267419962335,68150.0,metal,1485901802,1.0,1822.46704331,1822.46704331,0.0,0.0,1.0,1822.46704331,1.0,1822.46704331,-1.0,-1822.46704331,-1.0,-1822.46704331,1.0,1822.46704331,1.0,1822.46704331,1.0,1822.46704331,1.0,1822.46704331,-1.0,-1822.46704331,-1,-1822.46704331,-1,-1822.46704331,-1,-1822.46704331,0.0,0.0,1.0,1822.46704331,1.0,1822.46704331,-1.0,-1822.46704331,-1.0,-1822.46704331,1.0,1822.46704331,0,0.0,1.0,1822.46704331,-1.0,-1822.46704331,1.0,1822.46704331,0.0,0.0,0.0,0.0,-1.0,-1822.46704331,-1.0,-1822.46704331,1.0,1822.46704331,-1,-1822.46704331,-1,-1822.46704331,0.0,0.0,-1.0,-1822.46704331,-1,-1822.46704331,1.0,1822.46704331,1,1822.46704331,-1.0,-1822.46704331,0.0,0.0,1.0,1822.46704331,-1.0,-1822.46704331,1.0,1822.46704331,1.0,1822.46704331,-1.0,-1822.46704331,1.0,1822.46704331,-1.0,-1822.46704331,-1.0,-1822.46704331,1.0,1822.46704331,-1,-1822.46704331,-1,-1822.46704331,0.0,0.0,-1.0,-1822.46704331,-1.0,-1822.46704331,1.0,1822.46704331,1.0,1822.46704331,-1.0,-1822.46704331,0.0,0.0,1.0,1822.46704331,1.0,1822.46704331,1,1822.46704331,1,1822.46704331,1.0,1822.46704331,0,0.0,-1.0,-1822.46704331,1,1822.46704331,-1,-1822.46704331,1.0,1822.46704331,1,1822.46704331,-1.0,-1822.46704331,0.0,0.0,0.0,0.0,1.0,1822.46704331,-1.0,-1822.46704331,1.0,1822.46704331,0.0,0.0,1.0,1822.46704331,-1.0,-1822.46704331,-1,-1822.46704331,-1,-1822.46704331,0.0,0.0,-1.0,-1822.46704331,1,1822.46704331,-1.0,-1822.46704331,1.0,1822.46704331,1,1822.46704331,1,1822.46704331,1.0,1822.46704331,-1.0,-1822.46704331,-1.0,-1822.46704331,-1.0,-1822.46704331
20170131,QGCJ7,1.0,0.0137123745819,121240.0,metal,1485901802,1.0,0.0,0.0,1.0,0.0,1.0,0.0,-1.0,-0.0,1.0,0.0,1.0,0.0,-1.0,-0.0,-1.0,-0.0,-1.0,-0.0,-1.0,-0.0,-1.0,-0.0,0,0.0,-1,-0.0,1,0.0,0.0,0.0,-1.0,-0.0,-1.0,-0.0,1.0,0.0,1.0,0.0,-1.0,-0.0,0,0.0,-1.0,-0.0,1.0,0.0,1.0,0.0,1.0,0.0,-1.0,-0.0,1.0,0.0,-1.0,-0.0,-1.0,-0.0,-1,-0.0,0,0.0,-1.0,-0.0,1.0,0.0,-1,-0.0,-1.0,-0.0,-1,-0.0,1.0,0.0,0.0,0.0,-1.0,-0.0,1.0,0.0,-1.0,-0.0,-1.0,-0.0,0.0,0.0,-1.0,-0.0,-1.0,-0.0,1.0,0.0,1.0,0.0,-1,-0.0,1,0.0,0.0,0.0,1.0,0.0,1.0,0.0,0.0,0.0,1.0,0.0,1.0,0.0,0.0,0.0,-1.0,-0.0,-1.0,-0.0,-1,-0.0,-1,-0.0,1.0,0.0,0,0.0,1.0,0.0,1,0.0,-1,-0.0,1.0,0.0,0,0.0,-1.0,-0.0,-1.0,-0.0,1.0,0.0,-1.0,-0.0,1.0,0.0,-1.0,-0.0,0.0,0.0,-1.0,-0.0,1.0,0.0,1,0.0,1,0.0,0.0,0.0,1.0,0.0,-1,-0.0,1.0,0.0,1.0,0.0,0,0.0,1,0.0,-1.0,-0.0,1.0,0.0,1.0,0.0,1.0,0.0
20170131,@FVH7,1.0,0.000862526539278,117851.5625,rates,1485901802,1.0,0.0,0.0,1.0,0.0,1.0,0.0,1.0,0.0,1.0,0.0,-1.0,-0.0,-1.0,-0.0,-1.0,-0.0,-1.0,-0.0,-1.0,-0.0,-1.0,-0.0,0,0.0,1,0.0,1,0.0,0.0,0.0,1.0,0.0,1.0,0.0,1.0,0.0,1.0,0.0,1.0,0.0,0,0.0,1.0,0.0,-1.0,-0.0,1.0,0.0,1.0,0.0,-1.0,-0.0,1.0,0.0,-1.0,-0.0,-1.0,-0.0,1,0.0,0,0.0,-1.0,-0.0,-1.0,-0.0,-1,-0.0,-1.0,-0.0,-1,-0.0,-1.0,-0.0,0.0,0.0,1.0,0.0,-1.0,-0.0,-1.0,-0.0,-1.0,-0.0,0.0,0.0,-1.0,-0.0,1.0,0.0,-1.0,-0.0,1.0,0.0,-1,-0.0,1,0.0,0.0,0.0,-1.0,-0.0,1.0,0.0,0.0,0.0,-1.0,-0.0,-1.0,-0.0,0.0,0.0,1.0,0.0,-1.0,-0.0,-1,-0.0,-1,-0.0,1.0,0.0,0,0.0,1.0,0.0,-1,-0.0,-1,-0.0,1.0,0.0,0,0.0,-1.0,-0.0,-1.0,-0.0,1.0,0.0,-1.0,-0.0,-1.0,-0.0,1.0,0.0,0.0,0.0,-1.0,-0.0,1.0,0.0,1,0.0,1,0.0,0.0,0.0,-1.0,-0.0,1,0.0,1.0,0.0,1.0,0.0,0,0.0,-1,-0.0,1.0,0.0,1.0,0.0,1.0,0.0,1.0,0.0
20170131,@GFH7,-1.0,-0.0108958837772,61275.0,meat,1485901802,1.0,-0.0,0.0,0.0,-0.0,1.0,-0.0,-1.0,0.0,1.0,-0.0,-1.0,0.0,0.0,-0.0,1.0,-0.0,-1.0,0.0,1.0,-0.0,-1.0,0.0,-1,0.0,-1,0.0,-1,0.0,-1.0,0.0,1.0,-0.0,1.0,-0.0,0.0,-0.0,-1.0,0.0,1.0,-0.0,0,-0.0,-1.0,0.0,-1.0,0.0,1.0,-0.0,0.0,-0.0,0.0,-0.0,-1.0,0.0,-1.0,0.0,1.0,-0.0,-1,0.0,-1,0.0,0.0,-0.0,-1.0,0.0,1,-0.0,1.0,-0.0,-1,0.0,-1.0,0.0,-1.0,0.0,-1.0,0.0,-1.0,0.0,-1.0,0.0,0.0,-0.0,-1.0,0.0,1.0,-0.0,-1.0,0.0,-1.0,0.0,-1.0,0.0,-1,0.0,1,-0.0,1.0,-0.0,1.0,-0.0,1.0,-0.0,1.0,-0.0,1.0,-0.0,-1.0,0.0,-1.0,0.0,1.0,-0.0,1.0,-0.0,-1,0.0,0,-0.0,1.0,-0.0,0,-0.0,-1.0,0.0,1,-0.0,-1,0.0,1.0,-0.0,1,-0.0,-1.0,0.0,0.0,-0.0,0.0,-0.0,-1.0,0.0,1.0,-0.0,1.0,-0.0,1.0,-0.0,1.0,-0.0,-1.0,0.0,1,-0.0,0,-0.0,1.0,-0.0,1.0,-0.0,1,-0.0,-1.0,0.0,1.0,-0.0,1,-0.0,1,-0.0,1.0,-0.0,0.0,-0.0,-1.0,0.0,1.0,-0.0
20170131,@ESH7,1.0,0.00054920913884,113862.5,index,1485901802,1.0,62.5343255712,62.5343255712,0.0,0.0,1.0,62.5343255712,1.0,62.5343255712,1.0,62.5343255712,-1.0,-62.5343255712,1.0,62.5343255712,1.0,62.5343255712,1.0,62.5343255712,1.0,62.5343255712,-1.0,-62.5343255712,-1,-62.5343255712,-1,-62.5343255712,-1,-62.5343255712,0.0,0.0,1.0,62.5343255712,1.0,62.5343255712,0.0,0.0,-1.0,-62.5343255712,1.0,62.5343255712,1,27.460456942,1.0,62.5343255712,-1.0,-62.5343255712,1.0,62.5343255712,0.0,0.0,0.0,0.0,-1.0,-62.5343255712,-1.0,-62.5343255712,1.0,62.5343255712,-1,-62.5343255712,-1,-62.5343255712,0.0,0.0,-1.0,-62.5343255712,-1,-62.5343255712,1.0,62.5343255712,-1,-62.5343255712,-1.0,-62.5343255712,-1.0,-62.5343255712,-1.0,-62.5343255712,-1.0,-62.5343255712,-1.0,-62.5343255712,0.0,0.0,-1.0,-62.5343255712,1.0,62.5343255712,-1.0,-62.5343255712,-1.0,-62.5343255712,1.0,62.5343255712,-1,-62.5343255712,-1,-62.5343255712,1.0,62.5343255712,1.0,62.5343255712,1.0,62.5343255712,1.0,62.5343255712,1.0,62.5343255712,-1.0,-62.5343255712,0.0,0.0,1.0,62.5343255712,1.0,62.5343255712,1,62.5343255712,1,62.5343255712,1.0,62.5343255712,0,0.0,-1.0,-62.5343255712,1,62.5343255712,-1,-62.5343255712,1.0,62.5343255712,1,62.5343255712,-1.0,-62.5343255712,0.0,0.0,0.0,0.0,1.0,62.5343255712,-1.0,-62.5343255712,1.0,62.5343255712,0.0,0.0,1.0,62.5343255712,-1.0,-62.5343255712,-1,-62.5343255712,-1,-62.5343255712,0.0,0.0,-1.0,-62.5343255712,1,62.5343255712,-1.0,-62.5343255712,1.0,62.5343255712,1,62.5343255712,1,62.5343255712,1.0,62.5343255712,-1.0,-62.5343255712,-1.0,-62.5343255712,-1.0,-62.5343255712
20170131,@EMDH7,1.0,0.00410567654409,168750.0,index,1485901802,1.0,0.0,0.0,-1.0,-0.0,-1.0,-0.0,1.0,0.0,-1.0,-0.0,-1.0,-0.0,1.0,0.0,1.0,0.0,1.0,0.0,1.0,0.0,1.0,0.0,0,0.0,1,0.0,-1,-0.0,0.0,0.0,1.0,0.0,1.0,0.0,-1.0,-0.0,-1.0,-0.0,1.0,0.0,0,0.0,1.0,0.0,-1.0,-0.0,-1.0,-0.0,-1.0,-0.0,1.0,0.0,-1.0,-0.0,1.0,0.0,1.0,0.0,1,0.0,0,0.0,1.0,0.0,-1.0,-0.0,-1,-0.0,1.0,0.0,1,0.0,-1.0,-0.0,0.0,0.0,1.0,0.0,-1.0,-0.0,1.0,0.0,1.0,0.0,0.0,0.0,1.0,0.0,1.0,0.0,-1.0,-0.0,1.0,0.0,1,0.0,-1,-0.0,0.0,0.0,-1.0,-0.0,-1.0,-0.0,0.0,0.0,-1.0,-0.0,-1.0,-0.0,0.0,0.0,1.0,0.0,1.0,0.0,1,0.0,1,0.0,-1.0,-0.0,0,0.0,-1.0,-0.0,-1,-0.0,1,0.0,-1.0,-0.0,0,0.0,1.0,0.0,1.0,0.0,-1.0,-0.0,1.0,0.0,-1.0,-0.0,1.0,0.0,0.0,0.0,1.0,0.0,-1.0,-0.0,-1,-0.0,-1,-0.0,0.0,0.0,-1.0,-0.0,1,0.0,-1.0,-0.0,-1.0,-0.0,0,0.0,-1,-0.0,1.0,0.0,-1.0,-0.0,-1.0,-0.0,-1.0,-0.0
20170131,@EUH7,1.0,0.00980300625525,135200.0,currency,1485901802,1.0,0.0,0.0,0.0,0.0,1.0,0.0,-1.0,-0.0,-1.0,-0.0,-1.0,-0.0,0.0,0.0,1.0,0.0,-1.0,-0.0,1.0,0.0,-1.0,-0.0,-1,-0.0,-1,-0.0,-1,-0.0,-1.0,-0.0,1.0,0.0,1.0,0.0,-1.0,-0.0,-1.0,-0.0,1.0,0.0,0,0.0,-1.0,-0.0,-1.0,-0.0,1.0,0.0,0.0,0.0,0.0,0.0,-1.0,-0.0,-1.0,-0.0,1.0,0.0,-1,-0.0,-1,-0.0,0.0,0.0,-1.0,-0.0,-1,-0.0,1.0,0.0,1,0.0,-1.0,-0.0,0.0,0.0,1.0,0.0,-1.0,-0.0,1.0,0.0,1.0,0.0,-1.0,-0.0,1.0,0.0,-1.0,-0.0,-1.0,-0.0,1.0,0.0,-1,-0.0,1,0.0,0.0,0.0,-1.0,-0.0,-1.0,-0.0,1.0,0.0,1.0,0.0,-1.0,-0.0,-1.0,-0.0,1.0,0.0,1.0,0.0,-1,-0.0,0,0.0,1.0,0.0,0,0.0,-1.0,-0.0,1,0.0,-1,-0.0,1.0,0.0,1,0.0,-1.0,-0.0,0.0,0.0,0.0,0.0,-1.0,-0.0,1.0,0.0,1.0,0.0,1.0,0.0,1.0,0.0,-1.0,-0.0,1,0.0,0,0.0,1.0,0.0,1.0,0.0,1,0.0,-1.0,-0.0,1.0,0.0,1,0.0,1,0.0,1.0,0.0,0.0,0.0,-1.0,-0.0,1.0,0.0
20170131,QCLH7,1.0,0.00323009690291,52800.0,energy,1485901802,1.0,0.0,0.0,0.0,0.0,1.0,0.0,1.0,0.0,-1.0,-0.0,-1.0,-0.0,1.0,0.0,1.0,0.0,1.0,0.0,1.0,0.0,-1.0,-0.0,-1,-0.0,-1,-0.0,-1,-0.0,0.0,0.0,1.0,0.0,1.0,0.0,-1.0,-0.0,-1.0,-0.0,1.0,0.0,0,0.0,1.0,0.0,-1.0,-0.0,1.0,0.0,0.0,0.0,0.0,0.0,-1.0,-0.0,-1.0,-0.0,1.0,0.0,-1,-0.0,-1,-0.0,0.0,0.0,-1.0,-0.0,-1,-0.0,1.0,0.0,1,0.0,-1.0,-0.0,0.0,0.0,1.0,0.0,-1.0,-0.0,1.0,0.0,1.0,0.0,-1.0,-0.0,1.0,0.0,-1.0,-0.0,-1.0,-0.0,1.0,0.0,-1,-0.0,-1,-0.0,0.0,0.0,-1.0,-0.0,-1.0,-0.0,1.0,0.0,1.0,0.0,-1.0,-0.0,0.0,0.0,1.0,0.0,1.0,0.0,1,0.0,1,0.0,1.0,0.0,0,0.0,-1.0,-0.0,1,0.0,-1,-0.0,1.0,0.0,1,0.0,-1.0,-0.0,0.0,0.0,0.0,0.0,1.0,0.0,-1.0,-0.0,1.0,0.0,0.0,0.0,1.0,0.0,-1.0,-0.0,-1,-0.0,-1,-0.0,0.0,0.0,-1.0,-0.0,1,0.0,-1.0,-0.0,1.0,0.0,1,0.0,1,0.0,1.0,0.0,-1.0,-0.0,-1.0,-0.0,-1.0,-0.0
20170131,@CDH7,1.0,0.00609436435125,76765.0,currency,1485901802,1.0,0.0,0.0,0.0,0.0,1.0,0.0,-1.0,-0.0,-1.0,-0.0,-1.0,-0.0,1.0,0.0,1.0,0.0,1.0,0.0,-1.0,-0.0,1.0,0.0,-1,-0.0,-1,-0.0,-1,-0.0,0.0,0.0,1.0,0.0,-1.0,-0.0,-1.0,-0.0,-1.0,-0.0,1.0,0.0,0,0.0,-1.0,-0.0,1.0,0.0,-1.0,-0.0,0.0,0.0,0.0,0.0,1.0,0.0,1.0,0.0,-1.0,-0.0,-1,-0.0,-1,-0.0,0.0,0.0,-1.0,-0.0,-1,-0.0,1.0,0.0,1,0.0,1.0,0.0,0.0,0.0,-1.0,-0.0,1.0,0.0,1.0,0.0,1.0,0.0,-1.0,-0.0,1.0,0.0,-1.0,-0.0,-1.0,-0.0,1.0,0.0,-1,-0.0,-1,-0.0,0.0,0.0,1.0,0.0,-1.0,-0.0,1.0,0.0,1.0,0.0,1.0,0.0,0.0,0.0,-1.0,-0.0,1.0,0.0,1,0.0,1,0.0,-1.0,-0.0,0,0.0,1.0,0.0,1,0.0,-1,-0.0,1.0,0.0,1,0.0,1.0,0.0,0.0,0.0,0.0,0.0,1.0,0.0,1.0,0.0,-1.0,-0.0,0.0,0.0,-1.0,-0.0,-1.0,-0.0,-1,-0.0,-1,-0.0,0.0,0.0,1.0,0.0,-1,-0.0,1.0,0.0,-1.0,-0.0,1,0.0,1,0.0,1.0,0.0,-1.0,-0.0,-1.0,-0.0,-1.0,-0.0
20170131,@CH7,1.0,0.00489168413697,17975.0,grain,1485901802,2.0,0.0,0.0,-1.0,-0.0,-1.0,-0.0,1.0,0.0,-1.0,-0.0,-1.0,-0.0,1.0,0.0,1.0,0.0,1.0,0.0,1.0,0.0,1.0,0.0,0,0.0,1,0.0,-1,-0.0,0.0,0.0,1.0,0.0,1.0,0.0,-1.0,-0.0,-1.0,-0.0,1.0,0.0,0,0.0,1.0,0.0,-1.0,-0.0,-1.0,-0.0,-1.0,-0.0,1.0,0.0,-1.0,-0.0,1.0,0.0,1.0,0.0,1,0.0,0,0.0,1.0,0.0,-1.0,-0.0,-1,-0.0,1.0,0.0,1,0.0,-1.0,-0.0,0.0,0.0,1.0,0.0,-1.0,-0.0,1.0,0.0,1.0,0.0,0.0,0.0,1.0,0.0,1.0,0.0,-1.0,-0.0,1.0,0.0,1,0.0,-1,-0.0,0.0,0.0,-1.0,-0.0,-1.0,-0.0,0.0,0.0,-1.0,-0.0,-1.0,-0.0,0.0,0.0,1.0,0.0,1.0,0.0,1,0.0,1,0.0,-1.0,-0.0,0,0.0,-1.0,-0.0,-1,-0.0,1,0.0,-1.0,-0.0,0,0.0,1.0,0.0,1.0,0.0,-1.0,-0.0,1.0,0.0,-1.0,-0.0,1.0,0.0,0.0,0.0,1.0,0.0,-1.0,-0.0,-1,-0.0,-1,-0.0,0.0,0.0,-1.0,-0.0,1,0.0,-1.0,-0.0,-1.0,-0.0,0,0.0,-1,-0.0,1.0,0.0,-1.0,-0.0,-1.0,-0.0,-1.0,-0.0
20170131,@NEH7,1.0,0.00343500961803,73030.0,currency,1485901802,1.0,0.0,0.0,0.0,0.0,1.0,0.0,-1.0,-0.0,-1.0,-0.0,-1.0,-0.0,0.0,0.0,-1.0,-0.0,1.0,0.0,-1.0,-0.0,1.0,0.0,-1,-0.0,-1,-0.0,-1,-0.0,-1.0,-0.0,1.0,0.0,-1.0,-0.0,-1.0,-0.0,-1.0,-0.0,1.0,0.0,0,0.0,-1.0,-0.0,-1.0,-0.0,-1.0,-0.0,0.0,0.0,0.0,0.0,1.0,0.0,1.0,0.0,-1.0,-0.0,-1,-0.0,-1,-0.0,0.0,0.0,-1.0,-0.0,-1,-0.0,1.0,0.0,1,0.0,1.0,0.0,0.0,0.0,-1.0,-0.0,1.0,0.0,1.0,0.0,1.0,0.0,-1.0,-0.0,1.0,0.0,-1.0,-0.0,-1.0,-0.0,1.0,0.0,-1,-0.0,1,0.0,0.0,0.0,1.0,0.0,-1.0,-0.0,1.0,0.0,1.0,0.0,-1.0,-0.0,-1.0,-0.0,1.0,0.0,-1.0,-0.0,1,0.0,0,0.0,-1.0,-0.0,0,0.0,1.0,0.0,1,0.0,-1,-0.0,1.0,0.0,1,0.0,1.0,0.0,0.0,0.0,0.0,0.0,-1.0,-0.0,1.0,0.0,1.0,0.0,1.0,0.0,-1.0,-0.0,1.0,0.0,-1,-0.0,0,0.0,1.0,0.0,1.0,0.0,-1,-0.0,1.0,0.0,-1.0,-0.0,1,0.0,1,0.0,1.0,0.0,0.0,0.0,1.0,0.0,-1.0,-0.0
20170131,@ADH7,1.0,0.00357805459846,75730.0,currency,1485901802,1.0,0.0,0.0,-1.0,-0.0,-1.0,-0.0,-1.0,-0.0,1.0,0.0,1.0,0.0,1.0,0.0,1.0,0.0,1.0,0.0,1.0,0.0,1.0,0.0,0,0.0,-1,-0.0,-1,-0.0,0.0,0.0,-1.0,-0.0,1.0,0.0,0.0,0.0,1.0,0.0,-1.0,-0.0,0,0.0,-1.0,-0.0,1.0,0.0,-1.0,-0.0,-1.0,-0.0,1.0,0.0,-1.0,-0.0,1.0,0.0,1.0,0.0,-1,-0.0,0,0.0,1.0,0.0,1.0,0.0,-1,-0.0,1.0,0.0,-1,-0.0,1.0,0.0,-1.0,-0.0,-1.0,-0.0,-1.0,-0.0,1.0,0.0,0.0,0.0,0.0,0.0,-1.0,-0.0,-1.0,-0.0,1.0,0.0,1.0,0.0,1,0.0,-1,-0.0,1.0,0.0,1.0,0.0,-1.0,-0.0,0.0,0.0,1.0,0.0,1.0,0.0,0.0,0.0,-1.0,-0.0,1.0,0.0,1,0.0,1,0.0,-1.0,-0.0,0,0.0,-1.0,-0.0,1,0.0,1,0.0,-1.0,-0.0,0,0.0,1.0,0.0,1.0,0.0,-1.0,-0.0,1.0,0.0,1.0,0.0,-1.0,-0.0,0.0,0.0,1.0,0.0,-1.0,-0.0,-1,-0.0,-1,-0.0,0.0,0.0,1.0,0.0,-1,-0.0,-1.0,-0.0,-1.0,-0.0,0,0.0,1,0.0,-1.0,-0.0,-1.0,-0.0,-1.0,-0.0,-1.0,-0.0
20170201,@BOH7,1.0,0.00915805022157,20496.0,grain,1485976480,1.0,187.703397341,187.703397341,-1.0,-187.703397341,-1.0,-187.703397341,-1.0,-187.703397341,1.0,187.703397341,1.0,187.703397341,1.0,187.703397341,1.0,187.703397341,1.0,187.703397341,1.0,187.703397341,1.0,187.703397341,0,0.0,-1,-187.703397341,-1,-187.703397341,0.0,0.0,-1.0,-187.703397341,1.0,187.703397341,0.0,0.0,1.0,187.703397341,-1.0,-187.703397341,0,0.0,-1.0,-187.703397341,1.0,187.703397341,-1.0,-187.703397341,-1.0,-187.703397341,1.0,187.703397341,-1.0,-187.703397341,1.0,187.703397341,1.0,187.703397341,-1,-187.703397341,0,0.0,1.0,187.703397341,1.0,187.703397341,-1,-187.703397341,1.0,187.703397341,-1,-187.703397341,1.0,187.703397341,-1.0,-187.703397341,-1.0,-187.703397341,-1.0,-187.703397341,1.0,187.703397341,0.0,0.0,0.0,0.0,-1.0,-187.703397341,-1.0,-187.703397341,1.0,187.703397341,1.0,187.703397341,1,187.703397341,-1,-187.703397341,1.0,187.703397341,1.0,187.703397341,-1.0,-187.703397341,0.0,0.0,1.0,187.703397341,1.0,187.703397341,0.0,0.0,-1.0,-187.703397341,1.0,187.703397341,1,187.703397341,1,187.703397341,-1.0,-187.703397341,0,0.0,-1.0,-187.703397341,1,187.703397341,1,187.703397341,-1.0,-187.703397341,0,0.0,1.0,187.703397341,1.0,187.703397341,-1.0,-187.703397341,1.0,187.703397341,1.0,187.703397341,-1.0,-187.703397341,0.0,0.0,1.0,187.703397341,-1.0,-187.703397341,-1,-187.703397341,-1,-187.703397341,0.0,0.0,1.0,187.703397341,-1,-187.703397341,-1.0,-187.703397341,-1.0,-187.703397341,0,0.0,1,187.703397341,-1.0,-187.703397341,-1.0,-187.703397341,-1.0,-187.703397341,-1.0,-187.703397341
20170201,@YMH7,1.0,0.00116208569119,99075.0,index,1485985597,1.0,0.0,0.0,0.0,0.0,1.0,0.0,1.0,0.0,-1.0,-0.0,-1.0,-0.0,1.0,0.0,1.0,0.0,1.0,0.0,1.0,0.0,-1.0,-0.0,-1,-0.0,-1,-0.0,-1,-0.0,0.0,0.0,1.0,0.0,1.0,0.0,-1.0,-0.0,-1.0,-0.0,1.0,0.0,0,0.0,1.0,0.0,-1.0,-0.0,1.0,0.0,0.0,0.0,0.0,0.0,-1.0,-0.0,-1.0,-0.0,1.0,0.0,-1,-0.0,-1,-0.0,0.0,0.0,-1.0,-0.0,-1,-0.0,1.0,0.0,1,0.0,-1.0,-0.0,0.0,0.0,1.0,0.0,-1.0,-0.0,1.0,0.0,1.0,0.0,-1.0,-0.0,1.0,0.0,-1.0,-0.0,-1.0,-0.0,1.0,0.0,-1,-0.0,-1,-0.0,0.0,0.0,-1.0,-0.0,-1.0,-0.0,1.0,0.0,1.0,0.0,-1.0,-0.0,0.0,0.0,1.0,0.0,1.0,0.0,1,0.0,1,0.0,1.0,0.0,0,0.0,-1.0,-0.0,1,0.0,-1,-0.0,1.0,0.0,1,0.0,-1.0,-0.0,0.0,0.0,0.0,0.0,1.0,0.0,-1.0,-0.0,1.0,0.0,0.0,0.0,1.0,0.0,-1.0,-0.0,-1,-0.0,-1,-0.0,0.0,0.0,-1.0,-0.0,1,0.0,-1.0,-0.0,1.0,0.0,1,0.0,1,0.0,1.0,0.0,-1.0,-0.0,-1.0,-0.0,-1.0,-0.0
20170201,@TYH7,-1.0,-0.00138086869194,124296.875,rates,1485985597,1.0,-171.637663194,171.637663194,1.0,-171.637663194,1.0,-171.637663194,-1.0,171.637663194,1.0,-171.637663194,1.0,-171.637663194,-1.0,171.637663194,-1.0,171.637663194,-1.0,171.637663194,-1.0,171.637663194,-1.0,171.637663194,0,-0.0,-1,171.637663194,1,-171.637663194,0.0,-0.0,-1.0,171.637663194,-1.0,171.637663194,1.0,-171.637663194,1.0,-171.637663194,-1.0,171.637663194,0,-0.0,-1.0,171.637663194,1.0,-171.637663194,1.0,-171.637663194,1.0,-171.637663194,-1.0,171.637663194,1.0,-171.637663194,-1.0,171.637663194,-1.0,171.637663194,-1,171.637663194,0,-0.0,-1.0,171.637663194,1.0,-171.637663194,-1,171.637663194,-1.0,171.637663194,-1,171.637663194,1.0,-171.637663194,0.0,-0.0,-1.0,171.637663194,1.0,-171.637663194,-1.0,171.637663194,-1.0,171.637663194,0.0,-0.0,-1.0,171.637663194,-1.0,171.637663194,1.0,-171.637663194,1.0,-171.637663194,-1,171.637663194,1,-171.637663194,0.0,-0.0,1.0,-171.637663194,1.0,-171.637663194,0.0,-0.0,1.0,-171.637663194,1.0,-171.637663194,0.0,-0.0,-1.0,171.637663194,-1.0,171.637663194,-1,171.637663194,-1,171.637663194,1.0,-171.637663194,0,-0.0,1.0,-171.637663194,1,-171.637663194,-1,171.637663194,1.0,-171.637663194,0,-0.0,-1.0,171.637663194,-1.0,171.637663194,1.0,-171.637663194,-1.0,171.637663194,1.0,-171.637663194,-1.0,171.637663194,0.0,-0.0,-1.0,171.637663194,1.0,-171.637663194,1,-171.637663194,1,-171.637663194,0.0,-0.0,1.0,-171.637663194,-1,171.637663194,1.0,-171.637663194,1.0,-171.637663194,0,-0.0,1,-171.637663194,-1.0,171.637663194,1.0,-171.637663194,1.0,-171.637663194,1.0,-171.637663194
20170201,@TUH7,-1.0,-0.000216216216216,216750.0,rates,1485985597,2.0,-0.0,0.0,1.0,-0.0,1.0,-0.0,-1.0,0.0,-1.0,0.0,1.0,-0.0,-1.0,0.0,-1.0,0.0,-1.0,0.0,-1.0,0.0,-1.0,0.0,0,-0.0,-1,0.0,1,-0.0,0.0,-0.0,-1.0,0.0,-1.0,0.0,0.0,-0.0,1.0,-0.0,-1.0,0.0,0,-0.0,-1.0,0.0,1.0,-0.0,1.0,-0.0,1.0,-0.0,-1.0,0.0,1.0,-0.0,-1.0,0.0,-1.0,0.0,-1,0.0,0,-0.0,-1.0,0.0,1.0,-0.0,-1,0.0,-1.0,0.0,1,-0.0,1.0,-0.0,1.0,-0.0,1.0,-0.0,1.0,-0.0,1.0,-0.0,0.0,-0.0,0.0,-0.0,-1.0,0.0,-1.0,0.0,1.0,-0.0,1.0,-0.0,-1,0.0,1,-0.0,-1.0,0.0,-1.0,0.0,-1.0,0.0,0.0,-0.0,1.0,-0.0,1.0,-0.0,0.0,-0.0,-1.0,0.0,-1.0,0.0,-1,0.0,-1,0.0,1.0,-0.0,0,-0.0,1.0,-0.0,1,-0.0,-1,0.0,1.0,-0.0,0,-0.0,-1.0,0.0,-1.0,0.0,1.0,-0.0,-1.0,0.0,1.0,-0.0,-1.0,0.0,0.0,-0.0,-1.0,0.0,1.0,-0.0,1,-0.0,1,-0.0,0.0,-0.0,1.0,-0.0,-1,0.0,1.0,-0.0,1.0,-0.0,0,-0.0,1,-0.0,-1.0,0.0,1.0,-0.0,1.0,-0.0,1.0,-0.0
20170201,@SMH7,1.0,0.00268977884041,33550.0,grain,1485976480,1.0,0.0,0.0,-1.0,-0.0,-1.0,-0.0,-1.0,-0.0,-1.0,-0.0,1.0,0.0,0.0,0.0,-1.0,-0.0,1.0,0.0,1.0,0.0,1.0,0.0,0,0.0,-1,-0.0,-1,-0.0,-1.0,-0.0,-1.0,-0.0,-1.0,-0.0,-1.0,-0.0,-1.0,-0.0,-1.0,-0.0,0,0.0,-1.0,-0.0,-1.0,-0.0,-1.0,-0.0,-1.0,-0.0,1.0,0.0,-1.0,-0.0,1.0,0.0,1.0,0.0,-1,-0.0,0,0.0,1.0,0.0,1.0,0.0,1,0.0,1.0,0.0,1,0.0,1.0,0.0,0.0,0.0,-1.0,-0.0,1.0,0.0,1.0,0.0,1.0,0.0,0.0,0.0,1.0,0.0,-1.0,-0.0,1.0,0.0,-1.0,-0.0,1,0.0,1,0.0,0.0,0.0,1.0,0.0,-1.0,-0.0,0.0,0.0,1.0,0.0,-1.0,-0.0,-1.0,-0.0,1.0,0.0,-1.0,-0.0,1,0.0,0,0.0,-1.0,-0.0,0,0.0,-1.0,-0.0,1,0.0,1,0.0,-1.0,-0.0,0,0.0,1.0,0.0,1.0,0.0,-1.0,-0.0,-1.0,-0.0,1.0,0.0,1.0,0.0,1.0,0.0,1.0,0.0,1.0,0.0,-1,-0.0,0,0.0,1.0,0.0,1.0,0.0,-1,-0.0,-1.0,-0.0,-1.0,-0.0,0,0.0,1,0.0,-1.0,-0.0,0.0,0.0,1.0,0.0,-1.0,-0.0
20170201,QSIH7,-1.0,-0.000741036310779,87650.0,metal,1485985597,1.0,-0.0,0.0,1.0,-0.0,1.0,-0.0,1.0,-0.0,-1.0,0.0,1.0,-0.0,0.0,-0.0,-1.0,0.0,1.0,-0.0,-1.0,0.0,-1.0,0.0,0,-0.0,-1,0.0,1,-0.0,1.0,-0.0,-1.0,0.0,-1.0,0.0,0.0,-0.0,1.0,-0.0,-1.0,0.0,0,-0.0,1.0,-0.0,1.0,-0.0,1.0,-0.0,1.0,-0.0,-1.0,0.0,1.0,-0.0,-1.0,0.0,-1.0,0.0,-1,0.0,0,-0.0,-1.0,0.0,1.0,-0.0,-1,0.0,-1.0,0.0,1,-0.0,1.0,-0.0,1.0,-0.0,1.0,-0.0,1.0,-0.0,1.0,-0.0,0.0,-0.0,0.0,-0.0,-1.0,0.0,-1.0,0.0,1.0,-0.0,1.0,-0.0,-1,0.0,-1,0.0,-1.0,0.0,-1.0,0.0,-1.0,0.0,0.0,-0.0,1.0,-0.0,1.0,-0.0,1.0,-0.0,-1.0,0.0,-1.0,0.0,1,-0.0,0,-0.0,1.0,-0.0,0,-0.0,1.0,-0.0,1,-0.0,-1,0.0,1.0,-0.0,0,-0.0,-1.0,0.0,-1.0,0.0,1.0,-0.0,1.0,-0.0,-1.0,0.0,-1.0,0.0,-1.0,0.0,-1.0,0.0,1.0,-0.0,-1,0.0,0,-0.0,-1.0,0.0,-1.0,0.0,-1,0.0,1.0,-0.0,1.0,-0.0,0,-0.0,1,-0.0,-1.0,0.0,0.0,-0.0,1.0,-0.0,-1.0,0.0
20170201,@SFH7,-1.0,-0.00424230465667,126162.5,currency,1485985597,1.0,-0.0,0.0,0.0,-0.0,1.0,-0.0,-1.0,0.0,-1.0,0.0,-1.0,0.0,0.0,-0.0,-1.0,0.0,1.0,-0.0,-1.0,0.0,1.0,-0.0,-1,0.0,-1,0.0,-1,0.0,-1.0,0.0,1.0,-0.0,-1.0,0.0,-1.0,0.0,-1.0,0.0,1.0,-0.0,0,-0.0,-1.0,0.0,-1.0,0.0,-1.0,0.0,0.0,-0.0,0.0,-0.0,1.0,-0.0,1.0,-0.0,-1.0,0.0,-1,0.0,-1,0.0,0.0,-0.0,-1.0,0.0,-1,0.0,1.0,-0.0,1,-0.0,1.0,-0.0,0.0,-0.0,-1.0,0.0,1.0,-0.0,1.0,-0.0,1.0,-0.0,-1.0,0.0,1.0,-0.0,-1.0,0.0,-1.0,0.0,1.0,-0.0,-1,0.0,1,-0.0,0.0,-0.0,1.0,-0.0,-1.0,0.0,1.0,-0.0,1.0,-0.0,-1.0,0.0,-1.0,0.0,1.0,-0.0,-1.0,0.0,1,-0.0,0,-0.0,-1.0,0.0,0,-0.0,1.0,-0.0,1,-0.0,-1,0.0,1.0,-0.0,1,-0.0,1.0,-0.0,0.0,-0.0,0.0,-0.0,-1.0,0.0,1.0,-0.0,1.0,-0.0,1.0,-0.0,-1.0,0.0,1.0,-0.0,-1,0.0,0,-0.0,1.0,-0.0,1.0,-0.0,-1,0.0,1.0,-0.0,-1.0,0.0,1,-0.0,1,-0.0,1.0,-0.0,0.0,-0.0,1.0,-0.0,-1.0,0.0
20170201,@SH7,1.0,0.00878477306003,51675.0,grain,1485976480,1.0,0.0,0.0,0.0,0.0,1.0,0.0,-1.0,-0.0,-1.0,-0.0,-1.0,-0.0,1.0,0.0,1.0,0.0,1.0,0.0,-1.0,-0.0,1.0,0.0,-1,-0.0,-1,-0.0,-1,-0.0,0.0,0.0,1.0,0.0,-1.0,-0.0,-1.0,-0.0,-1.0,-0.0,1.0,0.0,0,0.0,-1.0,-0.0,1.0,0.0,-1.0,-0.0,0.0,0.0,0.0,0.0,1.0,0.0,1.0,0.0,-1.0,-0.0,-1,-0.0,-1,-0.0,0.0,0.0,-1.0,-0.0,1,0.0,1.0,0.0,1,0.0,1.0,0.0,0.0,0.0,-1.0,-0.0,1.0,0.0,1.0,0.0,1.0,0.0,-1.0,-0.0,1.0,0.0,-1.0,-0.0,-1.0,-0.0,-1.0,-0.0,-1,-0.0,-1,-0.0,0.0,0.0,1.0,0.0,-1.0,-0.0,1.0,0.0,1.0,0.0,1.0,0.0,0.0,0.0,-1.0,-0.0,1.0,0.0,1,0.0,1,0.0,-1.0,-0.0,0,0.0,1.0,0.0,1,0.0,-1,-0.0,1.0,0.0,1,0.0,1.0,0.0,0.0,0.0,0.0,0.0,1.0,0.0,1.0,0.0,-1.0,-0.0,0.0,0.0,-1.0,-0.0,-1.0,-0.0,-1,-0.0,-1,-0.0,0.0,0.0,1.0,0.0,-1,-0.0,1.0,0.0,-1.0,-0.0,1,0.0,1,0.0,1.0,0.0,-1.0,-0.0,-1.0,-0.0,-1.0,-0.0
20170201,QRBH7,1.0,0.0166440874782,66187.8,energy,1485985597,1.0,0.0,0.0,0.0,0.0,1.0,0.0,-1.0,-0.0,-1.0,-0.0,-1.0,-0.0,1.0,0.0,1.0,0.0,1.0,0.0,-1.0,-0.0,1.0,0.0,-1,-0.0,-1,-0.0,-1,-0.0,0.0,0.0,1.0,0.0,-1.0,-0.0,-1.0,-0.0,-1.0,-0.0,1.0,0.0,0,0.0,-1.0,-0.0,1.0,0.0,-1.0,-0.0,0.0,0.0,0.0,0.0,1.0,0.0,1.0,0.0,-1.0,-0.0,-1,-0.0,-1,-0.0,0.0,0.0,-1.0,-0.0,-1,-0.0,1.0,0.0,1,0.0,1.0,0.0,0.0,0.0,-1.0,-0.0,1.0,0.0,1.0,0.0,1.0,0.0,-1.0,-0.0,1.0,0.0,-1.0,-0.0,-1.0,-0.0,1.0,0.0,-1,-0.0,-1,-0.0,0.0,0.0,1.0,0.0,-1.0,-0.0,1.0,0.0,1.0,0.0,1.0,0.0,0.0,0.0,-1.0,-0.0,1.0,0.0,1,0.0,1,0.0,-1.0,-0.0,0,0.0,1.0,0.0,1,0.0,-1,-0.0,1.0,0.0,1,0.0,1.0,0.0,0.0,0.0,0.0,0.0,1.0,0.0,1.0,0.0,-1.0,-0.0,0.0,0.0,-1.0,-0.0,-1.0,-0.0,-1,-0.0,-1,-0.0,0.0,0.0,1.0,0.0,-1,-0.0,1.0,0.0,-1.0,-0.0,1,0.0,1,0.0,1.0,0.0,-1.0,-0.0,-1.0,-0.0,-1.0,-0.0
20170201,QPLJ7,1.0,0.00551931761164,50100.0,metal,1485985597,1.0,0.0,0.0,1.0,0.0,1.0,0.0,1.0,0.0,-1.0,-0.0,1.0,0.0,0.0,0.0,-1.0,-0.0,1.0,0.0,-1.0,-0.0,-1.0,-0.0,0,0.0,-1,-0.0,1,0.0,1.0,0.0,-1.0,-0.0,-1.0,-0.0,0.0,0.0,1.0,0.0,-1.0,-0.0,0,0.0,1.0,0.0,1.0,0.0,1.0,0.0,1.0,0.0,-1.0,-0.0,1.0,0.0,-1.0,-0.0,-1.0,-0.0,-1,-0.0,0,0.0,-1.0,-0.0,1.0,0.0,-1,-0.0,-1.0,-0.0,1,0.0,1.0,0.0,1.0,0.0,1.0,0.0,1.0,0.0,1.0,0.0,0.0,0.0,0.0,0.0,-1.0,-0.0,-1.0,-0.0,1.0,0.0,1.0,0.0,-1,-0.0,-1,-0.0,-1.0,-0.0,-1.0,-0.0,-1.0,-0.0,0.0,0.0,1.0,0.0,1.0,0.0,1.0,0.0,-1.0,-0.0,-1.0,-0.0,1,0.0,0,0.0,1.0,0.0,0,0.0,1.0,0.0,1,0.0,-1,-0.0,1.0,0.0,0,0.0,-1.0,-0.0,-1.0,-0.0,1.0,0.0,1.0,0.0,-1.0,-0.0,-1.0,-0.0,-1.0,-0.0,-1.0,-0.0,1.0,0.0,-1,-0.0,0,0.0,-1.0,-0.0,-1.0,-0.0,-1,-0.0,1.0,0.0,1.0,0.0,0,0.0,1,0.0,-1.0,-0.0,0.0,0.0,1.0,0.0,-1.0,-0.0
20170201,QPAH7,1.0,0.0135887577887,76455.0,metal,1485985597,1.0,0.0,0.0,0.0,0.0,1.0,0.0,-1.0,-0.0,1.0,0.0,-1.0,-0.0,1.0,0.0,1.0,0.0,1.0,0.0,-1.0,-0.0,1.0,0.0,-1,-0.0,-1,-0.0,-1,-0.0,0.0,0.0,1.0,0.0,1.0,0.0,0.0,0.0,1.0,0.0,1.0,0.0,0,0.0,-1.0,-0.0,1.0,0.0,-1.0,-0.0,0.0,0.0,0.0,0.0,1.0,0.0,1.0,0.0,-1.0,-0.0,-1,-0.0,-1,-0.0,0.0,0.0,-1.0,-0.0,-1,-0.0,1.0,0.0,-1,-0.0,1.0,0.0,-1.0,-0.0,-1.0,-0.0,-1.0,-0.0,1.0,0.0,0.0,0.0,-1.0,-0.0,-1.0,-0.0,-1.0,-0.0,-1.0,-0.0,1.0,0.0,-1,-0.0,-1,-0.0,1.0,0.0,1.0,0.0,-1.0,-0.0,1.0,0.0,1.0,0.0,1.0,0.0,0.0,0.0,-1.0,-0.0,1.0,0.0,1,0.0,1,0.0,-1.0,-0.0,0,0.0,1.0,0.0,1,0.0,-1,-0.0,1.0,0.0,1,0.0,1.0,0.0,0.0,0.0,0.0,0.0,1.0,0.0,1.0,0.0,-1.0,-0.0,0.0,0.0,-1.0,-0.0,-1.0,-0.0,-1,-0.0,-1,-0.0,0.0,0.0,1.0,0.0,-1,-0.0,1.0,0.0,-1.0,-0.0,1,0.0,1,0.0,1.0,0.0,-1.0,-0.0,-1.0,-0.0,-1.0,-0.0
20170201,@NQH7,1.0,0.00689452838492,102960.0,index,1485985597,1.0,0.0,0.0,0.0,0.0,1.0,0.0,-1.0,-0.0,-1.0,-0.0,-1.0,-0.0,0.0,0.0,-1.0,-0.0,1.0,0.0,-1.0,-0.0,1.0,0.0,-1,-0.0,-1,-0.0,-1,-0.0,-1.0,-0.0,1.0,0.0,-1.0,-0.0,-1.0,-0.0,-1.0,-0.0,1.0,0.0,0,0.0,-1.0,-0.0,-1.0,-0.0,-1.0,-0.0,0.0,0.0,0.0,0.0,1.0,0.0,1.0,0.0,-1.0,-0.0,-1,-0.0,-1,-0.0,0.0,0.0,-1.0,-0.0,-1,-0.0,1.0,0.0,1,0.0,1.0,0.0,0.0,0.0,-1.0,-0.0,1.0,0.0,1.0,0.0,1.0,0.0,-1.0,-0.0,1.0,0.0,-1.0,-0.0,-1.0,-0.0,1.0,0.0,-1,-0.0,1,0.0,0.0,0.0,1.0,0.0,-1.0,-0.0,1.0,0.0,1.0,0.0,-1.0,-0.0,-1.0,-0.0,1.0,0.0,-1.0,-0.0,1,0.0,0,0.0,-1.0,-0.0,0,0.0,1.0,0.0,1,0.0,-1,-0.0,1.0,0.0,1,0.0,1.0,0.0,0.0,0.0,0.0,0.0,-1.0,-0.0,1.0,0.0,1.0,0.0,1.0,0.0,-1.0,-0.0,1.0,0.0,-1,-0.0,0,0.0,1.0,0.0,1.0,0.0,-1,-0.0,1.0,0.0,-1.0,-0.0,1,0.0,1,0.0,1.0,0.0,0.0,0.0,1.0,0.0,-1.0,-0.0
20170201,@NKDH7,1.0,0.00895679662803,84884.751773,index,1485985597,1.0,0.0,0.0,-1.0,-0.0,-1.0,-0.0,-1.0,-0.0,1.0,0.0,-1.0,-0.0,0.0,0.0,1.0,0.0,-1.0,-0.0,1.0,0.0,1.0,0.0,0,0.0,1,0.0,-1,-0.0,-1.0,-0.0,1.0,0.0,1.0,0.0,0.0,0.0,-1.0,-0.0,1.0,0.0,0,0.0,-1.0,-0.0,-1.0,-0.0,-1.0,-0.0,-1.0,-0.0,1.0,0.0,-1.0,-0.0,1.0,0.0,1.0,0.0,1,0.0,0,0.0,1.0,0.0,-1.0,-0.0,1,0.0,1.0,0.0,-1,-0.0,-1.0,-0.0,-1.0,-0.0,-1.0,-0.0,-1.0,-0.0,-1.0,-0.0,0.0,0.0,0.0,0.0,1.0,0.0,1.0,0.0,-1.0,-0.0,-1.0,-0.0,1,0.0,1,0.0,1.0,0.0,1.0,0.0,1.0,0.0,0.0,0.0,-1.0,-0.0,-1.0,-0.0,-1.0,-0.0,1.0,0.0,1.0,0.0,-1,-0.0,0,0.0,-1.0,-0.0,0,0.0,-1.0,-0.0,-1,-0.0,1,0.0,-1.0,-0.0,0,0.0,1.0,0.0,1.0,0.0,-1.0,-0.0,-1.0,-0.0,1.0,0.0,1.0,0.0,1.0,0.0,1.0,0.0,-1.0,-0.0,1,0.0,0,0.0,1.0,0.0,1.0,0.0,1,0.0,-1.0,-0.0,-1.0,-0.0,0,0.0,-1,-0.0,1.0,0.0,0.0,0.0,-1.0,-0.0,1.0,0.0
20170201,QNGH7,1.0,0.0153994225217,31650.0,energy,1485985597,1.0,487.39172281,487.39172281,-1.0,-487.39172281,-1.0,-487.39172281,1.0,487.39172281,-1.0,-487.39172281,-1.0,-487.39172281,1.0,487.39172281,1.0,487.39172281,1.0,487.39172281,1.0,487.39172281,1.0,487.39172281,0,0.0,1,487.39172281,-1,-487.39172281,0.0,0.0,1.0,487.39172281,1.0,487.39172281,-1.0,-487.39172281,-1.0,-487.39172281,1.0,487.39172281,0,0.0,1.0,487.39172281,-1.0,-487.39172281,-1.0,-487.39172281,-1.0,-487.39172281,1.0,487.39172281,-1.0,-487.39172281,1.0,487.39172281,1.0,487.39172281,1,487.39172281,0,0.0,1.0,487.39172281,-1.0,-487.39172281,-1,-487.39172281,1.0,487.39172281,1,487.39172281,-1.0,-487.39172281,0.0,0.0,1.0,487.39172281,-1.0,-487.39172281,1.0,487.39172281,1.0,487.39172281,0.0,0.0,1.0,487.39172281,1.0,487.39172281,-1.0,-487.39172281,1.0,487.39172281,1,487.39172281,-1,-487.39172281,0.0,0.0,-1.0,-487.39172281,-1.0,-487.39172281,0.0,0.0,-1.0,-487.39172281,-1.0,-487.39172281,0.0,0.0,1.0,487.39172281,1.0,487.39172281,1,487.39172281,1,487.39172281,-1.0,-487.39172281,0,0.0,-1.0,-487.39172281,-1,-487.39172281,1,487.39172281,-1.0,-487.39172281,0,0.0,1.0,487.39172281,1.0,487.39172281,-1.0,-487.39172281,1.0,487.39172281,-1.0,-487.39172281,1.0,487.39172281,0.0,0.0,1.0,487.39172281,-1.0,-487.39172281,-1,-487.39172281,-1,-487.39172281,0.0,0.0,-1.0,-487.39172281,1,487.39172281,-1.0,-487.39172281,-1.0,-487.39172281,0,0.0,-1,-487.39172281,1.0,487.39172281,-1.0,-487.39172281,-1.0,-487.39172281,-1.0,-487.39172281
20170201,@NEH7,-1.0,-0.00886283065176,72690.0,currency,1485985597,1.0,-0.0,0.0,0.0,-0.0,1.0,-0.0,-1.0,0.0,-1.0,0.0,-1.0,0.0,0.0,-0.0,-1.0,0.0,1.0,-0.0,-1.0,0.0,1.0,-0.0,-1,0.0,-1,0.0,-1,0.0,-1.0,0.0,1.0,-0.0,-1.0,0.0,-1.0,0.0,-1.0,0.0,1.0,-0.0,0,-0.0,-1.0,0.0,-1.0,0.0,-1.0,0.0,0.0,-0.0,0.0,-0.0,1.0,-0.0,1.0,-0.0,-1.0,0.0,-1,0.0,-1,0.0,0.0,-0.0,-1.0,0.0,-1,0.0,1.0,-0.0,1,-0.0,1.0,-0.0,0.0,-0.0,-1.0,0.0,1.0,-0.0,1.0,-0.0,1.0,-0.0,-1.0,0.0,1.0,-0.0,-1.0,0.0,-1.0,0.0,1.0,-0.0,-1,0.0,1,-0.0,0.0,-0.0,1.0,-0.0,-1.0,0.0,1.0,-0.0,1.0,-0.0,-1.0,0.0,-1.0,0.0,1.0,-0.0,-1.0,0.0,1,-0.0,0,-0.0,-1.0,0.0,0,-0.0,1.0,-0.0,1,-0.0,-1,0.0,1.0,-0.0,1,-0.0,1.0,-0.0,0.0,-0.0,0.0,-0.0,-1.0,0.0,1.0,-0.0,1.0,-0.0,1.0,-0.0,-1.0,0.0,1.0,-0.0,-1,0.0,0,-0.0,1.0,-0.0,1.0,-0.0,-1,0.0,1.0,-0.0,-1.0,0.0,1,-0.0,1,-0.0,1.0,-0.0,0.0,-0.0,1.0,-0.0,-1.0,0.0
20170201,@PXH7,1.0,0.0062893081761,24000.0,currency,1485985597,1.0,0.0,0.0,-1.0,-0.0,-1.0,-0.0,1.0,0.0,-1.0,-0.0,-1.0,-0.0,1.0,0.0,1.0,0.0,1.0,0.0,1.0,0.0,1.0,0.0,0,0.0,1,0.0,-1,-0.0,0.0,0.0,1.0,0.0,1.0,0.0,-1.0,-0.0,-1.0,-0.0,1.0,0.0,0,0.0,1.0,0.0,-1.0,-0.0,-1.0,-0.0,-1.0,-0.0,1.0,0.0,-1.0,-0.0,1.0,0.0,1.0,0.0,1,0.0,0,0.0,1.0,0.0,-1.0,-0.0,-1,-0.0,1.0,0.0,1,0.0,-1.0,-0.0,0.0,0.0,1.0,0.0,-1.0,-0.0,1.0,0.0,1.0,0.0,0.0,0.0,1.0,0.0,1.0,0.0,-1.0,-0.0,1.0,0.0,1,0.0,-1,-0.0,0.0,0.0,-1.0,-0.0,-1.0,-0.0,0.0,0.0,-1.0,-0.0,-1.0,-0.0,0.0,0.0,1.0,0.0,1.0,0.0,1,0.0,1,0.0,-1.0,-0.0,0,0.0,-1.0,-0.0,-1,-0.0,1,0.0,-1.0,-0.0,0,0.0,1.0,0.0,1.0,0.0,-1.0,-0.0,1.0,0.0,-1.0,-0.0,1.0,0.0,0.0,0.0,1.0,0.0,-1.0,-0.0,-1,-0.0,-1,-0.0,0.0,0.0,-1.0,-0.0,1,0.0,-1.0,-0.0,-1.0,-0.0,0,0.0,-1,-0.0,1.0,0.0,-1.0,-0.0,-1.0,-0.0,-1.0,-0.0
20170201,@USH7,-1.0,-0.00227884814585,150500.0,rates,1485985597,1.0,-0.0,0.0,0.0,-0.0,-1.0,0.0,-1.0,0.0,1.0,-0.0,1.0,-0.0,-1.0,0.0,-1.0,0.0,-1.0,0.0,-1.0,0.0,1.0,-0.0,1,-0.0,1,-0.0,1,-0.0,0.0,-0.0,-1.0,0.0,-1.0,0.0,1.0,-0.0,1.0,-0.0,-1.0,0.0,0,-0.0,-1.0,0.0,1.0,-0.0,-1.0,0.0,0.0,-0.0,0.0,-0.0,1.0,-0.0,1.0,-0.0,-1.0,0.0,1,-0.0,1,-0.0,0.0,-0.0,1.0,-0.0,-1,0.0,-1.0,0.0,-1,0.0,1.0,-0.0,0.0,-0.0,-1.0,0.0,1.0,-0.0,-1.0,0.0,-1.0,0.0,1.0,-0.0,-1.0,0.0,1.0,-0.0,1.0,-0.0,1.0,-0.0,1,-0.0,1,-0.0,0.0,-0.0,1.0,-0.0,1.0,-0.0,-1.0,0.0,-1.0,0.0,1.0,-0.0,0.0,-0.0,-1.0,0.0,-1.0,0.0,-1,0.0,-1,0.0,-1.0,0.0,0,-0.0,1.0,-0.0,-1,0.0,1,-0.0,-1.0,0.0,-1,0.0,1.0,-0.0,0.0,-0.0,0.0,-0.0,-1.0,0.0,1.0,-0.0,-1.0,0.0,0.0,-0.0,-1.0,0.0,1.0,-0.0,1,-0.0,1,-0.0,0.0,-0.0,1.0,-0.0,-1,0.0,1.0,-0.0,-1.0,0.0,-1,0.0,-1,0.0,-1.0,0.0,1.0,-0.0,1.0,-0.0,1.0,-0.0
20170201,@HEJ7,-1.0,-0.00252707581227,27630.0,meat,1485975725,1.0,-0.0,0.0,-1.0,0.0,-1.0,0.0,-1.0,0.0,1.0,-0.0,1.0,-0.0,1.0,-0.0,1.0,-0.0,1.0,-0.0,1.0,-0.0,1.0,-0.0,0,-0.0,-1,0.0,-1,0.0,0.0,-0.0,-1.0,0.0,1.0,-0.0,0.0,-0.0,1.0,-0.0,-1.0,0.0,0,-0.0,-1.0,0.0,1.0,-0.0,-1.0,0.0,-1.0,0.0,1.0,-0.0,-1.0,0.0,1.0,-0.0,1.0,-0.0,-1,0.0,0,-0.0,1.0,-0.0,1.0,-0.0,1,-0.0,1.0,-0.0,-1,0.0,1.0,-0.0,-1.0,0.0,-1.0,0.0,-1.0,0.0,1.0,-0.0,0.0,-0.0,0.0,-0.0,-1.0,0.0,-1.0,0.0,1.0,-0.0,-1.0,0.0,1,-0.0,-1,0.0,1.0,-0.0,1.0,-0.0,-1.0,0.0,0.0,-0.0,1.0,-0.0,1.0,-0.0,0.0,-0.0,-1.0,0.0,1.0,-0.0,1,-0.0,1,-0.0,-1.0,0.0,0,-0.0,-1.0,0.0,1,-0.0,1,-0.0,-1.0,0.0,0,-0.0,1.0,-0.0,1.0,-0.0,-1.0,0.0,1.0,-0.0,1.0,-0.0,-1.0,0.0,0.0,-0.0,1.0,-0.0,-1.0,0.0,-1,0.0,-1,0.0,0.0,-0.0,1.0,-0.0,-1,0.0,-1.0,0.0,-1.0,0.0,0,-0.0,1,-0.0,-1.0,0.0,-1.0,0.0,-1.0,0.0,-1.0,0.0
20170201,@ADH7,-1.0,-0.000263921879124,75760.0,currency,1485985597,1.0,-0.0,0.0,0.0,-0.0,1.0,-0.0,-1.0,0.0,-1.0,0.0,-1.0,0.0,1.0,-0.0,1.0,-0.0,1.0,-0.0,-1.0,0.0,1.0,-0.0,-1,0.0,-1,0.0,-1,0.0,0.0,-0.0,1.0,-0.0,-1.0,0.0,-1.0,0.0,-1.0,0.0,1.0,-0.0,0,-0.0,-1.0,0.0,1.0,-0.0,-1.0,0.0,0.0,-0.0,0.0,-0.0,1.0,-0.0,1.0,-0.0,-1.0,0.0,-1,0.0,-1,0.0,0.0,-0.0,-1.0,0.0,-1,0.0,1.0,-0.0,1,-0.0,1.0,-0.0,0.0,-0.0,-1.0,0.0,1.0,-0.0,1.0,-0.0,1.0,-0.0,-1.0,0.0,1.0,-0.0,-1.0,0.0,-1.0,0.0,1.0,-0.0,-1,0.0,-1,0.0,0.0,-0.0,1.0,-0.0,-1.0,0.0,1.0,-0.0,1.0,-0.0,1.0,-0.0,0.0,-0.0,-1.0,0.0,1.0,-0.0,1,-0.0,1,-0.0,-1.0,0.0,0,-0.0,1.0,-0.0,1,-0.0,-1,0.0,1.0,-0.0,1,-0.0,1.0,-0.0,0.0,-0.0,0.0,-0.0,1.0,-0.0,1.0,-0.0,-1.0,0.0,0.0,-0.0,-1.0,0.0,-1.0,0.0,-1,0.0,-1,0.0,0.0,-0.0,1.0,-0.0,-1,0.0,1.0,-0.0,-1.0,0.0,1,-0.0,1,-0.0,1.0,-0.0,-1.0,0.0,-1.0,0.0,-1.0,0.0
20170201,@JYH7,-1.0,-0.00427783406507,110562.5,currency,1485985597,1.0,-0.0,0.0,1.0,-0.0,1.0,-0.0,-1.0,0.0,1.0,-0.0,1.0,-0.0,-1.0,0.0,-1.0,0.0,-1.0,0.0,-1.0,0.0,-1.0,0.0,0,-0.0,-1,0.0,1,-0.0,0.0,-0.0,-1.0,0.0,-1.0,0.0,1.0,-0.0,1.0,-0.0,-1.0,0.0,0,-0.0,-1.0,0.0,1.0,-0.0,1.0,-0.0,1.0,-0.0,-1.0,0.0,1.0,-0.0,-1.0,0.0,-1.0,0.0,-1,0.0,0,-0.0,-1.0,0.0,1.0,-0.0,-1,0.0,-1.0,0.0,-1,0.0,1.0,-0.0,0.0,-0.0,-1.0,0.0,1.0,-0.0,-1.0,0.0,-1.0,0.0,0.0,-0.0,-1.0,0.0,-1.0,0.0,1.0,-0.0,1.0,-0.0,-1,0.0,1,-0.0,0.0,-0.0,1.0,-0.0,1.0,-0.0,0.0,-0.0,1.0,-0.0,1.0,-0.0,0.0,-0.0,-1.0,0.0,-1.0,0.0,-1,0.0,-1,0.0,1.0,-0.0,0,-0.0,1.0,-0.0,1,-0.0,-1,0.0,1.0,-0.0,0,-0.0,-1.0,0.0,-1.0,0.0,1.0,-0.0,-1.0,0.0,1.0,-0.0,-1.0,0.0,0.0,-0.0,-1.0,0.0,1.0,-0.0,1,-0.0,1,-0.0,0.0,-0.0,1.0,-0.0,-1,0.0,1.0,-0.0,1.0,-0.0,0,-0.0,1,-0.0,-1.0,0.0,1.0,-0.0,1.0,-0.0,1.0,-0.0
20170201,QHOH7,1.0,0.0235467255335,70106.4,energy,1485985597,1.0,0.0,0.0,0.0,0.0,1.0,0.0,-1.0,-0.0,-1.0,-0.0,-1.0,-0.0,1.0,0.0,1.0,0.0,1.0,0.0,-1.0,-0.0,1.0,0.0,-1,-0.0,-1,-0.0,-1,-0.0,0.0,0.0,1.0,0.0,-1.0,-0.0,-1.0,-0.0,-1.0,-0.0,1.0,0.0,0,0.0,-1.0,-0.0,1.0,0.0,-1.0,-0.0,0.0,0.0,0.0,0.0,1.0,0.0,1.0,0.0,-1.0,-0.0,-1,-0.0,-1,-0.0,0.0,0.0,-1.0,-0.0,-1,-0.0,1.0,0.0,1,0.0,1.0,0.0,0.0,0.0,-1.0,-0.0,1.0,0.0,1.0,0.0,1.0,0.0,-1.0,-0.0,1.0,0.0,-1.0,-0.0,-1.0,-0.0,1.0,0.0,-1,-0.0,-1,-0.0,0.0,0.0,1.0,0.0,-1.0,-0.0,1.0,0.0,1.0,0.0,1.0,0.0,0.0,0.0,-1.0,-0.0,1.0,0.0,1,0.0,1,0.0,-1.0,-0.0,0,0.0,1.0,0.0,1,0.0,-1,-0.0,1.0,0.0,1,0.0,1.0,0.0,0.0,0.0,0.0,0.0,1.0,0.0,1.0,0.0,-1.0,-0.0,0.0,0.0,-1.0,-0.0,-1.0,-0.0,-1,-0.0,-1,-0.0,0.0,0.0,1.0,0.0,-1,-0.0,1.0,0.0,-1.0,-0.0,1,0.0,1,0.0,1.0,0.0,-1.0,-0.0,-1.0,-0.0,-1.0,-0.0
20170201,QHGH7,-1.0,-0.00549954170486,67812.5,metal,1485985597,1.0,-372.937671861,372.937671861,0.0,-0.0,1.0,-372.937671861,-1.0,372.937671861,1.0,-372.937671861,-1.0,372.937671861,1.0,-372.937671861,1.0,-372.937671861,1.0,-372.937671861,-1.0,372.937671861,1.0,-372.937671861,-1,372.937671861,-1,372.937671861,-1,372.937671861,0.0,-0.0,1.0,-372.937671861,1.0,-372.937671861,0.0,-0.0,1.0,-372.937671861,1.0,-372.937671861,0,-0.0,-1.0,372.937671861,1.0,-372.937671861,-1.0,372.937671861,0.0,-0.0,0.0,-0.0,1.0,-372.937671861,1.0,-372.937671861,-1.0,372.937671861,-1,372.937671861,-1,372.937671861,0.0,-0.0,-1.0,372.937671861,-1,372.937671861,1.0,-372.937671861,-1,372.937671861,1.0,-372.937671861,-1.0,372.937671861,-1.0,372.937671861,-1.0,372.937671861,1.0,-372.937671861,0.0,-0.0,-1.0,372.937671861,-1.0,372.937671861,-1.0,372.937671861,-1.0,372.937671861,1.0,-372.937671861,-1,372.937671861,-1,372.937671861,1.0,-372.937671861,1.0,-372.937671861,-1.0,372.937671861,1.0,-372.937671861,1.0,-372.937671861,1.0,-372.937671861,0.0,-0.0,-1.0,372.937671861,1.0,-372.937671861,1,-372.937671861,1,-372.937671861,-1.0,372.937671861,0,-0.0,1.0,-372.937671861,1,-372.937671861,-1,372.937671861,1.0,-372.937671861,1,-372.937671861,1.0,-372.937671861,0.0,-0.0,0.0,-0.0,1.0,-372.937671861,1.0,-372.937671861,-1.0,372.937671861,0.0,-0.0,-1.0,372.937671861,-1.0,372.937671861,-1,372.937671861,-1,372.937671861,0.0,-0.0,1.0,-372.937671861,-1,372.937671861,1.0,-372.937671861,-1.0,372.937671861,1,-372.937671861,1,-372.937671861,1.0,-372.937671861,-1.0,372.937671861,-1.0,372.937671861,-1.0,372.937671861
20170201,QGCJ7,-1.0,-0.000412745583622,121090.0,metal,1485985597,1.0,-0.0,0.0,1.0,-0.0,1.0,-0.0,-1.0,0.0,-1.0,0.0,1.0,-0.0,-1.0,0.0,-1.0,0.0,-1.0,0.0,-1.0,0.0,-1.0,0.0,0,-0.0,-1,0.0,1,-0.0,0.0,-0.0,-1.0,0.0,-1.0,0.0,0.0,-0.0,1.0,-0.0,-1.0,0.0,0,-0.0,-1.0,0.0,1.0,-0.0,1.0,-0.0,1.0,-0.0,-1.0,0.0,1.0,-0.0,-1.0,0.0,-1.0,0.0,-1,0.0,0,-0.0,-1.0,0.0,1.0,-0.0,-1,0.0,-1.0,0.0,1,-0.0,1.0,-0.0,1.0,-0.0,1.0,-0.0,1.0,-0.0,1.0,-0.0,0.0,-0.0,0.0,-0.0,-1.0,0.0,-1.0,0.0,1.0,-0.0,1.0,-0.0,-1,0.0,1,-0.0,-1.0,0.0,-1.0,0.0,-1.0,0.0,0.0,-0.0,1.0,-0.0,1.0,-0.0,0.0,-0.0,-1.0,0.0,-1.0,0.0,-1,0.0,-1,0.0,1.0,-0.0,0,-0.0,1.0,-0.0,1,-0.0,-1,0.0,1.0,-0.0,0,-0.0,-1.0,0.0,-1.0,0.0,1.0,-0.0,-1.0,0.0,1.0,-0.0,-1.0,0.0,0.0,-0.0,-1.0,0.0,1.0,-0.0,1,-0.0,1,-0.0,0.0,-0.0,1.0,-0.0,-1,0.0,1.0,-0.0,1.0,-0.0,0,-0.0,1,-0.0,-1.0,0.0,1.0,-0.0,1.0,-0.0,1.0,-0.0
20170201,@FVH7,-1.0,-0.00106051567575,117742.1875,rates,1485985597,1.0,-0.0,0.0,1.0,-0.0,1.0,-0.0,-1.0,0.0,-1.0,0.0,1.0,-0.0,-1.0,0.0,-1.0,0.0,-1.0,0.0,-1.0,0.0,-1.0,0.0,0,-0.0,-1,0.0,1,-0.0,0.0,-0.0,-1.0,0.0,-1.0,0.0,0.0,-0.0,1.0,-0.0,-1.0,0.0,0,-0.0,-1.0,0.0,1.0,-0.0,1.0,-0.0,1.0,-0.0,-1.0,0.0,1.0,-0.0,-1.0,0.0,-1.0,0.0,-1,0.0,0,-0.0,-1.0,0.0,1.0,-0.0,-1,0.0,-1.0,0.0,1,-0.0,1.0,-0.0,1.0,-0.0,1.0,-0.0,1.0,-0.0,1.0,-0.0,0.0,-0.0,0.0,-0.0,-1.0,0.0,-1.0,0.0,1.0,-0.0,1.0,-0.0,-1,0.0,1,-0.0,-1.0,0.0,-1.0,0.0,-1.0,0.0,0.0,-0.0,1.0,-0.0,1.0,-0.0,0.0,-0.0,-1.0,0.0,-1.0,0.0,-1,0.0,-1,0.0,1.0,-0.0,0,-0.0,1.0,-0.0,1,-0.0,-1,0.0,1.0,-0.0,0,-0.0,-1.0,0.0,-1.0,0.0,1.0,-0.0,-1.0,0.0,1.0,-0.0,-1.0,0.0,0.0,-0.0,-1.0,0.0,1.0,-0.0,1,-0.0,1,-0.0,0.0,-0.0,1.0,-0.0,-1,0.0,1.0,-0.0,1.0,-0.0,0,-0.0,1,-0.0,-1.0,0.0,1.0,-0.0,1.0,-0.0,1.0,-0.0
20170201,@GFH7,-1.0,-0.00427611484423,61125.0,meat,1485975725,1.0,-0.0,0.0,0.0,-0.0,1.0,-0.0,-1.0,0.0,1.0,-0.0,-1.0,0.0,0.0,-0.0,1.0,-0.0,-1.0,0.0,1.0,-0.0,-1.0,0.0,-1,0.0,-1,0.0,-1,0.0,-1.0,0.0,1.0,-0.0,1.0,-0.0,0.0,-0.0,-1.0,0.0,1.0,-0.0,0,-0.0,-1.0,0.0,-1.0,0.0,-1.0,0.0,-1.0,0.0,1.0,-0.0,-1.0,0.0,1.0,-0.0,1.0,-0.0,1,-0.0,0,-0.0,0.0,-0.0,-1.0,0.0,1,-0.0,1.0,-0.0,-1,0.0,-1.0,0.0,-1.0,0.0,-1.0,0.0,-1.0,0.0,-1.0,0.0,0.0,-0.0,0.0,-0.0,1.0,-0.0,1.0,-0.0,-1.0,0.0,-1.0,0.0,1,-0.0,1,-0.0,1.0,-0.0,1.0,-0.0,1.0,-0.0,0.0,-0.0,-1.0,0.0,-1.0,0.0,-1.0,0.0,1.0,-0.0,1.0,-0.0,-1,0.0,0,-0.0,-1.0,0.0,0,-0.0,-1.0,0.0,-1,0.0,-1,0.0,-1.0,0.0,0,-0.0,1.0,-0.0,1.0,-0.0,-1.0,0.0,-1.0,0.0,1.0,-0.0,1.0,-0.0,1.0,-0.0,1.0,-0.0,-1.0,0.0,1,-0.0,0,-0.0,1.0,-0.0,1.0,-0.0,1,-0.0,-1.0,0.0,1.0,-0.0,1,-0.0,1,-0.0,1.0,-0.0,0.0,-0.0,-1.0,0.0,1.0,-0.0
20170201,@ESH7,-1.0,-0.000219828533744,113700.0,index,1485985597,1.0,-24.9945042867,24.9945042867,-1.0,24.9945042867,-1.0,24.9945042867,-1.0,24.9945042867,-1.0,24.9945042867,1.0,-24.9945042867,1.0,-24.9945042867,1.0,-24.9945042867,1.0,-24.9945042867,1.0,-24.9945042867,1.0,-24.9945042867,0,-0.0,-1,24.9945042867,-1,24.9945042867,0.0,-0.0,-1.0,24.9945042867,-1.0,24.9945042867,-1.0,24.9945042867,-1.0,24.9945042867,-1.0,24.9945042867,1,-10.9914266872,-1.0,24.9945042867,1.0,-24.9945042867,-1.0,24.9945042867,-1.0,24.9945042867,1.0,-24.9945042867,-1.0,24.9945042867,1.0,-24.9945042867,1.0,-24.9945042867,-1,24.9945042867,0,-0.0,1.0,-24.9945042867,1.0,-24.9945042867,-1,24.9945042867,1.0,-24.9945042867,1,-24.9945042867,1.0,-24.9945042867,0.0,-0.0,-1.0,24.9945042867,1.0,-24.9945042867,1.0,-24.9945042867,1.0,-24.9945042867,0.0,-0.0,1.0,-24.9945042867,-1.0,24.9945042867,1.0,-24.9945042867,1.0,-24.9945042867,1,-24.9945042867,-1,24.9945042867,0.0,-0.0,1.0,-24.9945042867,-1.0,24.9945042867,0.0,-0.0,1.0,-24.9945042867,1.0,-24.9945042867,0.0,-0.0,-1.0,24.9945042867,1.0,-24.9945042867,1,-24.9945042867,1,-24.9945042867,-1.0,24.9945042867,0,-0.0,-1.0,24.9945042867,1,-24.9945042867,1,-24.9945042867,-1.0,24.9945042867,0,-0.0,1.0,-24.9945042867,1.0,-24.9945042867,-1.0,24.9945042867,1.0,-24.9945042867,1.0,-24.9945042867,-1.0,24.9945042867,0.0,-0.0,1.0,-24.9945042867,-1.0,24.9945042867,-1,24.9945042867,-1,24.9945042867,0.0,-0.0,1.0,-24.9945042867,-1,24.9945042867,-1.0,24.9945042867,-1.0,24.9945042867,0,-0.0,1,-24.9945042867,-1.0,24.9945042867,-1.0,24.9945042867,-1.0,24.9945042867,-1.0,24.9945042867
20170201,@EMDH7,-1.0,-0.00338178582023,167980.0,index,1485985597,1.0,-0.0,0.0,-1.0,0.0,-1.0,0.0,-1.0,0.0,-1.0,0.0,1.0,-0.0,1.0,-0.0,1.0,-0.0,1.0,-0.0,1.0,-0.0,1.0,-0.0,0,-0.0,-1,0.0,-1,0.0,0.0,-0.0,-1.0,0.0,-1.0,0.0,-1.0,0.0,-1.0,0.0,-1.0,0.0,0,-0.0,-1.0,0.0,1.0,-0.0,-1.0,0.0,-1.0,0.0,1.0,-0.0,-1.0,0.0,1.0,-0.0,1.0,-0.0,-1,0.0,0,-0.0,1.0,-0.0,1.0,-0.0,-1,0.0,1.0,-0.0,1,-0.0,1.0,-0.0,0.0,-0.0,-1.0,0.0,1.0,-0.0,1.0,-0.0,1.0,-0.0,0.0,-0.0,1.0,-0.0,-1.0,0.0,1.0,-0.0,1.0,-0.0,1,-0.0,-1,0.0,0.0,-0.0,1.0,-0.0,-1.0,0.0,0.0,-0.0,1.0,-0.0,1.0,-0.0,0.0,-0.0,-1.0,0.0,1.0,-0.0,1,-0.0,1,-0.0,-1.0,0.0,0,-0.0,-1.0,0.0,1,-0.0,1,-0.0,-1.0,0.0,0,-0.0,1.0,-0.0,1.0,-0.0,-1.0,0.0,1.0,-0.0,1.0,-0.0,-1.0,0.0,0.0,-0.0,1.0,-0.0,-1.0,0.0,-1,0.0,-1,0.0,0.0,-0.0,1.0,-0.0,-1,0.0,-1.0,0.0,-1.0,0.0,0,-0.0,1,-0.0,-1.0,0.0,-1.0,0.0,-1.0,0.0,-1.0,0.0
20170201,@EUH7,-1.0,-0.00314203862859,134837.5,currency,1485985597,1.0,-0.0,0.0,0.0,-0.0,1.0,-0.0,-1.0,0.0,-1.0,0.0,-1.0,0.0,0.0,-0.0,-1.0,0.0,1.0,-0.0,-1.0,0.0,1.0,-0.0,-1,0.0,-1,0.0,-1,0.0,-1.0,0.0,1.0,-0.0,-1.0,0.0,-1.0,0.0,-1.0,0.0,1.0,-0.0,0,-0.0,-1.0,0.0,-1.0,0.0,-1.0,0.0,0.0,-0.0,0.0,-0.0,1.0,-0.0,1.0,-0.0,-1.0,0.0,-1,0.0,-1,0.0,0.0,-0.0,-1.0,0.0,-1,0.0,1.0,-0.0,1,-0.0,1.0,-0.0,0.0,-0.0,-1.0,0.0,1.0,-0.0,1.0,-0.0,1.0,-0.0,-1.0,0.0,1.0,-0.0,-1.0,0.0,-1.0,0.0,1.0,-0.0,-1,0.0,1,-0.0,0.0,-0.0,1.0,-0.0,-1.0,0.0,1.0,-0.0,1.0,-0.0,-1.0,0.0,-1.0,0.0,1.0,-0.0,-1.0,0.0,1,-0.0,0,-0.0,-1.0,0.0,0,-0.0,1.0,-0.0,1,-0.0,-1,0.0,1.0,-0.0,1,-0.0,1.0,-0.0,0.0,-0.0,0.0,-0.0,-1.0,0.0,1.0,-0.0,1.0,-0.0,1.0,-0.0,-1.0,0.0,1.0,-0.0,-1,0.0,0,-0.0,1.0,-0.0,1.0,-0.0,-1,0.0,1.0,-0.0,-1.0,0.0,1,-0.0,1,-0.0,1.0,-0.0,0.0,-0.0,1.0,-0.0,-1.0,0.0
20170201,QCLH7,1.0,0.0132550653285,53510.0,energy,1485985597,1.0,0.0,0.0,0.0,0.0,1.0,0.0,-1.0,-0.0,1.0,0.0,-1.0,-0.0,1.0,0.0,1.0,0.0,1.0,0.0,-1.0,-0.0,1.0,0.0,-1,-0.0,-1,-0.0,-1,-0.0,0.0,0.0,1.0,0.0,1.0,0.0,0.0,0.0,1.0,0.0,1.0,0.0,0,0.0,-1.0,-0.0,1.0,0.0,-1.0,-0.0,0.0,0.0,0.0,0.0,1.0,0.0,1.0,0.0,-1.0,-0.0,-1,-0.0,-1,-0.0,0.0,0.0,-1.0,-0.0,-1,-0.0,1.0,0.0,-1,-0.0,1.0,0.0,-1.0,-0.0,-1.0,-0.0,-1.0,-0.0,1.0,0.0,0.0,0.0,-1.0,-0.0,-1.0,-0.0,-1.0,-0.0,-1.0,-0.0,1.0,0.0,-1,-0.0,-1,-0.0,1.0,0.0,1.0,0.0,-1.0,-0.0,1.0,0.0,1.0,0.0,1.0,0.0,0.0,0.0,-1.0,-0.0,1.0,0.0,1,0.0,1,0.0,-1.0,-0.0,0,0.0,1.0,0.0,1,0.0,-1,-0.0,1.0,0.0,1,0.0,1.0,0.0,0.0,0.0,0.0,0.0,1.0,0.0,1.0,0.0,-1.0,-0.0,0.0,0.0,-1.0,-0.0,-1.0,-0.0,-1,-0.0,-1,-0.0,0.0,0.0,1.0,0.0,-1,-0.0,1.0,0.0,-1.0,-0.0,1,0.0,1,0.0,1.0,0.0,-1.0,-0.0,-1.0,-0.0,-1.0,-0.0
20170201,@CDH7,-1.0,-0.00175724048161,76690.0,currency,1485985597,1.0,-0.0,0.0,-1.0,0.0,-1.0,0.0,-1.0,0.0,1.0,-0.0,1.0,-0.0,1.0,-0.0,1.0,-0.0,1.0,-0.0,1.0,-0.0,1.0,-0.0,0,-0.0,-1,0.0,-1,0.0,0.0,-0.0,-1.0,0.0,1.0,-0.0,0.0,-0.0,1.0,-0.0,-1.0,0.0,0,-0.0,-1.0,0.0,1.0,-0.0,-1.0,0.0,-1.0,0.0,1.0,-0.0,-1.0,0.0,1.0,-0.0,1.0,-0.0,-1,0.0,0,-0.0,1.0,-0.0,1.0,-0.0,-1,0.0,1.0,-0.0,-1,0.0,1.0,-0.0,-1.0,0.0,-1.0,0.0,-1.0,0.0,1.0,-0.0,0.0,-0.0,0.0,-0.0,-1.0,0.0,-1.0,0.0,1.0,-0.0,1.0,-0.0,1,-0.0,-1,0.0,1.0,-0.0,1.0,-0.0,-1.0,0.0,0.0,-0.0,1.0,-0.0,1.0,-0.0,0.0,-0.0,-1.0,0.0,1.0,-0.0,1,-0.0,1,-0.0,-1.0,0.0,0,-0.0,-1.0,0.0,1,-0.0,1,-0.0,-1.0,0.0,0,-0.0,1.0,-0.0,1.0,-0.0,-1.0,0.0,1.0,-0.0,1.0,-0.0,-1.0,0.0,0.0,-0.0,1.0,-0.0,-1.0,0.0,-1,0.0,-1,0.0,0.0,-0.0,1.0,-0.0,-1,0.0,-1.0,0.0,-1.0,0.0,0,-0.0,1,-0.0,-1.0,0.0,-1.0,0.0,-1.0,0.0,-1.0,0.0
20170201,@CH7,1.0,0.0180681028492,18312.5,grain,1485976480,1.0,0.0,0.0,-1.0,-0.0,-1.0,-0.0,-1.0,-0.0,-1.0,-0.0,1.0,0.0,1.0,0.0,1.0,0.0,1.0,0.0,1.0,0.0,1.0,0.0,0,0.0,-1,-0.0,-1,-0.0,0.0,0.0,-1.0,-0.0,-1.0,-0.0,-1.0,-0.0,-1.0,-0.0,-1.0,-0.0,0,0.0,-1.0,-0.0,1.0,0.0,-1.0,-0.0,-1.0,-0.0,1.0,0.0,-1.0,-0.0,1.0,0.0,1.0,0.0,-1,-0.0,0,0.0,1.0,0.0,1.0,0.0,-1,-0.0,1.0,0.0,1,0.0,1.0,0.0,0.0,0.0,-1.0,-0.0,1.0,0.0,1.0,0.0,1.0,0.0,0.0,0.0,1.0,0.0,-1.0,-0.0,1.0,0.0,1.0,0.0,1,0.0,-1,-0.0,0.0,0.0,1.0,0.0,-1.0,-0.0,0.0,0.0,1.0,0.0,1.0,0.0,0.0,0.0,-1.0,-0.0,1.0,0.0,1,0.0,1,0.0,-1.0,-0.0,0,0.0,-1.0,-0.0,1,0.0,1,0.0,-1.0,-0.0,0,0.0,1.0,0.0,1.0,0.0,-1.0,-0.0,1.0,0.0,1.0,0.0,-1.0,-0.0,0.0,0.0,1.0,0.0,-1.0,-0.0,-1,-0.0,-1,-0.0,0.0,0.0,1.0,0.0,-1,-0.0,-1.0,-0.0,-1.0,-0.0,0,0.0,1,0.0,-1.0,-0.0,-1.0,-0.0,-1.0,-0.0,-1.0,-0.0
20170201,@BPH7,1.0,0.00619490111985,79181.25,currency,1485985597,1.0,0.0,0.0,0.0,0.0,1.0,0.0,-1.0,-0.0,-1.0,-0.0,-1.0,-0.0,0.0,0.0,-1.0,-0.0,1.0,0.0,-1.0,-0.0,1.0,0.0,-1,-0.0,-1,-0.0,-1,-0.0,-1.0,-0.0,1.0,0.0,-1.0,-0.0,-1.0,-0.0,-1.0,-0.0,1.0,0.0,0,0.0,-1.0,-0.0,-1.0,-0.0,-1.0,-0.0,0.0,0.0,0.0,0.0,1.0,0.0,1.0,0.0,-1.0,-0.0,-1,-0.0,-1,-0.0,0.0,0.0,-1.0,-0.0,-1,-0.0,1.0,0.0,1,0.0,1.0,0.0,0.0,0.0,-1.0,-0.0,1.0,0.0,1.0,0.0,1.0,0.0,-1.0,-0.0,1.0,0.0,-1.0,-0.0,-1.0,-0.0,1.0,0.0,-1,-0.0,1,0.0,0.0,0.0,1.0,0.0,-1.0,-0.0,1.0,0.0,1.0,0.0,-1.0,-0.0,-1.0,-0.0,1.0,0.0,-1.0,-0.0,1,0.0,0,0.0,-1.0,-0.0,0,0.0,1.0,0.0,1,0.0,-1,-0.0,1.0,0.0,1,0.0,1.0,0.0,0.0,0.0,0.0,0.0,-1.0,-0.0,1.0,0.0,1.0,0.0,1.0,0.0,-1.0,-0.0,1.0,0.0,-1,-0.0,0,0.0,1.0,0.0,1.0,0.0,-1,-0.0,1.0,0.0,-1.0,-0.0,1,0.0,1,0.0,1.0,0.0,0.0,0.0,1.0,0.0,-1.0,-0.0
20170201,@LEJ7,-1.0,-0.00262754543464,45550.0,meat,1485975725,1.0,-0.0,0.0,0.0,-0.0,1.0,-0.0,1.0,-0.0,1.0,-0.0,-1.0,0.0,1.0,-0.0,1.0,-0.0,1.0,-0.0,1.0,-0.0,-1.0,0.0,-1,0.0,-1,0.0,-1,0.0,0.0,-0.0,1.0,-0.0,1.0,-0.0,0.0,-0.0,-1.0,0.0,1.0,-0.0,0,-0.0,1.0,-0.0,-1.0,0.0,-1.0,0.0,-1.0,0.0,1.0,-0.0,-1.0,0.0,1.0,-0.0,1.0,-0.0,1,-0.0,0,-0.0,0.0,-0.0,-1.0,0.0,1,-0.0,1.0,-0.0,-1,0.0,-1.0,0.0,-1.0,0.0,-1.0,0.0,-1.0,0.0,-1.0,0.0,0.0,-0.0,0.0,-0.0,1.0,-0.0,1.0,-0.0,-1.0,0.0,-1.0,0.0,1,-0.0,-1,0.0,1.0,-0.0,1.0,-0.0,1.0,-0.0,0.0,-0.0,-1.0,0.0,-1.0,0.0,0.0,-0.0,1.0,-0.0,1.0,-0.0,1,-0.0,1,-0.0,-1.0,0.0,0,-0.0,-1.0,0.0,-1,0.0,-1,0.0,-1.0,0.0,0,-0.0,1.0,-0.0,1.0,-0.0,-1.0,0.0,1.0,-0.0,-1.0,0.0,1.0,-0.0,0.0,-0.0,1.0,-0.0,-1.0,0.0,-1,0.0,-1,0.0,0.0,-0.0,-1.0,0.0,1,-0.0,-1.0,0.0,1.0,-0.0,1,-0.0,1,-0.0,1.0,-0.0,-1.0,0.0,-1.0,0.0,-1.0,0.0
20170201,@WH7,1.0,0.0213903743316,21487.5,grain,1485976480,1.0,0.0,0.0,-1.0,-0.0,-1.0,-0.0,-1.0,-0.0,1.0,0.0,1.0,0.0,1.0,0.0,1.0,0.0,1.0,0.0,1.0,0.0,1.0,0.0,0,0.0,-1,-0.0,-1,-0.0,0.0,0.0,-1.0,-0.0,1.0,0.0,0.0,0.0,1.0,0.0,-1.0,-0.0,0,0.0,-1.0,-0.0,1.0,0.0,-1.0,-0.0,-1.0,-0.0,1.0,0.0,-1.0,-0.0,1.0,0.0,1.0,0.0,-1,-0.0,0,0.0,1.0,0.0,1.0,0.0,-1,-0.0,1.0,0.0,-1,-0.0,1.0,0.0,-1.0,-0.0,-1.0,-0.0,-1.0,-0.0,1.0,0.0,0.0,0.0,0.0,0.0,-1.0,-0.0,-1.0,-0.0,1.0,0.0,1.0,0.0,1,0.0,-1,-0.0,1.0,0.0,1.0,0.0,-1.0,-0.0,0.0,0.0,1.0,0.0,1.0,0.0,0.0,0.0,-1.0,-0.0,1.0,0.0,1,0.0,1,0.0,-1.0,-0.0,0,0.0,-1.0,-0.0,1,0.0,1,0.0,-1.0,-0.0,0,0.0,1.0,0.0,1.0,0.0,-1.0,-0.0,1.0,0.0,1.0,0.0,-1.0,-0.0,0.0,0.0,1.0,0.0,-1.0,-0.0,-1,-0.0,-1,-0.0,0.0,0.0,1.0,0.0,-1,-0.0,-1.0,-0.0,-1.0,-0.0,0,0.0,1,0.0,-1.0,-0.0,-1.0,-0.0,-1.0,-0.0,-1.0,-0.0
20170202,@BOH7,1.0,0.00699504517633,20730.0,grain,1486062848,1.0,145.007286505,145.007286505,-1.0,-145.007286505,-1.0,-145.007286505,-1.0,-145.007286505,1.0,145.007286505,1.0,145.007286505,1.0,145.007286505,1.0,145.007286505,1.0,145.007286505,1.0,145.007286505,1.0,145.007286505,0,0.0,-1,-145.007286505,-1,-145.007286505,0.0,0.0,-1.0,-145.007286505,1.0,145.007286505,0.0,0.0,1.0,145.007286505,-1.0,-145.007286505,0,0.0,-1.0,-145.007286505,1.0,145.007286505,-1.0,-145.007286505,-1.0,-145.007286505,1.0,145.007286505,-1.0,-145.007286505,1.0,145.007286505,1.0,145.007286505,-1,-145.007286505,0,0.0,1.0,145.007286505,1.0,145.007286505,-1,-145.007286505,1.0,145.007286505,-1,-145.007286505,1.0,145.007286505,-1.0,-145.007286505,-1.0,-145.007286505,-1.0,-145.007286505,1.0,145.007286505,0.0,0.0,0.0,0.0,-1.0,-145.007286505,-1.0,-145.007286505,1.0,145.007286505,1.0,145.007286505,1,145.007286505,-1,-145.007286505,1.0,145.007286505,1.0,145.007286505,-1.0,-145.007286505,0.0,0.0,1.0,145.007286505,1.0,145.007286505,0.0,0.0,-1.0,-145.007286505,1.0,145.007286505,1,145.007286505,1,145.007286505,-1.0,-145.007286505,0,0.0,-1.0,-145.007286505,1,145.007286505,1,145.007286505,-1.0,-145.007286505,0,0.0,1.0,145.007286505,1.0,145.007286505,-1.0,-145.007286505,1.0,145.007286505,1.0,145.007286505,-1.0,-145.007286505,0.0,0.0,1.0,145.007286505,-1.0,-145.007286505,-1,-145.007286505,-1,-145.007286505,0.0,0.0,1.0,145.007286505,-1,-145.007286505,-1.0,-145.007286505,-1.0,-145.007286505,0,0.0,1,145.007286505,-1.0,-145.007286505,-1.0,-145.007286505,-1.0,-145.007286505,-1.0,-145.007286505
20170202,@YMH7,1.0,0.0,99080.0,index,1486072031,1.0,0.0,0.0,0.0,0.0,1.0,0.0,-1.0,-0.0,-1.0,-0.0,-1.0,-0.0,1.0,0.0,1.0,0.0,1.0,0.0,-1.0,-0.0,1.0,0.0,-1,-0.0,-1,-0.0,-1,-0.0,0.0,0.0,1.0,0.0,-1.0,-0.0,-1.0,-0.0,-1.0,-0.0,1.0,0.0,0,0.0,-1.0,-0.0,1.0,0.0,-1.0,-0.0,0.0,0.0,0.0,0.0,1.0,0.0,1.0,0.0,-1.0,-0.0,-1,-0.0,-1,-0.0,0.0,0.0,-1.0,-0.0,-1,-0.0,1.0,0.0,1,0.0,1.0,0.0,0.0,0.0,-1.0,-0.0,1.0,0.0,1.0,0.0,1.0,0.0,-1.0,-0.0,1.0,0.0,-1.0,-0.0,-1.0,-0.0,1.0,0.0,-1,-0.0,-1,-0.0,0.0,0.0,1.0,0.0,-1.0,-0.0,1.0,0.0,1.0,0.0,1.0,0.0,0.0,0.0,-1.0,-0.0,1.0,0.0,1,0.0,1,0.0,-1.0,-0.0,0,0.0,1.0,0.0,1,0.0,-1,-0.0,1.0,0.0,1,0.0,1.0,0.0,0.0,0.0,0.0,0.0,1.0,0.0,1.0,0.0,-1.0,-0.0,0.0,0.0,-1.0,-0.0,-1.0,-0.0,-1,-0.0,-1,-0.0,0.0,0.0,1.0,0.0,-1,-0.0,1.0,0.0,-1.0,-0.0,1,0.0,1,0.0,1.0,0.0,-1.0,-0.0,-1.0,-0.0,-1.0,-0.0
20170202,@BPH7,-1.0,-0.0111943240047,78393.75,currency,1486072031,1.0,-0.0,0.0,0.0,-0.0,1.0,-0.0,-1.0,0.0,-1.0,0.0,-1.0,0.0,0.0,-0.0,-1.0,0.0,1.0,-0.0,-1.0,0.0,1.0,-0.0,-1,0.0,-1,0.0,-1,0.0,-1.0,0.0,1.0,-0.0,-1.0,0.0,-1.0,0.0,-1.0,0.0,1.0,-0.0,0,-0.0,-1.0,0.0,-1.0,0.0,-1.0,0.0,0.0,-0.0,0.0,-0.0,1.0,-0.0,1.0,-0.0,-1.0,0.0,-1,0.0,-1,0.0,0.0,-0.0,-1.0,0.0,-1,0.0,1.0,-0.0,1,-0.0,1.0,-0.0,0.0,-0.0,-1.0,0.0,1.0,-0.0,1.0,-0.0,1.0,-0.0,-1.0,0.0,1.0,-0.0,-1.0,0.0,-1.0,0.0,1.0,-0.0,-1,0.0,1,-0.0,0.0,-0.0,1.0,-0.0,-1.0,0.0,1.0,-0.0,1.0,-0.0,-1.0,0.0,-1.0,0.0,1.0,-0.0,-1.0,0.0,1,-0.0,0,-0.0,-1.0,0.0,0,-0.0,1.0,-0.0,1,-0.0,-1,0.0,1.0,-0.0,1,-0.0,1.0,-0.0,0.0,-0.0,0.0,-0.0,-1.0,0.0,1.0,-0.0,1.0,-0.0,1.0,-0.0,-1.0,0.0,1.0,-0.0,-1,0.0,0,-0.0,1.0,-0.0,1.0,-0.0,-1,0.0,1.0,-0.0,-1.0,0.0,1,-0.0,1,-0.0,1.0,-0.0,0.0,-0.0,1.0,-0.0,-1.0,0.0
20170202,@CH7,-1.0,-0.00135777325187,18387.5,grain,1486062848,1.0,-0.0,0.0,0.0,-0.0,1.0,-0.0,-1.0,0.0,-1.0,0.0,-1.0,0.0,1.0,-0.0,1.0,-0.0,1.0,-0.0,-1.0,0.0,1.0,-0.0,-1,0.0,-1,0.0,-1,0.0,0.0,-0.0,1.0,-0.0,-1.0,0.0,-1.0,0.0,-1.0,0.0,1.0,-0.0,0,-0.0,-1.0,0.0,1.0,-0.0,-1.0,0.0,0.0,-0.0,0.0,-0.0,1.0,-0.0,1.0,-0.0,-1.0,0.0,-1,0.0,-1,0.0,0.0,-0.0,-1.0,0.0,-1,0.0,1.0,-0.0,1,-0.0,1.0,-0.0,0.0,-0.0,-1.0,0.0,1.0,-0.0,1.0,-0.0,1.0,-0.0,-1.0,0.0,1.0,-0.0,-1.0,0.0,-1.0,0.0,1.0,-0.0,-1,0.0,-1,0.0,0.0,-0.0,1.0,-0.0,-1.0,0.0,1.0,-0.0,1.0,-0.0,1.0,-0.0,0.0,-0.0,-1.0,0.0,1.0,-0.0,1,-0.0,1,-0.0,-1.0,0.0,0,-0.0,1.0,-0.0,1,-0.0,-1,0.0,1.0,-0.0,1,-0.0,1.0,-0.0,0.0,-0.0,0.0,-0.0,1.0,-0.0,1.0,-0.0,-1.0,0.0,0.0,-0.0,-1.0,0.0,-1.0,0.0,-1,0.0,-1,0.0,0.0,-0.0,1.0,-0.0,-1,0.0,1.0,-0.0,-1.0,0.0,1,-0.0,1,-0.0,1.0,-0.0,-1.0,0.0,-1.0,0.0,-1.0,0.0
20170202,@CDH7,1.0,0.00169524678881,76815.0,currency,1486072031,1.0,0.0,0.0,-1.0,-0.0,-1.0,-0.0,1.0,0.0,1.0,0.0,-1.0,-0.0,1.0,0.0,1.0,0.0,1.0,0.0,1.0,0.0,1.0,0.0,0,0.0,1,0.0,-1,-0.0,0.0,0.0,1.0,0.0,1.0,0.0,0.0,0.0,-1.0,-0.0,1.0,0.0,0,0.0,1.0,0.0,-1.0,-0.0,-1.0,-0.0,-1.0,-0.0,1.0,0.0,-1.0,-0.0,1.0,0.0,1.0,0.0,1,0.0,0,0.0,1.0,0.0,-1.0,-0.0,-1,-0.0,1.0,0.0,-1,-0.0,-1.0,-0.0,-1.0,-0.0,-1.0,-0.0,-1.0,-0.0,-1.0,-0.0,0.0,0.0,0.0,0.0,1.0,0.0,1.0,0.0,-1.0,-0.0,1.0,0.0,1,0.0,-1,-0.0,1.0,0.0,1.0,0.0,1.0,0.0,0.0,0.0,-1.0,-0.0,-1.0,-0.0,0.0,0.0,1.0,0.0,1.0,0.0,1,0.0,1,0.0,-1.0,-0.0,0,0.0,-1.0,-0.0,-1,-0.0,1,0.0,-1.0,-0.0,0,0.0,1.0,0.0,1.0,0.0,-1.0,-0.0,1.0,0.0,-1.0,-0.0,1.0,0.0,0.0,0.0,1.0,0.0,-1.0,-0.0,-1,-0.0,-1,-0.0,0.0,0.0,-1.0,-0.0,1,0.0,-1.0,-0.0,-1.0,-0.0,0,0.0,-1,-0.0,1.0,0.0,-1.0,-0.0,-1.0,-0.0,-1.0,-0.0
20170202,QCLH7,-1.0,-0.00334075723831,53700.0,energy,1486072031,1.0,-0.0,0.0,0.0,-0.0,1.0,-0.0,-1.0,0.0,1.0,-0.0,-1.0,0.0,1.0,-0.0,1.0,-0.0,1.0,-0.0,-1.0,0.0,1.0,-0.0,-1,0.0,-1,0.0,-1,0.0,0.0,-0.0,1.0,-0.0,1.0,-0.0,0.0,-0.0,1.0,-0.0,1.0,-0.0,0,-0.0,-1.0,0.0,1.0,-0.0,-1.0,0.0,0.0,-0.0,0.0,-0.0,1.0,-0.0,1.0,-0.0,-1.0,0.0,-1,0.0,-1,0.0,0.0,-0.0,-1.0,0.0,-1,0.0,1.0,-0.0,-1,0.0,1.0,-0.0,-1.0,0.0,-1.0,0.0,-1.0,0.0,1.0,-0.0,0.0,-0.0,-1.0,0.0,-1.0,0.0,-1.0,0.0,-1.0,0.0,1.0,-0.0,-1,0.0,-1,0.0,1.0,-0.0,1.0,-0.0,-1.0,0.0,1.0,-0.0,1.0,-0.0,1.0,-0.0,0.0,-0.0,-1.0,0.0,1.0,-0.0,1,-0.0,1,-0.0,-1.0,0.0,0,-0.0,1.0,-0.0,1,-0.0,-1,0.0,1.0,-0.0,1,-0.0,1.0,-0.0,0.0,-0.0,0.0,-0.0,1.0,-0.0,1.0,-0.0,-1.0,0.0,0.0,-0.0,-1.0,0.0,-1.0,0.0,-1,0.0,-1,0.0,0.0,-0.0,1.0,-0.0,-1,0.0,1.0,-0.0,-1.0,0.0,1,-0.0,1,-0.0,1.0,-0.0,-1.0,0.0,-1.0,0.0,-1.0,0.0
20170202,@EUH7,-1.0,-0.00166774761419,134687.5,currency,1486072031,1.0,-0.0,0.0,0.0,-0.0,1.0,-0.0,1.0,-0.0,-1.0,0.0,-1.0,0.0,1.0,-0.0,1.0,-0.0,1.0,-0.0,1.0,-0.0,-1.0,0.0,-1,0.0,-1,0.0,-1,0.0,0.0,-0.0,1.0,-0.0,1.0,-0.0,-1.0,0.0,-1.0,0.0,1.0,-0.0,0,-0.0,1.0,-0.0,-1.0,0.0,1.0,-0.0,0.0,-0.0,0.0,-0.0,-1.0,0.0,-1.0,0.0,1.0,-0.0,-1,0.0,-1,0.0,0.0,-0.0,-1.0,0.0,-1,0.0,1.0,-0.0,1,-0.0,-1.0,0.0,0.0,-0.0,1.0,-0.0,-1.0,0.0,1.0,-0.0,1.0,-0.0,-1.0,0.0,1.0,-0.0,-1.0,0.0,-1.0,0.0,1.0,-0.0,-1,0.0,-1,0.0,0.0,-0.0,-1.0,0.0,-1.0,0.0,1.0,-0.0,1.0,-0.0,-1.0,0.0,0.0,-0.0,1.0,-0.0,1.0,-0.0,1,-0.0,1,-0.0,1.0,-0.0,0,-0.0,-1.0,0.0,1,-0.0,-1,0.0,1.0,-0.0,1,-0.0,-1.0,0.0,0.0,-0.0,0.0,-0.0,1.0,-0.0,-1.0,0.0,1.0,-0.0,0.0,-0.0,1.0,-0.0,-1.0,0.0,-1,0.0,-1,0.0,0.0,-0.0,-1.0,0.0,1,-0.0,-1.0,0.0,1.0,-0.0,1,-0.0,1,-0.0,1.0,-0.0,-1.0,0.0,-1.0,0.0,-1.0,0.0
20170202,@EMDH7,1.0,0.0,168110.0,index,1486072031,1.0,0.0,0.0,-1.0,-0.0,-1.0,-0.0,1.0,0.0,-1.0,-0.0,-1.0,-0.0,1.0,0.0,1.0,0.0,1.0,0.0,1.0,0.0,1.0,0.0,0,0.0,1,0.0,-1,-0.0,0.0,0.0,1.0,0.0,1.0,0.0,-1.0,-0.0,-1.0,-0.0,1.0,0.0,0,0.0,1.0,0.0,-1.0,-0.0,-1.0,-0.0,-1.0,-0.0,1.0,0.0,-1.0,-0.0,1.0,0.0,1.0,0.0,1,0.0,0,0.0,1.0,0.0,-1.0,-0.0,-1,-0.0,1.0,0.0,1,0.0,-1.0,-0.0,0.0,0.0,1.0,0.0,-1.0,-0.0,1.0,0.0,1.0,0.0,0.0,0.0,1.0,0.0,1.0,0.0,-1.0,-0.0,1.0,0.0,1,0.0,-1,-0.0,0.0,0.0,-1.0,-0.0,-1.0,-0.0,0.0,0.0,-1.0,-0.0,-1.0,-0.0,0.0,0.0,1.0,0.0,1.0,0.0,1,0.0,1,0.0,-1.0,-0.0,0,0.0,-1.0,-0.0,-1,-0.0,1,0.0,-1.0,-0.0,0,0.0,1.0,0.0,1.0,0.0,-1.0,-0.0,1.0,0.0,-1.0,-0.0,1.0,0.0,0.0,0.0,1.0,0.0,-1.0,-0.0,-1,-0.0,-1,-0.0,0.0,0.0,-1.0,-0.0,1,0.0,-1.0,-0.0,-1.0,-0.0,0,0.0,-1,-0.0,1.0,0.0,-1.0,-0.0,-1.0,-0.0,-1.0,-0.0
20170202,@ESH7,1.0,0.000109914266872,113737.5,index,1486072031,1.0,12.5013739283,12.5013739283,-1.0,-12.5013739283,-1.0,-12.5013739283,1.0,12.5013739283,-1.0,-12.5013739283,-1.0,-12.5013739283,1.0,12.5013739283,1.0,12.5013739283,1.0,12.5013739283,1.0,12.5013739283,1.0,12.5013739283,0,0.0,1,12.5013739283,-1,-12.5013739283,0.0,0.0,1.0,12.5013739283,1.0,12.5013739283,-1.0,-12.5013739283,-1.0,-12.5013739283,1.0,12.5013739283,1,5.4957133436,1.0,12.5013739283,-1.0,-12.5013739283,-1.0,-12.5013739283,-1.0,-12.5013739283,1.0,12.5013739283,-1.0,-12.5013739283,1.0,12.5013739283,1.0,12.5013739283,1,12.5013739283,0,0.0,1.0,12.5013739283,-1.0,-12.5013739283,-1,-12.5013739283,1.0,12.5013739283,1,12.5013739283,-1.0,-12.5013739283,0.0,0.0,1.0,12.5013739283,-1.0,-12.5013739283,1.0,12.5013739283,1.0,12.5013739283,0.0,0.0,1.0,12.5013739283,1.0,12.5013739283,-1.0,-12.5013739283,1.0,12.5013739283,1,12.5013739283,-1,-12.5013739283,0.0,0.0,-1.0,-12.5013739283,-1.0,-12.5013739283,0.0,0.0,-1.0,-12.5013739283,-1.0,-12.5013739283,0.0,0.0,1.0,12.5013739283,1.0,12.5013739283,1,12.5013739283,1,12.5013739283,-1.0,-12.5013739283,0,0.0,-1.0,-12.5013739283,-1,-12.5013739283,1,12.5013739283,-1.0,-12.5013739283,0,0.0,1.0,12.5013739283,1.0,12.5013739283,-1.0,-12.5013739283,1.0,12.5013739283,-1.0,-12.5013739283,1.0,12.5013739283,0.0,0.0,1.0,12.5013739283,-1.0,-12.5013739283,-1,-12.5013739283,-1,-12.5013739283,0.0,0.0,-1.0,-12.5013739283,1,12.5013739283,-1.0,-12.5013739283,-1.0,-12.5013739283,0,0.0,-1,-12.5013739283,1.0,12.5013739283,-1.0,-12.5013739283,-1.0,-12.5013739283,-1.0,-12.5013739283
20170202,@GFH7,1.0,0.0122875281589,61787.5,meat,1486062074,1.0,0.0,0.0,0.0,0.0,1.0,0.0,-1.0,-0.0,1.0,0.0,-1.0,-0.0,0.0,0.0,1.0,0.0,-1.0,-0.0,1.0,0.0,-1.0,-0.0,-1,-0.0,-1,-0.0,-1,-0.0,-1.0,-0.0,1.0,0.0,1.0,0.0,0.0,0.0,-1.0,-0.0,1.0,0.0,0,0.0,-1.0,-0.0,-1.0,-0.0,-1.0,-0.0,-1.0,-0.0,1.0,0.0,-1.0,-0.0,1.0,0.0,1.0,0.0,1,0.0,0,0.0,0.0,0.0,-1.0,-0.0,1,0.0,1.0,0.0,-1,-0.0,-1.0,-0.0,-1.0,-0.0,-1.0,-0.0,-1.0,-0.0,-1.0,-0.0,0.0,0.0,0.0,0.0,1.0,0.0,1.0,0.0,-1.0,-0.0,-1.0,-0.0,1,0.0,1,0.0,1.0,0.0,1.0,0.0,1.0,0.0,0.0,0.0,-1.0,-0.0,-1.0,-0.0,-1.0,-0.0,1.0,0.0,1.0,0.0,-1,-0.0,0,0.0,-1.0,-0.0,0,0.0,-1.0,-0.0,-1,-0.0,-1,-0.0,-1.0,-0.0,0,0.0,1.0,0.0,1.0,0.0,-1.0,-0.0,-1.0,-0.0,1.0,0.0,1.0,0.0,1.0,0.0,1.0,0.0,-1.0,-0.0,1,0.0,0,0.0,1.0,0.0,1.0,0.0,1,0.0,-1.0,-0.0,1.0,0.0,1,0.0,1,0.0,1.0,0.0,0.0,0.0,-1.0,-0.0,1.0,0.0
20170202,@FVH7,1.0,6.63261922134e-05,117796.875,rates,1486072031,1.0,0.0,0.0,1.0,0.0,1.0,0.0,1.0,0.0,-1.0,-0.0,-1.0,-0.0,-1.0,-0.0,-1.0,-0.0,-1.0,-0.0,-1.0,-0.0,-1.0,-0.0,0,0.0,1,0.0,1,0.0,0.0,0.0,1.0,0.0,-1.0,-0.0,0.0,0.0,-1.0,-0.0,1.0,0.0,0,0.0,1.0,0.0,-1.0,-0.0,1.0,0.0,1.0,0.0,-1.0,-0.0,1.0,0.0,-1.0,-0.0,-1.0,-0.0,1,0.0,0,0.0,-1.0,-0.0,-1.0,-0.0,-1,-0.0,-1.0,-0.0,1,0.0,-1.0,-0.0,1.0,0.0,1.0,0.0,1.0,0.0,-1.0,-0.0,0.0,0.0,0.0,0.0,1.0,0.0,1.0,0.0,-1.0,-0.0,1.0,0.0,-1,-0.0,1,0.0,-1.0,-0.0,-1.0,-0.0,1.0,0.0,0.0,0.0,-1.0,-0.0,-1.0,-0.0,0.0,0.0,1.0,0.0,-1.0,-0.0,-1,-0.0,-1,-0.0,1.0,0.0,0,0.0,1.0,0.0,-1,-0.0,-1,-0.0,1.0,0.0,0,0.0,-1.0,-0.0,-1.0,-0.0,1.0,0.0,-1.0,-0.0,-1.0,-0.0,1.0,0.0,0.0,0.0,-1.0,-0.0,1.0,0.0,1,0.0,1,0.0,0.0,0.0,-1.0,-0.0,1,0.0,1.0,0.0,1.0,0.0,0,0.0,-1,-0.0,1.0,0.0,1.0,0.0,1.0,0.0,1.0,0.0
20170202,QGCJ7,1.0,0.00786228585616,121780.0,metal,1486072031,1.0,0.0,0.0,1.0,0.0,1.0,0.0,1.0,0.0,1.0,0.0,-1.0,-0.0,-1.0,-0.0,-1.0,-0.0,-1.0,-0.0,-1.0,-0.0,-1.0,-0.0,0,0.0,1,0.0,1,0.0,0.0,0.0,1.0,0.0,1.0,0.0,1.0,0.0,1.0,0.0,1.0,0.0,0,0.0,1.0,0.0,-1.0,-0.0,1.0,0.0,1.0,0.0,-1.0,-0.0,1.0,0.0,-1.0,-0.0,-1.0,-0.0,1,0.0,0,0.0,-1.0,-0.0,-1.0,-0.0,-1,-0.0,-1.0,-0.0,-1,-0.0,-1.0,-0.0,0.0,0.0,1.0,0.0,-1.0,-0.0,-1.0,-0.0,-1.0,-0.0,0.0,0.0,-1.0,-0.0,1.0,0.0,-1.0,-0.0,1.0,0.0,-1,-0.0,1,0.0,0.0,0.0,-1.0,-0.0,1.0,0.0,0.0,0.0,-1.0,-0.0,-1.0,-0.0,0.0,0.0,1.0,0.0,-1.0,-0.0,-1,-0.0,-1,-0.0,1.0,0.0,0,0.0,1.0,0.0,-1,-0.0,-1,-0.0,1.0,0.0,0,0.0,-1.0,-0.0,-1.0,-0.0,1.0,0.0,-1.0,-0.0,-1.0,-0.0,1.0,0.0,0.0,0.0,-1.0,-0.0,1.0,0.0,1,0.0,1,0.0,0.0,0.0,-1.0,-0.0,1,0.0,1.0,0.0,1.0,0.0,0,0.0,-1,-0.0,1.0,0.0,1.0,0.0,1.0,0.0,1.0,0.0
20170202,QHGH7,-1.0,-0.0101419878296,67100.0,metal,1486072031,1.0,-680.527383367,680.527383367,0.0,-0.0,1.0,-680.527383367,1.0,-680.527383367,-1.0,680.527383367,-1.0,680.527383367,1.0,-680.527383367,1.0,-680.527383367,1.0,-680.527383367,1.0,-680.527383367,-1.0,680.527383367,-1,680.527383367,-1,680.527383367,-1,680.527383367,0.0,-0.0,1.0,-680.527383367,1.0,-680.527383367,-1.0,680.527383367,-1.0,680.527383367,1.0,-680.527383367,0,-0.0,1.0,-680.527383367,-1.0,680.527383367,1.0,-680.527383367,0.0,-0.0,0.0,-0.0,-1.0,680.527383367,-1.0,680.527383367,1.0,-680.527383367,-1,680.527383367,-1,680.527383367,0.0,-0.0,-1.0,680.527383367,-1,680.527383367,1.0,-680.527383367,1,-680.527383367,-1.0,680.527383367,0.0,-0.0,1.0,-680.527383367,-1.0,680.527383367,1.0,-680.527383367,1.0,-680.527383367,-1.0,680.527383367,1.0,-680.527383367,-1.0,680.527383367,-1.0,680.527383367,1.0,-680.527383367,-1,680.527383367,-1,680.527383367,0.0,-0.0,-1.0,680.527383367,-1.0,680.527383367,1.0,-680.527383367,1.0,-680.527383367,-1.0,680.527383367,0.0,-0.0,1.0,-680.527383367,1.0,-680.527383367,1,-680.527383367,1,-680.527383367,1.0,-680.527383367,0,-0.0,-1.0,680.527383367,1,-680.527383367,-1,680.527383367,1.0,-680.527383367,1,-680.527383367,-1.0,680.527383367,0.0,-0.0,0.0,-0.0,1.0,-680.527383367,-1.0,680.527383367,1.0,-680.527383367,0.0,-0.0,1.0,-680.527383367,-1.0,680.527383367,-1,680.527383367,-1,680.527383367,0.0,-0.0,-1.0,680.527383367,1,-680.527383367,-1.0,680.527383367,1.0,-680.527383367,1,-680.527383367,1,-680.527383367,1.0,-680.527383367,-1.0,680.527383367,-1.0,680.527383367,-1.0,680.527383367
20170202,QHOH7,-1.0,-0.00991636798088,69610.8,energy,1486072031,1.0,-0.0,0.0,0.0,-0.0,1.0,-0.0,-1.0,0.0,-1.0,0.0,-1.0,0.0,1.0,-0.0,1.0,-0.0,1.0,-0.0,-1.0,0.0,1.0,-0.0,-1,0.0,-1,0.0,-1,0.0,0.0,-0.0,1.0,-0.0,-1.0,0.0,-1.0,0.0,-1.0,0.0,1.0,-0.0,0,-0.0,-1.0,0.0,1.0,-0.0,-1.0,0.0,0.0,-0.0,0.0,-0.0,1.0,-0.0,1.0,-0.0,-1.0,0.0,-1,0.0,-1,0.0,0.0,-0.0,-1.0,0.0,-1,0.0,1.0,-0.0,1,-0.0,1.0,-0.0,0.0,-0.0,-1.0,0.0,1.0,-0.0,1.0,-0.0,1.0,-0.0,-1.0,0.0,1.0,-0.0,-1.0,0.0,-1.0,0.0,1.0,-0.0,-1,0.0,-1,0.0,0.0,-0.0,1.0,-0.0,-1.0,0.0,1.0,-0.0,1.0,-0.0,1.0,-0.0,0.0,-0.0,-1.0,0.0,1.0,-0.0,1,-0.0,1,-0.0,-1.0,0.0,0,-0.0,1.0,-0.0,1,-0.0,-1,0.0,1.0,-0.0,1,-0.0,1.0,-0.0,0.0,-0.0,0.0,-0.0,1.0,-0.0,1.0,-0.0,-1.0,0.0,0.0,-0.0,-1.0,0.0,-1.0,0.0,-1,0.0,-1,0.0,0.0,-0.0,1.0,-0.0,-1,0.0,1.0,-0.0,-1.0,0.0,1,-0.0,1,-0.0,1.0,-0.0,-1.0,0.0,-1.0,0.0,-1.0,0.0
20170202,@JYH7,1.0,0.00186293327312,110918.75,currency,1486072031,1.0,0.0,0.0,0.0,0.0,-1.0,-0.0,1.0,0.0,1.0,0.0,1.0,0.0,-1.0,-0.0,-1.0,-0.0,-1.0,-0.0,1.0,0.0,-1.0,-0.0,1,0.0,1,0.0,1,0.0,0.0,0.0,-1.0,-0.0,1.0,0.0,1.0,0.0,1.0,0.0,-1.0,-0.0,0,0.0,1.0,0.0,-1.0,-0.0,1.0,0.0,0.0,0.0,0.0,0.0,-1.0,-0.0,-1.0,-0.0,1.0,0.0,1,0.0,1,0.0,0.0,0.0,1.0,0.0,-1,-0.0,-1.0,-0.0,-1,-0.0,-1.0,-0.0,0.0,0.0,1.0,0.0,-1.0,-0.0,-1.0,-0.0,-1.0,-0.0,1.0,0.0,-1.0,-0.0,1.0,0.0,1.0,0.0,1.0,0.0,1,0.0,1,0.0,0.0,0.0,-1.0,-0.0,1.0,0.0,-1.0,-0.0,-1.0,-0.0,-1.0,-0.0,0.0,0.0,1.0,0.0,-1.0,-0.0,-1,-0.0,-1,-0.0,1.0,0.0,0,0.0,-1.0,-0.0,-1,-0.0,1,0.0,-1.0,-0.0,-1,-0.0,-1.0,-0.0,0.0,0.0,0.0,0.0,-1.0,-0.0,-1.0,-0.0,1.0,0.0,0.0,0.0,1.0,0.0,1.0,0.0,1,0.0,1,0.0,0.0,0.0,-1.0,-0.0,1,0.0,-1.0,-0.0,1.0,0.0,-1,-0.0,-1,-0.0,-1.0,-0.0,1.0,0.0,1.0,0.0,1.0,0.0
20170202,@HEJ7,-1.0,-0.00108538350217,27610.0,meat,1486062074,1.0,-0.0,0.0,-1.0,0.0,-1.0,0.0,1.0,-0.0,1.0,-0.0,-1.0,0.0,1.0,-0.0,1.0,-0.0,1.0,-0.0,1.0,-0.0,1.0,-0.0,0,-0.0,1,-0.0,-1,0.0,0.0,-0.0,1.0,-0.0,1.0,-0.0,0.0,-0.0,-1.0,0.0,1.0,-0.0,0,-0.0,1.0,-0.0,-1.0,0.0,-1.0,0.0,-1.0,0.0,1.0,-0.0,-1.0,0.0,1.0,-0.0,1.0,-0.0,1,-0.0,0,-0.0,1.0,-0.0,-1.0,0.0,1,-0.0,1.0,-0.0,-1,0.0,-1.0,0.0,-1.0,0.0,-1.0,0.0,-1.0,0.0,-1.0,0.0,0.0,-0.0,0.0,-0.0,1.0,-0.0,1.0,-0.0,-1.0,0.0,-1.0,0.0,1,-0.0,-1,0.0,1.0,-0.0,1.0,-0.0,1.0,-0.0,0.0,-0.0,-1.0,0.0,-1.0,0.0,0.0,-0.0,1.0,-0.0,1.0,-0.0,1,-0.0,1,-0.0,-1.0,0.0,0,-0.0,-1.0,0.0,-1,0.0,1,-0.0,-1.0,0.0,0,-0.0,1.0,-0.0,1.0,-0.0,-1.0,0.0,1.0,-0.0,-1.0,0.0,1.0,-0.0,0.0,-0.0,1.0,-0.0,-1.0,0.0,-1,0.0,-1,0.0,0.0,-0.0,-1.0,0.0,1,-0.0,-1.0,0.0,-1.0,0.0,0,-0.0,-1,0.0,1.0,-0.0,-1.0,0.0,-1.0,0.0,-1.0,0.0
20170202,@ADH7,1.0,0.00975995779478,76560.0,currency,1486072031,1.0,0.0,0.0,0.0,0.0,1.0,0.0,1.0,0.0,-1.0,-0.0,-1.0,-0.0,1.0,0.0,1.0,0.0,1.0,0.0,1.0,0.0,-1.0,-0.0,-1,-0.0,-1,-0.0,-1,-0.0,0.0,0.0,1.0,0.0,1.0,0.0,-1.0,-0.0,-1.0,-0.0,1.0,0.0,0,0.0,1.0,0.0,-1.0,-0.0,1.0,0.0,0.0,0.0,0.0,0.0,-1.0,-0.0,-1.0,-0.0,1.0,0.0,-1,-0.0,-1,-0.0,0.0,0.0,-1.0,-0.0,-1,-0.0,1.0,0.0,1,0.0,-1.0,-0.0,0.0,0.0,1.0,0.0,-1.0,-0.0,1.0,0.0,1.0,0.0,-1.0,-0.0,1.0,0.0,-1.0,-0.0,-1.0,-0.0,1.0,0.0,-1,-0.0,-1,-0.0,0.0,0.0,-1.0,-0.0,-1.0,-0.0,1.0,0.0,1.0,0.0,-1.0,-0.0,0.0,0.0,1.0,0.0,1.0,0.0,1,0.0,1,0.0,1.0,0.0,0,0.0,-1.0,-0.0,1,0.0,-1,-0.0,1.0,0.0,1,0.0,-1.0,-0.0,0.0,0.0,0.0,0.0,1.0,0.0,-1.0,-0.0,1.0,0.0,0.0,0.0,1.0,0.0,-1.0,-0.0,-1,-0.0,-1,-0.0,0.0,0.0,-1.0,-0.0,1,0.0,-1.0,-0.0,1.0,0.0,1,0.0,1,0.0,1.0,0.0,-1.0,-0.0,-1.0,-0.0,-1.0,-0.0
20170202,@PXH7,1.0,0.0102189781022,24220.0,currency,1486072031,1.0,0.0,0.0,-1.0,-0.0,-1.0,-0.0,-1.0,-0.0,1.0,0.0,1.0,0.0,1.0,0.0,1.0,0.0,1.0,0.0,1.0,0.0,1.0,0.0,0,0.0,-1,-0.0,-1,-0.0,0.0,0.0,-1.0,-0.0,1.0,0.0,0.0,0.0,1.0,0.0,-1.0,-0.0,0,0.0,-1.0,-0.0,1.0,0.0,-1.0,-0.0,-1.0,-0.0,1.0,0.0,-1.0,-0.0,1.0,0.0,1.0,0.0,-1,-0.0,0,0.0,1.0,0.0,1.0,0.0,-1,-0.0,1.0,0.0,-1,-0.0,1.0,0.0,-1.0,-0.0,-1.0,-0.0,-1.0,-0.0,1.0,0.0,0.0,0.0,0.0,0.0,-1.0,-0.0,-1.0,-0.0,1.0,0.0,1.0,0.0,1,0.0,-1,-0.0,1.0,0.0,1.0,0.0,-1.0,-0.0,0.0,0.0,1.0,0.0,1.0,0.0,0.0,0.0,-1.0,-0.0,1.0,0.0,1,0.0,1,0.0,-1.0,-0.0,0,0.0,-1.0,-0.0,1,0.0,1,0.0,-1.0,-0.0,0,0.0,1.0,0.0,1.0,0.0,-1.0,-0.0,1.0,0.0,1.0,0.0,-1.0,-0.0,0.0,0.0,1.0,0.0,-1.0,-0.0,-1,-0.0,-1,-0.0,0.0,0.0,1.0,0.0,-1,-0.0,-1.0,-0.0,-1.0,-0.0,0,0.0,1,0.0,-1.0,-0.0,-1.0,-0.0,-1.0,-0.0,-1.0,-0.0
20170202,QNGH7,1.0,0.00599747474747,31870.0,energy,1486072031,1.0,191.139520202,191.139520202,-1.0,-191.139520202,-1.0,-191.139520202,-1.0,-191.139520202,1.0,191.139520202,1.0,191.139520202,1.0,191.139520202,1.0,191.139520202,1.0,191.139520202,1.0,191.139520202,1.0,191.139520202,0,0.0,-1,-191.139520202,-1,-191.139520202,0.0,0.0,-1.0,-191.139520202,1.0,191.139520202,0.0,0.0,1.0,191.139520202,-1.0,-191.139520202,0,0.0,-1.0,-191.139520202,1.0,191.139520202,-1.0,-191.139520202,-1.0,-191.139520202,1.0,191.139520202,-1.0,-191.139520202,1.0,191.139520202,1.0,191.139520202,-1,-191.139520202,0,0.0,1.0,191.139520202,1.0,191.139520202,-1,-191.139520202,1.0,191.139520202,-1,-191.139520202,1.0,191.139520202,-1.0,-191.139520202,-1.0,-191.139520202,-1.0,-191.139520202,1.0,191.139520202,0.0,0.0,0.0,0.0,-1.0,-191.139520202,-1.0,-191.139520202,1.0,191.139520202,1.0,191.139520202,1,191.139520202,-1,-191.139520202,1.0,191.139520202,1.0,191.139520202,-1.0,-191.139520202,0.0,0.0,1.0,191.139520202,1.0,191.139520202,0.0,0.0,-1.0,-191.139520202,1.0,191.139520202,1,191.139520202,1,191.139520202,-1.0,-191.139520202,0,0.0,-1.0,-191.139520202,1,191.139520202,1,191.139520202,-1.0,-191.139520202,0,0.0,1.0,191.139520202,1.0,191.139520202,-1.0,-191.139520202,1.0,191.139520202,1.0,191.139520202,-1.0,-191.139520202,0.0,0.0,1.0,191.139520202,-1.0,-191.139520202,-1,-191.139520202,-1,-191.139520202,0.0,0.0,1.0,191.139520202,-1,-191.139520202,-1.0,-191.139520202,-1.0,-191.139520202,0,0.0,1,191.139520202,-1.0,-191.139520202,-1.0,-191.139520202,-1.0,-191.139520202,-1.0,-191.139520202
20170202,@NKDH7,-1.0,-0.00600365439833,84046.967423,index,1486072031,1.0,-0.0,0.0,0.0,-0.0,1.0,-0.0,-1.0,0.0,-1.0,0.0,-1.0,0.0,0.0,-0.0,-1.0,0.0,1.0,-0.0,-1.0,0.0,1.0,-0.0,-1,0.0,-1,0.0,-1,0.0,-1.0,0.0,1.0,-0.0,-1.0,0.0,-1.0,0.0,-1.0,0.0,1.0,-0.0,0,-0.0,-1.0,0.0,-1.0,0.0,-1.0,0.0,0.0,-0.0,0.0,-0.0,1.0,-0.0,1.0,-0.0,-1.0,0.0,-1,0.0,-1,0.0,0.0,-0.0,-1.0,0.0,1,-0.0,1.0,-0.0,1,-0.0,1.0,-0.0,0.0,-0.0,-1.0,0.0,1.0,-0.0,1.0,-0.0,1.0,-0.0,-1.0,0.0,1.0,-0.0,-1.0,0.0,-1.0,0.0,-1.0,0.0,-1,0.0,1,-0.0,0.0,-0.0,1.0,-0.0,-1.0,0.0,1.0,-0.0,1.0,-0.0,-1.0,0.0,-1.0,0.0,1.0,-0.0,-1.0,0.0,1,-0.0,0,-0.0,-1.0,0.0,0,-0.0,1.0,-0.0,1,-0.0,-1,0.0,1.0,-0.0,1,-0.0,1.0,-0.0,0.0,-0.0,0.0,-0.0,-1.0,0.0,1.0,-0.0,1.0,-0.0,1.0,-0.0,-1.0,0.0,1.0,-0.0,-1,0.0,0,-0.0,1.0,-0.0,1.0,-0.0,-1,0.0,1.0,-0.0,-1.0,0.0,1,-0.0,1,-0.0,1.0,-0.0,0.0,-0.0,1.0,-0.0,-1.0,0.0
20170202,@NQH7,-1.0,-0.003593279596,102600.0,index,1486072031,1.0,-0.0,0.0,0.0,-0.0,1.0,-0.0,-1.0,0.0,-1.0,0.0,-1.0,0.0,0.0,-0.0,-1.0,0.0,1.0,-0.0,-1.0,0.0,1.0,-0.0,-1,0.0,-1,0.0,-1,0.0,-1.0,0.0,1.0,-0.0,-1.0,0.0,-1.0,0.0,-1.0,0.0,1.0,-0.0,0,-0.0,-1.0,0.0,-1.0,0.0,-1.0,0.0,0.0,-0.0,0.0,-0.0,1.0,-0.0,1.0,-0.0,-1.0,0.0,-1,0.0,-1,0.0,0.0,-0.0,-1.0,0.0,-1,0.0,1.0,-0.0,1,-0.0,1.0,-0.0,0.0,-0.0,-1.0,0.0,1.0,-0.0,1.0,-0.0,1.0,-0.0,-1.0,0.0,1.0,-0.0,-1.0,0.0,-1.0,0.0,1.0,-0.0,-1,0.0,1,-0.0,0.0,-0.0,1.0,-0.0,-1.0,0.0,1.0,-0.0,1.0,-0.0,-1.0,0.0,-1.0,0.0,1.0,-0.0,-1.0,0.0,1,-0.0,0,-0.0,-1.0,0.0,0,-0.0,1.0,-0.0,1,-0.0,-1,0.0,1.0,-0.0,1,-0.0,1.0,-0.0,0.0,-0.0,0.0,-0.0,-1.0,0.0,1.0,-0.0,1.0,-0.0,1.0,-0.0,-1.0,0.0,1.0,-0.0,-1,0.0,0,-0.0,1.0,-0.0,1.0,-0.0,-1,0.0,1.0,-0.0,-1.0,0.0,1,-0.0,1,-0.0,1.0,-0.0,0.0,-0.0,1.0,-0.0,-1.0,0.0
20170202,QPAH7,-1.0,-0.00412898151789,75975.0,metal,1486072031,1.0,-0.0,0.0,0.0,-0.0,1.0,-0.0,-1.0,0.0,1.0,-0.0,-1.0,0.0,1.0,-0.0,1.0,-0.0,1.0,-0.0,-1.0,0.0,1.0,-0.0,-1,0.0,-1,0.0,-1,0.0,0.0,-0.0,1.0,-0.0,1.0,-0.0,0.0,-0.0,1.0,-0.0,1.0,-0.0,0,-0.0,-1.0,0.0,1.0,-0.0,-1.0,0.0,0.0,-0.0,0.0,-0.0,1.0,-0.0,1.0,-0.0,-1.0,0.0,-1,0.0,-1,0.0,0.0,-0.0,-1.0,0.0,-1,0.0,1.0,-0.0,-1,0.0,1.0,-0.0,-1.0,0.0,-1.0,0.0,-1.0,0.0,1.0,-0.0,0.0,-0.0,-1.0,0.0,-1.0,0.0,-1.0,0.0,-1.0,0.0,1.0,-0.0,-1,0.0,-1,0.0,1.0,-0.0,1.0,-0.0,-1.0,0.0,1.0,-0.0,1.0,-0.0,1.0,-0.0,0.0,-0.0,-1.0,0.0,1.0,-0.0,1,-0.0,1,-0.0,-1.0,0.0,0,-0.0,1.0,-0.0,1,-0.0,-1,0.0,1.0,-0.0,1,-0.0,1.0,-0.0,0.0,-0.0,0.0,-0.0,1.0,-0.0,1.0,-0.0,-1.0,0.0,0.0,-0.0,-1.0,0.0,-1.0,0.0,-1,0.0,-1,0.0,0.0,-0.0,1.0,-0.0,-1,0.0,1.0,-0.0,-1.0,0.0,1,-0.0,1,-0.0,1.0,-0.0,-1.0,0.0,-1.0,0.0,-1.0,0.0
20170202,QPLJ7,1.0,0.00380076015203,50180.0,metal,1486072031,1.0,0.0,0.0,1.0,0.0,1.0,0.0,1.0,0.0,-1.0,-0.0,1.0,0.0,0.0,0.0,-1.0,-0.0,1.0,0.0,-1.0,-0.0,-1.0,-0.0,0,0.0,-1,-0.0,1,0.0,1.0,0.0,-1.0,-0.0,-1.0,-0.0,0.0,0.0,1.0,0.0,-1.0,-0.0,0,0.0,1.0,0.0,1.0,0.0,1.0,0.0,1.0,0.0,-1.0,-0.0,1.0,0.0,-1.0,-0.0,-1.0,-0.0,-1,-0.0,0,0.0,-1.0,-0.0,1.0,0.0,-1,-0.0,-1.0,-0.0,1,0.0,1.0,0.0,1.0,0.0,1.0,0.0,1.0,0.0,1.0,0.0,0.0,0.0,0.0,0.0,-1.0,-0.0,-1.0,-0.0,1.0,0.0,1.0,0.0,-1,-0.0,-1,-0.0,-1.0,-0.0,-1.0,-0.0,-1.0,-0.0,0.0,0.0,1.0,0.0,1.0,0.0,1.0,0.0,-1.0,-0.0,-1.0,-0.0,1,0.0,0,0.0,1.0,0.0,0,0.0,1.0,0.0,1,0.0,-1,-0.0,1.0,0.0,0,0.0,-1.0,-0.0,-1.0,-0.0,1.0,0.0,1.0,0.0,-1.0,-0.0,-1.0,-0.0,-1.0,-0.0,-1.0,-0.0,1.0,0.0,-1,-0.0,0,0.0,-1.0,-0.0,-1.0,-0.0,-1,-0.0,1.0,0.0,1.0,0.0,0,0.0,1,0.0,-1.0,-0.0,0.0,0.0,1.0,0.0,-1.0,-0.0
20170202,QRBH7,-1.0,-0.0269140649737,64537.2,energy,1486072031,1.0,-0.0,0.0,0.0,-0.0,1.0,-0.0,-1.0,0.0,-1.0,0.0,-1.0,0.0,1.0,-0.0,1.0,-0.0,1.0,-0.0,-1.0,0.0,1.0,-0.0,-1,0.0,-1,0.0,-1,0.0,0.0,-0.0,1.0,-0.0,-1.0,0.0,-1.0,0.0,-1.0,0.0,1.0,-0.0,0,-0.0,-1.0,0.0,1.0,-0.0,-1.0,0.0,0.0,-0.0,0.0,-0.0,1.0,-0.0,1.0,-0.0,-1.0,0.0,-1,0.0,-1,0.0,0.0,-0.0,-1.0,0.0,-1,0.0,1.0,-0.0,1,-0.0,1.0,-0.0,0.0,-0.0,-1.0,0.0,1.0,-0.0,1.0,-0.0,1.0,-0.0,-1.0,0.0,1.0,-0.0,-1.0,0.0,-1.0,0.0,1.0,-0.0,-1,0.0,-1,0.0,0.0,-0.0,1.0,-0.0,-1.0,0.0,1.0,-0.0,1.0,-0.0,1.0,-0.0,0.0,-0.0,-1.0,0.0,1.0,-0.0,1,-0.0,1,-0.0,-1.0,0.0,0,-0.0,1.0,-0.0,1,-0.0,-1,0.0,1.0,-0.0,1,-0.0,1.0,-0.0,0.0,-0.0,0.0,-0.0,1.0,-0.0,1.0,-0.0,-1.0,0.0,0.0,-0.0,-1.0,0.0,-1.0,0.0,-1,0.0,-1,0.0,0.0,-0.0,1.0,-0.0,-1,0.0,1.0,-0.0,-1.0,0.0,1,-0.0,1,-0.0,1.0,-0.0,-1.0,0.0,-1.0,0.0,-1.0,0.0
20170202,@SH7,1.0,0.000241138172173,51850.0,grain,1486062848,1.0,0.0,0.0,-1.0,-0.0,-1.0,-0.0,-1.0,-0.0,-1.0,-0.0,1.0,0.0,1.0,0.0,1.0,0.0,1.0,0.0,1.0,0.0,1.0,0.0,0,0.0,-1,-0.0,-1,-0.0,0.0,0.0,1.0,0.0,-1.0,-0.0,-1.0,-0.0,-1.0,-0.0,1.0,0.0,0,0.0,-1.0,-0.0,1.0,0.0,-1.0,-0.0,0.0,0.0,0.0,0.0,1.0,0.0,1.0,0.0,-1.0,-0.0,-1,-0.0,-1,-0.0,1.0,0.0,-1.0,-0.0,1,0.0,1.0,0.0,1,0.0,1.0,0.0,0.0,0.0,-1.0,-0.0,1.0,0.0,1.0,0.0,1.0,0.0,-1.0,-0.0,1.0,0.0,-1.0,-0.0,-1.0,-0.0,-1.0,-0.0,-1,-0.0,-1,-0.0,0.0,0.0,1.0,0.0,-1.0,-0.0,1.0,0.0,1.0,0.0,1.0,0.0,0.0,0.0,-1.0,-0.0,1.0,0.0,1,0.0,1,0.0,-1.0,-0.0,0,0.0,1.0,0.0,1,0.0,1,0.0,1.0,0.0,1,0.0,1.0,0.0,0.0,0.0,0.0,0.0,1.0,0.0,1.0,0.0,-1.0,-0.0,0.0,0.0,-1.0,-0.0,-1.0,-0.0,-1,-0.0,-1,-0.0,0.0,0.0,1.0,0.0,-1,-0.0,-1.0,-0.0,-1.0,-0.0,0,0.0,1,0.0,-1.0,-0.0,-1.0,-0.0,-1.0,-0.0,-1.0,-0.0
20170202,@SFH7,-1.0,-0.000791922391606,126175.0,currency,1486072031,1.0,-0.0,0.0,0.0,-0.0,1.0,-0.0,-1.0,0.0,1.0,-0.0,-1.0,0.0,0.0,-0.0,1.0,-0.0,-1.0,0.0,1.0,-0.0,-1.0,0.0,-1,0.0,-1,0.0,-1,0.0,-1.0,0.0,1.0,-0.0,1.0,-0.0,0.0,-0.0,-1.0,0.0,1.0,-0.0,0,-0.0,-1.0,0.0,-1.0,0.0,1.0,-0.0,0.0,-0.0,0.0,-0.0,-1.0,0.0,-1.0,0.0,1.0,-0.0,-1,0.0,-1,0.0,0.0,-0.0,-1.0,0.0,-1,0.0,1.0,-0.0,-1,0.0,-1.0,0.0,-1.0,0.0,-1.0,0.0,-1.0,0.0,-1.0,0.0,0.0,-0.0,-1.0,0.0,1.0,-0.0,-1.0,0.0,-1.0,0.0,1.0,-0.0,-1,0.0,1,-0.0,1.0,-0.0,1.0,-0.0,1.0,-0.0,1.0,-0.0,1.0,-0.0,-1.0,0.0,-1.0,0.0,1.0,-0.0,1.0,-0.0,-1,0.0,0,-0.0,1.0,-0.0,0,-0.0,-1.0,0.0,1,-0.0,-1,0.0,1.0,-0.0,1,-0.0,-1.0,0.0,0.0,-0.0,0.0,-0.0,-1.0,0.0,1.0,-0.0,1.0,-0.0,1.0,-0.0,1.0,-0.0,-1.0,0.0,1,-0.0,0,-0.0,1.0,-0.0,1.0,-0.0,1,-0.0,-1.0,0.0,1.0,-0.0,1,-0.0,1,-0.0,1.0,-0.0,0.0,-0.0,-1.0,0.0,1.0,-0.0
20170202,QSIH7,1.0,0.00143266475645,87375.0,metal,1486072031,1.0,0.0,0.0,0.0,0.0,-1.0,-0.0,1.0,0.0,-1.0,-0.0,1.0,0.0,0.0,0.0,1.0,0.0,-1.0,-0.0,1.0,0.0,-1.0,-0.0,1,0.0,1,0.0,1,0.0,1.0,0.0,1.0,0.0,-1.0,-0.0,0.0,0.0,-1.0,-0.0,1.0,0.0,0,0.0,1.0,0.0,1.0,0.0,1.0,0.0,1.0,0.0,-1.0,-0.0,1.0,0.0,-1.0,-0.0,-1.0,-0.0,1,0.0,0,0.0,0.0,0.0,-1.0,-0.0,-1,-0.0,-1.0,-0.0,1,0.0,-1.0,-0.0,1.0,0.0,1.0,0.0,1.0,0.0,-1.0,-0.0,0.0,0.0,0.0,0.0,1.0,0.0,1.0,0.0,-1.0,-0.0,1.0,0.0,-1,-0.0,-1,-0.0,-1.0,-0.0,-1.0,-0.0,1.0,0.0,0.0,0.0,-1.0,-0.0,1.0,0.0,1.0,0.0,-1.0,-0.0,1.0,0.0,-1,-0.0,0,0.0,1.0,0.0,0,0.0,1.0,0.0,-1,-0.0,1,0.0,1.0,0.0,0,0.0,-1.0,-0.0,-1.0,-0.0,1.0,0.0,1.0,0.0,-1.0,-0.0,-1.0,-0.0,-1.0,-0.0,-1.0,-0.0,-1.0,-0.0,1,0.0,0,0.0,-1.0,-0.0,-1.0,-0.0,1,0.0,-1.0,-0.0,1.0,0.0,-1,-0.0,-1,-0.0,-1.0,-0.0,0.0,0.0,-1.0,-0.0,1.0,0.0
20170202,@SMH7,-1.0,-0.00654761904762,33380.0,grain,1486062848,1.0,-0.0,0.0,-1.0,0.0,-1.0,0.0,-1.0,0.0,-1.0,0.0,1.0,-0.0,0.0,-0.0,-1.0,0.0,1.0,-0.0,1.0,-0.0,1.0,-0.0,0,-0.0,-1,0.0,-1,0.0,-1.0,0.0,1.0,-0.0,-1.0,0.0,-1.0,0.0,-1.0,0.0,1.0,-0.0,0,-0.0,-1.0,0.0,-1.0,0.0,-1.0,0.0,0.0,-0.0,0.0,-0.0,1.0,-0.0,1.0,-0.0,-1.0,0.0,-1,0.0,-1,0.0,1.0,-0.0,-1.0,0.0,1,-0.0,1.0,-0.0,1,-0.0,1.0,-0.0,0.0,-0.0,-1.0,0.0,1.0,-0.0,1.0,-0.0,1.0,-0.0,-1.0,0.0,1.0,-0.0,-1.0,0.0,-1.0,0.0,-1.0,0.0,-1,0.0,1,-0.0,0.0,-0.0,1.0,-0.0,-1.0,0.0,1.0,-0.0,1.0,-0.0,-1.0,0.0,-1.0,0.0,1.0,-0.0,-1.0,0.0,1,-0.0,0,-0.0,-1.0,0.0,0,-0.0,1.0,-0.0,1,-0.0,1,-0.0,1.0,-0.0,1,-0.0,1.0,-0.0,0.0,-0.0,0.0,-0.0,-1.0,0.0,1.0,-0.0,1.0,-0.0,1.0,-0.0,-1.0,0.0,1.0,-0.0,-1,0.0,0,-0.0,1.0,-0.0,1.0,-0.0,-1,0.0,-1.0,0.0,-1.0,0.0,0,-0.0,1,-0.0,-1.0,0.0,0.0,-0.0,1.0,-0.0,-1.0,0.0
20170202,@TUH7,-1.0,-7.2072072072e-05,216781.25,rates,1486072031,2.0,-0.0,0.0,1.0,-0.0,1.0,-0.0,1.0,-0.0,-1.0,0.0,-1.0,0.0,-1.0,0.0,-1.0,0.0,-1.0,0.0,-1.0,0.0,-1.0,0.0,0,-0.0,1,-0.0,1,-0.0,0.0,-0.0,1.0,-0.0,-1.0,0.0,0.0,-0.0,-1.0,0.0,1.0,-0.0,0,-0.0,1.0,-0.0,-1.0,0.0,1.0,-0.0,1.0,-0.0,-1.0,0.0,1.0,-0.0,-1.0,0.0,-1.0,0.0,1,-0.0,0,-0.0,-1.0,0.0,-1.0,0.0,-1,0.0,-1.0,0.0,1,-0.0,-1.0,0.0,1.0,-0.0,1.0,-0.0,1.0,-0.0,-1.0,0.0,0.0,-0.0,0.0,-0.0,1.0,-0.0,1.0,-0.0,-1.0,0.0,1.0,-0.0,-1,0.0,1,-0.0,-1.0,0.0,-1.0,0.0,1.0,-0.0,0.0,-0.0,-1.0,0.0,-1.0,0.0,0.0,-0.0,1.0,-0.0,-1.0,0.0,-1,0.0,-1,0.0,1.0,-0.0,0,-0.0,1.0,-0.0,-1,0.0,-1,0.0,1.0,-0.0,0,-0.0,-1.0,0.0,-1.0,0.0,1.0,-0.0,-1.0,0.0,-1.0,0.0,1.0,-0.0,0.0,-0.0,-1.0,0.0,1.0,-0.0,1,-0.0,1,-0.0,0.0,-0.0,-1.0,0.0,1,-0.0,1.0,-0.0,1.0,-0.0,0,-0.0,-1,0.0,1.0,-0.0,1.0,-0.0,1.0,-0.0,1.0,-0.0
20170202,@TYH7,1.0,0.0,124328.125,rates,1486072031,1.0,0.0,0.0,1.0,0.0,1.0,0.0,1.0,0.0,-1.0,-0.0,-1.0,-0.0,-1.0,-0.0,-1.0,-0.0,-1.0,-0.0,-1.0,-0.0,-1.0,-0.0,0,0.0,1,0.0,1,0.0,0.0,0.0,1.0,0.0,-1.0,-0.0,0.0,0.0,-1.0,-0.0,1.0,0.0,0,0.0,1.0,0.0,-1.0,-0.0,1.0,0.0,1.0,0.0,-1.0,-0.0,1.0,0.0,-1.0,-0.0,-1.0,-0.0,1,0.0,0,0.0,-1.0,-0.0,-1.0,-0.0,-1,-0.0,-1.0,-0.0,1,0.0,-1.0,-0.0,1.0,0.0,1.0,0.0,1.0,0.0,-1.0,-0.0,0.0,0.0,0.0,0.0,1.0,0.0,1.0,0.0,-1.0,-0.0,1.0,0.0,-1,-0.0,1,0.0,-1.0,-0.0,-1.0,-0.0,1.0,0.0,0.0,0.0,-1.0,-0.0,-1.0,-0.0,0.0,0.0,1.0,0.0,-1.0,-0.0,-1,-0.0,-1,-0.0,1.0,0.0,0,0.0,1.0,0.0,-1,-0.0,-1,-0.0,1.0,0.0,0,0.0,-1.0,-0.0,-1.0,-0.0,1.0,0.0,-1.0,-0.0,-1.0,-0.0,1.0,0.0,0.0,0.0,-1.0,-0.0,1.0,0.0,1,0.0,1,0.0,0.0,0.0,-1.0,-0.0,1,0.0,1.0,0.0,1.0,0.0,0,0.0,-1,-0.0,1.0,0.0,1.0,0.0,1.0,0.0,1.0,0.0
20170202,@USH7,1.0,0.000415454923141,150500.0,rates,1486072031,1.0,0.0,0.0,0.0,0.0,-1.0,-0.0,1.0,0.0,1.0,0.0,1.0,0.0,-1.0,-0.0,-1.0,-0.0,-1.0,-0.0,1.0,0.0,-1.0,-0.0,1,0.0,1,0.0,1,0.0,0.0,0.0,-1.0,-0.0,1.0,0.0,1.0,0.0,1.0,0.0,-1.0,-0.0,0,0.0,1.0,0.0,-1.0,-0.0,1.0,0.0,0.0,0.0,0.0,0.0,-1.0,-0.0,-1.0,-0.0,1.0,0.0,1,0.0,1,0.0,0.0,0.0,1.0,0.0,-1,-0.0,-1.0,-0.0,-1,-0.0,-1.0,-0.0,0.0,0.0,1.0,0.0,-1.0,-0.0,-1.0,-0.0,-1.0,-0.0,1.0,0.0,-1.0,-0.0,1.0,0.0,1.0,0.0,1.0,0.0,1,0.0,1,0.0,0.0,0.0,-1.0,-0.0,1.0,0.0,-1.0,-0.0,-1.0,-0.0,-1.0,-0.0,0.0,0.0,1.0,0.0,-1.0,-0.0,-1,-0.0,-1,-0.0,1.0,0.0,0,0.0,-1.0,-0.0,-1,-0.0,1,0.0,-1.0,-0.0,-1,-0.0,-1.0,-0.0,0.0,0.0,0.0,0.0,-1.0,-0.0,-1.0,-0.0,1.0,0.0,0.0,0.0,1.0,0.0,1.0,0.0,1,0.0,1,0.0,0.0,0.0,-1.0,-0.0,1,0.0,-1.0,-0.0,1.0,0.0,-1,-0.0,-1,-0.0,-1.0,-0.0,1.0,0.0,1.0,0.0,1.0,0.0
20170202,@WH7,1.0,0.00345821325648,21762.5,grain,1486062848,1.0,0.0,0.0,0.0,0.0,1.0,0.0,-1.0,-0.0,1.0,0.0,-1.0,-0.0,1.0,0.0,1.0,0.0,1.0,0.0,-1.0,-0.0,1.0,0.0,-1,-0.0,-1,-0.0,-1,-0.0,0.0,0.0,1.0,0.0,1.0,0.0,0.0,0.0,1.0,0.0,1.0,0.0,0,0.0,-1.0,-0.0,1.0,0.0,-1.0,-0.0,0.0,0.0,0.0,0.0,1.0,0.0,1.0,0.0,-1.0,-0.0,-1,-0.0,-1,-0.0,0.0,0.0,-1.0,-0.0,-1,-0.0,1.0,0.0,-1,-0.0,1.0,0.0,-1.0,-0.0,-1.0,-0.0,-1.0,-0.0,1.0,0.0,0.0,0.0,-1.0,-0.0,-1.0,-0.0,-1.0,-0.0,-1.0,-0.0,1.0,0.0,-1,-0.0,-1,-0.0,1.0,0.0,1.0,0.0,-1.0,-0.0,1.0,0.0,1.0,0.0,1.0,0.0,0.0,0.0,-1.0,-0.0,1.0,0.0,1,0.0,1,0.0,-1.0,-0.0,0,0.0,1.0,0.0,1,0.0,-1,-0.0,1.0,0.0,1,0.0,1.0,0.0,0.0,0.0,0.0,0.0,1.0,0.0,1.0,0.0,-1.0,-0.0,0.0,0.0,-1.0,-0.0,-1.0,-0.0,-1,-0.0,-1,-0.0,0.0,0.0,1.0,0.0,-1,-0.0,1.0,0.0,-1.0,-0.0,1,0.0,1,0.0,1.0,0.0,-1.0,-0.0,-1.0,-0.0,-1.0,-0.0
20170202,@NEH7,1.0,0.00151223535881,72850.0,currency,1486072031,1.0,0.0,0.0,0.0,0.0,1.0,0.0,-1.0,-0.0,-1.0,-0.0,-1.0,-0.0,0.0,0.0,1.0,0.0,-1.0,-0.0,1.0,0.0,-1.0,-0.0,-1,-0.0,-1,-0.0,-1,-0.0,-1.0,-0.0,1.0,0.0,1.0,0.0,-1.0,-0.0,-1.0,-0.0,1.0,0.0,0,0.0,-1.0,-0.0,-1.0,-0.0,1.0,0.0,0.0,0.0,0.0,0.0,-1.0,-0.0,-1.0,-0.0,1.0,0.0,-1,-0.0,-1,-0.0,0.0,0.0,-1.0,-0.0,-1,-0.0,1.0,0.0,1,0.0,-1.0,-0.0,0.0,0.0,1.0,0.0,-1.0,-0.0,1.0,0.0,1.0,0.0,-1.0,-0.0,1.0,0.0,-1.0,-0.0,-1.0,-0.0,1.0,0.0,-1,-0.0,1,0.0,0.0,0.0,-1.0,-0.0,-1.0,-0.0,1.0,0.0,1.0,0.0,-1.0,-0.0,-1.0,-0.0,1.0,0.0,1.0,0.0,-1,-0.0,0,0.0,1.0,0.0,0,0.0,-1.0,-0.0,1,0.0,-1,-0.0,1.0,0.0,1,0.0,-1.0,-0.0,0.0,0.0,0.0,0.0,-1.0,-0.0,1.0,0.0,1.0,0.0,1.0,0.0,1.0,0.0,-1.0,-0.0,1,0.0,0,0.0,1.0,0.0,1.0,0.0,1,0.0,-1.0,-0.0,1.0,0.0,1,0.0,1,0.0,1.0,0.0,0.0,0.0,-1.0,-0.0,1.0,0.0
20170202,@LEJ7,1.0,0.0147317502199,46150.0,meat,1486062074,1.0,0.0,0.0,0.0,0.0,1.0,0.0,1.0,0.0,1.0,0.0,-1.0,-0.0,1.0,0.0,1.0,0.0,1.0,0.0,1.0,0.0,-1.0,-0.0,-1,-0.0,-1,-0.0,-1,-0.0,0.0,0.0,1.0,0.0,1.0,0.0,0.0,0.0,-1.0,-0.0,1.0,0.0,0,0.0,1.0,0.0,-1.0,-0.0,-1.0,-0.0,-1.0,-0.0,1.0,0.0,-1.0,-0.0,1.0,0.0,1.0,0.0,1,0.0,0,0.0,0.0,0.0,-1.0,-0.0,1,0.0,1.0,0.0,-1,-0.0,-1.0,-0.0,-1.0,-0.0,-1.0,-0.0,-1.0,-0.0,-1.0,-0.0,0.0,0.0,0.0,0.0,1.0,0.0,1.0,0.0,-1.0,-0.0,-1.0,-0.0,1,0.0,-1,-0.0,1.0,0.0,1.0,0.0,1.0,0.0,0.0,0.0,-1.0,-0.0,-1.0,-0.0,0.0,0.0,1.0,0.0,1.0,0.0,1,0.0,1,0.0,-1.0,-0.0,0,0.0,-1.0,-0.0,-1,-0.0,-1,-0.0,-1.0,-0.0,0,0.0,1.0,0.0,1.0,0.0,-1.0,-0.0,1.0,0.0,-1.0,-0.0,1.0,0.0,0.0,0.0,1.0,0.0,-1.0,-0.0,-1,-0.0,-1,-0.0,0.0,0.0,-1.0,-0.0,1,0.0,-1.0,-0.0,1.0,0.0,1,0.0,1,0.0,1.0,0.0,-1.0,-0.0,-1.0,-0.0,-1.0,-0.0
