permid,account,clientid,commission,commission_currency,exchange,execid,expiry,level_0,orderid,price,qty,openqty,realized_PnL,side,symbol,symbol_currency,times,yield_redemption_date,PurePL,balance,margin_available,openprice,purebalance,real_pnl
1,Paper,Paper,10417.25,USD,BITSTAMP,1.0,,,1.0,416.69,1.0,1.0,-10417.25,BOT,BTC,USD,20160322 07:21:07 EST,,0.0,9582.75,-3766900.0,416.69,20000.0,-10417.25
2,Paper,Paper,10386.5,USD,BITSTAMP,2.0,,,1.0,415.46,2.0,-1.0,-22686.5,SLD,BTC,USD,20160322 07:31:43 EST,,-12300.0,-13103.75,-3766900.0,415.46,7700.0,-22686.5
3,Paper,Paper,10385.25,USD,BITSTAMP,3.0,,,1.0,415.41,2.0,1.0,-9885.25,BOT,BTC,USD,20160322 11:15:46 EST,,500.0,-22989.0,-3766900.0,415.41,8200.0,-9885.25
4,Paper,Paper,10376.25,USD,BITSTAMP,4.0,,,1.0,415.05,2.0,-1.0,-13976.25,SLD,BTC,USD,20160322 11:25:38 EST,,-3600.0,-36965.25,-3766900.0,415.05,4600.0,-13976.25
5,Paper,Paper,10377.75,USD,BITSTAMP,5.0,,,1.0,415.11,2.0,1.0,-10977.75,BOT,BTC,USD,20160322 11:47:29 EST,,-600.0,-47943.0,-3766900.0,415.11,4000.0,-10977.75
6,Paper,Paper,10400.0,USD,BITSTAMP,6.0,,,1.0,416.0,2.0,-1.0,-1500.0,SLD,BTC,USD,20160322 11:50:47 EST,,8900.0,-49443.0,-3766900.0,416.0,12900.0,-1500.0
7,Paper,Paper,10398.225,USD,BITSTAMP,7.0,,,1.0,415.929,2.0,1.0,-9688.225,BOT,BTC,USD,20160322 12:51:15 EST,,710.0,-59131.225,-3766900.0,415.929,13610.0,-9688.225
8,Paper,Paper,10412.5,USD,BITSTAMP,8.0,,,1.0,416.5,2.0,-1.0,-4702.5,SLD,BTC,USD,20160322 12:52:56 EST,,5710.0,-63833.725,-3766900.0,416.5,19320.0,-4702.5
9,Paper,Paper,10400.75,USD,BITSTAMP,9.0,,,1.0,416.03,2.0,1.0,-5700.75,BOT,BTC,USD,20160322 13:16:53 EST,,4700.0,-69534.475,-3766900.0,416.03,24020.0,-5700.75
10,Paper,Paper,10415.025,USD,BITSTAMP,10.0,,,1.0,416.601,2.0,-1.0,-4705.025,SLD,BTC,USD,20160322 13:20:18 EST,,5710.0,-74239.5,-3766900.0,416.601,29730.0,-4705.025
11,Paper,Paper,10384.475,USD,BITSTAMP,11.0,,,1.0,415.379,2.0,1.0,1835.525,BOT,BTC,USD,20160322 14:01:49 EST,,12220.0,-72403.975,-3766900.0,415.379,41950.0,1835.525
12,Paper,Paper,10399.0,USD,BITSTAMP,12.0,,,1.0,415.96,2.0,-1.0,-4589.0,SLD,BTC,USD,20160322 14:03:32 EST,,5810.0,-76992.975,-3766900.0,415.96,47760.0,-4589.0
13,Paper,Paper,10401.0,USD,BITSTAMP,13.0,,,1.0,416.04,2.0,1.0,-11201.0,BOT,BTC,USD,20160322 16:01:18 EST,,-800.0,-88193.975,-3766900.0,416.04,46960.0,-11201.0
14,Paper,Paper,10417.225,USD,BITSTAMP,14.0,,,1.0,416.689,2.0,-1.0,-3927.225,SLD,BTC,USD,20160322 16:12:03 EST,,6490.0,-92121.2,-3766900.0,416.689,53450.0,-3927.225
15,Paper,Paper,10431.75,USD,BITSTAMP,15.0,,,1.0,417.27,2.0,1.0,-16241.75,BOT,BTC,USD,20160322 16:48:04 EST,,-5810.0,-108362.95,-3766900.0,417.27,47640.0,-16241.75
16,Paper,Paper,10431.25,USD,BITSTAMP,16.0,,,1.0,417.25,2.0,-1.0,-10631.25,SLD,BTC,USD,20160322 16:49:49 EST,,-200.0,-118994.2,-3766900.0,417.25,47440.0,-10631.25
17,Paper,Paper,10401.75,USD,BITSTAMP,17.0,,,1.0,416.07,2.0,1.0,1398.25,BOT,BTC,USD,20160322 17:29:58 EST,,11800.0,-117595.95,-3766900.0,416.07,59240.0,1398.25
18,Paper,Paper,10400.25,USD,BITSTAMP,18.0,,,1.0,416.01,2.0,-1.0,-11000.25,SLD,BTC,USD,20160322 17:44:36 EST,,-600.0,-128596.2,-3766900.0,416.01,58640.0,-11000.25
19,Paper,Paper,10388.25,USD,BITSTAMP,19.0,,,1.0,415.53,2.0,1.0,-5588.25,BOT,BTC,USD,20160322 19:13:25 EST,,4800.0,-134184.45,-3766900.0,415.53,63440.0,-5588.25
20,Paper,Paper,10370.5,USD,BITSTAMP,20.0,,,1.0,414.82,2.0,-1.0,-17470.5,SLD,BTC,USD,20160322 19:26:31 EST,,-7100.0,-151654.95,-3766900.0,414.82,56340.0,-17470.5
21,Paper,Paper,10396.0,USD,BITSTAMP,21.0,,,1.0,415.84,2.0,1.0,-20596.0,BOT,BTC,USD,20160322 21:01:32 EST,,-10200.0,-172250.95,-3766900.0,415.84,46140.0,-20596.0
22,Paper,Paper,10416.5,USD,BITSTAMP,22.0,,,1.0,416.66,2.0,-1.0,-2216.5,SLD,BTC,USD,20160322 21:05:20 EST,,8200.0,-174467.45,-3766900.0,416.66,54340.0,-2216.5
23,Paper,Paper,10386.0,USD,BITSTAMP,23.0,,,1.0,415.44,2.0,1.0,1814.0,BOT,BTC,USD,20160322 23:57:45 EST,,12200.0,-172653.45,-3766900.0,415.44,66540.0,1814.0
24,Paper,Paper,10384.775,USD,BITSTAMP,24.0,,,1.0,415.391,2.0,-1.0,-10874.775,SLD,BTC,USD,20160322 23:59:40 EST,,-490.0,-183528.225,-3766900.0,415.391,66050.0,-10874.775
25,Paper,Paper,10353.0,USD,BITSTAMP,25.0,,,1.0,414.12,2.0,1.0,2357.0,BOT,BTC,USD,20160323 03:17:09 EST,,12710.0,-181171.225,-3766900.0,414.12,78760.0,2357.0
26,Paper,Paper,10377.8,USD,BITSTAMP,26.0,,,1.0,415.112,2.0,-1.0,-457.8,SLD,BTC,USD,20160323 03:37:38 EST,,9920.0,-181629.025,-3766900.0,415.112,88680.0,-457.8
27,Paper,Paper,10375.0,USD,BITSTAMP,27.0,,,1.0,415.0,2.0,1.0,-9255.0,BOT,BTC,USD,20160323 08:00:11 EST,,1120.0,-190884.025,-3766900.0,415.0,89800.0,-9255.0
28,Paper,Paper,10383.25,USD,BITSTAMP,28.0,,,1.0,415.33,2.0,-1.0,-7083.25,SLD,BTC,USD,20160323 08:32:14 EST,,3300.0,-197967.275,-3766900.0,415.33,93100.0,-7083.25
