trade_id,PL,closeVWAP_timestamp,closedWhen,closedWhenUnixTimeStamp,closing_price_VWAP,expir,instrument,long_or_short,markToMarket_time,openVWAP_timestamp,open_or_closed,openedWhen,opening_price_VWAP,ptValue,putcall,quant_closed,quant_opened,strike,symbol,symbol_description,PurePL,qty,balance,commission,margin_available,purebalance
2.0,-46.68,20160404 05:32:00 EST,20160404 05:32:00 EST,20160404 05:32:00 EST,85.4005,,CADJPY,long,,20160404 03:06:00 EST,closed,20160404 03:06:00 EST,85.449,,,100000.0,100000.0,,CADJPY,,-42.68,-100000.0,19949.32,4.0,203601.6,19957.32
3.0,-115.32,20160404 05:36:00 EST,20160404 05:36:00 EST,20160404 05:36:00 EST,85.192,,CADJPY,long,,20160404 05:34:00 EST,closed,20160404 05:34:00 EST,85.3185,,,100000.0,100000.0,,CADJPY,,-111.32,-100000.0,19981.82,4.0,301518.32,19995.82
1.0,587.7995472,20160404 05:38:00 EST,20160404 05:38:00 EST,20160404 05:38:00 EST,111.3765,,USDJPY,short,,20160404 05:37:00 EST,closed,20160404 03:06:00 EST,111.632125,,,200000.0,200000.0,,USDJPY,,599.72,200000.0,20423.7995472,11.9204528,324242.12,20445.72
4.0,-87.6,20160404 05:38:00 EST,20160404 05:38:00 EST,20160404 05:38:00 EST,85.137,,CADJPY,long,,20160404 05:37:00 EST,closed,20160404 05:37:00 EST,85.232,,,100000.0,100000.0,,CADJPY,,-83.6,-100000.0,20336.1995472,4.0,301151.36,20362.12
5.0,43.96,20160404 05:42:00 EST,20160404 05:42:00 EST,20160404 05:42:00 EST,111.431,,USDJPY,long,,20160404 05:38:00 EST,closed,20160404 05:38:00 EST,111.3765,,,100000.0,100000.0,,USDJPY,,47.96,-100000.0,20382.1595472,4.0,399210.64,20410.08
7.0,53.64,20160404 05:44:00 EST,20160404 05:44:00 EST,20160404 05:44:00 EST,85.526,,CADJPY,long,,20160404 05:42:00 EST,closed,20160404 05:42:00 EST,85.4605,,,100000.0,100000.0,,CADJPY,,57.64,-100000.0,20433.7995472,4.0,301209.0,20467.72
8.0,355.48,20160404 05:49:00 EST,20160404 05:49:00 EST,20160404 05:49:00 EST,85.1175,,CADJPY,short,,20160404 05:44:00 EST,closed,20160404 05:44:00 EST,85.526,,,100000.0,100000.0,,CADJPY,,359.48,100000.0,20789.2795472,4.0,300849.52,20827.2
6.0,150.0,20160404 07:05:00 EST,20160404 07:05:00 EST,20160404 07:05:00 EST,111.256,,USDJPY,short,,20160404 05:42:00 EST,closed,20160404 05:42:00 EST,111.431,,,100000.0,100000.0,,USDJPY,,154.0,100000.0,20939.2795472,4.0,323851.4,20981.2
9.0,216.44,20160404 07:05:00 EST,20160404 07:05:00 EST,20160404 07:05:00 EST,85.368,,CADJPY,long,,20160404 05:49:00 EST,closed,20160404 05:49:00 EST,85.1175,,,100000.0,100000.0,,CADJPY,,220.44,-100000.0,21155.7195472,4.0,301069.96,21201.64
10.0,43.96,20160404 07:07:00 EST,20160404 07:07:00 EST,20160404 07:07:00 EST,111.3105,,USDJPY,long,,20160404 07:05:00 EST,closed,20160404 07:05:00 EST,111.256,,,100000.0,100000.0,,USDJPY,,47.96,-100000.0,21201.6795472,4.0,399023.2,21249.6
11.0,394.2,20160404 07:08:00 EST,20160404 07:08:00 EST,20160404 07:08:00 EST,110.858,,USDJPY,short,,20160404 07:07:00 EST,closed,20160404 07:07:00 EST,111.3105,,,100000.0,100000.0,,USDJPY,,398.2,100000.0,21593.8795472,4.0,323699.6,21647.8
12.0,-27.76,20160404 07:08:00 EST,20160404 07:08:00 EST,20160404 07:08:00 EST,85.1155,,CADJPY,long,,20160404 07:07:00 EST,closed,20160404 07:07:00 EST,85.1425,,,100000.0,100000.0,,CADJPY,,-23.76,-100000.0,21568.1195472,4.0,398601.24,21624.04
13.0,-227.08,20160404 07:15:00 EST,20160404 07:15:00 EST,20160404 07:15:00 EST,111.143,,USDJPY,short,,20160404 07:13:00 EST,closed,20160404 07:13:00 EST,110.8895,,,100000.0,100000.0,,USDJPY,,-223.08,100000.0,21338.0391696,4.0,248805.44,21400.96
15.0,187.84,20160404 15:00:00 EST,20160404 15:00:00 EST,20160404 15:00:00 EST,110.983,,USDJPY,short,,20160404 14:47:00 EST,closed,20160404 14:47:00 EST,111.201,,,100000.0,100000.0,,USDJPY,,191.84,100000.0,21405.0791696,4.0,323504.24,21474.0
16.0,-350.72,20160404 19:05:00 EST,20160404 19:05:00 EST,20160404 19:05:00 EST,111.2495,,USDJPY,short,,20160404 16:49:00 EST,closed,20160404 16:49:00 EST,110.8555,,,100000.0,100000.0,,USDJPY,,-346.72,100000.0,21052.3591696,4.0,249337.4,21127.28
14.0,116.2842608,20160404 19:05:00 EST,20160404 19:05:00 EST,20160404 19:05:00 EST,85.0955,,CADJPY,long,,20160404 16:49:00 EST,closed,20160404 07:13:00 EST,84.95625,,,200000.0,200000.0,,CADJPY,,126.28,-200000.0,21294.443808,9.9957392,399105.48,21372.36
17.0,-4.43999999999,20160404 19:18:00 EST,20160404 19:18:00 EST,20160404 19:18:00 EST,111.248,,USDJPY,short,,20160404 19:15:00 EST,closed,20160404 19:15:00 EST,111.2475,,,100000.0,100000.0,,USDJPY,,-0.43999999999,100000.0,21288.003808,4.0,324227.6,21371.92
18.0,-1.35999999999,20160404 19:18:00 EST,20160404 19:18:00 EST,20160404 19:18:00 EST,85.092,,CADJPY,long,,20160404 19:15:00 EST,closed,20160404 19:15:00 EST,85.089,,,100000.0,100000.0,,CADJPY,,2.64000000001,-100000.0,21288.643808,4.0,399108.56,21374.56
19.0,-2.0,,,,0.0,,USDJPY,short,,20160404 20:04:00 EST,open,20160404 20:04:00 EST,111.14,,,0.0,100000.0,,USDJPY,,0.0,-100000.0,21286.643808,2.0,301305.36,21374.56
20.0,-2.0,,,,0.0,,CADJPY,long,,20160404 20:04:00 EST,open,20160404 20:04:00 EST,85.002,,,0.0,100000.0,,CADJPY,,0.0,100000.0,21284.643808,2.0,226503.6,21374.56
