trade_id,PL,closeVWAP_timestamp,closedWhen,closedWhenUnixTimeStamp,closing_price_VWAP,expir,instrument,long_or_short,markToMarket_time,openVWAP_timestamp,open_or_closed,openedWhen,opening_price_VWAP,ptValue,putcall,quant_closed,quant_opened,strike,symbol,symbol_description,PurePL,qty,currency,balance,commission,margin_available,mark_to_mkt,pure_mark_to_mkt,pure_unr_pnl,purebalance,unr_pnl
1.0,-305.68984,20160505 06:35:11 EST,20160505 06:35:11 EST,20160505 06:35:11 EST,1423.96,,#Nordic40,short,,20160504 20:56:28 EST,closed,20160504 20:56:28 EST,1420.96,,,2.0,2.0,,#Nordic40,,-300.0,2.0,USD,99697.15208,5.68984,2142396.0,99697.15208,99700.0,,99700.0,
2.0,-305.68984,20160505 06:51:33 EST,20160505 06:51:33 EST,20160505 06:51:33 EST,1420.96,,#Nordic40,long,,20160505 06:35:11 EST,closed,20160505 06:35:11 EST,1423.96,,,2.0,2.0,,#Nordic40,,-300.0,-2.0,USD,99394.31016,5.68984,2284492.0,99394.31016,99400.0,,99400.0,
3.0,-305.68984,20160505 15:23:14 EST,20160505 15:23:14 EST,20160505 15:23:14 EST,1420.96,,#Nordic40,long,,20160505 15:14:41 EST,closed,20160505 15:14:41 EST,1423.96,,,2.0,2.0,,#Nordic40,,-300.0,-2.0,USD,99091.46824,5.68984,2426588.0,99091.46824,99100.0,,99100.0,
4.0,-305.68984,20160505 17:24:17 EST,20160505 17:24:17 EST,20160505 17:24:17 EST,1423.96,,#Nordic40,short,,20160505 15:23:14 EST,closed,20160505 15:23:14 EST,1420.96,,,2.0,2.0,,#Nordic40,,-300.0,2.0,USD,98788.62032,5.68984,2568984.0,98788.62032,98800.0,,98800.0,
5.0,-305.68984,20160505 17:31:24 EST,20160505 17:31:24 EST,20160505 17:31:24 EST,1420.96,,#Nordic40,long,,20160505 17:24:17 EST,closed,20160505 17:24:17 EST,1423.96,,,2.0,2.0,,#Nordic40,,-300.0,-2.0,USD,98485.7784,5.68984,2711080.0,98485.7784,98500.0,,98500.0,
6.0,1627.34882,20160506 04:12:43 EST,20160506 04:12:43 EST,20160506 04:12:43 EST,1404.63,,#Nordic40,short,,20160505 17:31:24 EST,closed,20160505 17:31:24 EST,1420.96,,,2.0,2.0,,#Nordic40,,1633.0,2.0,USD,100115.96914,5.65118,2851543.0,100115.96914,100133.0,,100133.0,
7.0,-6.61850000002,20160506 04:45:39 EST,20160506 04:45:39 EST,20160506 04:45:39 EST,1404.62,,#Nordic40,long,,20160506 04:12:43 EST,closed,20160506 04:12:43 EST,1404.63,,,2.0,2.0,,#Nordic40,,-1.00000000002,-2.0,USD,100112.1599,5.6185,2992005.0,100112.1599,100132.0,,100132.0,
8.0,534.39232,20160506 08:44:20 EST,20160506 08:44:20 EST,20160506 08:44:20 EST,1399.22,,#Nordic40,short,,20160506 04:45:39 EST,closed,20160506 04:45:39 EST,1404.62,,,2.0,2.0,,#Nordic40,,540.0,2.0,USD,100649.36146,5.60768,3131927.0,100649.36146,100672.0,,100672.0,
9.0,-340.59018,20160506 08:59:43 EST,20160506 08:59:43 EST,20160506 08:59:43 EST,1395.87,,#Nordic40,long,,20160506 08:44:20 EST,closed,20160506 08:44:20 EST,1399.22,,,2.0,2.0,,#Nordic40,,-335.0,-2.0,USD,100311.56972,5.59018,3271514.0,100311.56972,100337.0,,100337.0,
10.0,-616.5957,20160506 09:34:28 EST,20160506 09:34:28 EST,20160506 09:34:28 EST,1401.98,,#Nordic40,short,,20160506 08:59:43 EST,closed,20160506 08:59:43 EST,1395.87,,,2.0,2.0,,#Nordic40,,-611.0,2.0,USD,99697.76576,5.5957,3411712.0,99697.76576,99726.0,,99726.0,
11.0,-84.60634,20160506 09:48:22 EST,20160506 09:48:22 EST,20160506 09:48:22 EST,1401.19,,#Nordic40,long,,20160506 09:34:28 EST,closed,20160506 09:34:28 EST,1401.98,,,2.0,2.0,,#Nordic40,,-79.0,-2.0,USD,99615.96338,5.60634,3551831.0,99615.96338,99647.0,,99647.0,
12.0,-305.62124,20160506 11:08:39 EST,20160506 11:08:39 EST,20160506 11:08:39 EST,1403.81,,#Nordic40,long,,20160506 11:00:49 EST,closed,20160506 11:00:49 EST,1406.81,,,2.0,2.0,,#Nordic40,,-300.0,-2.0,USD,99313.15576,5.62124,3692212.0,99313.15576,99347.0,,99347.0,
13.0,-305.62124,20160506 11:24:25 EST,20160506 11:24:25 EST,20160506 11:24:25 EST,1406.81,,#Nordic40,short,,20160506 11:08:39 EST,closed,20160506 11:08:39 EST,1403.81,,,2.0,2.0,,#Nordic40,,-300.0,2.0,USD,99010.34214,5.62124,3832893.0,99010.34214,99047.0,,99047.0,
14.0,-305.62124,20160506 11:38:27 EST,20160506 11:38:27 EST,20160506 11:38:27 EST,1403.81,,#Nordic40,long,,20160506 11:24:25 EST,closed,20160506 11:24:25 EST,1406.81,,,2.0,2.0,,#Nordic40,,-300.0,-2.0,USD,98707.53452,5.62124,3973274.0,98707.53452,98747.0,,98747.0,
15.0,-305.62124,20160506 14:34:39 EST,20160506 14:34:39 EST,20160506 14:34:39 EST,1406.81,,#Nordic40,short,,20160506 11:38:27 EST,closed,20160506 11:38:27 EST,1403.81,,,2.0,2.0,,#Nordic40,,-300.0,2.0,USD,98404.7209,5.62124,4113955.0,98404.7209,98447.0,,98447.0,
16.0,-305.62124,20160506 14:51:19 EST,20160506 14:51:19 EST,20160506 14:51:19 EST,1403.81,,#Nordic40,long,,20160506 14:34:39 EST,closed,20160506 14:34:39 EST,1406.81,,,2.0,2.0,,#Nordic40,,-300.0,-2.0,USD,98101.91328,5.62124,4254336.0,98101.91328,98147.0,,98147.0,
17.0,-305.62124,20160506 16:28:34 EST,20160506 16:28:34 EST,20160506 16:28:34 EST,1406.81,,#Nordic40,short,,20160506 14:51:19 EST,closed,20160506 14:51:19 EST,1403.81,,,2.0,2.0,,#Nordic40,,-300.0,2.0,USD,97799.09966,5.62124,4395017.0,97799.09966,97847.0,,97847.0,
18.0,-305.62124,20160506 16:59:31 EST,20160506 16:59:31 EST,20160506 16:59:31 EST,1403.81,,#Nordic40,long,,20160506 16:28:34 EST,closed,20160506 16:28:34 EST,1406.81,,,2.0,2.0,,#Nordic40,,-300.0,-2.0,USD,97496.29204,5.62124,4535398.0,97496.29204,97547.0,,97547.0,
19.0,-305.62124,20160507 06:02:37 EST,20160507 06:02:37 EST,20160507 06:02:37 EST,1406.81,,#Nordic40,short,,20160506 19:57:08 EST,closed,20160506 19:57:08 EST,1403.81,,,2.0,2.0,,#Nordic40,,-300.0,2.0,USD,97193.47842,5.62124,4676079.0,97193.47842,97247.0,,97247.0,
20.0,-305.62124,20160507 06:18:36 EST,20160507 06:18:36 EST,20160507 06:18:36 EST,1403.81,,#Nordic40,long,,20160507 06:02:37 EST,closed,20160507 06:02:37 EST,1406.81,,,2.0,2.0,,#Nordic40,,-300.0,-2.0,USD,96890.6708,5.62124,4816460.0,96890.6708,96947.0,,96947.0,
21.0,-305.62124,20160507 06:51:45 EST,20160507 06:51:45 EST,20160507 06:51:45 EST,1406.81,,#Nordic40,short,,20160507 06:18:36 EST,closed,20160507 06:18:36 EST,1403.81,,,2.0,2.0,,#Nordic40,,-300.0,2.0,USD,96587.85718,5.62124,4957141.0,96587.85718,96647.0,,96647.0,
22.0,-305.62124,20160507 07:12:32 EST,20160507 07:12:32 EST,20160507 07:12:32 EST,1403.81,,#Nordic40,long,,20160507 06:51:45 EST,closed,20160507 06:51:45 EST,1406.81,,,2.0,2.0,,#Nordic40,,-300.0,-2.0,USD,96285.04956,5.62124,5097522.0,96285.04956,96347.0,,96347.0,
23.0,-305.62124,20160507 07:54:18 EST,20160507 07:54:18 EST,20160507 07:54:18 EST,1406.81,,#Nordic40,short,,20160507 07:12:32 EST,closed,20160507 07:12:32 EST,1403.81,,,2.0,2.0,,#Nordic40,,-300.0,2.0,USD,95982.23594,5.62124,5238203.0,95982.23594,96047.0,,96047.0,
24.0,-305.62124,20160507 08:11:54 EST,20160507 08:11:54 EST,20160507 08:11:54 EST,1403.81,,#Nordic40,long,,20160507 07:54:18 EST,closed,20160507 07:54:18 EST,1406.81,,,2.0,2.0,,#Nordic40,,-300.0,-2.0,USD,95679.42832,5.62124,5378584.0,95679.42832,95747.0,,95747.0,
25.0,-305.62124,20160507 12:09:33 EST,20160507 12:09:33 EST,20160507 12:09:33 EST,1406.81,,#Nordic40,short,,20160507 08:11:54 EST,closed,20160507 08:11:54 EST,1403.81,,,2.0,2.0,,#Nordic40,,-300.0,2.0,USD,95376.6147,5.62124,5519265.0,95376.6147,95447.0,,95447.0,
26.0,-305.62124,20160507 12:26:31 EST,20160507 12:26:31 EST,20160507 12:26:31 EST,1403.81,,#Nordic40,long,,20160507 12:09:33 EST,closed,20160507 12:09:33 EST,1406.81,,,2.0,2.0,,#Nordic40,,-300.0,-2.0,USD,95073.80708,5.62124,5659646.0,95073.80708,95147.0,,95147.0,
27.0,-305.62124,20160507 16:09:26 EST,20160507 16:09:26 EST,20160507 16:09:26 EST,1406.81,,#Nordic40,short,,20160507 12:26:31 EST,closed,20160507 12:26:31 EST,1403.81,,,2.0,2.0,,#Nordic40,,-300.0,2.0,USD,94770.99346,5.62124,5800327.0,94770.99346,94847.0,,94847.0,
28.0,-305.62124,20160507 16:41:36 EST,20160507 16:41:36 EST,20160507 16:41:36 EST,1403.81,,#Nordic40,long,,20160507 16:09:26 EST,closed,20160507 16:09:26 EST,1406.81,,,2.0,2.0,,#Nordic40,,-300.0,-2.0,USD,94468.18584,5.62124,5940708.0,94468.18584,94547.0,,94547.0,
29.0,-305.62124,20160507 17:13:44 EST,20160507 17:13:44 EST,20160507 17:13:44 EST,1406.81,,#Nordic40,short,,20160507 16:41:36 EST,closed,20160507 16:41:36 EST,1403.81,,,2.0,2.0,,#Nordic40,,-300.0,2.0,USD,94165.37222,5.62124,6081389.0,94165.37222,94247.0,,94247.0,
30.0,-305.62124,20160507 17:30:32 EST,20160507 17:30:32 EST,20160507 17:30:32 EST,1403.81,,#Nordic40,long,,20160507 17:13:44 EST,closed,20160507 17:13:44 EST,1406.81,,,2.0,2.0,,#Nordic40,,-300.0,-2.0,USD,93862.5646,5.62124,6221770.0,93862.5646,93947.0,,93947.0,
31.0,-305.62124,20160507 18:51:34 EST,20160507 18:51:34 EST,20160507 18:51:34 EST,1406.81,,#Nordic40,short,,20160507 17:30:32 EST,closed,20160507 17:30:32 EST,1403.81,,,2.0,2.0,,#Nordic40,,-300.0,2.0,USD,93559.75098,5.62124,6362451.0,93559.75098,93647.0,,93647.0,
32.0,-305.62124,20160507 19:06:13 EST,20160507 19:06:13 EST,20160507 19:06:13 EST,1403.81,,#Nordic40,long,,20160507 18:51:34 EST,closed,20160507 18:51:34 EST,1406.81,,,2.0,2.0,,#Nordic40,,-300.0,-2.0,USD,93256.94336,5.62124,6502832.0,93256.94336,93347.0,,93347.0,
33.0,-305.62124,20160508 02:18:18 EST,20160508 02:18:18 EST,20160508 02:18:18 EST,1406.81,,#Nordic40,short,,20160507 19:06:13 EST,closed,20160507 19:06:13 EST,1403.81,,,2.0,2.0,,#Nordic40,,-300.0,2.0,USD,92954.12974,5.62124,6643513.0,92954.12974,93047.0,,93047.0,
34.0,-305.62124,20160508 02:34:14 EST,20160508 02:34:14 EST,20160508 02:34:14 EST,1403.81,,#Nordic40,long,,20160508 02:18:18 EST,closed,20160508 02:18:18 EST,1406.81,,,2.0,2.0,,#Nordic40,,-300.0,-2.0,USD,92651.32212,5.62124,6783894.0,92651.32212,92747.0,,92747.0,
35.0,-305.62124,20160508 03:22:54 EST,20160508 03:22:54 EST,20160508 03:22:54 EST,1406.81,,#Nordic40,short,,20160508 02:34:14 EST,closed,20160508 02:34:14 EST,1403.81,,,2.0,2.0,,#Nordic40,,-300.0,2.0,USD,92348.5085,5.62124,6924575.0,92348.5085,92447.0,,92447.0,
36.0,-305.62124,20160508 03:37:36 EST,20160508 03:37:36 EST,20160508 03:37:36 EST,1403.81,,#Nordic40,long,,20160508 03:22:54 EST,closed,20160508 03:22:54 EST,1406.81,,,2.0,2.0,,#Nordic40,,-300.0,-2.0,USD,92045.70088,5.62124,7064956.0,92045.70088,92147.0,,92147.0,
37.0,-305.62124,20160508 04:10:33 EST,20160508 04:10:33 EST,20160508 04:10:33 EST,1406.81,,#Nordic40,short,,20160508 03:37:36 EST,closed,20160508 03:37:36 EST,1403.81,,,2.0,2.0,,#Nordic40,,-300.0,2.0,USD,91742.88726,5.62124,7205637.0,91742.88726,91847.0,,91847.0,
38.0,-305.62124,20160508 04:26:44 EST,20160508 04:26:44 EST,20160508 04:26:44 EST,1403.81,,#Nordic40,long,,20160508 04:10:33 EST,closed,20160508 04:10:33 EST,1406.81,,,2.0,2.0,,#Nordic40,,-300.0,-2.0,USD,91440.07964,5.62124,7346018.0,91440.07964,91547.0,,91547.0,
39.0,-305.62124,20160508 09:30:48 EST,20160508 09:30:48 EST,20160508 09:30:48 EST,1406.81,,#Nordic40,short,,20160508 04:26:44 EST,closed,20160508 04:26:44 EST,1403.81,,,2.0,2.0,,#Nordic40,,-300.0,2.0,USD,91137.26602,5.62124,7486699.0,91137.26602,91247.0,,91247.0,
40.0,-305.62124,20160508 09:46:24 EST,20160508 09:46:24 EST,20160508 09:46:24 EST,1403.81,,#Nordic40,long,,20160508 09:30:48 EST,closed,20160508 09:30:48 EST,1406.81,,,2.0,2.0,,#Nordic40,,-300.0,-2.0,USD,90834.4584,5.62124,7627080.0,90834.4584,90947.0,,90947.0,
41.0,-305.62124,20160508 10:02:15 EST,20160508 10:02:15 EST,20160508 10:02:15 EST,1406.81,,#Nordic40,short,,20160508 09:46:24 EST,closed,20160508 09:46:24 EST,1403.81,,,2.0,2.0,,#Nordic40,,-300.0,2.0,USD,90531.64478,5.62124,7767761.0,90531.64478,90647.0,,90647.0,
42.0,-305.62124,20160508 10:19:34 EST,20160508 10:19:34 EST,20160508 10:19:34 EST,1403.81,,#Nordic40,long,,20160508 10:02:15 EST,closed,20160508 10:02:15 EST,1406.81,,,2.0,2.0,,#Nordic40,,-300.0,-2.0,USD,90228.83716,5.62124,7908142.0,90228.83716,90347.0,,90347.0,
43.0,-305.62124,20160508 12:09:20 EST,20160508 12:09:20 EST,20160508 12:09:20 EST,1406.81,,#Nordic40,short,,20160508 10:19:34 EST,closed,20160508 10:19:34 EST,1403.81,,,2.0,2.0,,#Nordic40,,-300.0,2.0,USD,89926.02354,5.62124,8048823.0,89926.02354,90047.0,,90047.0,
44.0,-305.62124,20160508 12:23:30 EST,20160508 12:23:30 EST,20160508 12:23:30 EST,1403.81,,#Nordic40,long,,20160508 12:09:20 EST,closed,20160508 12:09:20 EST,1406.81,,,2.0,2.0,,#Nordic40,,-300.0,-2.0,USD,89623.21592,5.62124,8189204.0,89623.21592,89747.0,,89747.0,
45.0,-305.62124,20160508 12:57:25 EST,20160508 12:57:25 EST,20160508 12:57:25 EST,1406.81,,#Nordic40,short,,20160508 12:23:30 EST,closed,20160508 12:23:30 EST,1403.81,,,2.0,2.0,,#Nordic40,,-300.0,2.0,USD,89320.4023,5.62124,8329885.0,89320.4023,89447.0,,89447.0,
46.0,-305.62124,20160508 13:12:28 EST,20160508 13:12:28 EST,20160508 13:12:28 EST,1403.81,,#Nordic40,long,,20160508 12:57:25 EST,closed,20160508 12:57:25 EST,1406.81,,,2.0,2.0,,#Nordic40,,-300.0,-2.0,USD,89017.59468,5.62124,8470266.0,89017.59468,89147.0,,89147.0,
47.0,-305.62124,20160508 13:59:45 EST,20160508 13:59:45 EST,20160508 13:59:45 EST,1406.81,,#Nordic40,short,,20160508 13:12:28 EST,closed,20160508 13:12:28 EST,1403.81,,,2.0,2.0,,#Nordic40,,-300.0,2.0,USD,88714.78106,5.62124,8610947.0,88714.78106,88847.0,,88847.0,
48.0,-305.62124,20160508 14:31:41 EST,20160508 14:31:41 EST,20160508 14:31:41 EST,1403.81,,#Nordic40,long,,20160508 13:59:45 EST,closed,20160508 13:59:45 EST,1406.81,,,2.0,2.0,,#Nordic40,,-300.0,-2.0,USD,88411.97344,5.62124,8751328.0,88411.97344,88547.0,,88547.0,
49.0,-305.62124,20160508 18:56:38 EST,20160508 18:56:38 EST,20160508 18:56:38 EST,1406.81,,#Nordic40,short,,20160508 14:31:41 EST,closed,20160508 14:31:41 EST,1403.81,,,2.0,2.0,,#Nordic40,,-300.0,2.0,USD,88109.15982,5.62124,8892009.0,88109.15982,88247.0,,88247.0,
50.0,-305.62124,20160508 19:13:35 EST,20160508 19:13:35 EST,20160508 19:13:35 EST,1403.81,,#Nordic40,long,,20160508 18:56:38 EST,closed,20160508 18:56:38 EST,1406.81,,,2.0,2.0,,#Nordic40,,-300.0,-2.0,USD,87806.3522,5.62124,9032390.0,87806.3522,87947.0,,87947.0,
51.0,-305.62124,20160508 21:20:30 EST,20160508 21:20:30 EST,20160508 21:20:30 EST,1406.81,,#Nordic40,short,,20160508 19:13:35 EST,closed,20160508 19:13:35 EST,1403.81,,,2.0,2.0,,#Nordic40,,-300.0,2.0,USD,87503.53858,5.62124,9173071.0,87503.53858,87647.0,,87647.0,
52.0,-305.62124,20160508 21:37:18 EST,20160508 21:37:18 EST,20160508 21:37:18 EST,1403.81,,#Nordic40,long,,20160508 21:20:30 EST,closed,20160508 21:20:30 EST,1406.81,,,2.0,2.0,,#Nordic40,,-300.0,-2.0,USD,87200.73096,5.62124,9313452.0,87200.73096,87347.0,,87347.0,
53.0,-305.62124,20160508 22:38:37 EST,20160508 22:38:37 EST,20160508 22:38:37 EST,1406.81,,#Nordic40,short,,20160508 21:37:18 EST,closed,20160508 21:37:18 EST,1403.81,,,2.0,2.0,,#Nordic40,,-300.0,2.0,USD,86897.91734,5.62124,9454133.0,86897.91734,87047.0,,87047.0,
54.0,-305.62124,20160508 22:56:04 EST,20160508 22:56:04 EST,20160508 22:56:04 EST,1403.81,,#Nordic40,long,,20160508 22:38:37 EST,closed,20160508 22:38:37 EST,1406.81,,,2.0,2.0,,#Nordic40,,-300.0,-2.0,USD,86595.10972,5.62124,9594514.0,86595.10972,86747.0,,86747.0,
55.0,-305.62124,20160509 01:35:27 EST,20160509 01:35:27 EST,20160509 01:35:27 EST,1406.81,,#Nordic40,short,,20160508 22:56:04 EST,closed,20160508 22:56:04 EST,1403.81,,,2.0,2.0,,#Nordic40,,-300.0,2.0,USD,86292.2961,5.62124,9735195.0,86292.2961,86447.0,,86447.0,
56.0,-305.62124,20160509 01:51:50 EST,20160509 01:51:50 EST,20160509 01:51:50 EST,1403.81,,#Nordic40,long,,20160509 01:35:27 EST,closed,20160509 01:35:27 EST,1406.81,,,2.0,2.0,,#Nordic40,,-300.0,-2.0,USD,85989.48848,5.62124,9875576.0,85989.48848,86147.0,,86147.0,
57.0,-305.62124,20160509 02:54:20 EST,20160509 02:54:20 EST,20160509 02:54:20 EST,1406.81,,#Nordic40,short,,20160509 01:51:50 EST,closed,20160509 01:51:50 EST,1403.81,,,2.0,2.0,,#Nordic40,,-300.0,2.0,USD,85686.67486,5.62124,10016257.0,85686.67486,85847.0,,85847.0,
58.0,350.36564,20160509 03:57:45 EST,20160509 03:57:45 EST,20160509 03:57:45 EST,1410.37,,#Nordic40,long,,20160509 02:54:20 EST,closed,20160509 02:54:20 EST,1406.81,,,2.0,2.0,,#Nordic40,,356.0,-2.0,USD,86039.85412,5.63436,10157294.0,86039.85412,86203.0,,86203.0,
59.0,-1151.6644,20160509 04:30:17 EST,20160509 04:30:17 EST,20160509 04:30:17 EST,1421.83,,#Nordic40,short,,20160509 03:57:45 EST,closed,20160509 03:57:45 EST,1410.37,,,2.0,2.0,,#Nordic40,,-1146.0,2.0,USD,84891.01046,5.6644,10299477.0,84891.01046,85057.0,,85057.0,
