trade_id,PL,closeVWAP_timestamp,closedWhen,closedWhenUnixTimeStamp,closing_price_VWAP,expir,instrument,long_or_short,markToMarket_time,openVWAP_timestamp,open_or_closed,openedWhen,opening_price_VWAP,ptValue,putcall,quant_closed,quant_opened,strike,symbol,symbol_description,PurePL,qty,balance,commission,margin_available,purebalance
7.0,-6.64000000001,20160322 07:33:10 EST,20160322 07:33:10 EST,20160322 07:33:10 EST,115.116,,CHFJPY,long,,20160322 07:32:34 EST,closed,20160322 07:32:34 EST,115.122,,,5.0,5.0,,CHFJPY,,-2.64000000001,-5.0,19992.31616,4.0,213157.26716,20010.31616
9.0,-17.1586,20160322 08:05:19 EST,20160322 08:05:19 EST,20160322 08:05:19 EST,0.96996,,USDCHF,short,,20160322 08:04:41 EST,closed,20160322 08:04:41 EST,0.9697,,,5.0,5.0,,USDCHF,,-13.1586,5.0,19973.15756,4.0,142913.42576,19997.15756
3.0,-11.04,20160322 08:08:46 EST,20160322 08:08:46 EST,20160322 08:08:46 EST,75.383,,NZDJPY,short,,20160322 07:04:42 EST,closed,20160322 07:04:42 EST,75.367,,,5.0,5.0,,NZDJPY,,-7.04,5.0,19964.11756,4.0,176081.94576,19990.11756
11.0,-3.99999999999,20160322 08:58:09 EST,20160322 08:58:09 EST,20160322 08:58:09 EST,0.6743600000000001,,NZDUSD,short,,20160322 08:57:44 EST,closed,20160322 08:57:44 EST,0.67436,,,5.0,5.0,,NZDUSD,,5.55111512313e-12,5.0,19960.11756,4.0,186579.23376,19994.11756
12.0,-5.056,20160322 09:01:56 EST,20160322 09:01:56 EST,20160322 09:01:56 EST,111.732,,USDJPY,long,,20160322 09:01:29 EST,closed,20160322 09:01:29 EST,111.736,,,3.0,3.0,,USDJPY,,-1.056,-3.0,19955.06156,4.0,186578.17776,19993.06156
6.0,0.174419999988,20160322 10:10:03 EST,20160322 10:10:03 EST,20160322 10:10:03 EST,1.088568,,EURCHF,short,,20160322 07:04:43 EST,closed,20160322 07:04:43 EST,1.08869,,,5.0,5.0,,EURCHF,,6.17442,1.0,19988.98382,6.0,212602.16768,20030.98382
13.0,-3.12,20160322 10:23:33 EST,20160322 10:23:33 EST,20160322 10:23:33 EST,84.947,,AUDJPY,short,,20160322 10:23:08 EST,closed,20160322 10:23:08 EST,84.957,,,1.0,1.0,,AUDJPY,,0.88,1.0,19985.86382,4.0,212601.28768,20031.86382
8.0,329.96,20160322 10:39:47 EST,20160322 10:39:47 EST,20160322 10:39:47 EST,158.916,,GBPJPY,short,,20160322 07:48:48 EST,closed,20160322 07:48:48 EST,159.675,,,5.0,5.0,,GBPJPY,,333.96,5.0,20317.82382,4.0,282524.32768,20365.82382
15.0,-2.5,20160322 11:24:57 EST,20160322 11:24:57 EST,20160322 11:24:57 EST,1.12259,,EURUSD,short,,20160322 11:24:08 EST,closed,20160322 11:24:08 EST,1.12274,,,1.0,1.0,,EURUSD,,1.5,1.0,20313.32382,4.0,268538.21968,20367.32382
4.0,13.712,20160322 12:17:54 EST,20160322 12:17:54 EST,20160322 12:17:54 EST,85.3923333333,,CADJPY,short,,20160322 07:04:43 EST,closed,20160322 07:04:43 EST,85.467,,,3.0,3.0,,CADJPY,,19.712,1.0,20286.33182,6.0,276084.30768,20342.33182
2.0,-14.4636,20160322 13:05:03 EST,20160322 13:05:03 EST,20160322 13:05:03 EST,1.30657,,USDCAD,long,,20160322 07:04:42 EST,closed,20160322 07:04:42 EST,1.30685,,,5.0,5.0,,USDCAD,,-10.4636,-5.0,20182.16042,4.0,347162.31238,20242.16042
19.0,-8.2,20160322 14:22:35 EST,20160322 14:22:35 EST,20160322 14:22:35 EST,0.6739,,NZDUSD,short,,20160322 14:21:42 EST,closed,20160322 14:21:42 EST,0.67376,,,3.0,3.0,,NZDUSD,,-4.2,3.0,20231.78442,4.0,329489.40908,20303.78442
1.0,-15.1,20160322 14:23:11 EST,20160322 14:23:11 EST,20160322 14:23:11 EST,0.760242,,AUDUSD,short,,20160322 07:04:42 EST,closed,20160322 07:04:42 EST,0.76006,,,5.0,5.0,,AUDUSD,,-9.1,1.0,20216.68442,6.0,337103.10908,20290.68442
14.0,54.608,20160322 15:28:34 EST,20160322 15:28:34 EST,20160322 15:28:34 EST,159.582,,GBPJPY,long,,20160322 10:39:47 EST,closed,20160322 10:39:47 EST,158.916,,,1.0,1.0,,GBPJPY,,58.608,-1.0,20273.29242,4.0,351146.32508,20349.29242
22.0,-9.5671,20160322 16:52:35 EST,20160322 16:52:35 EST,20160322 16:52:35 EST,0.97265,,USDCHF,long,,20160322 16:51:58 EST,closed,20160322 16:51:58 EST,0.97276,,,5.0,5.0,,USDCHF,,-5.5671,-5.0,20259.72532,4.0,253783.95968,20343.72532
20.0,-34.096,20160322 18:41:47 EST,20160322 18:41:47 EST,20160322 18:41:47 EST,159.696,,GBPJPY,short,,20160322 15:28:34 EST,closed,20160322 15:28:34 EST,159.582,,,3.0,3.0,,GBPJPY,,-30.096,3.0,20223.62932,4.0,252301.19968,20313.62932
5.0,-145.9216,20160322 18:45:03 EST,20160322 18:45:03 EST,20160322 18:45:03 EST,0.788906666667,,EURGBP,short,,20160322 07:04:43 EST,closed,20160322 07:04:43 EST,0.7856,,,3.0,3.0,,EURGBP,,-139.9216,1.0,20169.41552,6.0,249379.05348,20263.41552
26.0,-2.0,,,,0.0,,EURGBP,long,,20160322 18:45:03 EST,open,20160322 18:45:03 EST,0.78916,,,0.0,5.0,,EURGBP,,0.0,5.0,20167.41552,2.0,193723.54448,20263.41552
21.0,-20.7013,20160322 19:11:16 EST,20160322 19:11:16 EST,20160322 19:11:16 EST,1.09156,,EURCHF,short,,20160322 16:15:11 EST,closed,20160322 16:15:11 EST,1.09123,,,5.0,5.0,,EURCHF,,-16.7013,5.0,20146.71422,4.0,241390.06808,20246.71422
16.0,11.02274,20160322 19:11:41 EST,20160322 19:11:41 EST,20160322 19:11:41 EST,1.30444,,USDCAD,short,,20160322 13:05:16 EST,closed,20160322 13:05:16 EST,1.30645,,,1.0,1.0,,USDCAD,,15.02274,1.0,20157.73696,4.0,195895.60104,20261.73696
18.0,9.112,20160322 19:59:24 EST,20160322 19:59:24 EST,20160322 19:59:24 EST,125.961,,EURJPY,short,,20160322 14:20:50 EST,closed,20160322 14:20:50 EST,126.11,,,1.0,1.0,,EURJPY,,13.112,1.0,20166.84896,4.0,197230.78448,20274.84896
10.0,98.984,20160322 20:28:06 EST,20160322 20:28:06 EST,20160322 20:28:06 EST,75.7806666667,,NZDJPY,long,,20160322 08:08:46 EST,closed,20160322 08:08:46 EST,75.383,,,3.0,3.0,,NZDJPY,,104.984,-1.0,20200.00896,6.0,121745.58048,20314.00896
28.0,14.7257,20160322 22:01:04 EST,20160322 22:01:04 EST,20160322 22:01:04 EST,1.0919299999999998,,EURCHF,long,,20160322 19:11:16 EST,closed,20160322 19:11:16 EST,1.09156,,,5.0,5.0,,EURCHF,,18.7257,-5.0,20214.73466,4.0,169375.55778,20332.73466
31.0,35.0,20160322 22:47:51 EST,20160322 22:47:51 EST,20160322 22:47:51 EST,1.42069,,GBPUSD,short,,20160322 20:07:04 EST,closed,20160322 20:07:04 EST,1.42147,,,5.0,5.0,,GBPUSD,,39.0,5.0,20249.73466,4.0,185147.48048,20371.73466
23.0,-54.0,20160322 22:52:52 EST,20160322 22:52:52 EST,20160322 22:52:52 EST,0.6741,,NZDUSD,long,,20160322 17:30:37 EST,closed,20160322 17:30:37 EST,0.6751,,,5.0,5.0,,NZDUSD,,-50.0,-5.0,20195.73466,4.0,147817.98048,20321.73466
24.0,-4.0,,,,,,USDJPY,long,,20160322 23:04:16 EST,open,20160322 18:15:40 EST,112.3092,,,0.0,5.0,,USDJPY,,0.0,4.0,20191.73466,4.0,74584.43648,20321.73466
36.0,-2.0,,,,0.0,,USDCHF,short,,20160322 23:11:30 EST,open,20160322 23:11:30 EST,0.97385,,,0.0,5.0,,USDCHF,,0.0,-5.0,20189.73466,2.0,25297.88798,20321.73466
17.0,-3.032,20160322 23:53:02 EST,20160322 23:53:02 EST,20160322 23:53:02 EST,115.31,,CHFJPY,short,,20160322 13:18:00 EST,closed,20160322 13:18:00 EST,115.321,,,1.0,1.0,,CHFJPY,,0.968,1.0,20186.70266,4.0,-20619.83202,20322.70266
25.0,-16.496,20160323 00:32:32 EST,20160323 00:32:32 EST,20160323 00:32:32 EST,159.554,,GBPJPY,long,,20160322 18:41:47 EST,closed,20160322 18:41:47 EST,159.696,,,1.0,1.0,,GBPJPY,,-12.496,-1.0,20168.20666,4.0,-63972.76802,20310.20666
40.0,-2.0,,,,0.0,,GBPJPY,short,,20160323 00:32:32 EST,open,20160323 00:32:32 EST,159.554,,,0.0,1.0,,GBPJPY,,0.0,-1.0,20166.20666,2.0,-78013.52002,20310.20666
29.0,25.97074,20160323 01:09:03 EST,20160323 01:09:03 EST,20160323 01:09:03 EST,1.30845,,USDCAD,long,,20160322 19:11:41 EST,closed,20160322 19:11:41 EST,1.30444,,,1.0,1.0,,USDCAD,,29.97074,-1.0,20192.1774,4.0,-75766.78872,20340.1774
32.0,-18.5,20160323 01:14:16 EST,20160323 01:14:16 EST,20160323 01:14:16 EST,0.76181,,AUDUSD,long,,20160322 21:03:25 EST,closed,20160322 21:03:25 EST,0.76326,,,1.0,1.0,,AUDUSD,,-14.5,-1.0,20173.6774,4.0,-77927.96928,20325.6774
34.0,-195.5,20160323 03:49:57 EST,20160323 03:49:57 EST,20160323 03:49:57 EST,1.41686,,GBPUSD,long,,20160322 22:47:51 EST,closed,20160322 22:47:51 EST,1.42069,,,5.0,5.0,,GBPUSD,,-191.5,-5.0,19978.1774,4.0,-33632.45728,20134.1774
35.0,125.5,20160323 04:10:52 EST,20160323 04:10:52 EST,20160323 04:10:52 EST,0.67151,,NZDUSD,short,,20160322 22:52:52 EST,closed,20160322 22:52:52 EST,0.6741,,,5.0,5.0,,NZDUSD,,129.5,5.0,20103.6774,4.0,-70899.95728,20263.6774
37.0,-111.5,20160323 04:20:11 EST,20160323 04:20:11 EST,20160323 04:20:11 EST,1.11915,,EURUSD,long,,20160322 23:13:08 EST,closed,20160322 23:13:08 EST,1.1213,,,5.0,5.0,,EURUSD,,-107.5,-5.0,19992.1774,4.0,-21657.55728,20156.1774
27.0,-6.816,20160323 04:44:16 EST,20160323 04:44:16 EST,20160323 04:44:16 EST,86.074,,CADJPY,long,,20160322 18:46:57 EST,closed,20160322 18:46:57 EST,86.106,,,1.0,1.0,,CADJPY,,-2.816,-1.0,19985.3614,4.0,-25274.04528,20153.3614
46.0,-2.0,,,,0.0,,CADJPY,short,,20160323 04:44:16 EST,open,20160323 04:44:16 EST,86.074,,,0.0,1.0,,CADJPY,,0.0,-1.0,19983.3614,2.0,-32848.55728,20153.3614
41.0,4.624,20160323 05:33:49 EST,20160323 05:33:49 EST,20160323 05:33:49 EST,85.5,,AUDJPY,short,,20160323 00:33:07 EST,closed,20160323 00:33:07 EST,85.598,,,1.0,1.0,,AUDJPY,,8.624,1.0,19989.9854,4.0,-25324.55728,20161.9854
47.0,-2.0,,,,0.0,,AUDJPY,short,,20160323 05:34:01 EST,open,20160323 05:34:01 EST,85.498,,,0.0,1.0,,AUDJPY,,0.0,-1.0,19987.9854,2.0,-32848.38128,20161.9854
30.0,4.008,20160323 06:17:07 EST,20160323 06:17:07 EST,20160323 06:17:07 EST,126.052,,EURJPY,long,,20160322 19:59:24 EST,closed,20160322 19:59:24 EST,125.961,,,1.0,1.0,,EURJPY,,8.008,-1.0,19993.9934,4.0,-21755.80528,20169.9934
48.0,-2.0,,,,0.0,,EURJPY,short,,20160323 06:17:07 EST,open,20160323 06:17:07 EST,126.052,,,0.0,1.0,,EURJPY,,0.0,-1.0,19991.9934,2.0,-32848.38128,20169.9934
49.0,-2.0,,,,0.0,,AUDUSD,long,,20160323 06:24:16 EST,open,20160323 06:24:16 EST,0.75803,,,0.0,1.0,,AUDUSD,,0.0,1.0,19989.9934,2.0,-40428.68128,20169.9934
44.0,-4.0,,,,,,NZDUSD,long,,20160323 06:48:43 EST,open,20160323 04:10:52 EST,0.670734,,,0.0,5.0,,NZDUSD,,0.0,4.0,19987.9934,4.0,-67250.28128,20169.9934
42.0,11.09748,20160323 07:23:59 EST,20160323 07:23:59 EST,20160323 07:23:59 EST,1.30642,,USDCAD,short,,20160323 01:09:15 EST,closed,20160323 01:09:15 EST,1.30844,,,1.0,1.0,,USDCAD,,15.09748,1.0,20001.09088,4.0,-57486.0982,20185.09088
50.0,-2.0,,,,0.0,,USDCAD,long,,20160323 07:24:17 EST,open,20160323 07:24:17 EST,1.30644,,,0.0,5.0,,USDCAD,,0.0,5.0,19999.09088,2.0,-106307.761,20185.09088
43.0,45.5,20160323 08:46:37 EST,20160323 08:46:37 EST,20160323 08:46:37 EST,1.41587,,GBPUSD,short,,20160323 03:49:57 EST,closed,20160323 03:49:57 EST,1.41686,,,5.0,5.0,,GBPUSD,,49.5,5.0,20046.59088,4.0,-35514.261,20234.59088
51.0,63.5,20160323 09:03:55 EST,20160323 09:03:55 EST,20160323 09:03:55 EST,1.41449,,GBPUSD,short,,20160323 08:46:57 EST,closed,20160323 08:46:57 EST,1.41584,,,5.0,5.0,,GBPUSD,,67.5,5.0,20110.09088,4.0,-35581.761,20302.09088
39.0,42.664,20160323 09:17:20 EST,20160323 09:17:20 EST,20160323 09:17:20 EST,75.57600000000002,,NZDJPY,long,,20160323 03:24:33 EST,closed,20160323 00:32:24 EST,75.4654,,,5.0,5.0,,NZDJPY,,48.664,-5.0,20154.75488,6.0,-16473.621,20350.75488
45.0,12.9,20160323 09:18:23 EST,20160323 09:18:23 EST,20160323 09:18:23 EST,1.11741,,EURUSD,short,,20160323 04:20:25 EST,closed,20160323 04:20:25 EST,1.1191,,,1.0,1.0,,EURUSD,,16.9,1.0,20167.65488,4.0,-11950.209,20367.65488
38.0,168.48,20160323 09:22:52 EST,20160323 09:22:52 EST,20160323 09:22:52 EST,115.702,,CHFJPY,long,,20160322 23:53:02 EST,closed,20160322 23:53:02 EST,115.31,,,5.0,5.0,,CHFJPY,,172.48,-5.0,20336.13488,4.0,27785.971,20540.13488
52.0,-3.2,20160323 09:27:28 EST,20160323 09:27:28 EST,20160323 09:27:28 EST,1.41461,,GBPUSD,long,,20160323 09:17:10 EST,closed,20160323 09:17:10 EST,1.41453,,,1.0,1.0,,GBPUSD,,0.800000000001,-1.0,20416.76944,4.0,35147.41828,20626.76944
53.0,-6.728,20160323 09:31:02 EST,20160323 09:31:02 EST,20160323 09:31:02 EST,75.607,,NZDJPY,short,,20160323 09:17:20 EST,closed,20160323 09:17:20 EST,75.576,,,1.0,1.0,,NZDJPY,,-2.728,1.0,20410.04144,4.0,27656.73428,20624.04144
57.0,-2.0,,,,0.0,,NZDJPY,long,,20160323 09:31:02 EST,open,20160323 09:31:02 EST,75.607,,,0.0,1.0,,NZDJPY,,0.0,1.0,20408.04144,2.0,21003.31828,20624.04144
54.0,-19.1,20160323 09:32:13 EST,20160323 09:32:13 EST,20160323 09:32:13 EST,1.11878,,EURUSD,short,,20160323 09:18:45 EST,closed,20160323 09:18:45 EST,1.11727,,,1.0,1.0,,EURUSD,,-15.1,1.0,20390.94144,4.0,32191.11828,20608.94144
55.0,-11.04,20160323 09:35:17 EST,20160323 09:35:17 EST,20160323 09:35:17 EST,115.718,,CHFJPY,short,,20160323 09:22:52 EST,closed,20160323 09:22:52 EST,115.702,,,5.0,5.0,,CHFJPY,,-7.04,5.0,20379.90144,4.0,71919.23828,20601.90144
56.0,-4.7,20160323 09:41:37 EST,20160323 09:41:37 EST,20160323 09:41:37 EST,1.41434,,GBPUSD,long,,20160323 09:27:44 EST,closed,20160323 09:27:44 EST,1.41441,,,1.0,1.0,,GBPUSD,,-0.7,-1.0,20375.20144,4.0,75026.11558,20601.20144
58.0,-2.1,20160323 09:45:06 EST,20160323 09:45:06 EST,20160323 09:45:06 EST,1.11897,,EURUSD,long,,20160323 09:32:13 EST,closed,20160323 09:32:13 EST,1.11878,,,1.0,1.0,,EURUSD,,1.9,-1.0,20373.10144,4.0,72072.31558,20603.10144
33.0,85.52728,20160323 09:50:46 EST,20160323 09:50:46 EST,20160323 09:50:46 EST,1.09038,,EURCHF,short,,20160323 09:38:01 EST,open,20160322 22:01:04 EST,1.09114,,,1.0,2.0,,EURCHF,,93.52728,1.0,20376.79416,8.0,71918.94194,20610.79416
59.0,12.3,20160323 09:52:13 EST,20160323 09:52:13 EST,20160323 09:52:13 EST,1.41272,,GBPUSD,short,,20160323 09:41:53 EST,closed,20160323 09:41:53 EST,1.41435,,,1.0,1.0,,GBPUSD,,16.3,1.0,20389.09416,4.0,75867.44594,20627.09416
62.0,-2.0,,,,0.0,,GBPUSD,long,,20160323 09:52:30 EST,open,20160323 09:52:30 EST,1.41307,,,0.0,1.0,,GBPUSD,,0.0,1.0,20387.09416,2.0,61736.74594,20627.09416
61.0,-4.0,,,,,,CHFJPY,short,,20160323 10:03:49 EST,open,20160323 09:51:41 EST,115.6905,,,0.0,2.0,,CHFJPY,,0.0,-1.0,20385.09416,4.0,51553.91394,20627.09416
60.0,-4.0,,,,,,EURUSD,long,,20160323 10:04:21 EST,open,20160323 09:45:35 EST,1.11848,,,0.0,2.0,,EURUSD,,0.0,1.0,20383.09416,4.0,40374.51394,20627.09416
