trade_id,PL,closeVWAP_timestamp,closedWhen,closedWhenUnixTimeStamp,closing_price_VWAP,expir,instrument,long_or_short,markToMarket_time,openVWAP_timestamp,open_or_closed,openedWhen,opening_price_VWAP,ptValue,putcall,quant_closed,quant_opened,strike,symbol,symbol_description,PurePL,qty,currency,balance,commission,margin_available,mark_to_mkt,pure_mark_to_mkt,purebalance,pure_unr_pnl,unr_pnl
1.0,-52.42,20160425 09:25:03 EST,20160425 09:25:03 EST,20160425 09:25:03 EST,161.071,,GBPJPY,short,,20160425 08:16:12 EST,closed,20160425 08:16:12 EST,160.802,,,2.0,2.0,,GBPJPY,,-48.42,2.0,JPY,99947.58,4.0,2000048.42,99947.58,99951.58,99951.58,3.77999999999,1.77999999999
2.0,5.72,20160502 11:21:12 EST,20160502 11:21:12 EST,20160502 11:21:12 EST,156.252,,GBPJPY,short,,20160502 10:33:09 EST,closed,20160502 10:33:09 EST,156.306,,,2.0,2.0,,GBPJPY,,9.72,2.0,JPY,99953.3,4.0,2000038.7,99953.3,99961.3,99961.3,5.4,3.4
3.0,5.72,20160502 14:01:15 EST,20160502 14:01:15 EST,20160502 14:01:15 EST,156.261,,GBPJPY,short,,20160502 13:44:27 EST,closed,20160502 13:44:27 EST,156.315,,,2.0,2.0,,GBPJPY,,9.72,2.0,JPY,99959.02,4.0,2000028.98,99959.02,99971.02,99971.02,1.8,-0.200000000002
4.0,-8.5,20160502 15:21:23 EST,20160502 15:21:23 EST,20160502 15:21:23 EST,156.164,,GBPJPY,long,,20160502 14:49:18 EST,closed,20160502 14:49:18 EST,156.189,,,2.0,2.0,,GBPJPY,,-4.5,-2.0,JPY,99950.52,4.0,2000024.48,99950.52,99966.52,99966.52,-8.28,-10.28
5.0,-9.4,20160502 17:45:16 EST,20160502 17:45:16 EST,20160502 17:45:16 EST,156.164,,GBPJPY,short,,20160502 16:55:19 EST,closed,20160502 16:55:19 EST,156.134,,,2.0,2.0,,GBPJPY,,-5.4,2.0,JPY,99941.12,4.0,2000029.88,99941.12,99961.12,99961.12,3.42,1.42
6.0,-9.76,20160502 18:49:17 EST,20160502 18:49:17 EST,20160502 18:49:17 EST,156.067,,GBPJPY,long,,20160502 18:17:21 EST,closed,20160502 18:17:21 EST,156.099,,,2.0,2.0,,GBPJPY,,-5.76,-2.0,JPY,99931.36,4.0,2000024.12,99931.36,99955.36,99955.36,-4.14,-6.14
7.0,-1.3,20160502 23:02:10 EST,20160502 23:02:10 EST,20160502 23:02:10 EST,155.864,,GBPJPY,long,,20160502 21:45:35 EST,closed,20160502 21:45:35 EST,155.849,,,2.0,2.0,,GBPJPY,,2.7,-2.0,JPY,99930.06,4.0,2000026.82,99930.06,99958.06,99958.06,-1.98,-3.98
8.0,-9.4,20160502 23:18:15 EST,20160502 23:18:15 EST,20160502 23:18:15 EST,155.894,,GBPJPY,short,,20160502 23:02:10 EST,closed,20160502 23:02:10 EST,155.864,,,2.0,2.0,,GBPJPY,,-5.4,2.0,JPY,99920.66,4.0,2000032.22,99920.66,99952.66,99952.66,0.540000000003,-1.46
9.0,-8.68,20160503 00:22:19 EST,20160503 00:22:19 EST,20160503 00:22:19 EST,155.888,,GBPJPY,short,,20160503 00:06:16 EST,closed,20160503 00:06:16 EST,155.862,,,2.0,2.0,,GBPJPY,,-4.68,2.0,JPY,99911.98,4.0,2000036.9,99911.98,99947.98,99947.98,3.24,1.24
10.0,-8.14,20160511 14:21:41 EST,20160511 14:21:41 EST,20160511 14:21:41 EST,156.784,,GBPJPY,long,,20160511 06:27:33 EST,closed,20160511 06:27:33 EST,156.807,,,2.0,2.0,,GBPJPY,,-4.14,-2.0,JPY,99903.84,4.0,2000032.76,99903.84,99943.84,99943.84,-8.1,-10.1
11.0,10.04,20160511 17:49:10 EST,20160511 17:49:10 EST,20160511 17:49:10 EST,156.706,,GBPJPY,short,,20160511 14:21:41 EST,closed,20160511 14:21:41 EST,156.784,,,2.0,2.0,,GBPJPY,,14.04,2.0,JPY,99913.88,4.0,2000018.72,99913.88,99957.88,99957.88,4.68,2.68
12.0,-66.1,20160511 20:59:57 EST,20160511 20:59:57 EST,20160511 20:59:57 EST,156.361,,GBPJPY,long,,20160511 17:49:10 EST,closed,20160511 17:49:10 EST,156.706,,,2.0,2.0,,GBPJPY,,-62.1,-2.0,JPY,99847.78,4.0,1999956.62,99847.78,99895.78,99895.78,-9.9,-11.9
13.0,-53.86,20160511 22:04:40 EST,20160511 22:04:40 EST,20160511 22:04:40 EST,156.638,,GBPJPY,short,,20160511 20:59:57 EST,closed,20160511 20:59:57 EST,156.361,,,2.0,2.0,,GBPJPY,,-49.86,2.0,JPY,99793.92,4.0,2000006.48,99793.92,99845.92,99845.92,7.74,5.74
14.0,47.3,20160512 03:26:12 EST,20160512 03:26:12 EST,20160512 03:26:12 EST,156.923,,GBPJPY,long,,20160511 22:04:40 EST,closed,20160511 22:04:40 EST,156.638,,,2.0,2.0,,GBPJPY,,51.3,-2.0,JPY,99841.22,4.0,2000057.78,99841.22,99897.22,99897.22,-6.84,-8.84
15.0,-142.96,20160512 06:52:03 EST,20160512 06:52:03 EST,20160512 06:52:03 EST,157.695,,GBPJPY,short,,20160512 03:26:12 EST,closed,20160512 03:26:12 EST,156.923,,,2.0,2.0,,GBPJPY,,-138.96,2.0,JPY,99698.26,4.0,2000196.74,99698.26,99758.26,99758.26,7.92,5.92
16.0,-77.08,20160512 14:33:02 EST,20160512 14:33:02 EST,20160512 14:33:02 EST,157.506,,GBPJPY,long,,20160512 08:10:09 EST,closed,20160512 08:10:09 EST,157.912,,,2.0,2.0,,GBPJPY,,-73.08,-2.0,JPY,99621.18,4.0,2000123.66,99621.18,99685.18,99685.18,-7.92,-9.92
17.0,-48.28,20160512 14:51:07 EST,20160512 14:51:07 EST,20160512 14:51:07 EST,157.752,,GBPJPY,short,,20160512 14:33:02 EST,closed,20160512 14:33:02 EST,157.506,,,2.0,2.0,,GBPJPY,,-44.28,2.0,JPY,99572.9,4.0,2000167.94,99572.9,99640.9,99640.9,7.56,5.56
18.0,-36.4,20160512 15:37:55 EST,20160512 15:37:55 EST,20160512 15:37:55 EST,157.572,,GBPJPY,long,,20160512 14:51:07 EST,closed,20160512 14:51:07 EST,157.752,,,2.0,2.0,,GBPJPY,,-32.4,-2.0,JPY,99536.5,4.0,2000135.54,99536.5,99608.5,99608.5,-7.2,-9.2
19.0,-8.32,20160512 19:55:24 EST,20160512 19:55:24 EST,20160512 19:55:24 EST,157.606,,GBPJPY,long,,20160512 15:55:24 EST,closed,20160512 15:55:24 EST,157.63,,,2.0,2.0,,GBPJPY,,-4.32,-2.0,JPY,99528.18,4.0,2000131.22,99528.18,99604.18,99604.18,-7.92,-9.92
20.0,100.22,20160512 23:36:40 EST,20160512 23:36:40 EST,20160512 23:36:40 EST,157.027,,GBPJPY,short,,20160512 19:55:24 EST,closed,20160512 19:55:24 EST,157.606,,,2.0,2.0,,GBPJPY,,104.22,2.0,JPY,99628.4,4.0,2000027.0,99628.4,99708.4,99708.4,8.46,6.46
21.0,-0.0400000000016,20160513 00:51:59 EST,20160513 00:51:59 EST,20160513 00:51:59 EST,157.049,,GBPJPY,long,,20160512 23:36:40 EST,closed,20160512 23:36:40 EST,157.027,,,2.0,2.0,,GBPJPY,,3.96,-2.0,JPY,99630.36,4.0,2028295.82,99630.36,99712.36,99712.36,,
22.0,73.94,20160513 03:25:55 EST,20160513 03:25:55 EST,20160513 03:25:55 EST,156.616,,GBPJPY,short,,20160513 00:51:59 EST,closed,20160513 00:51:59 EST,157.049,,,2.0,2.0,,GBPJPY,,77.94,2.0,JPY,99704.3,4.0,2028217.88,99704.3,99790.3,99790.3,8.1,6.1
23.0,27.68,20160513 04:27:30 EST,20160513 04:27:30 EST,20160513 04:27:30 EST,156.792,,GBPJPY,long,,20160513 03:25:55 EST,closed,20160513 03:25:55 EST,156.616,,,2.0,2.0,,GBPJPY,,31.68,-2.0,JPY,99731.98,4.0,2028249.56,99731.98,99821.98,99821.98,-9.0,-11.0
24.0,3.74,20160513 06:02:55 EST,20160513 06:02:55 EST,20160513 06:02:55 EST,156.749,,GBPJPY,short,,20160513 04:27:30 EST,closed,20160513 04:27:30 EST,156.792,,,2.0,2.0,,GBPJPY,,7.74,2.0,JPY,99735.72,4.0,2028241.82,99735.72,99829.72,99829.72,16.74,14.74
25.0,-34.06,20160513 10:53:40 EST,20160513 10:53:40 EST,20160513 10:53:40 EST,156.571,,GBPJPY,long,,20160513 09:15:18 EST,closed,20160513 09:15:18 EST,156.738,,,2.0,2.0,,GBPJPY,,-30.06,-2.0,JPY,99701.66,4.0,2028211.76,99701.66,99799.66,99799.66,-7.38,-9.38
26.0,-77.62,20160513 14:31:34 EST,20160513 14:31:34 EST,20160513 14:31:34 EST,156.003,,GBPJPY,long,,20160513 13:18:34 EST,closed,20160513 13:18:34 EST,156.412,,,2.0,2.0,,GBPJPY,,-73.62,-2.0,JPY,99624.04,4.0,2028138.14,99624.04,99726.04,99726.04,-8.1,-10.1
27.0,-27.22,20160516 08:11:12 EST,20160516 08:11:12 EST,20160516 08:11:12 EST,156.543,,GBPJPY,short,,20160516 07:55:35 EST,closed,20160516 07:55:35 EST,156.414,,,2.0,2.0,,GBPJPY,,-23.22,2.0,JPY,99596.82,4.0,2028161.36,99596.82,99702.82,99702.82,1.44,-0.559999999998
28.0,29.66,20160516 11:46:40 EST,20160516 11:46:40 EST,20160516 11:46:40 EST,156.917,,GBPJPY,long,,20160516 11:06:56 EST,closed,20160516 11:06:56 EST,156.73,,,2.0,2.0,,GBPJPY,,33.66,-2.0,JPY,99626.48,4.0,2028195.02,99626.48,99736.48,99736.48,0.540000000003,-1.46
29.0,-15.7,20160516 12:57:15 EST,20160516 12:57:15 EST,20160516 12:57:15 EST,156.982,,GBPJPY,short,,20160516 11:46:40 EST,closed,20160516 11:46:40 EST,156.917,,,2.0,2.0,,GBPJPY,,-11.7,2.0,JPY,99610.78,4.0,2028206.72,99610.78,99724.78,99724.78,0.180000000001,-1.82
30.0,0.32,20160516 18:19:01 EST,20160516 18:19:01 EST,20160516 18:19:01 EST,157.039,,GBPJPY,long,,20160516 13:52:35 EST,closed,20160516 13:52:35 EST,157.015,,,2.0,2.0,,GBPJPY,,4.32,-2.0,JPY,99611.1,4.0,2028211.04,99611.1,99729.1,99729.1,-2.52,-4.52
31.0,-31.0,20160516 19:07:47 EST,20160516 19:07:47 EST,20160516 19:07:47 EST,157.189,,GBPJPY,short,,20160516 18:19:01 EST,closed,20160516 18:19:01 EST,157.039,,,2.0,2.0,,GBPJPY,,-27.0,2.0,JPY,99580.1,4.0,2028238.04,99580.1,99702.1,99702.1,4.32,2.32
32.0,92.66,20160516 22:08:09 EST,20160516 22:08:09 EST,20160516 22:08:09 EST,157.726,,GBPJPY,long,,20160516 19:07:47 EST,closed,20160516 19:07:47 EST,157.189,,,2.0,2.0,,GBPJPY,,96.66,-2.0,JPY,99672.76,4.0,2028334.7,99672.76,99798.76,99798.76,-2.52,-4.52
33.0,-168.52,20160517 04:54:49 EST,20160517 04:54:49 EST,20160517 04:54:49 EST,158.64,,GBPJPY,short,,20160516 22:08:09 EST,closed,20160516 22:08:09 EST,157.726,,,2.0,2.0,,GBPJPY,,-164.52,2.0,JPY,99504.24,4.0,2028499.22,99504.24,99634.24,99634.24,0.719999999998,-1.28
34.0,-17.68,20160517 05:18:54 EST,20160517 05:18:54 EST,20160517 05:18:54 EST,158.564,,GBPJPY,long,,20160517 04:54:49 EST,closed,20160517 04:54:49 EST,158.64,,,2.0,2.0,,GBPJPY,,-13.68,-2.0,JPY,99486.56,4.0,2028485.54,99486.56,99620.56,99620.56,-1.26,-3.26
35.0,137.48,20160517 11:16:28 EST,20160517 11:16:28 EST,20160517 11:16:28 EST,157.778,,GBPJPY,short,,20160517 05:18:54 EST,closed,20160517 05:18:54 EST,158.564,,,2.0,2.0,,GBPJPY,,141.48,2.0,JPY,99624.04,4.0,2028344.06,99624.04,99762.04,99762.04,1.98,-0.0200000000008
36.0,-5.62,20160517 13:16:35 EST,20160517 13:16:35 EST,20160517 13:16:35 EST,157.769,,GBPJPY,long,,20160517 11:16:28 EST,closed,20160517 11:16:28 EST,157.778,,,2.0,2.0,,GBPJPY,,-1.62,-2.0,JPY,99618.42,4.0,2028342.44,99618.42,99760.42,99760.42,-1.26,-3.26
37.0,-14.98,20160517 17:53:59 EST,20160517 17:53:59 EST,20160517 17:53:59 EST,157.854,,GBPJPY,short,,20160517 13:37:21 EST,closed,20160517 13:37:21 EST,157.793,,,2.0,2.0,,GBPJPY,,-10.98,2.0,JPY,99603.44,4.0,2028353.42,99603.44,99749.44,99749.44,1.8,-0.200000000002
38.0,-39.46,20160517 18:41:30 EST,20160517 18:41:30 EST,20160517 18:41:30 EST,157.657,,GBPJPY,long,,20160517 17:53:59 EST,closed,20160517 17:53:59 EST,157.854,,,2.0,2.0,,GBPJPY,,-35.46,-2.0,JPY,99563.98,4.0,2028317.96,99563.98,99713.98,99713.98,-6.12,-8.12
39.0,-3.82,20160517 22:27:43 EST,20160517 22:27:43 EST,20160517 22:27:43 EST,157.743,,GBPJPY,long,,20160517 18:57:48 EST,closed,20160517 18:57:48 EST,157.742,,,2.0,2.0,,GBPJPY,,0.179999999996,-2.0,JPY,99560.16,4.0,2028318.14,99560.16,99714.16,99714.16,-3.24000000001,-5.24000000001
40.0,76.64,20160518 03:49:26 EST,20160518 03:49:26 EST,20160518 03:49:26 EST,158.064,,GBPJPY,long,,20160517 23:44:30 EST,closed,20160517 23:44:30 EST,157.616,,,2.0,2.0,,GBPJPY,,80.64,-2.0,JPY,99636.8,4.0,2028398.78,99636.8,99794.8,99794.8,-2.7,-4.7
41.0,-141.7,20160518 07:13:19 EST,20160518 07:13:19 EST,20160518 07:13:19 EST,158.829,,GBPJPY,short,,20160518 03:49:26 EST,closed,20160518 03:49:26 EST,158.064,,,2.0,2.0,,GBPJPY,,-137.7,2.0,JPY,99495.1,4.0,2028536.48,99495.1,99657.1,99657.1,1.26,-0.739999999999
42.0,173.66,20160518 09:30:48 EST,20160518 09:30:48 EST,20160518 09:30:48 EST,159.816,,GBPJPY,long,,20160518 07:13:19 EST,closed,20160518 07:13:19 EST,158.829,,,2.0,2.0,,GBPJPY,,177.66,-2.0,JPY,99668.76,4.0,2028714.14,99668.76,99834.76,99834.76,-0.720000000003,-2.72
43.0,-104.8,20160518 13:14:35 EST,20160518 13:14:35 EST,20160518 13:14:35 EST,160.376,,GBPJPY,short,,20160518 09:30:48 EST,closed,20160518 09:30:48 EST,159.816,,,2.0,2.0,,GBPJPY,,-100.8,2.0,JPY,99563.96,4.0,2028814.94,99563.96,99733.96,99733.96,6.12,4.12
44.0,-2.0,,,,0.0,,GBPJPY,long,,20160518 13:14:35 EST,open,20160518 13:14:35 EST,160.376,,,0.0,2.0,,GBPJPY,,0.0,2.0,JPY,99561.96,2.0,1999947.26,99553.66,99727.66,99733.96,,
