trade_id,PL,closeVWAP_timestamp,closedWhen,closedWhenUnixTimeStamp,closing_price_VWAP,expir,instrument,long_or_short,markToMarket_time,openVWAP_timestamp,open_or_closed,openedWhen,opening_price_VWAP,ptValue,putcall,quant_closed,quant_opened,strike,symbol,symbol_description,PurePL,qty,currency,balance,commission,margin_available,mark_to_mkt,pure_mark_to_mkt,pure_unr_pnl,purebalance,unr_pnl
1.0,-3038.5316,20160504 21:06:29 EST,20160504 21:06:29 EST,20160504 21:06:29 EST,9647.9,,#ChinaA50,short,,20160504 20:59:23 EST,closed,20160504 20:59:23 EST,9617.9,,,2.0,2.0,,#ChinaA50,,-3000.0,2.0,USD,96980.7042,38.5316,2964790.0,96980.7042,97000.0,,97000.0,
2.0,-3038.5316,20160504 21:19:29 EST,20160504 21:19:29 EST,20160504 21:19:29 EST,9617.9,,#ChinaA50,long,,20160504 21:06:29 EST,closed,20160504 21:06:29 EST,9647.9,,,2.0,2.0,,#ChinaA50,,-3000.0,-2.0,USD,93961.4684,38.5316,3926580.0,93961.4684,94000.0,,94000.0,
3.0,-3038.5316,20160504 21:35:32 EST,20160504 21:35:32 EST,20160504 21:35:32 EST,9647.9,,#ChinaA50,short,,20160504 21:19:29 EST,closed,20160504 21:19:29 EST,9617.9,,,2.0,2.0,,#ChinaA50,,-3000.0,2.0,USD,90942.1726,38.5316,4891370.0,90942.1726,91000.0,,91000.0,
4.0,-3038.5316,20160504 23:04:17 EST,20160504 23:04:17 EST,20160504 23:04:17 EST,9617.9,,#ChinaA50,long,,20160504 21:35:32 EST,closed,20160504 21:35:32 EST,9647.9,,,2.0,2.0,,#ChinaA50,,-3000.0,-2.0,USD,87922.9368,38.5316,5853160.0,87922.9368,88000.0,,88000.0,
5.0,-3038.5316,20160504 23:19:11 EST,20160504 23:19:11 EST,20160504 23:19:11 EST,9647.9,,#ChinaA50,short,,20160504 23:04:17 EST,closed,20160504 23:04:17 EST,9617.9,,,2.0,2.0,,#ChinaA50,,-3000.0,2.0,USD,84903.641,38.5316,6817950.0,84903.641,85000.0,,85000.0,
6.0,-3038.5316,20160505 01:45:49 EST,20160505 01:45:49 EST,20160505 01:45:49 EST,9617.9,,#ChinaA50,long,,20160504 23:19:11 EST,closed,20160504 23:19:11 EST,9647.9,,,2.0,2.0,,#ChinaA50,,-3000.0,-2.0,USD,81884.4052,38.5316,7779740.0,81884.4052,82000.0,,82000.0,
7.0,-3038.5316,20160505 01:59:16 EST,20160505 01:59:16 EST,20160505 01:59:16 EST,9647.9,,#ChinaA50,short,,20160505 01:45:49 EST,closed,20160505 01:45:49 EST,9617.9,,,2.0,2.0,,#ChinaA50,,-3000.0,2.0,USD,78865.1094,38.5316,8744530.0,78865.1094,79000.0,,79000.0,
8.0,-3038.5316,20160505 04:23:24 EST,20160505 04:23:24 EST,20160505 04:23:24 EST,9617.9,,#ChinaA50,long,,20160505 01:59:16 EST,closed,20160505 01:59:16 EST,9647.9,,,2.0,2.0,,#ChinaA50,,-3000.0,-2.0,USD,75845.8736,38.5316,9706320.0,75845.8736,76000.0,,76000.0,
9.0,-3038.5316,20160505 04:39:12 EST,20160505 04:39:12 EST,20160505 04:39:12 EST,9647.9,,#ChinaA50,short,,20160505 04:23:24 EST,closed,20160505 04:23:24 EST,9617.9,,,2.0,2.0,,#ChinaA50,,-3000.0,2.0,USD,72826.5778,38.5316,10671110.0,72826.5778,73000.0,,73000.0,
10.0,-3038.5316,20160505 07:03:18 EST,20160505 07:03:18 EST,20160505 07:03:18 EST,9617.9,,#ChinaA50,long,,20160505 04:39:12 EST,closed,20160505 04:39:12 EST,9647.9,,,2.0,2.0,,#ChinaA50,,-3000.0,-2.0,USD,69807.342,38.5316,11632900.0,69807.342,70000.0,,70000.0,
11.0,-3038.5316,20160505 07:19:28 EST,20160505 07:19:28 EST,20160505 07:19:28 EST,9647.9,,#ChinaA50,short,,20160505 07:03:18 EST,closed,20160505 07:03:18 EST,9617.9,,,2.0,2.0,,#ChinaA50,,-3000.0,2.0,USD,66788.0462,38.5316,12597690.0,66788.0462,67000.0,,67000.0,
12.0,-3038.5316,20160505 08:58:29 EST,20160505 08:58:29 EST,20160505 08:58:29 EST,9617.9,,#ChinaA50,long,,20160505 07:19:28 EST,closed,20160505 07:19:28 EST,9647.9,,,2.0,2.0,,#ChinaA50,,-3000.0,-2.0,USD,63768.8104,38.5316,13559480.0,63768.8104,64000.0,,64000.0,
13.0,-3038.5316,20160505 09:13:51 EST,20160505 09:13:51 EST,20160505 09:13:51 EST,9647.9,,#ChinaA50,short,,20160505 08:58:29 EST,closed,20160505 08:58:29 EST,9617.9,,,2.0,2.0,,#ChinaA50,,-3000.0,2.0,USD,60749.5146,38.5316,14524270.0,60749.5146,61000.0,,61000.0,
14.0,-3038.5316,20160505 11:51:31 EST,20160505 11:51:31 EST,20160505 11:51:31 EST,9617.9,,#ChinaA50,long,,20160505 09:13:51 EST,closed,20160505 09:13:51 EST,9647.9,,,2.0,2.0,,#ChinaA50,,-3000.0,-2.0,USD,57730.2788,38.5316,15486060.0,57730.2788,58000.0,,58000.0,
15.0,-3038.5316,20160505 12:08:20 EST,20160505 12:08:20 EST,20160505 12:08:20 EST,9647.9,,#ChinaA50,short,,20160505 11:51:31 EST,closed,20160505 11:51:31 EST,9617.9,,,2.0,2.0,,#ChinaA50,,-3000.0,2.0,USD,54710.983,38.5316,16450850.0,54710.983,55000.0,,55000.0,
16.0,-3038.5316,20160505 12:41:05 EST,20160505 12:41:05 EST,20160505 12:41:05 EST,9617.9,,#ChinaA50,long,,20160505 12:08:20 EST,closed,20160505 12:08:20 EST,9647.9,,,2.0,2.0,,#ChinaA50,,-3000.0,-2.0,USD,51691.7472,38.5316,17412640.0,51691.7472,52000.0,,52000.0,
17.0,-3038.5316,20160505 12:55:10 EST,20160505 12:55:10 EST,20160505 12:55:10 EST,9647.9,,#ChinaA50,short,,20160505 12:41:05 EST,closed,20160505 12:41:05 EST,9617.9,,,2.0,2.0,,#ChinaA50,,-3000.0,2.0,USD,48672.4514,38.5316,18377430.0,48672.4514,49000.0,,49000.0,
18.0,-3038.5316,20160505 14:15:40 EST,20160505 14:15:40 EST,20160505 14:15:40 EST,9617.9,,#ChinaA50,long,,20160505 12:55:10 EST,closed,20160505 12:55:10 EST,9647.9,,,2.0,2.0,,#ChinaA50,,-3000.0,-2.0,USD,45653.2156,38.5316,19339220.0,45653.2156,46000.0,,46000.0,
19.0,-3038.5316,20160505 14:34:33 EST,20160505 14:34:33 EST,20160505 14:34:33 EST,9647.9,,#ChinaA50,short,,20160505 14:15:40 EST,closed,20160505 14:15:40 EST,9617.9,,,2.0,2.0,,#ChinaA50,,-3000.0,2.0,USD,42633.9198,38.5316,20304010.0,42633.9198,43000.0,,43000.0,
20.0,-3038.5316,20160505 15:15:03 EST,20160505 15:15:03 EST,20160505 15:15:03 EST,9617.9,,#ChinaA50,long,,20160505 14:34:33 EST,closed,20160505 14:34:33 EST,9647.9,,,2.0,2.0,,#ChinaA50,,-3000.0,-2.0,USD,39614.684,38.5316,21265800.0,39614.684,40000.0,,40000.0,
21.0,-3038.5316,20160505 15:37:15 EST,20160505 15:37:15 EST,20160505 15:37:15 EST,9647.9,,#ChinaA50,short,,20160505 15:15:03 EST,closed,20160505 15:15:03 EST,9617.9,,,2.0,2.0,,#ChinaA50,,-3000.0,2.0,USD,36595.3882,38.5316,22230590.0,36595.3882,37000.0,,37000.0,
22.0,-3038.5316,20160505 16:09:11 EST,20160505 16:09:11 EST,20160505 16:09:11 EST,9617.9,,#ChinaA50,long,,20160505 15:37:15 EST,closed,20160505 15:37:15 EST,9647.9,,,2.0,2.0,,#ChinaA50,,-3000.0,-2.0,USD,33576.1524,38.5316,23192380.0,33576.1524,34000.0,,34000.0,
23.0,-3038.5316,20160505 16:57:21 EST,20160505 16:57:21 EST,20160505 16:57:21 EST,9647.9,,#ChinaA50,short,,20160505 16:09:11 EST,closed,20160505 16:09:11 EST,9617.9,,,2.0,2.0,,#ChinaA50,,-3000.0,2.0,USD,30556.8566,38.5316,24157170.0,30556.8566,31000.0,,31000.0,
24.0,-3038.5316,20160505 17:13:53 EST,20160505 17:13:53 EST,20160505 17:13:53 EST,9617.9,,#ChinaA50,long,,20160505 16:57:21 EST,closed,20160505 16:57:21 EST,9647.9,,,2.0,2.0,,#ChinaA50,,-3000.0,-2.0,USD,27537.6208,38.5316,25118960.0,27537.6208,28000.0,,28000.0,
25.0,-3038.5316,20160505 17:29:13 EST,20160505 17:29:13 EST,20160505 17:29:13 EST,9647.9,,#ChinaA50,short,,20160505 17:13:53 EST,closed,20160505 17:13:53 EST,9617.9,,,2.0,2.0,,#ChinaA50,,-3000.0,2.0,USD,24518.325,38.5316,26083750.0,24518.325,25000.0,,25000.0,
26.0,-3038.5316,20160505 18:31:25 EST,20160505 18:31:25 EST,20160505 18:31:25 EST,9617.9,,#ChinaA50,long,,20160505 17:29:13 EST,closed,20160505 17:29:13 EST,9647.9,,,2.0,2.0,,#ChinaA50,,-3000.0,-2.0,USD,21499.0892,38.5316,27045540.0,21499.0892,22000.0,,22000.0,
27.0,-3038.5316,20160505 19:04:29 EST,20160505 19:04:29 EST,20160505 19:04:29 EST,9647.9,,#ChinaA50,short,,20160505 18:31:25 EST,closed,20160505 18:31:25 EST,9617.9,,,2.0,2.0,,#ChinaA50,,-3000.0,2.0,USD,18479.7934,38.5316,28010330.0,18479.7934,19000.0,,19000.0,
28.0,-3038.5316,20160505 19:37:48 EST,20160505 19:37:48 EST,20160505 19:37:48 EST,9617.9,,#ChinaA50,long,,20160505 19:04:29 EST,closed,20160505 19:04:29 EST,9647.9,,,2.0,2.0,,#ChinaA50,,-3000.0,-2.0,USD,15460.5576,38.5316,28972120.0,15460.5576,16000.0,,16000.0,
29.0,-3038.5316,20160505 19:51:11 EST,20160505 19:51:11 EST,20160505 19:51:11 EST,9647.9,,#ChinaA50,short,,20160505 19:37:48 EST,closed,20160505 19:37:48 EST,9617.9,,,2.0,2.0,,#ChinaA50,,-3000.0,2.0,USD,12441.2618,38.5316,29936910.0,12441.2618,13000.0,,13000.0,
30.0,-3038.5316,20160505 21:14:27 EST,20160505 21:14:27 EST,20160505 21:14:27 EST,9617.9,,#ChinaA50,long,,20160505 19:51:11 EST,closed,20160505 19:51:11 EST,9647.9,,,2.0,2.0,,#ChinaA50,,-3000.0,-2.0,USD,9422.026,38.5316,30898700.0,9422.026,10000.0,,10000.0,
31.0,-3038.5316,20160505 21:45:55 EST,20160505 21:45:55 EST,20160505 21:45:55 EST,9647.9,,#ChinaA50,short,,20160505 21:14:27 EST,closed,20160505 21:14:27 EST,9617.9,,,2.0,2.0,,#ChinaA50,,-3000.0,2.0,USD,6402.7302,38.5316,31863490.0,6402.7302,7000.0,,7000.0,
32.0,-3038.5316,20160505 21:59:25 EST,20160505 21:59:25 EST,20160505 21:59:25 EST,9617.9,,#ChinaA50,long,,20160505 21:45:55 EST,closed,20160505 21:45:55 EST,9647.9,,,2.0,2.0,,#ChinaA50,,-3000.0,-2.0,USD,3383.4944,38.5316,32825280.0,3383.4944,4000.0,,4000.0,
33.0,-3038.5316,20160505 22:15:17 EST,20160505 22:15:17 EST,20160505 22:15:17 EST,9647.9,,#ChinaA50,short,,20160505 21:59:25 EST,closed,20160505 21:59:25 EST,9617.9,,,2.0,2.0,,#ChinaA50,,-3000.0,2.0,USD,364.1986,38.5316,33790070.0,364.1986,1000.0,,1000.0,
34.0,-3038.5316,20160505 22:47:40 EST,20160505 22:47:40 EST,20160505 22:47:40 EST,9617.9,,#ChinaA50,long,,20160505 22:15:17 EST,closed,20160505 22:15:17 EST,9647.9,,,2.0,2.0,,#ChinaA50,,-3000.0,-2.0,USD,-2655.0372,38.5316,34751860.0,-2655.0372,-2000.0,,-2000.0,
35.0,-3038.5316,20160505 23:06:59 EST,20160505 23:06:59 EST,20160505 23:06:59 EST,9647.9,,#ChinaA50,short,,20160505 22:47:40 EST,closed,20160505 22:47:40 EST,9617.9,,,2.0,2.0,,#ChinaA50,,-3000.0,2.0,USD,-5674.333,38.5316,35716650.0,-5674.333,-5000.0,,-5000.0,
36.0,-3038.5316,20160505 23:20:50 EST,20160505 23:20:50 EST,20160505 23:20:50 EST,9617.9,,#ChinaA50,long,,20160505 23:06:59 EST,closed,20160505 23:06:59 EST,9647.9,,,2.0,2.0,,#ChinaA50,,-3000.0,-2.0,USD,-8693.5688,38.5316,36678440.0,-8693.5688,-8000.0,,-8000.0,
37.0,-3038.5316,20160505 23:36:46 EST,20160505 23:36:46 EST,20160505 23:36:46 EST,9647.9,,#ChinaA50,short,,20160505 23:20:50 EST,closed,20160505 23:20:50 EST,9617.9,,,2.0,2.0,,#ChinaA50,,-3000.0,2.0,USD,-11712.8646,38.5316,37643230.0,-11712.8646,-11000.0,,-11000.0,
38.0,-3038.5316,20160506 00:08:31 EST,20160506 00:08:31 EST,20160506 00:08:31 EST,9617.9,,#ChinaA50,long,,20160505 23:36:46 EST,closed,20160505 23:36:46 EST,9647.9,,,2.0,2.0,,#ChinaA50,,-3000.0,-2.0,USD,-14732.1004,38.5316,38605020.0,-14732.1004,-14000.0,,-14000.0,
39.0,-3038.5316,20160506 00:27:43 EST,20160506 00:27:43 EST,20160506 00:27:43 EST,9647.9,,#ChinaA50,short,,20160506 00:08:31 EST,closed,20160506 00:08:31 EST,9617.9,,,2.0,2.0,,#ChinaA50,,-3000.0,2.0,USD,-17751.3962,38.5316,39569810.0,-17751.3962,-17000.0,,-17000.0,
40.0,-3038.5316,20160506 00:40:03 EST,20160506 00:40:03 EST,20160506 00:40:03 EST,9617.9,,#ChinaA50,long,,20160506 00:27:43 EST,closed,20160506 00:27:43 EST,9647.9,,,2.0,2.0,,#ChinaA50,,-3000.0,-2.0,USD,-20770.632,38.5316,40531600.0,-20770.632,-20000.0,,-20000.0,
41.0,10031.7298,20160506 00:56:53 EST,20160506 00:56:53 EST,20160506 00:56:53 EST,9517.2,,#ChinaA50,short,,20160506 00:40:03 EST,closed,20160506 00:40:03 EST,9617.9,,,2.0,2.0,,#ChinaA50,,10070.0,2.0,USD,-10719.6664,38.2702,41483320.0,-10719.6664,-9930.0,,-9930.0,
42.0,-1388.0418,20160506 01:29:04 EST,20160506 01:29:04 EST,20160506 01:29:04 EST,9503.7,,#ChinaA50,long,,20160506 00:56:53 EST,closed,20160506 00:56:53 EST,9517.2,,,2.0,2.0,,#ChinaA50,,-1350.0,-2.0,USD,-12088.6738,38.0418,42433690.0,-12088.6738,-11280.0,,-11280.0,
43.0,1532.0166,20160506 02:48:18 EST,20160506 02:48:18 EST,20160506 02:48:18 EST,9488.0,,#ChinaA50,short,,20160506 01:29:04 EST,closed,20160506 01:29:04 EST,9503.7,,,2.0,2.0,,#ChinaA50,,1570.0,2.0,USD,-10537.6498,37.9834,43382490.0,-10537.6498,-9710.0,,-9710.0,
44.0,-6357.8256,20160506 03:36:16 EST,20160506 03:36:16 EST,20160506 03:36:16 EST,9424.8,,#ChinaA50,long,,20160506 02:48:18 EST,closed,20160506 02:48:18 EST,9488.0,,,2.0,2.0,,#ChinaA50,,-6320.0,-2.0,USD,-16876.4994,37.8256,44324970.0,-16876.4994,-16030.0,,-16030.0,
45.0,-5037.7992,20160506 03:54:57 EST,20160506 03:54:57 EST,20160506 03:54:57 EST,9474.8,,#ChinaA50,short,,20160506 03:36:16 EST,closed,20160506 03:36:16 EST,9424.8,,,2.0,2.0,,#ChinaA50,,-5000.0,2.0,USD,-21895.449,37.7992,45272450.0,-21895.449,-21030.0,,-21030.0,
46.0,-5037.7992,20160506 07:22:18 EST,20160506 07:22:18 EST,20160506 07:22:18 EST,9424.8,,#ChinaA50,long,,20160506 03:54:57 EST,closed,20160506 03:54:57 EST,9474.8,,,2.0,2.0,,#ChinaA50,,-5000.0,-2.0,USD,-26914.2986,37.7992,46214930.0,-26914.2986,-26030.0,,-26030.0,
47.0,-5037.7992,20160506 07:38:24 EST,20160506 07:38:24 EST,20160506 07:38:24 EST,9474.8,,#ChinaA50,short,,20160506 07:22:18 EST,closed,20160506 07:22:18 EST,9424.8,,,2.0,2.0,,#ChinaA50,,-5000.0,2.0,USD,-31933.2482,37.7992,47162410.0,-31933.2482,-31030.0,,-31030.0,
48.0,-5037.7992,20160506 08:26:26 EST,20160506 08:26:26 EST,20160506 08:26:26 EST,9424.8,,#ChinaA50,long,,20160506 07:38:24 EST,closed,20160506 07:38:24 EST,9474.8,,,2.0,2.0,,#ChinaA50,,-5000.0,-2.0,USD,-36952.0978,37.7992,48104890.0,-36952.0978,-36030.0,,-36030.0,
49.0,-5037.7992,20160506 08:41:43 EST,20160506 08:41:43 EST,20160506 08:41:43 EST,9474.8,,#ChinaA50,short,,20160506 08:26:26 EST,closed,20160506 08:26:26 EST,9424.8,,,2.0,2.0,,#ChinaA50,,-5000.0,2.0,USD,-41971.0474,37.7992,49052370.0,-41971.0474,-41030.0,,-41030.0,
50.0,-5037.7992,20160506 10:02:36 EST,20160506 10:02:36 EST,20160506 10:02:36 EST,9424.8,,#ChinaA50,long,,20160506 08:41:43 EST,closed,20160506 08:41:43 EST,9474.8,,,2.0,2.0,,#ChinaA50,,-5000.0,-2.0,USD,-46989.897,37.7992,49994850.0,-46989.897,-46030.0,,-46030.0,
51.0,-5037.7992,20160506 10:18:25 EST,20160506 10:18:25 EST,20160506 10:18:25 EST,9474.8,,#ChinaA50,short,,20160506 10:02:36 EST,closed,20160506 10:02:36 EST,9424.8,,,2.0,2.0,,#ChinaA50,,-5000.0,2.0,USD,-52008.8466,37.7992,50942330.0,-52008.8466,-51030.0,,-51030.0,
52.0,-5037.7992,20160506 10:34:50 EST,20160506 10:34:50 EST,20160506 10:34:50 EST,9424.8,,#ChinaA50,long,,20160506 10:18:25 EST,closed,20160506 10:18:25 EST,9474.8,,,2.0,2.0,,#ChinaA50,,-5000.0,-2.0,USD,-57027.6962,37.7992,51884810.0,-57027.6962,-56030.0,,-56030.0,
53.0,-5037.7992,20160506 12:43:18 EST,20160506 12:43:18 EST,20160506 12:43:18 EST,9424.8,,#ChinaA50,long,,20160506 10:59:57 EST,closed,20160506 10:59:57 EST,9474.8,,,2.0,2.0,,#ChinaA50,,-5000.0,-2.0,USD,-62046.5458,37.7992,52827290.0,-62046.5458,-61030.0,,-61030.0,
54.0,-5037.7992,20160506 12:57:44 EST,20160506 12:57:44 EST,20160506 12:57:44 EST,9474.8,,#ChinaA50,short,,20160506 12:43:18 EST,closed,20160506 12:43:18 EST,9424.8,,,2.0,2.0,,#ChinaA50,,-5000.0,2.0,USD,-67065.4954,37.7992,53774770.0,-67065.4954,-66030.0,,-66030.0,
55.0,-5037.7992,20160506 16:58:21 EST,20160506 16:58:21 EST,20160506 16:58:21 EST,9424.8,,#ChinaA50,long,,20160506 12:57:44 EST,closed,20160506 12:57:44 EST,9474.8,,,2.0,2.0,,#ChinaA50,,-5000.0,-2.0,USD,-72084.345,37.7992,54717250.0,-72084.345,-71030.0,,-71030.0,
56.0,-5037.7992,20160506 17:14:43 EST,20160506 17:14:43 EST,20160506 17:14:43 EST,9474.8,,#ChinaA50,short,,20160506 16:58:21 EST,closed,20160506 16:58:21 EST,9424.8,,,2.0,2.0,,#ChinaA50,,-5000.0,2.0,USD,-77103.2946,37.7992,55664730.0,-77103.2946,-76030.0,,-76030.0,
