trade_id,PL,closeVWAP_timestamp,closedWhen,closedWhenUnixTimeStamp,closing_price_VWAP,expir,instrument,long_or_short,markToMarket_time,openVWAP_timestamp,open_or_closed,openedWhen,opening_price_VWAP,ptValue,putcall,quant_closed,quant_opened,strike,symbol,symbol_description,PurePL,qty,currency,balance,commission,margin_available,mark_to_mkt,pure_mark_to_mkt,pure_unr_pnl,purebalance,unr_pnl
1.0,132.469,20160511 07:41:51 EST,20160511 07:41:51 EST,20160511 07:41:51 EST,4383.5,,#NAS100_M6,long,,20160511 06:06:35 EST,closed,20160511 06:06:35 EST,4382.0,,,2.0,2.0,,#NAS100_M6,,150.0,-2.0,USD,100141.233,17.531,2438350.0,100141.233,100150.0,,100150.0,
2.0,-3242.4695,20160511 16:30:50 EST,20160511 16:30:50 EST,20160511 16:30:50 EST,4351.25,,#NAS100_M6,long,,20160511 12:01:14 EST,closed,20160511 12:01:14 EST,4383.5,,,2.0,2.0,,#NAS100_M6,,-3225.0,-2.0,USD,96907.5305,17.4695,2873475.0,96907.5305,96925.0,,96925.0,
3.0,-167.408,20160511 17:10:12 EST,20160511 17:10:12 EST,20160511 17:10:12 EST,4352.75,,#NAS100_M6,short,,20160511 16:30:50 EST,closed,20160511 16:30:50 EST,4351.25,,,2.0,2.0,,#NAS100_M6,,-150.0,2.0,USD,96748.825,17.408,3308750.0,96748.825,96775.0,,96775.0,
4.0,-117.409,20160511 17:46:31 EST,20160511 17:46:31 EST,20160511 17:46:31 EST,4351.75,,#NAS100_M6,long,,20160511 17:10:12 EST,closed,20160511 17:10:12 EST,4352.75,,,2.0,2.0,,#NAS100_M6,,-100.0,-2.0,USD,96640.1215,17.409,3743925.0,96640.1215,96675.0,,96675.0,
5.0,-292.4125,20160511 22:59:31 EST,20160511 22:59:31 EST,20160511 22:59:31 EST,4354.5,,#NAS100_M6,short,,20160511 17:46:31 EST,closed,20160511 17:46:31 EST,4351.75,,,2.0,2.0,,#NAS100_M6,,-275.0,2.0,USD,96356.4125,17.4125,4179375.0,96356.4125,96400.0,,96400.0,
6.0,482.572,20160512 01:10:39 EST,20160512 01:10:39 EST,20160512 01:10:39 EST,4359.5,,#NAS100_M6,long,,20160511 22:59:31 EST,closed,20160511 22:59:31 EST,4354.5,,,2.0,2.0,,#NAS100_M6,,500.0,-2.0,USD,96847.6935,17.428,4615325.0,96847.6935,96900.0,,96900.0,
7.0,57.5635,20160512 02:52:22 EST,20160512 02:52:22 EST,20160512 02:52:22 EST,4358.75,,#NAS100_M6,short,,20160512 01:12:47 EST,closed,20160512 01:12:47 EST,4359.5,,,2.0,2.0,,#NAS100_M6,,75.0,2.0,USD,96913.976,17.4365,5051200.0,96913.976,96975.0,,96975.0,
8.0,-2317.389,20160512 16:59:17 EST,20160512 16:59:17 EST,20160512 16:59:17 EST,4335.75,,#NAS100_M6,long,,20160512 02:52:22 EST,closed,20160512 02:52:22 EST,4358.75,,,2.0,2.0,,#NAS100_M6,,-2300.0,-2.0,USD,94605.3045,17.389,5484775.0,94605.3045,94675.0,,94675.0,
9.0,57.6585,20160512 18:40:55 EST,20160512 18:40:55 EST,20160512 18:40:55 EST,4335.0,,#NAS100_M6,short,,20160512 16:59:17 EST,closed,20160512 16:59:17 EST,4335.75,,,2.0,2.0,,#NAS100_M6,,75.0,2.0,USD,94671.6345,17.3415,5918275.0,94671.6345,94750.0,,94750.0,
10.0,-42.3395,20160512 19:21:23 EST,20160512 19:21:23 EST,20160512 19:21:23 EST,4334.75,,#NAS100_M6,long,,20160512 18:40:55 EST,closed,20160512 18:40:55 EST,4335.0,,,2.0,2.0,,#NAS100_M6,,-25.0,-2.0,USD,94637.965,17.3395,6351750.0,94637.965,94725.0,,94725.0,
11.0,-167.345,20160512 20:42:32 EST,20160512 20:42:32 EST,20160512 20:42:32 EST,4335.5,,#NAS100_M6,long,,20160512 20:19:12 EST,closed,20160512 20:19:12 EST,4337.0,,,2.0,2.0,,#NAS100_M6,,-150.0,-2.0,USD,94479.294,17.345,6785300.0,94479.294,94575.0,,94575.0,
12.0,1357.6855,20160512 21:41:02 EST,20160512 21:41:02 EST,20160512 21:41:02 EST,4321.75,,#NAS100_M6,short,,20160512 20:42:32 EST,closed,20160512 20:42:32 EST,4335.5,,,2.0,2.0,,#NAS100_M6,,1375.0,2.0,USD,95845.6505,17.3145,7217475.0,95845.6505,95950.0,,95950.0,
13.0,32.719,20160513 00:04:52 EST,20160513 00:04:52 EST,20160513 00:04:52 EST,4320.0,,#NAS100_M6,short,,20160512 22:29:11 EST,closed,20160512 22:29:11 EST,4320.5,,,2.0,2.0,,#NAS100_M6,,50.0,2.0,USD,95887.0105,17.281,7649475.0,95887.0105,96000.0,,96000.0,
14.0,-92.2785,20160513 02:00:44 EST,20160513 02:00:44 EST,20160513 02:00:44 EST,4319.25,,#NAS100_M6,long,,20160513 00:04:52 EST,closed,20160513 00:04:52 EST,4320.0,,,2.0,2.0,,#NAS100_M6,,-75.0,-2.0,USD,95803.372,17.2785,8081400.0,95803.372,95925.0,,95925.0,
15.0,-2642.3385,20160513 11:19:52 EST,20160513 11:19:52 EST,20160513 11:19:52 EST,4347.75,,#NAS100_M6,short,,20160513 06:36:22 EST,closed,20160513 06:36:22 EST,4321.5,,,2.0,2.0,,#NAS100_M6,,-2625.0,2.0,USD,93611.047,17.3385,8947650.0,93611.047,93750.0,,93750.0,
16.0,382.601,20160513 12:31:26 EST,20160513 12:31:26 EST,20160513 12:31:26 EST,4351.75,,#NAS100_M6,long,,20160513 11:19:52 EST,closed,20160513 11:19:52 EST,4347.75,,,2.0,2.0,,#NAS100_M6,,400.0,-2.0,USD,94002.3435,17.399,9382825.0,94002.3435,94150.0,,94150.0,
17.0,1532.624,20160513 13:34:35 EST,20160513 13:34:35 EST,20160513 13:34:35 EST,4336.25,,#NAS100_M6,short,,20160513 12:31:26 EST,closed,20160513 12:31:26 EST,4351.75,,,2.0,2.0,,#NAS100_M6,,1550.0,2.0,USD,95543.671,17.376,9816450.0,95543.671,95700.0,,95700.0,
18.0,-1292.3195,20160513 16:33:16 EST,20160513 16:33:16 EST,20160513 16:33:16 EST,4323.5,,#NAS100_M6,long,,20160513 13:34:35 EST,closed,20160513 13:34:35 EST,4336.25,,,2.0,2.0,,#NAS100_M6,,-1275.0,-2.0,USD,94260.024,17.3195,10248800.0,94260.024,94425.0,,94425.0,
19.0,-192.2975,20160515 21:00:56 EST,20160515 21:00:56 EST,20160515 21:00:56 EST,4325.25,,#NAS100_M6,short,,20160513 16:33:16 EST,closed,20160513 16:33:16 EST,4323.5,,,2.0,2.0,,#NAS100_M6,,-175.0,2.0,USD,94076.3735,17.2975,10681325.0,94076.3735,94250.0,,94250.0,
20.0,757.6835,20160516 00:16:17 EST,20160516 00:16:17 EST,20160516 00:16:17 EST,4333.0,,#NAS100_M6,long,,20160515 21:00:56 EST,closed,20160515 21:00:56 EST,4325.25,,,2.0,2.0,,#NAS100_M6,,775.0,-2.0,USD,94842.7075,17.3165,11114625.0,94842.7075,95025.0,,95025.0,
21.0,807.6845,20160516 03:06:49 EST,20160516 03:06:49 EST,20160516 03:06:49 EST,4324.75,,#NAS100_M6,short,,20160516 00:16:17 EST,closed,20160516 00:16:17 EST,4333.0,,,2.0,2.0,,#NAS100_M6,,825.0,2.0,USD,95659.058,17.3155,11547100.0,95659.058,95850.0,,95850.0,
22.0,-42.2985,20160516 03:44:24 EST,20160516 03:44:24 EST,20160516 03:44:24 EST,4324.5,,#NAS100_M6,long,,20160516 03:06:49 EST,closed,20160516 03:06:49 EST,4324.75,,,2.0,2.0,,#NAS100_M6,,-25.0,-2.0,USD,95625.409,17.2985,11979550.0,95625.409,95825.0,,95825.0,
23.0,-267.303,20160516 08:57:35 EST,20160516 08:57:35 EST,20160516 08:57:35 EST,4327.0,,#NAS100_M6,short,,20160516 03:44:24 EST,closed,20160516 03:44:24 EST,4324.5,,,2.0,2.0,,#NAS100_M6,,-250.0,2.0,USD,95366.755,17.303,12412250.0,95366.755,95575.0,,95575.0,
24.0,1382.664,20160516 09:59:47 EST,20160516 09:59:47 EST,20160516 09:59:47 EST,4341.0,,#NAS100_M6,long,,20160516 08:57:35 EST,closed,20160516 08:57:35 EST,4327.0,,,2.0,2.0,,#NAS100_M6,,1400.0,-2.0,USD,96758.073,17.336,12846350.0,96758.073,96975.0,,96975.0,
25.0,-2492.4135,20160516 11:44:46 EST,20160516 11:44:46 EST,20160516 11:44:46 EST,4365.75,,#NAS100_M6,short,,20160516 09:59:47 EST,closed,20160516 09:59:47 EST,4341.0,,,2.0,2.0,,#NAS100_M6,,-2475.0,2.0,USD,94274.3415,17.4135,13282925.0,94274.3415,94500.0,,94500.0,
26.0,782.521,20160516 22:44:09 EST,20160516 22:44:09 EST,20160516 22:44:09 EST,4373.75,,#NAS100_M6,long,,20160516 11:44:46 EST,closed,20160516 11:44:46 EST,4365.75,,,2.0,2.0,,#NAS100_M6,,800.0,-2.0,USD,95065.594,17.479,13720300.0,95065.594,95300.0,,95300.0,
27.0,-167.498,20160516 23:23:45 EST,20160516 23:23:45 EST,20160516 23:23:45 EST,4375.25,,#NAS100_M6,short,,20160516 22:44:09 EST,closed,20160516 22:44:09 EST,4373.75,,,2.0,2.0,,#NAS100_M6,,-150.0,2.0,USD,94906.8435,17.498,14157825.0,94906.8435,95150.0,,95150.0,
28.0,957.4795,20160517 03:12:14 EST,20160517 03:12:14 EST,20160517 03:12:14 EST,4385.0,,#NAS100_M6,long,,20160516 23:23:45 EST,closed,20160516 23:23:45 EST,4375.25,,,2.0,2.0,,#NAS100_M6,,975.0,-2.0,USD,95873.0735,17.5205,14596325.0,95873.0735,96125.0,,96125.0,
29.0,-242.5445,20160517 04:31:46 EST,20160517 04:31:46 EST,20160517 04:31:46 EST,4387.25,,#NAS100_M6,short,,20160517 03:12:14 EST,closed,20160517 03:12:14 EST,4385.0,,,2.0,2.0,,#NAS100_M6,,-225.0,2.0,USD,95639.299,17.5445,15035050.0,95639.299,95900.0,,95900.0,
30.0,-467.54,20160517 05:44:08 EST,20160517 05:44:08 EST,20160517 05:44:08 EST,4382.75,,#NAS100_M6,long,,20160517 04:31:46 EST,closed,20160517 04:31:46 EST,4387.25,,,2.0,2.0,,#NAS100_M6,,-450.0,-2.0,USD,95180.5335,17.54,15473325.0,95180.5335,95450.0,,95450.0,
31.0,932.488,20160517 07:36:03 EST,20160517 07:36:03 EST,20160517 07:36:03 EST,4373.25,,#NAS100_M6,short,,20160517 05:44:08 EST,closed,20160517 05:44:08 EST,4382.75,,,2.0,2.0,,#NAS100_M6,,950.0,2.0,USD,96121.787,17.512,15910650.0,96121.787,96400.0,,96400.0,
32.0,-1992.4535,20160517 12:41:15 EST,20160517 12:41:15 EST,20160517 12:41:15 EST,4353.5,,#NAS100_M6,long,,20160517 07:36:03 EST,closed,20160517 07:36:03 EST,4373.25,,,2.0,2.0,,#NAS100_M6,,-1975.0,-2.0,USD,94138.08,17.4535,16346000.0,94138.08,94425.0,,94425.0,
33.0,3432.655,20160517 14:26:23 EST,20160517 14:26:23 EST,20160517 14:26:23 EST,4319.0,,#NAS100_M6,short,,20160517 12:41:15 EST,closed,20160517 12:41:15 EST,4353.5,,,2.0,2.0,,#NAS100_M6,,3450.0,2.0,USD,97579.442,17.345,16777900.0,97579.442,97875.0,,97875.0,
34.0,157.7205,20160517 16:55:06 EST,20160517 16:55:06 EST,20160517 16:55:06 EST,4320.75,,#NAS100_M6,long,,20160517 14:26:23 EST,closed,20160517 14:26:23 EST,4319.0,,,2.0,2.0,,#NAS100_M6,,175.0,-2.0,USD,97745.8005,17.2795,17209975.0,97745.8005,98050.0,,98050.0,
35.0,-142.2855,20160517 17:51:20 EST,20160517 17:51:20 EST,20160517 17:51:20 EST,4322.0,,#NAS100_M6,short,,20160517 16:55:06 EST,closed,20160517 16:55:06 EST,4320.75,,,2.0,2.0,,#NAS100_M6,,-125.0,2.0,USD,97612.1565,17.2855,17642175.0,97612.1565,97925.0,,97925.0,
36.0,382.704,20160517 22:47:59 EST,20160517 22:47:59 EST,20160517 22:47:59 EST,4326.0,,#NAS100_M6,long,,20160517 17:51:20 EST,closed,20160517 17:51:20 EST,4322.0,,,2.0,2.0,,#NAS100_M6,,400.0,-2.0,USD,98003.5045,17.296,18074775.0,98003.5045,98325.0,,98325.0,
37.0,582.708,20160518 00:23:59 EST,20160518 00:23:59 EST,20160518 00:23:59 EST,4320.0,,#NAS100_M6,short,,20160517 22:47:59 EST,closed,20160517 22:47:59 EST,4326.0,,,2.0,2.0,,#NAS100_M6,,600.0,2.0,USD,98594.8645,17.292,18506775.0,98594.8645,98925.0,,98925.0,
38.0,-217.276,20160518 01:26:21 EST,20160518 01:26:21 EST,20160518 01:26:21 EST,4318.0,,#NAS100_M6,long,,20160518 00:23:59 EST,closed,20160518 00:23:59 EST,4320.0,,,2.0,2.0,,#NAS100_M6,,-200.0,-2.0,USD,98386.2285,17.276,18938575.0,98386.2285,98725.0,,98725.0,
39.0,-167.275,20160518 02:21:37 EST,20160518 02:21:37 EST,20160518 02:21:37 EST,4319.5,,#NAS100_M6,short,,20160518 01:26:21 EST,closed,20160518 01:26:21 EST,4318.0,,,2.0,2.0,,#NAS100_M6,,-150.0,2.0,USD,98227.5895,17.275,19370525.0,98227.5895,98575.0,,98575.0,
40.0,-442.2695,20160518 02:59:35 EST,20160518 02:59:35 EST,20160518 02:59:35 EST,4315.25,,#NAS100_M6,long,,20160518 02:21:37 EST,closed,20160518 02:21:37 EST,4319.5,,,2.0,2.0,,#NAS100_M6,,-425.0,-2.0,USD,97793.959,17.2695,19802050.0,97793.959,98150.0,,98150.0,
41.0,707.7535,20160518 09:16:54 EST,20160518 09:16:54 EST,20160518 09:16:54 EST,4308.0,,#NAS100_M6,short,,20160518 02:59:35 EST,closed,20160518 02:59:35 EST,4315.25,,,2.0,2.0,,#NAS100_M6,,725.0,2.0,USD,98510.343,17.2465,20232850.0,98510.343,98875.0,,98875.0,
42.0,2057.7265,20160518 10:01:10 EST,20160518 10:01:10 EST,20160518 10:01:10 EST,4328.75,,#NAS100_M6,long,,20160518 09:16:54 EST,closed,20160518 09:16:54 EST,4308.0,,,2.0,2.0,,#NAS100_M6,,2075.0,-2.0,USD,100576.6855,17.2735,20665725.0,100576.6855,100950.0,,100950.0,
43.0,-1167.338,20160518 12:20:54 EST,20160518 12:20:54 EST,20160518 12:20:54 EST,4340.25,,#NAS100_M6,short,,20160518 10:01:10 EST,closed,20160518 10:01:10 EST,4328.75,,,2.0,2.0,,#NAS100_M6,,-1150.0,2.0,USD,99418.005,17.338,21099750.0,99418.005,99800.0,,99800.0,
44.0,-2192.3175,20160518 15:29:34 EST,20160518 15:29:34 EST,20160518 15:29:34 EST,4318.5,,#NAS100_M6,long,,20160518 12:20:54 EST,closed,20160518 12:20:54 EST,4340.25,,,2.0,2.0,,#NAS100_M6,,-2175.0,-2.0,USD,97234.368,17.3175,21531600.0,97234.368,97625.0,,97625.0,
45.0,-1067.295,20160518 16:07:29 EST,20160518 16:07:29 EST,20160518 16:07:29 EST,4329.0,,#NAS100_M6,short,,20160518 15:29:34 EST,closed,20160518 15:29:34 EST,4318.5,,,2.0,2.0,,#NAS100_M6,,-1050.0,2.0,USD,96175.71,17.295,21964500.0,96175.71,96575.0,,96575.0,
