trade_id,PL,closeVWAP_timestamp,closedWhen,closedWhenUnixTimeStamp,closing_price_VWAP,expir,instrument,long_or_short,markToMarket_time,openVWAP_timestamp,open_or_closed,openedWhen,opening_price_VWAP,ptValue,putcall,quant_closed,quant_opened,strike,symbol,symbol_description,PurePL,qty,currency,balance,commission,margin_available,mark_to_mkt,pure_mark_to_mkt,purebalance,pure_unr_pnl,unr_pnl
8.0,-2.0,,,,0.0,,NZDJPY,short,,20160425 07:13:00 EST,open,20160425 07:13:00 EST,76.349,,,0.0,2.0,,NZDJPY,,0.0,-2.0,JPY,99984.0,2.0,1836896.73814,99982.7723,100014.7723,100000.0,,
1.0,-13.36,20160425 07:16:32 EST,20160425 07:16:32 EST,20160425 07:16:32 EST,125.091,,EURJPY,short,,20160425 07:07:00 EST,closed,20160425 07:07:00 EST,125.039,,,2.0,2.0,,EURJPY,,-9.36,2.0,JPY,99958.64,4.0,1719981.10892,99963.574,100023.574,99990.64,11.16,9.16
3.0,21.4,20160425 07:17:55 EST,20160425 07:17:55 EST,20160425 07:17:55 EST,1.44742,,GBPUSD,long,,20160425 07:11:13 EST,closed,20160425 07:11:13 EST,1.44615,,,2.0,2.0,,GBPUSD,,25.4,-2.0,USD,99980.04,4.0,1726413.12892,99937.66168,100001.66168,100016.04,25.4,23.4
4.0,-1.33266,20160425 07:18:11 EST,20160425 07:18:11 EST,20160425 07:18:11 EST,0.9745,,USDCHF,long,,20160425 07:11:30 EST,closed,20160425 07:11:30 EST,0.97437,,,2.0,2.0,,USDCHF,,2.66734,-2.0,CHF,99978.70734,4.0,1717459.51992,99939.93462,100007.93462,100018.70734,2.66734,0.667339999999
7.0,-6.20724,20160425 07:18:32 EST,20160425 07:18:32 EST,20160425 07:18:32 EST,1.26784,,USDCAD,short,,20160425 07:12:42 EST,closed,20160425 07:12:42 EST,1.2677,,,2.0,2.0,,USDCAD,,-2.20724,2.0,CAD,99972.5001,4.0,1717453.49436,99927.48712,99999.48712,100016.5001,2.20724,0.207239999997
19.0,-2.0,,,,0.0,,USDCAD,long,,20160425 07:18:32 EST,open,20160425 07:18:32 EST,1.26784,,,0.0,2.0,,USDCAD,,0.0,2.0,CAD,99970.5001,2.0,1697464.72892,99922.86874,99998.86874,100016.5001,,
9.0,-10.84,20160425 07:18:39 EST,20160425 07:18:39 EST,20160425 07:18:39 EST,87.634,,CADJPY,long,,20160425 07:13:20 EST,closed,20160425 07:13:20 EST,87.672,,,2.0,2.0,,CADJPY,,-6.84,-2.0,JPY,99961.6601,4.0,1713238.84892,99915.23374,99991.23374,100009.6601,-7.02,-9.02
20.0,-2.0,,,,0.0,,CADJPY,short,,20160425 07:18:39 EST,open,20160425 07:18:39 EST,87.634,,,0.0,2.0,,CADJPY,,0.0,-2.0,JPY,99959.6601,2.0,1697464.72892,99911.44672,99991.44672,100009.6601,,
10.0,-10.3,20160425 07:18:44 EST,20160425 07:18:44 EST,20160425 07:18:44 EST,114.007,,CHFJPY,long,,20160425 07:13:36 EST,closed,20160425 07:13:36 EST,114.042,,,2.0,2.0,,CHFJPY,,-6.3,-2.0,JPY,99951.3601,4.0,1717985.98892,99908.97402,99988.97402,100003.3601,-6.3,-8.3
13.0,-4.82072,20160425 07:18:48 EST,20160425 07:18:48 EST,20160425 07:18:48 EST,1.0969,,EURCHF,long,,20160425 07:14:12 EST,closed,20160425 07:14:12 EST,1.09694,,,2.0,2.0,,EURCHF,,-0.820720000001,-2.0,CHF,99946.53938,4.0,1719970.92312,99904.2953,99988.2953,100002.53938,-0.820720000001,-2.82072
14.0,-7.96,20160425 07:18:50 EST,20160425 07:18:50 EST,20160425 07:18:50 EST,85.74,,AUDJPY,long,,20160425 07:14:22 EST,closed,20160425 07:14:22 EST,85.762,,,2.0,2.0,,AUDJPY,,-3.96,-2.0,JPY,99938.57938,4.0,1712897.92892,99895.69156,99983.69156,99998.57938,-3.6,-5.6
18.0,-8.1036,20160425 07:32:39 EST,20160425 07:32:39 EST,20160425 07:32:39 EST,0.9747,,USDCHF,short,,20160425 07:18:11 EST,closed,20160425 07:18:11 EST,0.9745,,,2.0,2.0,,USDCHF,,-4.1036,2.0,CHF,99930.47578,4.0,1717463.62352,100032.7615,100124.7615,99994.47578,2.66734,0.667339999997
5.0,-7.42,20160425 08:02:00 EST,20160425 08:02:00 EST,20160425 08:02:00 EST,111.104,,USDJPY,long,,20160425 07:11:57 EST,closed,20160425 07:11:57 EST,111.123,,,2.0,2.0,,USDJPY,,-3.42,-2.0,JPY,99923.05578,4.0,1717463.44892,99946.02396,100042.02396,99991.05578,7.02,5.02
25.0,-2.0,,,,0.0,,USDJPY,short,,20160425 08:02:00 EST,open,20160425 08:02:00 EST,111.104,,,0.0,2.0,,USDJPY,,0.0,-2.0,JPY,99921.05578,2.0,1697464.72892,99946.8851,100046.8851,99991.05578,,
17.0,-63.0,20160425 08:17:49 EST,20160425 08:17:49 EST,20160425 08:17:49 EST,1.45037,,GBPUSD,short,,20160425 07:17:55 EST,closed,20160425 07:17:55 EST,1.44742,,,2.0,2.0,,GBPUSD,,-59.0,2.0,USD,99860.05578,4.0,1726472.12892,99576.23436,99676.23436,99932.05578,64.2,62.2
24.0,-18.15742,20160425 08:18:21 EST,20160425 08:18:21 EST,20160425 08:18:21 EST,0.97401,,USDCHF,long,,20160425 07:32:39 EST,closed,20160425 07:32:39 EST,0.9747,,,2.0,2.0,,USDCHF,,-14.15742,-2.0,CHF,99841.89836,4.0,1717449.4661,99582.22272,99686.22272,99917.89836,-14.15742,-16.15742
6.0,-3.8,20160425 08:31:21 EST,20160425 08:31:21 EST,20160425 08:31:21 EST,0.77165,,AUDUSD,long,,20160425 07:12:19 EST,closed,20160425 07:12:19 EST,0.77164,,,2.0,2.0,,AUDUSD,,0.199999999999,-2.0,USD,99838.09836,4.0,1712897.72892,99548.98678,99656.98678,99918.09836,3.2,1.2
26.0,-37.2,20160425 08:33:19 EST,20160425 08:33:19 EST,20160425 08:33:19 EST,1.44871,,GBPUSD,long,,20160425 08:17:49 EST,closed,20160425 08:17:49 EST,1.45037,,,2.0,2.0,,GBPUSD,,-33.2,-2.0,USD,99800.89836,4.0,1726438.92892,99580.96824,99692.96824,99884.89836,-34.8,-36.8
15.0,-10.6,20160425 08:33:45 EST,20160425 08:33:45 EST,20160425 08:33:45 EST,0.68684,,NZDUSD,long,,20160425 07:14:31 EST,closed,20160425 07:14:31 EST,0.68717,,,2.0,2.0,,NZDUSD,,-6.6,-2.0,USD,99790.29836,4.0,1711201.52892,99580.07566,99696.07566,99878.29836,-6.4,-8.4
11.0,-41.583,20160425 08:41:20 EST,20160425 08:41:20 EST,20160425 08:41:20 EST,0.77643,,EURGBP,long,,20160425 07:13:47 EST,closed,20160425 07:13:47 EST,0.77773,,,2.0,2.0,,EURGBP,,-37.583,-2.0,GBP,99746.71536,4.0,1699933.12022,99747.5523,99869.5523,99840.71536,-37.2939,-39.2939
16.0,-14.08,20160425 08:50:12 EST,20160425 08:50:12 EST,20160425 08:50:12 EST,125.035,,EURJPY,long,,20160425 07:16:32 EST,closed,20160425 07:16:32 EST,125.091,,,2.0,2.0,,EURJPY,,-10.08,-2.0,JPY,99732.63536,4.0,1699992.82892,99772.67212,99898.67212,99830.63536,-20.7,-22.7
32.0,-17.2986,20160425 08:50:52 EST,20160425 08:50:52 EST,20160425 08:50:52 EST,0.77689,,EURGBP,short,,20160425 08:41:20 EST,closed,20160425 08:41:20 EST,0.77643,,,2.0,2.0,,EURGBP,,-13.2986,2.0,GBP,99715.33676,4.0,1699946.41882,99765.15928,99895.15928,99817.33676,16.1896,14.1896
30.0,-7.2,20160425 08:50:54 EST,20160425 08:50:54 EST,20160425 08:50:54 EST,0.687,,NZDUSD,short,,20160425 08:33:45 EST,closed,20160425 08:33:45 EST,0.68684,,,2.0,2.0,,NZDUSD,,-3.2,2.0,USD,99708.13676,4.0,1691226.52892,99756.94856,99890.94856,99814.13676,3.2,1.2
21.0,-0.759999999997,20160425 08:53:32 EST,20160425 08:53:32 EST,20160425 08:53:32 EST,113.989,,CHFJPY,short,,20160425 07:18:44 EST,closed,20160425 07:18:44 EST,114.007,,,2.0,2.0,,CHFJPY,,3.24,2.0,JPY,99707.37676,4.0,1698004.54892,99777.7972,99915.7972,99817.37676,-4.86,-6.86
34.0,14.5024,20160425 09:14:26 EST,20160425 09:14:26 EST,20160425 09:14:26 EST,0.77753,,EURGBP,long,,20160425 08:50:52 EST,closed,20160425 08:50:52 EST,0.77689,,,2.0,2.0,,EURGBP,,18.5024,-2.0,GBP,99721.87916,4.0,1699964.92122,99648.60664,99790.60664,99835.87916,-0.867299999999,-2.8673
37.0,-2.0,,,,0.0,,EURGBP,short,,20160425 09:14:26 EST,open,20160425 09:14:26 EST,0.77753,,,0.0,2.0,,EURGBP,,0.0,-2.0,GBP,99719.87916,2.0,1677486.52892,99651.37062,99797.37062,99835.87916,,
22.0,-9.33468,20160425 09:14:32 EST,20160425 09:14:32 EST,20160425 09:14:32 EST,1.09716,,EURCHF,short,,20160425 07:18:48 EST,closed,20160425 07:18:48 EST,1.0969,,,2.0,2.0,,EURCHF,,-5.33468,2.0,CHF,99712.54448,4.0,1699998.0578,99666.09724,99812.09724,99830.54448,5.1295,3.1295
2.0,-14.0,20160425 09:15:37 EST,20160425 09:15:37 EST,20160425 09:15:37 EST,1.12534,,EURUSD,long,,20160425 07:10:18 EST,closed,20160425 07:10:18 EST,1.12584,,,2.0,2.0,,EURUSD,,-10.0,-2.0,USD,99698.54448,4.0,1699993.32892,99718.9684,99868.9684,99820.54448,-18.4,-20.4
39.0,-2.0,,,,0.0,,EURUSD,short,,20160425 09:15:37 EST,open,20160425 09:15:37 EST,1.12534,,,0.0,2.0,,EURUSD,,0.0,-2.0,USD,99696.54448,2.0,1677486.52892,99691.25806,99845.25806,99820.54448,,
29.0,26.0,20160425 09:16:18 EST,20160425 09:16:18 EST,20160425 09:16:18 EST,1.44721,,GBPUSD,short,,20160425 08:33:19 EST,closed,20160425 08:33:19 EST,1.44871,,,2.0,2.0,,GBPUSD,,30.0,2.0,USD,99724.54448,4.0,1706430.72892,99760.96988,99914.96988,99850.54448,-28.0,-30.0
31.0,33.08,20160425 09:16:22 EST,20160425 09:16:22 EST,20160425 09:16:22 EST,111.196,,USDJPY,long,,20160425 08:41:10 EST,closed,20160425 08:41:10 EST,110.99,,,2.0,2.0,,USDJPY,,37.08,-2.0,JPY,99757.62448,4.0,1697501.80892,99755.15898,99913.15898,99887.62448,37.08,35.08
28.0,8.4,20160425 09:16:24 EST,20160425 09:16:24 EST,20160425 09:16:24 EST,0.77103,,AUDUSD,short,,20160425 08:31:21 EST,closed,20160425 08:31:21 EST,0.77165,,,2.0,2.0,,AUDUSD,,12.4,2.0,USD,99766.02448,4.0,1692907.12892,99774.81308,99936.81308,99900.02448,-12.4,-14.4
36.0,7.16,20160425 09:16:28 EST,20160425 09:16:28 EST,20160425 09:16:28 EST,114.051,,CHFJPY,long,,20160425 08:53:32 EST,closed,20160425 08:53:32 EST,113.989,,,2.0,2.0,,CHFJPY,,11.16,-2.0,JPY,99773.18448,4.0,1698015.70892,99769.88088,99935.88088,99911.18448,11.16,9.16
23.0,-3.82,20160425 09:16:33 EST,20160425 09:16:33 EST,20160425 09:16:33 EST,85.739,,AUDJPY,short,,20160425 07:18:50 EST,closed,20160425 07:18:50 EST,85.74,,,2.0,2.0,,AUDJPY,,0.180000000001,2.0,JPY,99769.36448,4.0,1692919.54892,99766.30814,99936.30814,99911.36448,-0.719999999998,-2.72
44.0,-2.0,,,,0.0,,AUDJPY,long,,20160425 09:16:33 EST,open,20160425 09:16:33 EST,85.739,,,0.0,2.0,,AUDJPY,,0.0,2.0,JPY,99767.36448,2.0,1677486.52892,99760.36814,99934.36814,99911.36448,,
35.0,-30.8,20160425 09:16:38 EST,20160425 09:16:38 EST,20160425 09:16:38 EST,0.68566,,NZDUSD,long,,20160425 08:50:54 EST,closed,20160425 08:50:54 EST,0.687,,,2.0,2.0,,NZDUSD,,-26.8,-2.0,USD,99738.56448,4.0,1691199.72892,99762.0936,99936.0936,99884.56448,-26.8,-28.8
42.0,8.4,20160425 09:29:31 EST,20160425 09:29:31 EST,20160425 09:29:31 EST,0.77165,,AUDUSD,long,,20160425 09:16:24 EST,closed,20160425 09:16:24 EST,0.77103,,,2.0,2.0,,AUDUSD,,12.4,-2.0,USD,99746.96448,4.0,1692919.52892,99820.23368,99998.23368,99896.96448,1.2,-0.800000000001
46.0,-2.0,,,,0.0,,AUDUSD,short,,20160425 09:29:31 EST,open,20160425 09:29:31 EST,0.77165,,,0.0,2.0,,AUDUSD,,0.0,-2.0,USD,99744.96448,2.0,1677486.52892,99824.03336,100006.03336,99896.96448,,
43.0,3.02,20160425 09:30:48 EST,20160425 09:30:48 EST,20160425 09:30:48 EST,114.012,,CHFJPY,short,,20160425 09:16:28 EST,closed,20160425 09:16:28 EST,114.051,,,2.0,2.0,,CHFJPY,,7.02,2.0,JPY,99749.98448,4.0,1698008.68892,99794.24192,99976.24192,99903.98448,-3.42,-5.42
47.0,-2.0,,,,0.0,,CHFJPY,long,,20160425 09:30:48 EST,open,20160425 09:30:48 EST,114.012,,,0.0,2.0,,CHFJPY,,0.0,2.0,JPY,99747.98448,2.0,1677486.52892,99790.70996,99976.70996,99903.98448,,
38.0,-4.20518,20160425 09:31:04 EST,20160425 09:31:04 EST,20160425 09:31:04 EST,1.09715,,EURCHF,long,,20160425 09:14:32 EST,closed,20160425 09:14:32 EST,1.09716,,,2.0,2.0,,EURCHF,,-0.205180000001,-2.0,CHF,99745.7793,4.0,1699997.85262,99814.54912,100000.54912,99903.7793,-0.820720000001,-2.82072
48.0,-2.0,,,,0.0,,EURCHF,short,,20160425 09:31:04 EST,open,20160425 09:31:04 EST,1.09715,,,0.0,2.0,,EURCHF,,0.0,-2.0,CHF,99743.7793,2.0,1677486.52892,99824.632,100014.632,99903.7793,,
40.0,45.4,20160425 09:45:43 EST,20160425 09:45:43 EST,20160425 09:45:43 EST,1.44968,,GBPUSD,long,,20160425 09:16:18 EST,closed,20160425 09:16:18 EST,1.44721,,,2.0,2.0,,GBPUSD,,49.4,-2.0,USD,99791.1793,4.0,1706480.12892,99853.09142,100043.09142,99953.1793,25.0,23.0
49.0,-2.0,,,,0.0,,GBPUSD,short,,20160425 09:45:43 EST,open,20160425 09:45:43 EST,1.44968,,,0.0,2.0,,GBPUSD,,0.0,-2.0,USD,99789.1793,2.0,1677486.52892,99830.86152,100024.86152,99953.1793,,
27.0,-16.92634,20160425 09:46:05 EST,20160425 09:46:05 EST,20160425 09:46:05 EST,0.97464,,USDCHF,short,,20160425 08:18:21 EST,closed,20160425 08:18:21 EST,0.97401,,,2.0,2.0,,USDCHF,,-12.92634,2.0,CHF,99774.25296,4.0,1697484.19244,99792.76926,99986.76926,99940.25296,10.87454,8.87454
50.0,-2.0,,,,0.0,,USDCHF,long,,20160425 09:46:05 EST,open,20160425 09:46:05 EST,0.97464,,,0.0,2.0,,USDCHF,,0.0,2.0,CHF,99772.25296,2.0,1677486.52892,99790.64854,99988.64854,99940.25296,,
41.0,15.26,20160425 09:46:08 EST,20160425 09:46:08 EST,20160425 09:46:08 EST,111.089,,USDJPY,short,,20160425 09:16:22 EST,closed,20160425 09:16:22 EST,111.196,,,2.0,2.0,,USDJPY,,19.26,2.0,JPY,99789.51296,4.0,1697482.54892,99829.56304,100027.56304,99959.51296,-19.26,-21.26
51.0,-2.0,,,,0.0,,USDJPY,long,,20160425 09:46:08 EST,open,20160425 09:46:08 EST,111.089,,,0.0,2.0,,USDJPY,,0.0,2.0,JPY,99787.51296,2.0,1677486.52892,99828.73268,100030.73268,99959.51296,,
12.0,-24.88,20160425 09:47:42 EST,20160425 09:47:42 EST,20160425 09:47:42 EST,160.959,,GBPJPY,short,,20160425 07:14:03 EST,closed,20160425 07:14:03 EST,160.843,,,2.0,2.0,,GBPJPY,,-20.88,2.0,JPY,99764.63296,4.0,1706459.14892,99743.25544,99945.25544,99938.63296,33.12,31.12
52.0,-2.0,,,,0.0,,GBPJPY,long,,20160425 09:47:42 EST,open,20160425 09:47:42 EST,160.959,,,0.0,2.0,,GBPJPY,,0.0,2.0,JPY,99762.63296,2.0,1677486.52892,99738.86632,99944.86632,99938.63296,,
33.0,-33.88,20160425 11:35:26 EST,20160425 11:35:26 EST,20160425 11:35:26 EST,125.201,,EURJPY,short,,20160425 08:50:12 EST,closed,20160425 08:50:12 EST,125.035,,,2.0,2.0,,EURJPY,,-29.88,2.0,JPY,99730.75296,4.0,1700022.70892,99698.52262,99904.52262,99908.75296,4.68,2.68
53.0,-2.0,,,,0.0,,EURJPY,long,,20160425 11:35:26 EST,open,20160425 11:35:26 EST,125.201,,,0.0,2.0,,EURJPY,,0.0,2.0,JPY,99728.75296,2.0,1677486.52892,99687.66122,99897.66122,99908.75296,,
45.0,-3.6,20160425 11:36:18 EST,20160425 11:36:18 EST,20160425 11:36:18 EST,0.68564,,NZDUSD,short,,20160425 09:16:38 EST,closed,20160425 09:16:38 EST,0.68566,,,2.0,2.0,,NZDUSD,,0.400000000003,2.0,USD,99727.15296,4.0,1691199.32892,99687.23404,99897.23404,99909.15296,0.0,-2.0
54.0,-2.0,,,,0.0,,NZDUSD,long,,20160425 11:36:18 EST,open,20160425 11:36:18 EST,0.68564,,,0.0,2.0,,NZDUSD,,0.0,2.0,USD,99725.15296,2.0,1677486.52892,99682.63404,99896.63404,99909.15296,,
