trade_id,PL,closeVWAP_timestamp,closedWhen,closedWhenUnixTimeStamp,closing_price_VWAP,expir,instrument,long_or_short,markToMarket_time,openVWAP_timestamp,open_or_closed,openedWhen,opening_price_VWAP,ptValue,putcall,quant_closed,quant_opened,strike,symbol,symbol_description,PurePL,qty,balance,commission,margin_available,purebalance
1.0,-1489140.75,20160322 07:33:53 EST,20160322 07:33:53 EST,20160322 07:33:53 EST,28994.85,,BTCUSD,long,,20160322 07:20:16 EST,closed,20160322 07:20:16 EST,28998.78,,,1.0,1.0,,BTCUSD,,-39300.0,-1.0,-1469140.75,1449840.75,360700.0,-19300.0
2.0,-1556709.25,20160322 07:49:17 EST,20160322 07:49:17 EST,20160322 07:49:17 EST,29005.52,,BTCUSD,short,,20160322 07:33:53 EST,closed,20160322 07:33:53 EST,28994.85,,,1.0,1.0,,BTCUSD,,-106700.0,1.0,-3025850.0,1450009.25,467400.0,-126000.0
3.0,-1644888.25,20160322 08:19:49 EST,20160322 08:19:49 EST,20160322 08:19:49 EST,28986.01,,BTCUSD,long,,20160322 07:49:17 EST,closed,20160322 07:49:17 EST,29005.52,,,1.0,1.0,,BTCUSD,,-195100.0,-1.0,-4670738.25,1449788.25,272300.0,-321100.0
4.0,1060759.0,20160322 09:02:42 EST,20160322 09:02:42 EST,20160322 09:02:42 EST,28735.63,,BTCUSD,short,,20160322 08:19:49 EST,closed,20160322 08:19:49 EST,28986.01,,,1.0,1.0,,BTCUSD,,2503800.0,1.0,-3609979.25,1443041.0,-2231500.0,2182700.0
5.0,-12754715.75,20160322 09:47:21 EST,20160322 09:47:21 EST,20160322 09:47:21 EST,27601.0,,BTCUSD,long,,20160322 09:02:42 EST,closed,20160322 09:02:42 EST,28735.63,,,1.0,1.0,,BTCUSD,,-11346300.0,-1.0,-16364695.0,1408415.75,-13577800.0,-9163600.0
6.0,-16467975.75,20160322 10:34:42 EST,20160322 10:34:42 EST,20160322 10:34:42 EST,29106.03,,BTCUSD,short,,20160322 09:47:21 EST,closed,20160322 09:47:21 EST,27601.0,,,1.0,1.0,,BTCUSD,,-15050300.0,1.0,-32832670.75,1417675.75,1472500.0,-24213900.0
7.0,1119146.25,20160322 10:45:48 EST,20160322 10:45:48 EST,20160322 10:45:48 EST,29364.12,,BTCUSD,long,,20160322 10:34:42 EST,closed,20160322 10:34:42 EST,29106.03,,,1.0,1.0,,BTCUSD,,2580900.0,-1.0,-31713524.5,1461753.75,4053400.0,-21633000.0
8.0,20799925.5,20160322 11:31:31 EST,20160322 11:31:31 EST,20160322 11:31:31 EST,27142.86,,BTCUSD,short,,20160322 10:45:48 EST,closed,20160322 10:45:48 EST,29364.12,,,1.0,1.0,,BTCUSD,,22212600.0,1.0,-10913599.0,1412674.5,-18159200.0,579600.0
9.0,17076357.75,20160322 12:01:43 EST,20160322 12:01:43 EST,20160322 12:01:43 EST,28990.83,,BTCUSD,long,,20160322 11:31:31 EST,closed,20160322 11:31:31 EST,27142.86,,,1.0,1.0,,BTCUSD,,18479700.0,-1.0,6162758.75,1403342.25,320500.0,19059300.0
10.0,-1757609.75,20160322 12:47:00 EST,20160322 12:47:00 EST,20160322 12:47:00 EST,29021.56,,BTCUSD,short,,20160322 12:01:43 EST,closed,20160322 12:01:43 EST,28990.83,,,1.0,1.0,,BTCUSD,,-307300.0,1.0,4405149.0,1450309.75,627800.0,18752000.0
11.0,8308861.0,20160322 13:15:58 EST,20160322 13:15:58 EST,20160322 13:15:58 EST,30000.0,,BTCUSD,long,,20160322 12:47:00 EST,closed,20160322 12:47:00 EST,29021.56,,,1.0,1.0,,BTCUSD,,9784400.0,-1.0,12714010.0,1475539.0,10412200.0,28536400.0
12.0,28304024.25,20160322 13:31:26 EST,20160322 13:31:26 EST,20160322 13:31:26 EST,27027.03,,BTCUSD,short,,20160322 13:15:58 EST,closed,20160322 13:15:58 EST,30000.0,,,1.0,1.0,,BTCUSD,,29729700.0,1.0,41018034.25,1425675.75,-19317500.0,58266100.0
13.0,15243357.75,20160322 14:16:26 EST,20160322 14:16:26 EST,20160322 14:16:26 EST,28690.66,,BTCUSD,long,,20160322 13:31:26 EST,closed,20160322 13:31:26 EST,27027.03,,,1.0,1.0,,BTCUSD,,16636300.0,-1.0,56261392.0,1392942.25,-2681200.0,74902400.0
14.0,-4390404.25,20160322 15:47:53 EST,20160322 15:47:53 EST,20160322 15:47:53 EST,28985.51,,BTCUSD,short,,20160322 14:16:26 EST,closed,20160322 14:16:26 EST,28690.66,,,1.0,1.0,,BTCUSD,,-2948500.0,1.0,51870987.75,1441904.25,267300.0,71953900.0
15.0,-3234102.25,20160322 16:02:06 EST,20160322 16:02:06 EST,20160322 16:02:06 EST,28806.58,,BTCUSD,long,,20160322 15:47:53 EST,closed,20160322 15:47:53 EST,28985.51,,,1.0,1.0,,BTCUSD,,-1789300.0,-1.0,48636885.5,1444802.25,-1522000.0,70164600.0
16.0,-2685835.0,20160322 17:03:10 EST,20160322 17:03:10 EST,20160322 17:03:10 EST,28930.82,,BTCUSD,short,,20160322 16:02:06 EST,closed,20160322 16:02:06 EST,28806.58,,,1.0,1.0,,BTCUSD,,-1242400.0,1.0,45951050.5,1443435.0,-279600.0,68922200.0
17.0,2078025.5,20160322 17:16:14 EST,20160322 17:16:14 EST,20160322 17:16:14 EST,29284.16,,BTCUSD,long,,20160322 17:03:10 EST,closed,20160322 17:03:10 EST,28930.82,,,1.0,1.0,,BTCUSD,,3533400.0,-1.0,48029076.0,1455374.5,3253800.0,72455600.0
18.0,3691850.0,20160322 18:02:01 EST,20160322 18:02:01 EST,20160322 18:02:01 EST,28769.84,,BTCUSD,short,,20160322 17:16:14 EST,closed,20160322 17:16:14 EST,29284.16,,,1.0,1.0,,BTCUSD,,5143200.0,1.0,51720926.0,1451350.0,-1889400.0,77598800.0
19.0,10939286.0,20160322 19:01:14 EST,20160322 19:01:14 EST,20160322 19:01:14 EST,30010.72,,BTCUSD,long,,20160322 18:02:01 EST,closed,20160322 18:02:01 EST,28769.84,,,1.0,1.0,,BTCUSD,,12408800.0,-1.0,62660212.0,1469514.0,10519400.0,90007600.0
20.0,8633836.75,20160322 19:16:10 EST,20160322 19:16:10 EST,20160322 19:16:10 EST,28999.81,,BTCUSD,short,,20160322 19:01:14 EST,closed,20160322 19:01:14 EST,30010.72,,,1.0,1.0,,BTCUSD,,10109100.0,1.0,71294048.75,1475263.25,410300.0,100116700.0
21.0,-189150.5,20160322 19:34:49 EST,20160322 19:34:49 EST,20160322 19:34:49 EST,29126.21,,BTCUSD,long,,20160322 19:16:10 EST,closed,20160322 19:16:10 EST,28999.81,,,1.0,1.0,,BTCUSD,,1264000.0,-1.0,71104898.25,1453150.5,1674300.0,101380700.0
22.0,831494.75,20160322 19:46:17 EST,20160322 19:46:17 EST,20160322 19:46:17 EST,28898.0,,BTCUSD,short,,20160322 19:34:49 EST,closed,20160322 19:34:49 EST,29126.21,,,1.0,1.0,,BTCUSD,,2282100.0,1.0,71936393.0,1450605.25,-607800.0,103662800.0
23.0,-631039.75,20160322 20:35:44 EST,20160322 20:35:44 EST,20160322 20:35:44 EST,28979.59,,BTCUSD,long,,20160322 19:46:17 EST,closed,20160322 19:46:17 EST,28898.0,,,1.0,1.0,,BTCUSD,,815900.0,-1.0,71305353.25,1446939.75,208100.0,104478700.0
24.0,-596954.75,20160322 21:02:23 EST,20160322 21:02:23 EST,20160322 21:02:23 EST,28894.6,,BTCUSD,short,,20160322 20:35:44 EST,closed,20160322 20:35:44 EST,28979.59,,,1.0,1.0,,BTCUSD,,849900.0,1.0,70708398.5,1446854.75,-641800.0,105328600.0
25.0,7206587.5,20160322 21:15:45 EST,20160322 21:15:45 EST,20160322 21:15:45 EST,29761.9,,BTCUSD,long,,20160322 21:02:23 EST,closed,20160322 21:02:23 EST,28894.6,,,1.0,1.0,,BTCUSD,,8673000.0,-1.0,77914986.0,1466412.5,8031200.0,114001600.0
26.0,-1769897.75,20160322 21:32:54 EST,20160322 21:32:54 EST,20160322 21:32:54 EST,29790.01,,BTCUSD,short,,20160322 21:15:45 EST,closed,20160322 21:15:45 EST,29761.9,,,1.0,1.0,,BTCUSD,,-281100.0,1.0,76145088.25,1488797.75,8312300.0,113720500.0
27.0,10580149.75,20160322 21:48:25 EST,20160322 21:48:25 EST,20160322 21:48:25 EST,31000.0,,BTCUSD,long,,20160322 21:32:54 EST,closed,20160322 21:32:54 EST,29790.01,,,1.0,1.0,,BTCUSD,,12099900.0,-1.0,86725238.0,1519750.25,20412200.0,125820400.0
28.0,19485156.75,20160322 22:17:14 EST,20160322 22:17:14 EST,20160322 22:17:14 EST,28901.73,,BTCUSD,short,,20160322 21:48:25 EST,closed,20160322 21:48:25 EST,31000.0,,,1.0,1.0,,BTCUSD,,20982700.0,1.0,106210394.75,1497543.25,-570500.0,146803100.0
29.0,7528323.75,20160322 22:48:20 EST,20160322 22:48:20 EST,20160322 22:48:20 EST,29801.32,,BTCUSD,long,,20160322 22:17:14 EST,closed,20160322 22:17:14 EST,28901.73,,,1.0,1.0,,BTCUSD,,8995900.0,-1.0,113738718.5,1467576.25,8425400.0,155799000.0
30.0,7695641.0,20160322 23:01:54 EST,20160322 23:01:54 EST,20160322 23:01:54 EST,28885.04,,BTCUSD,short,,20160322 22:48:20 EST,closed,20160322 22:48:20 EST,29801.32,,,1.0,1.0,,BTCUSD,,9162800.0,1.0,121434359.5,1467159.0,-737400.0,164961800.0
31.0,7081779.5,20160322 23:17:23 EST,20160322 23:17:23 EST,20160322 23:17:23 EST,29739.78,,BTCUSD,long,,20160322 23:01:54 EST,closed,20160322 23:01:54 EST,28885.04,,,1.0,1.0,,BTCUSD,,8547400.0,-1.0,128516139.0,1465620.5,7810000.0,173509200.0
32.0,3953578.5,20160323 00:04:35 EST,20160323 00:04:35 EST,20160323 00:04:35 EST,29197.08,,BTCUSD,short,,20160322 23:17:23 EST,closed,20160322 23:17:23 EST,29739.78,,,1.0,1.0,,BTCUSD,,5427000.0,1.0,132469717.5,1473421.5,2383000.0,178936200.0
33.0,4373226.75,20160323 00:18:45 EST,20160323 00:18:45 EST,20160323 00:18:45 EST,29781.85,,BTCUSD,long,,20160323 00:04:35 EST,closed,20160323 00:04:35 EST,29197.08,,,1.0,1.0,,BTCUSD,,5847700.0,-1.0,136842944.25,1474473.25,8230700.0,184783900.0
34.0,23391453.75,20160323 00:32:56 EST,20160323 00:32:56 EST,20160323 00:32:56 EST,27300.0,,BTCUSD,short,,20160323 00:18:45 EST,closed,20160323 00:18:45 EST,29781.85,,,1.0,1.0,,BTCUSD,,24818500.0,1.0,160234398.0,1427046.25,-16587800.0,209602400.0
35.0,17576727.0,20160323 00:48:17 EST,20160323 00:48:17 EST,20160323 00:48:17 EST,29198.92,,BTCUSD,long,,20160323 00:32:56 EST,closed,20160323 00:32:56 EST,27300.0,,,1.0,1.0,,BTCUSD,,18989200.0,-1.0,177811125.0,1412473.0,2401400.0,228591600.0
36.0,14019155.25,20160323 01:01:26 EST,20160323 01:01:26 EST,20160323 01:01:26 EST,27654.87,,BTCUSD,short,,20160323 00:48:17 EST,closed,20160323 00:48:17 EST,29198.92,,,1.0,1.0,,BTCUSD,,15440500.0,1.0,191830280.25,1421344.75,-13039100.0,244032100.0
37.0,19723359.0,20160323 01:47:44 EST,20160323 01:47:44 EST,20160323 01:47:44 EST,29770.77,,BTCUSD,long,,20160323 01:01:26 EST,closed,20160323 01:01:26 EST,27654.87,,,1.0,1.0,,BTCUSD,,21159000.0,-1.0,211553639.25,1435641.0,8119900.0,265191100.0
38.0,7780777.0,20160323 02:01:06 EST,20160323 02:01:06 EST,20160323 02:01:06 EST,28846.15,,BTCUSD,short,,20160323 01:47:44 EST,closed,20160323 01:47:44 EST,29770.77,,,1.0,1.0,,BTCUSD,,9246200.0,1.0,219334416.25,1465423.0,-1126300.0,274437300.0
39.0,7594244.5,20160323 02:16:34 EST,20160323 02:16:34 EST,20160323 02:16:34 EST,29752.07,,BTCUSD,long,,20160323 02:01:06 EST,closed,20160323 02:01:06 EST,28846.15,,,1.0,1.0,,BTCUSD,,9059200.0,-1.0,226928660.75,1464955.5,7932900.0,283496500.0
40.0,338751.0,20160323 03:02:03 EST,20160323 03:02:03 EST,20160323 03:02:03 EST,29569.89,,BTCUSD,short,,20160323 02:16:34 EST,closed,20160323 02:16:34 EST,29752.07,,,1.0,1.0,,BTCUSD,,1821800.0,1.0,227267411.75,1483049.0,6111100.0,285318300.0
41.0,-2390508.75,20160323 03:18:10 EST,20160323 03:18:10 EST,20160323 03:18:10 EST,29478.46,,BTCUSD,long,,20160323 03:02:03 EST,closed,20160323 03:02:03 EST,29569.89,,,1.0,1.0,,BTCUSD,,-914300.0,-1.0,224876903.0,1476208.75,5196800.0,284404000.0
42.0,-520746.0,20160323 03:31:45 EST,20160323 03:31:45 EST,20160323 03:31:45 EST,29383.38,,BTCUSD,short,,20160323 03:18:10 EST,closed,20160323 03:18:10 EST,29478.46,,,1.0,1.0,,BTCUSD,,950800.0,1.0,224356157.0,1471546.0,4246000.0,285354800.0
43.0,-4290597.75,20160323 04:03:39 EST,20160323 04:03:39 EST,20160323 04:03:39 EST,29100.53,,BTCUSD,long,,20160323 03:31:45 EST,closed,20160323 03:31:45 EST,29383.38,,,1.0,1.0,,BTCUSD,,-2828500.0,-1.0,220065559.25,1462097.75,1417500.0,282526300.0
44.0,-386161.0,20160323 05:17:48 EST,20160323 05:17:48 EST,20160323 05:17:48 EST,28993.91,,BTCUSD,short,,20160323 04:03:39 EST,closed,20160323 04:03:39 EST,29100.53,,,1.0,1.0,,BTCUSD,,1066200.0,1.0,219679398.25,1452361.0,351300.0,283592500.0
45.0,-2369191.0,20160323 05:45:54 EST,20160323 05:45:54 EST,20160323 05:45:54 EST,28901.73,,BTCUSD,long,,20160323 05:17:48 EST,closed,20160323 05:17:48 EST,28993.91,,,1.0,1.0,,BTCUSD,,-921800.0,-1.0,217310207.25,1447391.0,-570500.0,282670700.0
46.0,-887897.0,20160323 06:02:49 EST,20160323 06:02:49 EST,20160323 06:02:49 EST,28846.15,,BTCUSD,short,,20160323 05:45:54 EST,closed,20160323 05:45:54 EST,28901.73,,,1.0,1.0,,BTCUSD,,555800.0,1.0,216422310.25,1443697.0,-1126300.0,283226500.0
47.0,-52191.5,20160323 06:17:44 EST,20160323 06:17:44 EST,20160323 06:17:44 EST,28985.51,,BTCUSD,long,,20160323 06:02:49 EST,closed,20160323 06:02:49 EST,28846.15,,,1.0,1.0,,BTCUSD,,1393600.0,-1.0,216370118.75,1445791.5,267300.0,284620100.0
48.0,10658217.75,20160323 07:46:17 EST,20160323 07:46:17 EST,20160323 07:46:17 EST,27777.78,,BTCUSD,short,,20160323 06:17:44 EST,closed,20160323 06:17:44 EST,28985.51,,,1.0,1.0,,BTCUSD,,12077300.0,1.0,227028336.5,1419082.25,-11810000.0,296697400.0
49.0,11561753.25,20160323 08:02:14 EST,20160323 08:02:14 EST,20160323 08:02:14 EST,29076.09,,BTCUSD,long,,20160323 07:46:17 EST,closed,20160323 07:46:17 EST,27777.78,,,1.0,1.0,,BTCUSD,,12983100.0,-1.0,238590089.75,1421346.75,1173100.0,309680500.0
50.0,-545740.0,20160323 08:31:38 EST,20160323 08:31:38 EST,20160323 08:31:38 EST,28985.51,,BTCUSD,short,,20160323 08:02:14 EST,closed,20160323 08:02:14 EST,29076.09,,,1.0,1.0,,BTCUSD,,905800.0,1.0,238044349.75,1451540.0,267300.0,310586300.0
51.0,-3391607.5,20160323 09:01:20 EST,20160323 09:01:20 EST,20160323 09:01:20 EST,28790.79,,BTCUSD,long,,20160323 08:31:38 EST,closed,20160323 08:31:38 EST,28985.51,,,1.0,1.0,,BTCUSD,,-1947200.0,-1.0,234652742.25,1444407.5,-1679900.0,308639100.0
52.0,-4366639.0,20160323 09:17:41 EST,20160323 09:17:41 EST,20160323 09:17:41 EST,29082.77,,BTCUSD,short,,20160323 09:01:20 EST,closed,20160323 09:01:20 EST,28790.79,,,1.0,1.0,,BTCUSD,,-2919800.0,1.0,230286103.25,1446839.0,1239900.0,305719300.0
53.0,2651671.25,20160323 09:31:37 EST,20160323 09:31:37 EST,20160323 09:31:37 EST,29494.38,,BTCUSD,long,,20160323 09:17:41 EST,closed,20160323 09:17:41 EST,29082.77,,,1.0,1.0,,BTCUSD,,4116100.0,-1.0,232937774.5,1464428.75,5356000.0,309835400.0
54.0,-737359.5,,,,0.0,,BTCUSD,short,,20160323 09:31:37 EST,open,20160323 09:31:37 EST,29494.38,,,0.0,1.0,,BTCUSD,,0.0,-1.0,232200415.0,737359.5,-289587800.0,309835400.0
