trade_id,PL,closeVWAP_timestamp,closedWhen,closedWhenUnixTimeStamp,closing_price_VWAP,expir,instrument,long_or_short,markToMarket_time,openVWAP_timestamp,open_or_closed,openedWhen,opening_price_VWAP,ptValue,putcall,quant_closed,quant_opened,strike,symbol,symbol_description,PurePL,qty,currency,balance,commission,margin_available,mark_to_mkt,pure_mark_to_mkt,pure_unr_pnl,purebalance,unr_pnl
1.0,-16085.97442,20160511 09:19:43 EST,20160511 09:19:43 EST,20160511 09:19:43 EST,26823.5,,#Hungary12,short,,20160511 05:37:04 EST,closed,20160511 05:37:04 EST,26663.71,,,2.0,2.0,,#Hungary12,,-15979.0,2.0,USD,83967.353,106.97442,4682350.0,83967.353,84021.0,,84021.0,
2.0,-16714.96184,20160511 10:39:19 EST,20160511 10:39:19 EST,20160511 10:39:19 EST,26657.42,,#Hungary12,long,,20160511 09:19:43 EST,closed,20160511 09:19:43 EST,26823.5,,,2.0,2.0,,#Hungary12,,-16608.0,-2.0,USD,67306.03816,106.96184,7348092.0,67306.03816,67413.0,,67413.0,
3.0,-23824.10402,20160511 14:35:19 EST,20160511 14:35:19 EST,20160511 14:35:19 EST,26894.59,,#Hungary12,short,,20160511 10:39:19 EST,closed,20160511 10:39:19 EST,26657.42,,,2.0,2.0,,#Hungary12,,-23717.0,2.0,USD,43535.24898,107.10402,10037551.0,43535.24898,43696.0,,43696.0,
4.0,-25107.07836,20160511 16:28:23 EST,20160511 16:28:23 EST,20160511 16:28:23 EST,26644.59,,#Hungary12,long,,20160511 14:35:19 EST,closed,20160511 14:35:19 EST,26894.59,,,2.0,2.0,,#Hungary12,,-25000.0,-2.0,USD,18481.9598,107.07836,12702010.0,18481.9598,18696.0,,18696.0,
5.0,-25107.07836,20160511 17:48:57 EST,20160511 17:48:57 EST,20160511 17:48:57 EST,26894.59,,#Hungary12,short,,20160511 16:28:23 EST,closed,20160511 16:28:23 EST,26644.59,,,2.0,2.0,,#Hungary12,,-25000.0,2.0,USD,-6571.82938,107.07836,15391469.0,-6571.82938,-6304.0,,-6304.0,
6.0,-25107.4292,20160512 12:44:27 EST,20160512 12:44:27 EST,20160512 12:44:27 EST,26982.3,,#Hungary12,short,,20160512 11:05:19 EST,closed,20160512 11:05:19 EST,26732.3,,,2.0,2.0,,#Hungary12,,-25000.0,2.0,USD,-31625.79398,107.4292,18089699.0,-31625.79398,-31304.0,,-31304.0,
7.0,-31303.30528,20160513 05:13:49 EST,20160513 05:13:49 EST,20160513 05:13:49 EST,26670.34,,#Hungary12,long,,20160512 12:44:27 EST,closed,20160512 12:44:27 EST,26982.3,,,2.0,2.0,,#Hungary12,,-31196.0,-2.0,USD,-62875.13466,107.30528,20756733.0,-62875.13466,-62500.0,,-62500.0,
8.0,8530.49138,20160513 09:42:50 EST,20160513 09:42:50 EST,20160513 09:42:50 EST,26583.97,,#Hungary12,short,,20160513 05:13:49 EST,closed,20160513 05:13:49 EST,26670.34,,,2.0,2.0,,#Hungary12,,8637.0,2.0,USD,-54291.3026,106.50862,23415130.0,-54291.3026,-53863.0,,-53863.0,
9.0,-8376.17048,20160513 11:58:20 EST,20160513 11:58:20 EST,20160513 11:58:20 EST,26501.27,,#Hungary12,long,,20160513 09:42:50 EST,closed,20160513 09:42:50 EST,26583.97,,,2.0,2.0,,#Hungary12,,-8270.0,-2.0,USD,-62614.30514,106.17048,26065257.0,-62614.30514,-62133.0,,-62133.0,
10.0,-12106.24508,20160513 13:43:31 EST,20160513 13:43:31 EST,20160513 13:43:31 EST,26621.27,,#Hungary12,short,,20160513 11:58:20 EST,closed,20160513 11:58:20 EST,26501.27,,,2.0,2.0,,#Hungary12,,-12000.0,2.0,USD,-74667.54768,106.24508,28727384.0,-74667.54768,-74133.0,,-74133.0,
11.0,-12106.24508,20160513 17:45:18 EST,20160513 17:45:18 EST,20160513 17:45:18 EST,26501.27,,#Hungary12,long,,20160513 13:43:31 EST,closed,20160513 13:43:31 EST,26621.27,,,2.0,2.0,,#Hungary12,,-12000.0,-2.0,USD,-86720.55022,106.24508,31377511.0,-86720.55022,-86133.0,,-86133.0,
12.0,-12106.24508,20160513 18:56:02 EST,20160513 18:56:02 EST,20160513 18:56:02 EST,26621.27,,#Hungary12,short,,20160513 17:45:18 EST,closed,20160513 17:45:18 EST,26501.27,,,2.0,2.0,,#Hungary12,,-12000.0,2.0,USD,-98773.79276,106.24508,34039638.0,-98773.79276,-98133.0,,-98133.0,
13.0,-12106.24508,20160513 23:39:56 EST,20160513 23:39:56 EST,20160513 23:39:56 EST,26501.27,,#Hungary12,long,,20160513 18:56:02 EST,closed,20160513 18:56:02 EST,26621.27,,,2.0,2.0,,#Hungary12,,-12000.0,-2.0,USD,-110826.7953,106.24508,36689765.0,-110826.7953,-110133.0,,-110133.0,
14.0,-12106.24508,20160514 14:14:53 EST,20160514 14:14:53 EST,20160514 14:14:53 EST,26621.27,,#Hungary12,short,,20160513 23:39:56 EST,closed,20160513 23:39:56 EST,26501.27,,,2.0,2.0,,#Hungary12,,-12000.0,2.0,USD,-122880.03784,106.24508,39351892.0,-122880.03784,-122133.0,,-122133.0,
15.0,-12106.24508,20160514 14:44:35 EST,20160514 14:44:35 EST,20160514 14:44:35 EST,26501.27,,#Hungary12,long,,20160514 14:14:53 EST,closed,20160514 14:14:53 EST,26621.27,,,2.0,2.0,,#Hungary12,,-12000.0,-2.0,USD,-134933.04038,106.24508,42002019.0,-134933.04038,-134133.0,,-134133.0,
16.0,-12106.24508,20160514 19:39:29 EST,20160514 19:39:29 EST,20160514 19:39:29 EST,26621.27,,#Hungary12,short,,20160514 14:44:35 EST,closed,20160514 14:44:35 EST,26501.27,,,2.0,2.0,,#Hungary12,,-12000.0,2.0,USD,-146986.28292,106.24508,44664146.0,-146986.28292,-146133.0,,-146133.0,
17.0,-12106.24508,20160514 21:24:15 EST,20160514 21:24:15 EST,20160514 21:24:15 EST,26501.27,,#Hungary12,long,,20160514 19:39:29 EST,closed,20160514 19:39:29 EST,26621.27,,,2.0,2.0,,#Hungary12,,-12000.0,-2.0,USD,-159039.28546,106.24508,47314273.0,-159039.28546,-158133.0,,-158133.0,
18.0,-12106.24508,20160515 00:00:32 EST,20160515 00:00:32 EST,20160515 00:00:32 EST,26621.27,,#Hungary12,short,,20160514 21:24:15 EST,closed,20160514 21:24:15 EST,26501.27,,,2.0,2.0,,#Hungary12,,-12000.0,2.0,USD,-171092.528,106.24508,49976400.0,-171092.528,-170133.0,,-170133.0,
19.0,-12106.24508,20160515 05:13:36 EST,20160515 05:13:36 EST,20160515 05:13:36 EST,26501.27,,#Hungary12,long,,20160515 00:00:32 EST,closed,20160515 00:00:32 EST,26621.27,,,2.0,2.0,,#Hungary12,,-12000.0,-2.0,USD,-183145.53054,106.24508,52626527.0,-183145.53054,-182133.0,,-182133.0,
20.0,-12106.24508,20160515 11:12:59 EST,20160515 11:12:59 EST,20160515 11:12:59 EST,26621.27,,#Hungary12,short,,20160515 05:13:36 EST,closed,20160515 05:13:36 EST,26501.27,,,2.0,2.0,,#Hungary12,,-12000.0,2.0,USD,-195198.77308,106.24508,55288654.0,-195198.77308,-194133.0,,-194133.0,
21.0,-12106.24508,20160515 12:07:45 EST,20160515 12:07:45 EST,20160515 12:07:45 EST,26501.27,,#Hungary12,long,,20160515 11:12:59 EST,closed,20160515 11:12:59 EST,26621.27,,,2.0,2.0,,#Hungary12,,-12000.0,-2.0,USD,-207251.77562,106.24508,57938781.0,-207251.77562,-206133.0,,-206133.0,
22.0,-12106.24508,20160516 08:42:40 EST,20160516 08:42:40 EST,20160516 08:42:40 EST,26621.27,,#Hungary12,short,,20160515 12:07:45 EST,closed,20160515 12:07:45 EST,26501.27,,,2.0,2.0,,#Hungary12,,-12000.0,2.0,USD,-219305.01816,106.24508,60600908.0,-219305.01816,-218133.0,,-218133.0,
23.0,-12106.24508,20160516 09:08:08 EST,20160516 09:08:08 EST,20160516 09:08:08 EST,26501.27,,#Hungary12,long,,20160516 08:42:40 EST,closed,20160516 08:42:40 EST,26621.27,,,2.0,2.0,,#Hungary12,,-12000.0,-2.0,USD,-231358.0207,106.24508,63251035.0,-231358.0207,-230133.0,,-230133.0,
24.0,-12106.24508,20160516 15:21:00 EST,20160516 15:21:00 EST,20160516 15:21:00 EST,26621.27,,#Hungary12,short,,20160516 09:08:08 EST,closed,20160516 09:08:08 EST,26501.27,,,2.0,2.0,,#Hungary12,,-12000.0,2.0,USD,-243411.26324,106.24508,65913162.0,-243411.26324,-242133.0,,-242133.0,
25.0,-12106.24508,20160516 15:36:51 EST,20160516 15:36:51 EST,20160516 15:36:51 EST,26501.27,,#Hungary12,long,,20160516 15:21:00 EST,closed,20160516 15:21:00 EST,26621.27,,,2.0,2.0,,#Hungary12,,-12000.0,-2.0,USD,-255464.26578,106.24508,68563289.0,-255464.26578,-254133.0,,-254133.0,
26.0,-12106.24508,20160517 00:55:24 EST,20160517 00:55:24 EST,20160517 00:55:24 EST,26621.27,,#Hungary12,short,,20160516 15:36:51 EST,closed,20160516 15:36:51 EST,26501.27,,,2.0,2.0,,#Hungary12,,-12000.0,2.0,USD,-267517.50832,106.24508,71225416.0,-267517.50832,-266133.0,,-266133.0,
27.0,-12106.24508,20160517 02:31:16 EST,20160517 02:31:16 EST,20160517 02:31:16 EST,26501.27,,#Hungary12,long,,20160517 00:55:24 EST,closed,20160517 00:55:24 EST,26621.27,,,2.0,2.0,,#Hungary12,,-12000.0,-2.0,USD,-279570.51086,106.24508,73875543.0,-279570.51086,-278133.0,,-278133.0,
28.0,-14790.29876,20160517 04:54:32 EST,20160517 04:54:32 EST,20160517 04:54:32 EST,26648.11,,#Hungary12,short,,20160517 02:31:16 EST,closed,20160517 02:31:16 EST,26501.27,,,2.0,2.0,,#Hungary12,,-14684.0,2.0,USD,-294307.80708,106.29876,76540354.0,-294307.80708,-292817.0,,-292817.0,
29.0,-25551.08354,20160517 07:02:08 EST,20160517 07:02:08 EST,20160517 07:02:08 EST,26393.66,,#Hungary12,long,,20160517 04:54:32 EST,closed,20160517 04:54:32 EST,26648.11,,,2.0,2.0,,#Hungary12,,-25445.0,-2.0,USD,-319805.5944,106.08354,79179720.0,-319805.5944,-318262.0,,-318262.0,
30.0,4951.5265,20160517 12:05:08 EST,20160517 12:05:08 EST,20160517 12:05:08 EST,26343.09,,#Hungary12,short,,20160517 07:02:08 EST,closed,20160517 07:02:08 EST,26393.66,,,2.0,2.0,,#Hungary12,,5057.0,2.0,USD,-314801.28058,105.4735,81814029.0,-314801.28058,-313205.0,,-313205.0,
31.0,-12105.13236,20160517 13:26:58 EST,20160517 13:26:58 EST,20160517 13:26:58 EST,26223.09,,#Hungary12,long,,20160517 12:05:08 EST,closed,20160517 12:05:08 EST,26343.09,,,2.0,2.0,,#Hungary12,,-12000.0,-2.0,USD,-326853.72676,105.13236,84436338.0,-326853.72676,-325205.0,,-325205.0,
32.0,-12105.13236,20160517 15:47:59 EST,20160517 15:47:59 EST,20160517 15:47:59 EST,26343.09,,#Hungary12,short,,20160517 13:26:58 EST,closed,20160517 13:26:58 EST,26223.09,,,2.0,2.0,,#Hungary12,,-12000.0,2.0,USD,-338906.41294,105.13236,87070647.0,-338906.41294,-337205.0,,-337205.0,
33.0,-12105.13236,20160517 18:41:16 EST,20160517 18:41:16 EST,20160517 18:41:16 EST,26223.09,,#Hungary12,long,,20160517 15:47:59 EST,closed,20160517 15:47:59 EST,26343.09,,,2.0,2.0,,#Hungary12,,-12000.0,-2.0,USD,-350958.85912,105.13236,89692956.0,-350958.85912,-349205.0,,-349205.0,
34.0,-12105.13236,20160517 19:32:07 EST,20160517 19:32:07 EST,20160517 19:32:07 EST,26343.09,,#Hungary12,short,,20160517 18:41:16 EST,closed,20160517 18:41:16 EST,26223.09,,,2.0,2.0,,#Hungary12,,-12000.0,2.0,USD,-363011.5453,105.13236,92327265.0,-363011.5453,-361205.0,,-361205.0,
35.0,-42466.52512,20160518 05:49:23 EST,20160518 05:49:23 EST,20160518 05:49:23 EST,25919.47,,#Hungary12,long,,20160517 19:32:07 EST,closed,20160517 19:32:07 EST,26343.09,,,2.0,2.0,,#Hungary12,,-42362.0,-2.0,USD,-405425.38424,104.52512,94919212.0,-405425.38424,-403567.0,,-403567.0,
36.0,-5863.79308,20160518 10:02:45 EST,20160518 10:02:45 EST,20160518 10:02:45 EST,25977.07,,#Hungary12,short,,20160518 05:49:23 EST,closed,20160518 05:49:23 EST,25919.47,,,2.0,2.0,,#Hungary12,,-5760.0,2.0,USD,-411237.33838,103.79308,97516919.0,-411237.33838,-409327.0,,-409327.0,
37.0,-6089.78856,20160518 10:51:18 EST,20160518 10:51:18 EST,20160518 10:51:18 EST,25917.21,,#Hungary12,long,,20160518 10:02:45 EST,closed,20160518 10:02:45 EST,25977.07,,,2.0,2.0,,#Hungary12,,-5986.0,-2.0,USD,-417275.1728,103.78856,100108640.0,-417275.1728,-415313.0,,-415313.0,
38.0,-11807.90292,20160518 22:46:16 EST,20160518 22:46:16 EST,20160518 22:46:16 EST,26034.25,,#Hungary12,short,,20160518 10:51:18 EST,closed,20160518 10:51:18 EST,25917.21,,,2.0,2.0,,#Hungary12,,-11704.0,2.0,USD,-429031.2413,103.90292,102712065.0,-429031.2413,-427017.0,,-427017.0,
39.0,-12103.897,20160519 03:08:51 EST,20160519 03:08:51 EST,20160519 03:08:51 EST,25914.25,,#Hungary12,long,,20160518 22:46:16 EST,closed,20160518 22:46:16 EST,26034.25,,,2.0,2.0,,#Hungary12,,-12000.0,-2.0,USD,-441083.0698,103.897,105303490.0,-441083.0698,-439017.0,,-439017.0,
40.0,7355.49218,20160519 11:42:23 EST,20160519 11:42:23 EST,20160519 11:42:23 EST,25839.66,,#Hungary12,short,,20160519 03:08:51 EST,closed,20160519 03:08:51 EST,25914.25,,,2.0,2.0,,#Hungary12,,7459.0,2.0,USD,-433675.74912,103.50782,107887456.0,-433675.74912,-431558.0,,-431558.0,
41.0,17877.28174,20160520 05:54:25 EST,20160520 05:54:25 EST,20160520 05:54:25 EST,26019.47,,#Hungary12,long,,20160519 11:42:23 EST,closed,20160519 11:42:23 EST,25839.66,,,2.0,2.0,,#Hungary12,,17981.0,-2.0,USD,-415746.78806,103.71826,110489403.0,-415746.78806,-413577.0,,-413577.0,
42.0,-40217.88014,20160521 21:22:27 EST,20160521 21:22:27 EST,20160521 21:22:27 EST,26420.6,,#Hungary12,short,,20160520 05:54:25 EST,closed,20160520 05:54:25 EST,26019.47,,,2.0,2.0,,#Hungary12,,-40113.0,2.0,USD,-455912.62926,104.88014,113131463.0,-455912.62926,-453690.0,,-453690.0,
43.0,-12105.4424,20160521 21:56:43 EST,20160521 21:56:43 EST,20160521 21:56:43 EST,26300.6,,#Hungary12,long,,20160521 21:22:27 EST,closed,20160521 21:22:27 EST,26420.6,,,2.0,2.0,,#Hungary12,,-12000.0,-2.0,USD,-467965.23046,105.4424,115761523.0,-467965.23046,-465690.0,,-465690.0,
44.0,-18114.56258,20160523 18:01:28 EST,20160523 18:01:28 EST,20160523 18:01:28 EST,26480.69,,#Hungary12,short,,20160521 21:56:43 EST,closed,20160521 21:56:43 EST,26300.6,,,2.0,2.0,,#Hungary12,,-18009.0,2.0,USD,-486027.19184,105.56258,118409592.0,-486027.19184,-483699.0,,-483699.0,
45.0,-12105.68276,20160523 19:49:32 EST,20160523 19:49:32 EST,20160523 19:49:32 EST,26360.69,,#Hungary12,long,,20160523 18:01:28 EST,closed,20160523 18:01:28 EST,26480.69,,,2.0,2.0,,#Hungary12,,-12000.0,-2.0,USD,-498079.91322,105.68276,121045661.0,-498079.91322,-495699.0,,-495699.0,
46.0,-49464.42992,20160525 08:40:39 EST,20160525 08:40:39 EST,20160525 08:40:39 EST,26854.27,,#Hungary12,short,,20160523 19:49:32 EST,closed,20160523 19:49:32 EST,26360.69,,,2.0,2.0,,#Hungary12,,-49358.0,2.0,USD,-547491.62176,106.42992,123731088.0,-547491.62176,-545057.0,,-545057.0,
47.0,-15890.10142,20160526 05:38:59 EST,20160526 05:38:59 EST,20160526 05:38:59 EST,26696.44,,#Hungary12,long,,20160525 08:40:39 EST,closed,20160525 08:40:39 EST,26854.27,,,2.0,2.0,,#Hungary12,,-15783.0,-2.0,USD,-563328.01464,107.10142,126400732.0,-563328.01464,-560840.0,,-560840.0,
48.0,66.2177,20160526 09:54:44 EST,20160526 09:54:44 EST,20160526 09:54:44 EST,26694.71,,#Hungary12,short,,20160526 05:38:59 EST,closed,20160526 05:38:59 EST,26696.44,,,2.0,2.0,,#Hungary12,,173.0,2.0,USD,-563208.40406,106.7823,129070203.0,-563208.40406,-560667.0,,-560667.0,
49.0,-28574.13182,20160527 05:23:26 EST,20160527 05:23:26 EST,20160527 05:23:26 EST,26925.29,,#Hungary12,short,,20160526 13:19:39 EST,closed,20160526 13:19:39 EST,26640.62,,,2.0,2.0,,#Hungary12,,-28467.0,2.0,USD,-591729.25464,107.13182,131762732.0,-591729.25464,-589134.0,,-589134.0,
50.0,-10830.4867,20160527 06:02:53 EST,20160527 06:02:53 EST,20160527 06:02:53 EST,26818.06,,#Hungary12,long,,20160527 05:23:26 EST,closed,20160527 05:23:26 EST,26925.29,,,2.0,2.0,,#Hungary12,,-10723.0,-2.0,USD,-602505.89076,107.4867,134444538.0,-602505.89076,-599857.0,,-599857.0,
51.0,-17114.61238,20160527 06:22:19 EST,20160527 06:22:19 EST,20160527 06:22:19 EST,26988.13,,#Hungary12,short,,20160527 06:02:53 EST,closed,20160527 06:02:53 EST,26818.06,,,2.0,2.0,,#Hungary12,,-17007.0,2.0,USD,-619566.86702,107.61238,137143351.0,-619566.86702,-616864.0,,-616864.0,
52.0,-19118.94078,20160527 11:08:56 EST,20160527 11:08:56 EST,20160527 11:08:56 EST,27080.25,,#Hungary12,short,,20160527 08:01:22 EST,closed,20160527 08:01:22 EST,26890.14,,,2.0,2.0,,#Hungary12,,-19011.0,2.0,USD,-638632.02752,107.94078,139851376.0,-638632.02752,-635875.0,,-635875.0,
