trade_id,PL,closeVWAP_timestamp,closedWhen,closedWhenUnixTimeStamp,closing_price_VWAP,expir,instrument,long_or_short,markToMarket_time,openVWAP_timestamp,open_or_closed,openedWhen,opening_price_VWAP,ptValue,putcall,quant_closed,quant_opened,strike,symbol,symbol_description,PurePL,qty,currency,balance,commission,margin_available,mark_to_mkt,pure_mark_to_mkt,purebalance,pure_unr_pnl,unr_pnl
1.0,-7.89842,20160425 07:16:20 EST,20160425 07:16:20 EST,20160425 07:16:20 EST,0.97449,,USDCHF,short,,20160425 07:05:16 EST,closed,20160425 07:05:16 EST,0.9743,,,2.0,2.0,,USDCHF,,-3.89842,2.0,CHF,99992.10158,4.0,2000003.89842,99992.10158,99996.10158,99996.10158,3.69324,1.69324
2.0,-8.92432,20160425 07:59:27 EST,20160425 07:59:27 EST,20160425 07:59:27 EST,0.97425,,USDCHF,long,,20160425 07:16:20 EST,closed,20160425 07:16:20 EST,0.97449,,,2.0,2.0,,USDCHF,,-4.92432,-2.0,CHF,99983.17726,4.0,1999998.9741,99983.17726,99991.17726,99991.17726,0.0,-2.0
3.0,-18.3626,20160425 08:42:15 EST,20160425 08:42:15 EST,20160425 08:42:15 EST,0.97447,,USDCHF,short,,20160425 08:09:23 EST,closed,20160425 08:09:23 EST,0.97377,,,2.0,2.0,,USDCHF,,-14.3626,2.0,CHF,99964.81466,4.0,2000013.3367,99964.81466,99976.81466,99976.81466,6.66835,4.66835
4.0,10.3626,20160425 09:07:09 EST,20160425 09:07:09 EST,20160425 09:07:09 EST,0.97517,,USDCHF,long,,20160425 08:42:15 EST,closed,20160425 08:42:15 EST,0.97447,,,2.0,2.0,,USDCHF,,14.3626,-2.0,CHF,99975.17726,4.0,2000027.6993,99975.17726,99991.17726,99991.17726,-1.23108,-3.23108
5.0,-6.25698,20160425 09:28:32 EST,20160425 09:28:32 EST,20160425 09:28:32 EST,0.97528,,USDCHF,short,,20160425 09:07:09 EST,closed,20160425 09:07:09 EST,0.97517,,,2.0,2.0,,USDCHF,,-2.25698,2.0,CHF,99968.92028,4.0,2000029.95628,99968.92028,99988.92028,99988.92028,-1.33367,-3.33367
6.0,-22.67138,20160425 11:35:15 EST,20160425 11:35:15 EST,20160425 11:35:15 EST,0.97437,,USDCHF,long,,20160425 09:28:32 EST,closed,20160425 09:28:32 EST,0.97528,,,2.0,2.0,,USDCHF,,-18.67138,-2.0,CHF,99946.2489,4.0,2000011.2849,99946.2489,99970.2489,99970.2489,-1.43626,-3.43626
7.0,391.58704,20160502 10:00:47 EST,20160502 10:00:47 EST,20160502 10:00:47 EST,0.95509,,USDCHF,short,,20160425 11:35:15 EST,closed,20160425 11:35:15 EST,0.97437,,,2.0,2.0,,USDCHF,,395.58704,2.0,CHF,100337.83594,4.0,1999615.69786,100337.83594,100365.83594,100365.83594,-0.41036,-2.41036
8.0,-3.79482,20160502 10:58:16 EST,20160502 10:58:16 EST,20160502 10:58:16 EST,0.9551,,USDCHF,long,,20160502 10:00:47 EST,closed,20160502 10:00:47 EST,0.95509,,,2.0,2.0,,USDCHF,,0.205179999999,-2.0,CHF,100334.04112,4.0,1999615.90304,100334.04112,100366.04112,100366.04112,13.54188,11.54188
9.0,14.05584,20160502 13:59:26 EST,20160502 13:59:26 EST,20160502 13:59:26 EST,0.95494,,USDCHF,long,,20160502 13:28:34 EST,closed,20160502 13:28:34 EST,0.95406,,,2.0,2.0,,USDCHF,,18.05584,-2.0,CHF,100348.09696,4.0,1999633.95888,100348.09696,100384.09696,100384.09696,-0.41036,-2.41036
10.0,1.1295,20160502 14:53:16 EST,20160502 14:53:16 EST,20160502 14:53:16 EST,0.95469,,USDCHF,short,,20160502 13:59:26 EST,closed,20160502 13:59:26 EST,0.95494,,,2.0,2.0,,USDCHF,,5.1295,2.0,CHF,100349.22646,4.0,1999628.82938,100349.22646,100389.22646,100389.22646,1.33367,-0.666330000003
11.0,-5.84662,20160502 15:48:15 EST,20160502 15:48:15 EST,20160502 15:48:15 EST,0.95515,,USDCHF,long,,20160502 15:20:53 EST,closed,20160502 15:20:53 EST,0.95524,,,2.0,2.0,,USDCHF,,-1.84662,-2.0,CHF,100343.37984,4.0,1999626.98276,100343.37984,100387.37984,100387.37984,-3.69324,-5.69324
12.0,-5.84662,20160502 19:16:07 EST,20160502 19:16:07 EST,20160502 19:16:07 EST,0.95497,,USDCHF,short,,20160502 18:32:52 EST,closed,20160502 18:32:52 EST,0.95488,,,2.0,2.0,,USDCHF,,-1.84662,2.0,CHF,100337.53322,4.0,1999628.82938,100337.53322,100385.53322,100385.53322,1.64144,-0.358559999998
13.0,-9.74504,20160502 22:58:33 EST,20160502 22:58:33 EST,20160502 22:58:33 EST,0.9537,,USDCHF,long,,20160502 22:42:01 EST,closed,20160502 22:42:01 EST,0.95398,,,2.0,2.0,,USDCHF,,-5.74504,-2.0,CHF,100326.6089,4.0,2019195.6149,100326.6089,100380.6089,100380.6089,-2.46216,-4.46216
14.0,-15.90044,20160503 00:20:00 EST,20160503 00:20:00 EST,20160503 00:20:00 EST,0.95428,,USDCHF,short,,20160502 22:58:33 EST,closed,20160502 22:58:33 EST,0.9537,,,2.0,2.0,,USDCHF,,-11.90044,2.0,CHF,100310.70846,4.0,2019207.51534,100310.70846,100368.70846,100368.70846,1.12849,-0.871510000002
15.0,-8.51396,20160503 00:51:12 EST,20160503 00:51:12 EST,20160503 00:51:12 EST,0.95406,,USDCHF,long,,20160503 00:20:00 EST,closed,20160503 00:20:00 EST,0.95428,,,2.0,2.0,,USDCHF,,-4.51396,-2.0,CHF,100302.1945,4.0,2019203.00138,100302.1945,100364.1945,100364.1945,-0.410359999998,-2.41036
16.0,-3.58964,20160503 01:58:35 EST,20160503 01:58:35 EST,20160503 01:58:35 EST,0.95404,,USDCHF,short,,20160503 00:51:12 EST,closed,20160503 00:51:12 EST,0.95406,,,2.0,2.0,,USDCHF,,0.41036,2.0,CHF,100298.60486,4.0,2019202.59102,100298.60486,100364.60486,100364.60486,6.77094,4.77094
17.0,345.01118,20160511 14:45:43 EST,20160511 14:45:43 EST,20160511 14:45:43 EST,0.97105,,USDCHF,long,,20160503 01:58:35 EST,closed,20160503 01:58:35 EST,0.95404,,,2.0,2.0,,USDCHF,,349.01118,-2.0,CHF,100643.61604,4.0,2019551.6022,100643.61604,100713.61604,100713.61604,-2.66734,-4.66734
18.0,-5.23108,20160511 18:21:17 EST,20160511 18:21:17 EST,20160511 18:21:17 EST,0.97107,,USDCHF,long,,20160511 16:27:00 EST,closed,20160511 16:27:00 EST,0.97113,,,2.0,2.0,,USDCHF,,-1.23108,-2.0,CHF,100638.38496,4.0,2019550.37112,100638.38496,100712.38496,100712.38496,-4.92432,-6.92432
19.0,-12.00202,20160511 21:03:33 EST,20160511 21:03:33 EST,20160511 21:03:33 EST,0.97103,,USDCHF,long,,20160511 19:40:11 EST,closed,20160511 19:40:11 EST,0.97142,,,2.0,2.0,,USDCHF,,-8.00202,-2.0,CHF,100626.38294,4.0,2019542.3691,100626.38294,100704.38294,100704.38294,-5.1295,-7.1295
20.0,1.53986,20160511 21:52:09 EST,20160511 21:52:09 EST,20160511 21:52:09 EST,0.97076,,USDCHF,short,,20160511 21:03:33 EST,closed,20160511 21:03:33 EST,0.97103,,,2.0,2.0,,USDCHF,,5.53986,2.0,CHF,100627.9228,4.0,2019536.82924,100627.9228,100709.9228,100709.9228,5.53986,3.53986
21.0,-4.61554,20160512 05:15:15 EST,20160512 05:15:15 EST,20160512 05:15:15 EST,0.96884,,USDCHF,long,,20160512 05:11:44 EST,closed,20160512 05:11:44 EST,0.96887,,,2.0,2.0,,USDCHF,,-0.615540000002,-2.0,CHF,100623.30726,4.0,2019536.2137,100623.30726,100709.30726,100709.30726,-4.1036,-6.1036
22.0,-2.0,,,,0.0,,USDCHF,short,,20160512 10:37:17 EST,open,20160512 10:37:17 EST,0.96736,,,0.0,2.0,,USDCHF,,0.0,-2.0,CHF,100621.30726,2.0,1999687.92122,100624.84712,100714.84712,100709.30726,,
23.0,-2.0,,,,0.0,,USDCHF,long,,20160512 15:31:44 EST,open,20160512 15:31:44 EST,0.97095,,,0.0,2.0,,USDCHF,,0.0,2.0,CHF,100619.30726,2.0,1979765.96912,100612.58812,100704.58812,100709.30726,,
24.0,-18.3626,20160512 18:19:48 EST,20160512 18:19:48 EST,20160512 18:19:48 EST,0.97106,,USDCHF,short,,20160512 16:59:06 EST,closed,20160512 16:59:06 EST,0.97036,,,2.0,2.0,,USDCHF,,-14.3626,2.0,CHF,100600.94466,4.0,1979780.33172,100600.94466,100694.94466,100694.94466,5.33468,3.33468
25.0,-13.02792,20160512 18:44:57 EST,20160512 18:44:57 EST,20160512 18:44:57 EST,0.97062,,USDCHF,long,,20160512 18:19:48 EST,closed,20160512 18:19:48 EST,0.97106,,,2.0,2.0,,USDCHF,,-9.02792,-2.0,CHF,100587.91674,4.0,1979771.3038,100587.91674,100685.91674,100685.91674,-4.71914,-6.71914
26.0,-12.61756,20160512 20:44:30 EST,20160512 20:44:30 EST,20160512 20:44:30 EST,0.97138,,USDCHF,short,,20160512 20:03:21 EST,closed,20160512 20:03:21 EST,0.97096,,,2.0,2.0,,USDCHF,,-8.61756,2.0,CHF,100577.29918,4.0,1999702.07864,100577.29918,100677.29918,100677.29918,4.51396,2.51396
27.0,-10.97612,20160512 21:48:25 EST,20160512 21:48:25 EST,20160512 21:48:25 EST,0.97104,,USDCHF,long,,20160512 20:44:30 EST,closed,20160512 20:44:30 EST,0.97138,,,2.0,2.0,,USDCHF,,-6.97612,-2.0,CHF,100566.32306,4.0,1999695.10252,100566.32306,100670.32306,100670.32306,-4.92432,-6.92432
28.0,-6.25698,20160512 23:53:30 EST,20160512 23:53:30 EST,20160512 23:53:30 EST,0.97117,,USDCHF,long,,20160512 22:14:58 EST,closed,20160512 22:14:58 EST,0.97128,,,2.0,2.0,,USDCHF,,-2.25698,-2.0,CHF,100560.06608,4.0,1999692.84554,100560.06608,100668.06608,100668.06608,-4.92432,-6.92432
29.0,-2.9741,20160513 00:49:44 EST,20160513 00:49:44 EST,20160513 00:49:44 EST,0.97112,,USDCHF,short,,20160512 23:53:30 EST,closed,20160512 23:53:30 EST,0.97117,,,2.0,2.0,,USDCHF,,1.0259,2.0,CHF,100557.09198,4.0,1999691.81964,100557.09198,100669.09198,100669.09198,5.95022,3.95022
30.0,31.70132,20160513 02:44:38 EST,20160513 02:44:38 EST,20160513 02:44:38 EST,0.97286,,USDCHF,long,,20160513 00:49:44 EST,closed,20160513 00:49:44 EST,0.97112,,,2.0,2.0,,USDCHF,,35.70132,-2.0,CHF,100588.7933,4.0,1999727.52096,100588.7933,100704.7933,100704.7933,-0.615540000002,-2.61554
31.0,-2.0,,,,0.0,,USDCHF,long,,20160513 03:35:15 EST,open,20160513 03:35:15 EST,0.97424,,,0.0,2.0,,USDCHF,,0.0,2.0,CHF,100586.7933,2.0,1979738.06464,100580.6897,100700.6897,100704.7933,,
32.0,83.81704,20160513 10:22:43 EST,20160513 10:22:43 EST,20160513 10:22:43 EST,0.97543,,USDCHF,long,,20160513 07:25:47 EST,closed,20160513 07:25:47 EST,0.97115,,,2.0,2.0,,USDCHF,,87.81704,-2.0,CHF,100670.61034,4.0,1979825.88168,100670.61034,100792.61034,100792.61034,-4.30878,-6.30878
33.0,-14.46418,20160513 12:48:43 EST,20160513 12:48:43 EST,20160513 12:48:43 EST,0.97594,,USDCHF,short,,20160513 10:22:43 EST,closed,20160513 10:22:43 EST,0.97543,,,2.0,2.0,,USDCHF,,-10.46418,2.0,CHF,100656.14616,4.0,1979836.34586,100656.14616,100782.14616,100782.14616,4.1036,2.1036
34.0,-36.00808,20160514 07:25:37 EST,20160514 07:25:37 EST,20160514 07:25:37 EST,0.97438,,USDCHF,long,,20160513 12:48:43 EST,closed,20160513 12:48:43 EST,0.97594,,,2.0,2.0,,USDCHF,,-32.00808,-2.0,CHF,100620.13808,4.0,1979804.33778,100620.13808,100750.13808,100750.13808,-4.30878,-6.30878
35.0,7.49008,20160516 00:09:15 EST,20160516 00:09:15 EST,20160516 00:09:15 EST,0.97641,,USDCHF,long,,20160515 21:16:44 EST,closed,20160515 21:16:44 EST,0.97585,,,2.0,2.0,,USDCHF,,11.49008,-2.0,CHF,100627.62816,4.0,1979815.82786,100627.62816,100761.62816,100761.62816,-1.64144,-3.64144
36.0,-6.0518,20160516 01:30:42 EST,20160516 01:30:42 EST,20160516 01:30:42 EST,0.97651,,USDCHF,short,,20160516 00:09:15 EST,closed,20160516 00:09:15 EST,0.97641,,,2.0,2.0,,USDCHF,,-2.0518,2.0,CHF,100621.57636,4.0,1979817.87966,100621.57636,100759.57636,100759.57636,5.53986,3.53986
37.0,1.74504,20160516 12:23:53 EST,20160516 12:23:53 EST,20160516 12:23:53 EST,0.97691,,USDCHF,long,,20160516 10:56:02 EST,closed,20160516 10:56:02 EST,0.97663,,,2.0,2.0,,USDCHF,,5.74504,-2.0,CHF,100623.3214,4.0,1979823.6247,100623.3214,100765.3214,100765.3214,-1.23108,-3.23108
38.0,3.59166,20160516 15:28:54 EST,20160516 15:28:54 EST,20160516 15:28:54 EST,0.97801,,USDCHF,long,,20160516 13:47:58 EST,closed,20160516 13:47:58 EST,0.97764,,,2.0,2.0,,USDCHF,,7.59166,-2.0,CHF,100626.91306,4.0,1979831.21636,100626.91306,100772.91306,100772.91306,-1.23108,-3.23108
39.0,-0.717119999999,20160516 17:12:49 EST,20160516 17:12:49 EST,20160516 17:12:49 EST,0.97785,,USDCHF,short,,20160516 15:28:54 EST,closed,20160516 15:28:54 EST,0.97801,,,2.0,2.0,,USDCHF,,3.28288,2.0,CHF,100626.19594,4.0,1979827.93348,100626.19594,100776.19594,100776.19594,1.43626,-0.563740000002
40.0,-2.15338,20160516 20:48:33 EST,20160516 20:48:33 EST,20160516 20:48:33 EST,0.97778,,USDCHF,long,,20160516 17:58:29 EST,closed,20160516 17:58:29 EST,0.97769,,,2.0,2.0,,USDCHF,,1.84662,-2.0,CHF,100624.04256,4.0,1979829.7801,100624.04256,100778.04256,100778.04256,-3.28288,-5.28288
41.0,-7.0777,20160516 22:04:52 EST,20160516 22:04:52 EST,20160516 22:04:52 EST,0.97793,,USDCHF,short,,20160516 20:48:33 EST,closed,20160516 20:48:33 EST,0.97778,,,2.0,2.0,,USDCHF,,-3.0777,2.0,CHF,100616.96486,4.0,1979832.8578,100616.96486,100774.96486,100774.96486,1.64144,-0.358559999998
42.0,-4.61554,20160516 22:12:40 EST,20160516 22:12:40 EST,20160516 22:12:40 EST,0.9779,,USDCHF,long,,20160516 22:04:52 EST,closed,20160516 22:04:52 EST,0.97793,,,2.0,2.0,,USDCHF,,-0.615539999999,-2.0,CHF,100612.34932,4.0,1979832.24226,100612.34932,100774.34932,100774.34932,-1.0259,-3.0259
43.0,-4.82072,20160517 00:24:37 EST,20160517 00:24:37 EST,20160517 00:24:37 EST,0.97782,,USDCHF,short,,20160517 00:10:06 EST,closed,20160517 00:10:06 EST,0.97778,,,2.0,2.0,,USDCHF,,-0.820720000001,2.0,CHF,100607.5286,4.0,1979833.06298,100607.5286,100773.5286,100773.5286,1.23108,-0.768920000001
44.0,4.00202,20160517 05:17:39 EST,20160517 05:17:39 EST,20160517 05:17:39 EST,0.97876,,USDCHF,long,,20160517 02:28:09 EST,closed,20160517 02:28:09 EST,0.97837,,,2.0,2.0,,USDCHF,,8.00202,-2.0,CHF,100611.53062,4.0,1979841.065,100611.53062,100781.53062,100781.53062,-1.0259,-3.0259
45.0,8.72116,20160517 08:36:56 EST,20160517 08:36:56 EST,20160517 08:36:56 EST,0.9793,,USDCHF,long,,20160517 06:59:40 EST,closed,20160517 06:59:40 EST,0.97868,,,2.0,2.0,,USDCHF,,12.72116,-2.0,CHF,100620.25178,4.0,1979853.78616,100620.25178,100794.25178,100794.25178,-0.820719999999,-2.82072
46.0,-20.20922,20160517 13:36:18 EST,20160517 13:36:18 EST,20160517 13:36:18 EST,0.9781,,USDCHF,long,,20160517 08:45:43 EST,closed,20160517 08:45:43 EST,0.97889,,,2.0,2.0,,USDCHF,,-16.20922,-2.0,CHF,100600.04256,4.0,1979837.57694,100600.04256,100778.04256,100778.04256,-0.615539999997,-2.61554
47.0,-2.76892,20160517 18:27:52 EST,20160517 18:27:52 EST,20160517 18:27:52 EST,0.98051,,USDCHF,long,,20160517 16:39:26 EST,closed,20160517 16:39:26 EST,0.98045,,,2.0,2.0,,USDCHF,,1.23108,-2.0,CHF,100597.27364,4.0,1979838.80802,100597.27364,100779.27364,100779.27364,-1.43626,-3.43626
48.0,19.80088,20160517 22:12:59 EST,20160517 22:12:59 EST,20160517 22:12:59 EST,0.98184,,USDCHF,long,,20160517 19:07:40 EST,closed,20160517 19:07:40 EST,0.98068,,,2.0,2.0,,USDCHF,,23.80088,-2.0,CHF,100617.07452,4.0,1979862.6089,100617.07452,100803.07452,100803.07452,-4.71914,-6.71914
49.0,-0.51194,20160518 02:48:38 EST,20160518 02:48:38 EST,20160518 02:48:38 EST,0.98246,,USDCHF,long,,20160517 23:36:36 EST,closed,20160517 23:36:36 EST,0.98229,,,2.0,2.0,,USDCHF,,3.48806,-2.0,CHF,100616.56258,4.0,1979866.09696,100616.56258,100806.56258,100806.56258,-1.23108,-3.23108
50.0,1.95022,20160518 04:16:26 EST,20160518 04:16:26 EST,20160518 04:16:26 EST,0.98367,,USDCHF,long,,20160518 03:45:20 EST,closed,20160518 03:45:20 EST,0.98338,,,2.0,2.0,,USDCHF,,5.95022,-2.0,CHF,100618.5128,4.0,1979872.04718,100618.5128,100812.5128,100812.5128,-1.0259,-3.0259
51.0,-23.28692,20160518 09:23:48 EST,20160518 09:23:48 EST,20160518 09:23:48 EST,0.98192,,USDCHF,long,,20160518 07:20:44 EST,closed,20160518 07:20:44 EST,0.98286,,,2.0,2.0,,USDCHF,,-19.28692,-2.0,CHF,100595.22588,4.0,1979852.76026,100595.22588,100793.22588,100793.22588,-1.0259,-3.0259
52.0,-10.77094,20160518 13:15:46 EST,20160518 13:15:46 EST,20160518 13:15:46 EST,0.98225,,USDCHF,short,,20160518 09:23:48 EST,closed,20160518 09:23:48 EST,0.98192,,,2.0,2.0,,USDCHF,,-6.77094,2.0,CHF,100584.45494,4.0,1979859.5312,100584.45494,100786.45494,100786.45494,4.1036,2.1036
53.0,104.54022,20160518 17:09:51 EST,20160518 17:09:51 EST,20160518 17:09:51 EST,0.98754,,USDCHF,long,,20160518 13:15:46 EST,closed,20160518 13:15:46 EST,0.98225,,,2.0,2.0,,USDCHF,,108.54022,-2.0,CHF,100688.99516,4.0,1979968.07142,100688.99516,100894.99516,100894.99516,-4.1036,-6.1036
54.0,-10.97612,20160518 17:48:27 EST,20160518 17:48:27 EST,20160518 17:48:27 EST,0.98788,,USDCHF,short,,20160518 17:09:51 EST,closed,20160518 17:09:51 EST,0.98754,,,2.0,2.0,,USDCHF,,-6.97612,2.0,CHF,100678.01904,4.0,1979975.04754,100678.01904,100888.01904,100888.01904,5.33468,3.33468
55.0,-12.61756,20160518 22:28:40 EST,20160518 22:28:40 EST,20160518 22:28:40 EST,0.98746,,USDCHF,long,,20160518 17:48:27 EST,closed,20160518 17:48:27 EST,0.98788,,,2.0,2.0,,USDCHF,,-8.61756,-2.0,CHF,100665.40148,4.0,1979966.42998,100665.40148,100879.40148,100879.40148,-6.36058,-8.36058
56.0,-8.30878,20160518 23:10:40 EST,20160518 23:10:40 EST,20160518 23:10:40 EST,0.98743,,USDCHF,long,,20160518 23:01:06 EST,closed,20160518 23:01:06 EST,0.98764,,,2.0,2.0,,USDCHF,,-4.30878,-2.0,CHF,100657.0927,4.0,1979962.1212,100657.0927,100875.0927,100875.0927,-4.92432,-6.92432
