trade_id,PL,closeVWAP_timestamp,closedWhen,closedWhenUnixTimeStamp,closing_price_VWAP,expir,instrument,long_or_short,markToMarket_time,openVWAP_timestamp,open_or_closed,openedWhen,opening_price_VWAP,ptValue,putcall,quant_closed,quant_opened,strike,symbol,symbol_description,PurePL,qty,currency,balance,commission,margin_available,mark_to_mkt,pure_mark_to_mkt,purebalance,pure_unr_pnl,unr_pnl
1.0,-0.101580000002,20160425 07:31:09 EST,20160425 07:31:09 EST,20160425 07:31:09 EST,1.09721,,EURCHF,long,,20160425 07:16:29 EST,closed,20160425 07:16:29 EST,1.09702,,,2.0,2.0,,EURCHF,,3.89842,-2.0,CHF,99999.89842,4.0,2000003.89842,99999.89842,100003.89842,100003.89842,-0.820720000005,-2.82072000001
2.0,1.53986,20160425 08:01:40 EST,20160425 08:01:40 EST,20160425 08:01:40 EST,1.09694,,EURCHF,short,,20160425 07:31:09 EST,closed,20160425 07:31:09 EST,1.09721,,,2.0,2.0,,EURCHF,,5.53986,2.0,CHF,100001.43828,4.0,1999998.35856,100001.43828,100009.43828,100009.43828,1.23108,-0.768920000001
3.0,1.95022,20160425 08:50:11 EST,20160425 08:50:11 EST,20160425 08:50:11 EST,1.09723,,EURCHF,long,,20160425 08:01:40 EST,closed,20160425 08:01:40 EST,1.09694,,,2.0,2.0,,EURCHF,,5.95022,-2.0,CHF,100003.3885,4.0,2000004.30878,100003.3885,100015.3885,100015.3885,-2.0518,-4.0518
4.0,-8.51396,20160425 09:45:33 EST,20160425 09:45:33 EST,20160425 09:45:33 EST,1.09745,,EURCHF,short,,20160425 08:50:11 EST,closed,20160425 08:50:11 EST,1.09723,,,2.0,2.0,,EURCHF,,-4.51396,2.0,CHF,99994.87454,4.0,2000008.82274,99994.87454,100010.87454,100010.87454,1.64144,-0.358559999998
5.0,9.13152,20160425 11:35:24 EST,20160425 11:35:24 EST,20160425 11:35:24 EST,1.09809,,EURCHF,long,,20160425 09:45:33 EST,closed,20160425 09:45:33 EST,1.09745,,,2.0,2.0,,EURCHF,,13.13152,-2.0,CHF,100004.00606,4.0,2000021.95426,100004.00606,100024.00606,100024.00606,0.0,-2.0
6.0,-55.50018,20160502 10:01:17 EST,20160502 10:01:17 EST,20160502 10:01:17 EST,1.1006,,EURCHF,short,,20160425 11:35:24 EST,closed,20160425 11:35:24 EST,1.09809,,,2.0,2.0,,EURCHF,,-51.50018,2.0,CHF,99948.50588,4.0,2000073.45444,99948.50588,99972.50588,99972.50588,2.0518,0.0517999999998
7.0,-13.43828,20160502 13:12:43 EST,20160502 13:12:43 EST,20160502 13:12:43 EST,1.0994,,EURCHF,long,,20160502 12:41:13 EST,closed,20160502 12:41:13 EST,1.09986,,,2.0,2.0,,EURCHF,,-9.43828,-2.0,CHF,99935.0676,4.0,2000064.01616,99935.0676,99963.0676,99963.0676,-1.0259,-3.0259
8.0,-2.0,,,,0.0,,EURCHF,short,,20160511 06:48:48 EST,open,20160511 06:48:48 EST,1.10999,,,0.0,2.0,,EURCHF,,0.0,-2.0,CHF,99933.0676,2.0,1977289.24134,99936.81264,99968.81264,99963.0676,,
9.0,-10.97612,20160511 23:47:51 EST,20160511 23:47:51 EST,20160511 23:47:51 EST,1.10887,,EURCHF,long,,20160511 22:51:44 EST,closed,20160511 22:51:44 EST,1.10921,,,2.0,2.0,,EURCHF,,-6.97612,-2.0,CHF,99922.09148,4.0,1977282.26522,99922.09148,99956.09148,99956.09148,-6.77094,-8.77094
10.0,-15.90044,20160512 10:37:20 EST,20160512 10:37:20 EST,20160512 10:37:20 EST,1.1039,,EURCHF,short,,20160512 10:27:08 EST,closed,20160512 10:27:08 EST,1.10332,,,2.0,2.0,,EURCHF,,-11.90044,2.0,CHF,99906.19104,4.0,1977294.16566,99906.19104,99944.19104,99944.19104,5.95022,3.95022
11.0,-2.0,,,,0.0,,EURCHF,short,,20160512 12:43:26 EST,open,20160512 12:43:26 EST,1.10282,,,0.0,2.0,,EURCHF,,0.0,-2.0,CHF,99904.19104,2.0,1954666.5049,99907.11536,99949.11536,99944.19104,,
12.0,-5.64144,20160512 14:49:58 EST,20160512 14:49:58 EST,20160512 14:49:58 EST,1.10394,,EURCHF,short,,20160512 14:37:41 EST,closed,20160512 14:37:41 EST,1.10386,,,2.0,2.0,,EURCHF,,-1.64144,2.0,CHF,99898.5496,4.0,1954668.14634,99898.5496,99942.5496,99942.5496,6.1554,4.1554
13.0,-5.0259,20160512 15:24:16 EST,20160512 15:24:16 EST,20160512 15:24:16 EST,1.10389,,EURCHF,long,,20160512 14:49:58 EST,closed,20160512 14:49:58 EST,1.10394,,,2.0,2.0,,EURCHF,,-1.0259,-2.0,CHF,99893.5237,4.0,1954667.12044,99893.5237,99941.5237,99941.5237,-3.0777,-5.0777
14.0,-15.90044,20160512 18:19:51 EST,20160512 18:19:51 EST,20160512 18:19:51 EST,1.10461,,EURCHF,short,,20160512 16:59:14 EST,closed,20160512 16:59:14 EST,1.10403,,,2.0,2.0,,EURCHF,,-11.90044,2.0,CHF,99877.62326,4.0,1954679.02088,99877.62326,99929.62326,99929.62326,6.36058000001,4.36058000001
15.0,-5.0259,20160513 02:06:19 EST,20160513 02:06:19 EST,20160513 02:06:19 EST,1.10469,,EURCHF,long,,20160513 00:40:20 EST,closed,20160513 00:40:20 EST,1.10474,,,2.0,2.0,,EURCHF,,-1.0259,-2.0,CHF,99872.59736,4.0,1954677.99498,99872.59736,99928.59736,99928.59736,-6.1554,-8.1554
16.0,-8.30878,20160513 03:36:21 EST,20160513 03:36:21 EST,20160513 03:36:21 EST,1.104,,EURCHF,short,,20160513 02:57:35 EST,closed,20160513 02:57:35 EST,1.10379,,,2.0,2.0,,EURCHF,,-4.30878,2.0,CHF,99864.28858,4.0,1954682.30376,99864.28858,99924.28858,99924.28858,5.95022,3.95022
17.0,15.69728,20160513 05:55:41 EST,20160513 05:55:41 EST,20160513 05:55:41 EST,1.10268,,EURCHF,long,,20160513 05:08:43 EST,closed,20160513 05:08:43 EST,1.10172,,,2.0,2.0,,EURCHF,,19.69728,-2.0,CHF,99879.98586,4.0,1954702.00104,99879.98586,99943.98586,99943.98586,-3.69324,-5.69324
18.0,-13.2331,20160513 16:33:11 EST,20160513 16:33:11 EST,20160513 16:33:11 EST,1.10258,,EURCHF,long,,20160513 14:56:21 EST,closed,20160513 14:56:21 EST,1.10303,,,2.0,2.0,,EURCHF,,-9.2331,-2.0,CHF,99866.75276,4.0,1954692.76794,99866.75276,99934.75276,99934.75276,-6.36058,-8.36058
19.0,-61.24522,20160514 08:19:35 EST,20160514 08:19:35 EST,20160514 08:19:35 EST,1.10213,,EURCHF,long,,20160513 17:28:49 EST,closed,20160513 17:28:49 EST,1.10492,,,2.0,2.0,,EURCHF,,-57.24522,-2.0,CHF,99805.50754,4.0,1954635.52272,99805.50754,99877.50754,99877.50754,-57.24522,-59.24522
20.0,-30.6734,20160515 19:18:21 EST,20160515 19:18:21 EST,20160515 19:18:21 EST,1.10343,,EURCHF,short,,20160514 08:19:35 EST,closed,20160514 08:19:35 EST,1.10213,,,2.0,2.0,,EURCHF,,-26.6734,2.0,CHF,99774.83414,4.0,1954662.19612,99774.83414,99850.83414,99850.83414,57.24522,55.24522
21.0,-6.87252,20160519 16:28:12 EST,20160519 16:28:12 EST,20160519 16:28:12 EST,1.10982,,EURCHF,long,,20160519 16:25:19 EST,closed,20160519 16:25:19 EST,1.10996,,,2.0,2.0,,EURCHF,,-2.87252,-2.0,CHF,99767.96162,4.0,1954659.3236,99767.96162,99847.96162,99847.96162,-1.84662,-3.84662
22.0,-9.74504,20160520 00:55:17 EST,20160520 00:55:17 EST,20160520 00:55:17 EST,1.1102,,EURCHF,long,,20160519 23:04:37 EST,closed,20160519 23:04:37 EST,1.11048,,,2.0,2.0,,EURCHF,,-5.74504,-2.0,CHF,99758.21658,4.0,1954653.57856,99758.21658,99842.21658,99842.21658,-2.66734,-4.66734
23.0,-28.21124,20160520 04:33:53 EST,20160520 04:33:53 EST,20160520 04:33:53 EST,1.1126,,EURCHF,short,,20160520 03:26:57 EST,closed,20160520 03:26:57 EST,1.11142,,,2.0,2.0,,EURCHF,,-24.21124,2.0,CHF,99730.00534,4.0,1954677.7898,99730.00534,99818.00534,99818.00534,1.64144,-0.358560000003
24.0,-1.9482,20160520 11:14:48 EST,20160520 11:14:48 EST,20160520 11:14:48 EST,1.11203,,EURCHF,long,,20160520 10:43:58 EST,closed,20160520 10:43:58 EST,1.11193,,,2.0,2.0,,EURCHF,,2.0518,-2.0,CHF,99728.05714,4.0,1954679.8416,99728.05714,99820.05714,99820.05714,-0.615539999995,-2.61553999999
25.0,-5.64144,20160520 12:45:16 EST,20160520 12:45:16 EST,20160520 12:45:16 EST,1.11157,,EURCHF,long,,20160520 11:41:06 EST,closed,20160520 11:41:06 EST,1.11165,,,2.0,2.0,,EURCHF,,-1.64144,-2.0,CHF,99722.4157,4.0,1954678.20016,99722.4157,99818.4157,99818.4157,-0.820720000001,-2.82072
26.0,-12.2072,20160520 15:05:31 EST,20160520 15:05:31 EST,20160520 15:05:31 EST,1.11162,,EURCHF,short,,20160520 13:37:37 EST,closed,20160520 13:37:37 EST,1.11122,,,2.0,2.0,,EURCHF,,-8.2072,2.0,CHF,99710.2085,4.0,1954686.40736,99710.2085,99810.2085,99810.2085,1.43626,-0.563740000004
27.0,1.53986,20160523 09:07:54 EST,20160523 09:07:54 EST,20160523 09:07:54 EST,1.10979,,EURCHF,short,,20160523 08:43:44 EST,closed,20160523 08:43:44 EST,1.11006,,,2.0,2.0,,EURCHF,,5.53986,2.0,CHF,99711.74836,4.0,1954680.8675,99711.74836,99815.74836,99815.74836,0.410359999998,-1.58964
28.0,-2.0,,,,0.0,,EURCHF,short,,20160524 11:19:37 EST,open,20160524 11:19:37 EST,1.10713,,,0.0,2.0,,EURCHF,,0.0,-2.0,CHF,99709.74836,2.0,1931964.77416,99708.97944,99816.97944,99815.74836,,
