trade_id,PL,closeVWAP_timestamp,closedWhen,closedWhenUnixTimeStamp,closing_price_VWAP,expir,instrument,long_or_short,markToMarket_time,openVWAP_timestamp,open_or_closed,openedWhen,opening_price_VWAP,ptValue,putcall,quant_closed,quant_opened,strike,symbol,symbol_description,PurePL,qty,currency,balance,commission,margin_available,mark_to_mkt,pure_mark_to_mkt,purebalance,pure_unr_pnl,unr_pnl
1.0,-480.5,20160416 07:32:49 EST,20160416 07:32:49 EST,20160416 07:32:49 EST,28000.0,,BTCUSD_btceRUR,long,,20160416 06:55:54 EST,closed,20160416 06:55:54 EST,28100.0,,,2.0,2.0,,BTCUSD_btceRUR,,-200.0,-2.0,USD,99519.5,280.5,1999800.0,99519.5,99800.0,99800.0,0.0,-140.5
2.0,-134.036,20160416 07:44:43 EST,20160416 07:44:43 EST,20160416 07:44:43 EST,27927.2,,BTCUSD_btceRUR,short,,20160416 07:32:49 EST,closed,20160416 07:32:49 EST,28000.0,,,2.0,2.0,,BTCUSD_btceRUR,,145.6,2.0,USD,99385.464,279.636,1999654.4,99385.464,99945.6,99945.6,0.0,-140.0
3.0,-279.272,20160416 08:10:05 EST,20160416 08:10:05 EST,20160416 08:10:05 EST,27927.2,,BTCUSD_btceRUR,long,,20160416 07:44:43 EST,closed,20160416 07:44:43 EST,27927.2,,,2.0,2.0,,BTCUSD_btceRUR,,0.0,-2.0,USD,99106.192,279.272,1999654.4,99106.192,99945.6,99945.6,0.0,-139.636
4.0,-840.271,20160416 08:47:56 EST,20160416 08:47:56 EST,20160416 08:47:56 EST,28207.0,,BTCUSD_btceRUR,short,,20160416 08:10:05 EST,closed,20160416 08:10:05 EST,27927.2,,,2.0,2.0,,BTCUSD_btceRUR,,-559.6,2.0,USD,98265.921,280.671,2000214.0,98265.921,99386.0,99386.0,0.0,-139.636
5.0,-274.09,20160416 09:00:15 EST,20160416 09:00:15 EST,20160416 09:00:15 EST,28211.0,,BTCUSD_btceRUR,long,,20160416 08:47:56 EST,closed,20160416 08:47:56 EST,28207.0,,,2.0,2.0,,BTCUSD_btceRUR,,8.0,-2.0,USD,97991.831,282.09,2000222.0,97991.831,99394.0,99394.0,0.0,-141.035
6.0,-59.555,20160416 09:12:03 EST,20160416 09:12:03 EST,20160416 09:12:03 EST,28100.0,,BTCUSD_btceRUR,short,,20160416 09:00:15 EST,closed,20160416 09:00:15 EST,28211.0,,,2.0,2.0,,BTCUSD_btceRUR,,222.0,2.0,USD,97932.276,281.555,2000000.0,97932.276,99616.0,99616.0,0.0,-141.055
7.0,-87.485,20160416 09:40:30 EST,20160416 09:40:30 EST,20160416 09:40:30 EST,28197.0,,BTCUSD_btceRUR,long,,20160416 09:12:03 EST,closed,20160416 09:12:03 EST,28100.0,,,2.0,2.0,,BTCUSD_btceRUR,,194.0,-2.0,USD,97844.791,281.485,2000194.0,97844.791,99810.0,99810.0,0.0,-140.5
8.0,-287.985,20160416 09:54:49 EST,20160416 09:54:49 EST,20160416 09:54:49 EST,28200.0,,BTCUSD_btceRUR,short,,20160416 09:40:30 EST,closed,20160416 09:40:30 EST,28197.0,,,2.0,2.0,,BTCUSD_btceRUR,,-6.0,2.0,USD,97556.806,281.985,2000200.0,97556.806,99804.0,99804.0,0.0,-140.985
9.0,-262.05,20160416 10:09:07 EST,20160416 10:09:07 EST,20160416 10:09:07 EST,28210.0,,BTCUSD_btceRUR,long,,20160416 09:54:49 EST,closed,20160416 09:54:49 EST,28200.0,,,2.0,2.0,,BTCUSD_btceRUR,,20.0,-2.0,USD,97294.756,282.05,2000220.0,97294.756,99824.0,99824.0,0.0,-141.0
10.0,-171.825,20160416 10:57:28 EST,20160416 10:57:28 EST,20160416 10:57:28 EST,28155.0,,BTCUSD_btceRUR,short,,20160416 10:09:07 EST,closed,20160416 10:09:07 EST,28210.0,,,2.0,2.0,,BTCUSD_btceRUR,,110.0,2.0,USD,97122.931,281.825,2000110.0,97122.931,99934.0,99934.0,0.0,-141.05
11.0,-98.808,20160416 11:45:57 EST,20160416 11:45:57 EST,20160416 11:45:57 EST,28246.6,,BTCUSD_btceRUR,long,,20160416 10:57:28 EST,closed,20160416 10:57:28 EST,28155.0,,,2.0,2.0,,BTCUSD_btceRUR,,183.2,-2.0,USD,97024.123,282.008,2000293.2,97024.123,100117.2,100117.2,0.0,-140.775
12.0,-88.783,20160416 11:58:55 EST,20160416 11:58:55 EST,20160416 11:58:55 EST,28150.0,,BTCUSD_btceRUR,short,,20160416 11:45:57 EST,closed,20160416 11:45:57 EST,28246.6,,,2.0,2.0,,BTCUSD_btceRUR,,193.2,2.0,USD,96935.34,281.983,2000100.0,96935.34,100310.4,100310.4,0.0,-141.233
13.0,-292.672,20160416 12:34:50 EST,20160416 12:34:50 EST,20160416 12:34:50 EST,28144.4,,BTCUSD_btceRUR,long,,20160416 11:58:55 EST,closed,20160416 11:58:55 EST,28150.0,,,2.0,2.0,,BTCUSD_btceRUR,,-11.2,-2.0,USD,96642.668,281.472,2000088.8,96642.668,100299.2,100299.2,0.0,-140.75
14.0,120.358,20160416 12:59:05 EST,20160416 12:59:05 EST,20160416 12:59:05 EST,27944.0,,BTCUSD_btceRUR,short,,20160416 12:34:50 EST,closed,20160416 12:34:50 EST,28144.4,,,2.0,2.0,,BTCUSD_btceRUR,,400.8,2.0,USD,96763.026,280.442,1999688.0,96763.026,100700.0,100700.0,0.0,-140.722
15.0,71.68,20160416 13:11:43 EST,20160416 13:11:43 EST,20160416 13:11:43 EST,28120.0,,BTCUSD_btceRUR,long,,20160416 12:59:05 EST,closed,20160416 12:59:05 EST,27944.0,,,2.0,2.0,,BTCUSD_btceRUR,,352.0,-2.0,USD,96834.706,280.32,2000040.0,96834.706,101052.0,101052.0,0.0,-139.72
16.0,-329.32,20160416 13:34:56 EST,20160416 13:34:56 EST,20160416 13:34:56 EST,28144.0,,BTCUSD_btceRUR,short,,20160416 13:11:43 EST,closed,20160416 13:11:43 EST,28120.0,,,2.0,2.0,,BTCUSD_btceRUR,,-48.0,2.0,USD,96505.386,281.32,2000088.0,96505.386,101004.0,101004.0,0.0,-140.6
17.0,-369.22,20160416 14:10:54 EST,20160416 14:10:54 EST,20160416 14:10:54 EST,28100.0,,BTCUSD_btceRUR,long,,20160416 13:34:56 EST,closed,20160416 13:34:56 EST,28144.0,,,2.0,2.0,,BTCUSD_btceRUR,,-88.0,-2.0,USD,96136.166,281.22,2000000.0,96136.166,100916.0,100916.0,0.0,-140.72
18.0,-281.0,20160416 14:23:33 EST,20160416 14:23:33 EST,20160416 14:23:33 EST,28100.0,,BTCUSD_btceRUR,short,,20160416 14:10:54 EST,closed,20160416 14:10:54 EST,28100.0,,,2.0,2.0,,BTCUSD_btceRUR,,0.0,2.0,USD,95855.166,281.0,2000000.0,95855.166,100916.0,100916.0,0.0,-140.5
19.0,-490.2755,20160416 14:46:55 EST,20160416 14:46:55 EST,20160416 14:46:55 EST,27995.1,,BTCUSD_btceRUR,long,,20160416 14:23:33 EST,closed,20160416 14:23:33 EST,28100.0,,,2.0,2.0,,BTCUSD_btceRUR,,-209.8,-2.0,USD,95364.8905,280.4755,1999790.2,95364.8905,100706.2,100706.2,0.0,-140.5
20.0,-277.7455,20160416 14:58:32 EST,20160416 14:58:32 EST,20160416 14:58:32 EST,27994.0,,BTCUSD_btceRUR,short,,20160416 14:46:55 EST,closed,20160416 14:46:55 EST,27995.1,,,2.0,2.0,,BTCUSD_btceRUR,,2.2,2.0,USD,95087.145,279.9455,1999788.0,95087.145,100708.4,100708.4,0.0,-139.9755
21.0,-38.545,20160416 15:34:12 EST,20160416 15:34:12 EST,20160416 15:34:12 EST,28115.0,,BTCUSD_btceRUR,long,,20160416 14:58:32 EST,closed,20160416 14:58:32 EST,27994.0,,,2.0,2.0,,BTCUSD_btceRUR,,242.0,-2.0,USD,95048.6,280.545,2000030.0,95048.6,100950.4,100950.4,0.0,-139.97
22.0,-451.575,20160416 15:43:57 EST,20160416 15:43:57 EST,20160416 15:43:57 EST,28200.0,,BTCUSD_btceRUR,short,,20160416 15:34:12 EST,closed,20160416 15:34:12 EST,28115.0,,,2.0,2.0,,BTCUSD_btceRUR,,-170.0,2.0,USD,94597.025,281.575,2000200.0,94597.025,100780.4,100780.4,0.0,-140.575
23.0,-451.575,20160416 16:07:37 EST,20160416 16:07:37 EST,20160416 16:07:37 EST,28115.0,,BTCUSD_btceRUR,long,,20160416 15:43:57 EST,closed,20160416 15:43:57 EST,28200.0,,,2.0,2.0,,BTCUSD_btceRUR,,-170.0,-2.0,USD,94145.45,281.575,2000030.0,94145.45,100610.4,100610.4,0.0,-141.0
24.0,-451.575,20160416 16:29:17 EST,20160416 16:29:17 EST,20160416 16:29:17 EST,28200.0,,BTCUSD_btceRUR,short,,20160416 16:07:37 EST,closed,20160416 16:07:37 EST,28115.0,,,2.0,2.0,,BTCUSD_btceRUR,,-170.0,2.0,USD,93693.875,281.575,2000200.0,93693.875,100440.4,100440.4,0.0,-140.575
25.0,7.275,20160416 17:04:44 EST,20160416 17:04:44 EST,20160416 17:04:44 EST,28345.0,,BTCUSD_btceRUR,long,,20160416 16:29:17 EST,closed,20160416 16:29:17 EST,28200.0,,,2.0,2.0,,BTCUSD_btceRUR,,290.0,-2.0,USD,93701.15,282.725,2000490.0,93701.15,100730.4,100730.4,0.0,-141.0
26.0,-167.7615,20160416 17:17:15 EST,20160416 17:17:15 EST,20160416 17:17:15 EST,28287.3,,BTCUSD_btceRUR,short,,20160416 17:04:44 EST,closed,20160416 17:04:44 EST,28345.0,,,2.0,2.0,,BTCUSD_btceRUR,,115.4,2.0,USD,93533.3885,283.1615,2000374.6,93533.3885,100845.8,100845.8,0.0,-141.725
27.0,-632.5965,20160416 20:03:32 EST,20160416 20:03:32 EST,20160416 20:03:32 EST,28112.0,,BTCUSD_btceRUR,long,,20160416 17:17:15 EST,closed,20160416 17:17:15 EST,28287.3,,,2.0,2.0,,BTCUSD_btceRUR,,-350.6,-2.0,USD,92900.792,281.9965,2000024.0,92900.792,100495.2,100495.2,0.0,-141.4365
28.0,-130.745,20160416 20:15:40 EST,20160416 20:15:40 EST,20160416 20:15:40 EST,28037.0,,BTCUSD_btceRUR,short,,20160416 20:03:32 EST,closed,20160416 20:03:32 EST,28112.0,,,2.0,2.0,,BTCUSD_btceRUR,,150.0,2.0,USD,92770.047,280.745,1999874.0,92770.047,100645.2,100645.2,0.0,-140.56
29.0,-190.7945,20160416 21:33:10 EST,20160416 21:33:10 EST,20160416 21:33:10 EST,28081.9,,BTCUSD_btceRUR,long,,20160416 20:15:40 EST,closed,20160416 20:15:40 EST,28037.0,,,2.0,2.0,,BTCUSD_btceRUR,,89.8,-2.0,USD,92579.2525,280.5945,1999963.8,92579.2525,100735.0,100735.0,0.0,-140.185
30.0,34.9685,20160416 21:45:42 EST,20160416 21:45:42 EST,20160416 21:45:42 EST,27924.4,,BTCUSD_btceRUR,short,,20160416 21:33:10 EST,closed,20160416 21:33:10 EST,28081.9,,,2.0,2.0,,BTCUSD_btceRUR,,315.0,2.0,USD,92614.221,280.0315,1999648.8,92614.221,101050.0,101050.0,0.0,-140.4095
31.0,71.078,20160417 00:03:40 EST,20160417 00:03:40 EST,20160417 00:03:40 EST,28100.0,,BTCUSD_btceRUR,long,,20160416 21:45:42 EST,closed,20160416 21:45:42 EST,27924.4,,,2.0,2.0,,BTCUSD_btceRUR,,351.2,-2.0,USD,92685.299,280.122,2000000.0,92685.299,101401.2,101401.2,0.0,-139.622
32.0,57.2435,20160417 00:17:31 EST,20160417 00:17:31 EST,20160417 00:17:31 EST,27931.3,,BTCUSD_btceRUR,short,,20160417 00:03:40 EST,closed,20160417 00:03:40 EST,28100.0,,,2.0,2.0,,BTCUSD_btceRUR,,337.4,2.0,USD,92742.5425,280.1565,1999662.6,92742.5425,101738.6,101738.6,0.0,-140.5
33.0,57.2435,20160417 00:41:13 EST,20160417 00:41:13 EST,20160417 00:41:13 EST,28100.0,,BTCUSD_btceRUR,long,,20160417 00:17:31 EST,closed,20160417 00:17:31 EST,27931.3,,,2.0,2.0,,BTCUSD_btceRUR,,337.4,-2.0,USD,92799.786,280.1565,2000000.0,92799.786,102076.0,102076.0,0.0,-139.6565
34.0,-86.515,20160417 00:54:51 EST,20160417 00:54:51 EST,20160417 00:54:51 EST,28003.0,,BTCUSD_btceRUR,short,,20160417 00:41:13 EST,closed,20160417 00:41:13 EST,28100.0,,,2.0,2.0,,BTCUSD_btceRUR,,194.0,2.0,USD,92713.271,280.515,1999806.0,92713.271,102270.0,102270.0,0.0,-140.5
35.0,93.035,20160417 01:08:03 EST,20160417 01:08:03 EST,20160417 01:08:03 EST,28190.0,,BTCUSD_btceRUR,long,,20160417 00:54:51 EST,closed,20160417 00:54:51 EST,28003.0,,,2.0,2.0,,BTCUSD_btceRUR,,374.0,-2.0,USD,92806.306,280.965,2000180.0,92806.306,102644.0,102644.0,0.0,-140.015
36.0,95.04,20160417 01:20:57 EST,20160417 01:20:57 EST,20160417 01:20:57 EST,28002.0,,BTCUSD_btceRUR,short,,20160417 01:08:03 EST,closed,20160417 01:08:03 EST,28190.0,,,2.0,2.0,,BTCUSD_btceRUR,,376.0,2.0,USD,92901.346,280.96,1999804.0,92901.346,103020.0,103020.0,0.0,-140.95
37.0,-577.674,20160417 02:09:00 EST,20160417 02:09:00 EST,20160417 02:09:00 EST,27852.8,,BTCUSD_btceRUR,long,,20160417 01:20:57 EST,closed,20160417 01:20:57 EST,28002.0,,,2.0,2.0,,BTCUSD_btceRUR,,-298.4,-2.0,USD,92323.672,279.274,1999505.6,92323.672,102721.6,102721.6,0.0,-140.01
38.0,-278.528,20160417 02:22:52 EST,20160417 02:22:52 EST,20160417 02:22:52 EST,27852.8,,BTCUSD_btceRUR,short,,20160417 02:09:00 EST,closed,20160417 02:09:00 EST,27852.8,,,2.0,2.0,,BTCUSD_btceRUR,,0.0,2.0,USD,92045.144,278.528,1999505.6,92045.144,102721.6,102721.6,0.0,-139.264
39.0,280.471,20160417 02:49:07 EST,20160417 02:49:07 EST,20160417 02:49:07 EST,28133.0,,BTCUSD_btceRUR,long,,20160417 02:22:52 EST,closed,20160417 02:22:52 EST,27852.8,,,2.0,2.0,,BTCUSD_btceRUR,,560.4,-2.0,USD,92325.615,279.929,2000066.0,92325.615,103282.0,103282.0,0.0,-139.264
40.0,-140.665,,,,0.0,,BTCUSD_btceRUR,short,,20160417 02:49:07 EST,open,20160417 02:49:07 EST,28133.0,,,0.0,2.0,,BTCUSD_btceRUR,,0.0,-2.0,USD,92184.95,140.665,1943800.0,92044.285,103282.0,103282.0,,
