trade_id,PL,closeVWAP_timestamp,closedWhen,closedWhenUnixTimeStamp,closing_price_VWAP,expir,instrument,long_or_short,markToMarket_time,openVWAP_timestamp,open_or_closed,openedWhen,opening_price_VWAP,ptValue,putcall,quant_closed,quant_opened,strike,symbol,symbol_description,PurePL,qty,currency,balance,commission,margin_available,mark_to_mkt,pure_mark_to_mkt,purebalance,pure_unr_pnl,unr_pnl
2.0,-11.392,20160410 17:36:37 EST,20160410 17:36:37 EST,20160410 17:36:37 EST,123.266,,EURJPY,long,,20160410 17:15:46 EST,closed,20160410 17:15:46 EST,123.308,,,2.0,2.0,,EURJPY,,-7.392,-2.0,JPY,99960.608,4.0,1728947.5031,101486.88456,101546.88456,99992.608,235.312,233.312
10.0,-18.96,20160410 17:37:41 EST,20160410 17:37:41 EST,20160410 17:37:41 EST,113.36,,CHFJPY,long,,20160410 17:17:07 EST,closed,20160410 17:17:07 EST,113.445,,,2.0,2.0,,CHFJPY,,-14.96,-2.0,JPY,99941.648,4.0,1727204.0471,101547.12456,101611.12456,99977.648,164.56,162.56
12.0,-21.776,20160410 17:38:15 EST,20160410 17:38:15 EST,20160410 17:38:15 EST,152.53,,GBPJPY,long,,20160410 17:17:27 EST,closed,20160410 17:17:27 EST,152.631,,,2.0,2.0,,GBPJPY,,-17.776,-2.0,JPY,99919.872,4.0,1734097.9671,101409.89256,101477.89256,99959.872,297.44,295.44
14.0,-13.152,20160410 17:38:47 EST,20160410 17:38:47 EST,20160410 17:38:47 EST,81.532,,AUDJPY,long,,20160410 17:17:54 EST,closed,20160410 17:17:54 EST,81.584,,,2.0,2.0,,AUDJPY,,-9.152,-2.0,JPY,99906.72,4.0,1721602.3191,101446.37256,101518.37256,99950.72,268.576,266.576
7.0,-2.95364,20160410 17:42:21 EST,20160410 17:42:21 EST,20160410 17:42:21 EST,1.29902,,USDCAD,long,,20160410 17:16:36 EST,closed,20160410 17:16:36 EST,1.29895,,,2.0,2.0,,USDCAD,,1.04636,-2.0,CAD,99903.76636,4.0,1726670.43806,101587.35508,101663.35508,99951.76636,135.72784,133.72784
9.0,-41.488,20160410 18:54:33 EST,20160410 18:54:33 EST,20160410 18:54:33 EST,83.381,,CADJPY,short,,20160410 17:16:55 EST,closed,20160410 17:16:55 EST,83.168,,,2.0,2.0,,CADJPY,,-37.488,2.0,JPY,99862.27836,4.0,1721927.7431,101604.68292,101684.68292,99914.27836,76.912,74.912
3.0,8.6,20160410 19:08:53 EST,20160410 19:08:53 EST,20160410 19:08:53 EST,1.41281,,GBPUSD,long,,20160410 17:15:54 EST,closed,20160410 17:15:54 EST,1.41218,,,2.0,2.0,,GBPUSD,,12.6,-2.0,USD,99870.87836,4.0,1735508.8871,101668.77092,101752.77092,99926.87836,-18.0,-20.0
6.0,-35.6,20160410 19:09:28 EST,20160410 19:09:28 EST,20160410 19:09:28 EST,0.75638,,AUDUSD,short,,20160410 17:16:27 EST,closed,20160410 17:16:27 EST,0.7548,,,2.0,2.0,,AUDUSD,,-31.6,2.0,USD,99835.27836,4.0,1722380.2871,101498.17092,101586.17092,99895.27836,106.0,104.0
11.0,7.5661,20160410 19:10:35 EST,20160410 19:10:35 EST,20160410 19:10:35 EST,0.80744,,EURGBP,short,,20160410 17:17:18 EST,closed,20160410 17:17:18 EST,0.80785,,,2.0,2.0,,EURGBP,,11.5661,2.0,GBP,99842.84446,4.0,1730030.5695,101585.17902,101677.17902,99906.84446,-5.642,-7.642
13.0,-27.48304,20160410 19:10:39 EST,20160410 19:10:39 EST,20160410 19:10:39 EST,1.08761,,EURCHF,short,,20160410 17:17:40 EST,closed,20160410 17:17:40 EST,1.08645,,,2.0,2.0,,EURCHF,,-23.48304,2.0,CHF,99815.36142,4.0,1729270.26394,101495.07916,101591.07916,99883.36142,67.41252,65.41252
8.0,-42.192,20160410 19:35:50 EST,20160410 19:35:50 EST,20160410 19:35:50 EST,73.783,,NZDJPY,short,,20160410 17:16:46 EST,closed,20160410 17:16:46 EST,73.566,,,2.0,2.0,,NZDJPY,,-38.192,2.0,JPY,99773.16942,4.0,1720238.4951,101327.10804,101427.10804,99845.16942,166.672,164.672
21.0,-6.288,20160410 19:35:52 EST,20160410 19:35:52 EST,20160410 19:35:52 EST,83.368,,CADJPY,long,,20160410 18:54:33 EST,closed,20160410 18:54:33 EST,83.381,,,2.0,2.0,,CADJPY,,-2.288,-2.0,JPY,99766.88142,4.0,1721925.4551,101411.10804,101515.10804,99842.88142,37.488,35.488
17.0,-35.856,20160410 19:35:54 EST,20160410 19:35:54 EST,20160410 19:35:54 EST,113.541,,CHFJPY,short,,20160410 17:37:41 EST,closed,20160410 17:37:41 EST,113.36,,,2.0,2.0,,CHFJPY,,-31.856,2.0,JPY,99731.02542,4.0,1727235.9031,101234.98004,101342.98004,99811.02542,181.984,179.984
1.0,0.399999999998,20160410 19:39:31 EST,20160410 19:39:31 EST,20160410 19:39:31 EST,1.14076,,EURUSD,short,,20160410 17:15:36 EST,closed,20160410 17:15:36 EST,1.14098,,,2.0,2.0,,EURUSD,,4.4,2.0,USD,99731.42542,4.0,1730067.8871,101405.44404,101517.44404,99815.42542,-22.4,-24.4
25.0,-9.061,20160410 19:41:49 EST,20160410 19:41:49 EST,20160410 19:41:49 EST,1.08736,,EURCHF,long,,20160410 19:10:39 EST,closed,20160410 19:10:39 EST,1.08761,,,2.0,2.0,,EURCHF,,-5.061,-2.0,CHF,99722.36442,4.0,1729265.20294,101336.89016,101452.89016,99810.36442,40.89288,38.89288
15.0,-21.2,20160410 19:42:21 EST,20160410 19:42:21 EST,20160410 19:42:21 EST,0.6817,,NZDUSD,short,,20160410 17:18:09 EST,closed,20160410 17:18:09 EST,0.68084,,,2.0,2.0,,NZDUSD,,-17.2,2.0,USD,99701.16442,4.0,1720886.6871,101353.08064,101473.08064,99793.16442,11.6,9.6
16.0,-39.024,20160410 20:06:05 EST,20160410 20:06:05 EST,20160410 20:06:05 EST,123.465,,EURJPY,short,,20160410 17:36:37 EST,closed,20160410 17:36:37 EST,123.266,,,2.0,2.0,,EURJPY,,-35.024,2.0,JPY,99662.14042,4.0,1728982.5271,101063.29664,101187.29664,99758.14042,243.76,241.76
5.0,-40.96,20160410 20:06:42 EST,20160410 20:06:42 EST,20160410 20:06:42 EST,108.239,,USDJPY,short,,20160410 17:16:15 EST,closed,20160410 17:16:15 EST,108.029,,,2.0,2.0,,USDJPY,,-36.96,2.0,JPY,99621.18042,4.0,1726302.7511,100996.46464,101124.46464,99721.18042,233.552,231.552
27.0,-6.288,20160410 20:07:15 EST,20160410 20:07:15 EST,20160410 20:07:15 EST,83.381,,CADJPY,short,,20160410 19:35:52 EST,closed,20160410 19:35:52 EST,83.368,,,2.0,2.0,,CADJPY,,-2.288,2.0,JPY,99614.89242,4.0,1721927.7431,101144.35264,101276.35264,99718.89242,41.712,39.712
18.0,-74.576,20160410 20:07:48 EST,20160410 20:07:48 EST,20160410 20:07:48 EST,152.931,,GBPJPY,short,,20160410 17:38:15 EST,closed,20160410 17:38:15 EST,152.53,,,2.0,2.0,,GBPJPY,,-70.576,2.0,JPY,99540.31642,4.0,1734168.5431,100789.05664,100925.05664,99648.31642,318.208,316.208
22.0,-7.8,20160410 20:11:34 EST,20160410 20:11:34 EST,20160410 20:11:34 EST,1.413,,GBPUSD,short,,20160410 19:08:53 EST,closed,20160410 19:08:53 EST,1.41281,,,2.0,2.0,,GBPUSD,,-3.8,2.0,USD,99532.51642,4.0,1735512.6871,101054.89664,101194.89664,99644.51642,-29.0,-31.0
30.0,-9.061,20160410 20:13:07 EST,20160410 20:13:07 EST,20160410 20:13:07 EST,1.08761,,EURCHF,short,,20160410 19:41:49 EST,closed,20160410 19:41:49 EST,1.08736,,,2.0,2.0,,EURCHF,,-5.061,2.0,CHF,99523.45542,4.0,1729270.26394,100962.44516,101106.44516,99639.45542,48.99048,46.99048
28.0,-6.464,20160410 20:33:09 EST,20160410 20:33:09 EST,20160410 20:33:09 EST,113.527,,CHFJPY,long,,20160410 19:35:54 EST,closed,20160410 19:35:54 EST,113.541,,,2.0,2.0,,CHFJPY,,-2.464,-2.0,JPY,99516.99142,4.0,1727233.4391,100849.21004,100997.21004,99636.99142,147.664,145.664
38.0,-2.0,,,,0.0,,CHFJPY,short,,20160410 20:33:09 EST,open,20160410 20:33:09 EST,113.527,,,0.0,2.0,,CHFJPY,,0.0,-2.0,JPY,99514.99142,2.0,1707252.6871,100997.80204,101149.80204,99636.99142,,
23.0,-5.2,20160410 20:37:51 EST,20160410 20:37:51 EST,20160410 20:37:51 EST,0.75632,,AUDUSD,long,,20160410 19:09:28 EST,closed,20160410 19:09:28 EST,0.75638,,,2.0,2.0,,AUDUSD,,-1.2,-2.0,USD,99511.79142,4.0,1722379.0871,100922.80204,101074.80204,99635.79142,73.8,71.8
37.0,-9.061,20160410 20:44:06 EST,20160410 20:44:06 EST,20160410 20:44:06 EST,1.08736,,EURCHF,long,,20160410 20:13:07 EST,closed,20160410 20:13:07 EST,1.08761,,,2.0,2.0,,EURCHF,,-5.061,-2.0,CHF,99502.73042,4.0,1729265.20294,100948.44816,101104.44816,99630.73042,40.89288,38.89288
26.0,-5.584,20160410 21:04:22 EST,20160410 21:04:22 EST,20160410 21:04:22 EST,73.774,,NZDJPY,long,,20160410 19:35:50 EST,closed,20160410 19:35:50 EST,73.783,,,2.0,2.0,,NZDJPY,,-1.584,-2.0,JPY,99497.14642,4.0,1720236.9111,100864.07864,101024.07864,99629.14642,127.776,125.776
41.0,-2.0,,,,0.0,,NZDJPY,short,,20160410 21:04:22 EST,open,20160410 21:04:22 EST,73.774,,,0.0,2.0,,NZDJPY,,0.0,-2.0,JPY,99495.14642,2.0,1707252.6871,100990.14264,101154.14264,99629.14642,,
34.0,-6.288,20160410 21:04:39 EST,20160410 21:04:39 EST,20160410 21:04:39 EST,83.368,,CADJPY,long,,20160410 20:07:15 EST,closed,20160410 20:07:15 EST,83.381,,,2.0,2.0,,CADJPY,,-2.288,-2.0,JPY,99490.85842,4.0,1721925.4551,100950.36664,101114.36664,99626.85842,37.488,35.488
35.0,-6.64,20160410 21:04:53 EST,20160410 21:04:53 EST,20160410 21:04:53 EST,152.916,,GBPJPY,long,,20160410 20:07:48 EST,closed,20160410 20:07:48 EST,152.931,,,2.0,2.0,,GBPJPY,,-2.64,-2.0,JPY,99484.21842,4.0,1734165.9031,100740.79864,100908.79864,99624.21842,244.64,242.64
43.0,-2.0,,,,0.0,,GBPJPY,short,,20160410 21:04:53 EST,open,20160410 21:04:53 EST,152.916,,,0.0,2.0,,GBPJPY,,0.0,-2.0,JPY,99482.21842,2.0,1707252.6871,100987.07064,101159.07064,99624.21842,,
19.0,-64.016,20160410 21:05:32 EST,20160410 21:05:32 EST,20160410 21:05:32 EST,81.873,,AUDJPY,short,,20160410 17:38:47 EST,closed,20160410 17:38:47 EST,81.532,,,2.0,2.0,,AUDJPY,,-60.016,2.0,JPY,99420.20242,4.0,1721662.3351,100647.39064,100819.39064,99564.20242,279.664,277.664
29.0,-5.0,20160410 21:07:59 EST,20160410 21:07:59 EST,20160410 21:07:59 EST,1.14071,,EURUSD,long,,20160410 19:39:31 EST,closed,20160410 19:39:31 EST,1.14076,,,2.0,2.0,,EURUSD,,-1.0,-2.0,USD,99415.20242,4.0,1730066.8871,100878.70264,101054.70264,99563.20242,-18.6,-20.6
32.0,-5.232,20160410 21:08:33 EST,20160410 21:08:33 EST,20160410 21:08:33 EST,123.458,,EURJPY,long,,20160410 20:06:05 EST,closed,20160410 20:06:05 EST,123.465,,,2.0,2.0,,EURJPY,,-1.232,-2.0,JPY,99409.97042,4.0,1728981.2951,100648.79064,100828.79064,99561.97042,207.68,205.68
46.0,-2.0,,,,0.0,,EURJPY,short,,20160410 21:08:33 EST,open,20160410 21:08:33 EST,123.458,,,0.0,2.0,,EURJPY,,0.0,-2.0,JPY,99407.97042,2.0,1707252.6871,100854.75864,101038.75864,99561.97042,,
36.0,-7.8,20160410 21:08:35 EST,20160410 21:08:35 EST,20160410 21:08:35 EST,1.41281,,GBPUSD,long,,20160410 20:11:34 EST,closed,20160410 20:11:34 EST,1.413,,,2.0,2.0,,GBPUSD,,-3.8,-2.0,USD,99402.17042,4.0,1735508.8871,100885.35864,101069.35864,99558.17042,-34.4,-36.4
47.0,-2.0,,,,0.0,,GBPUSD,short,,20160410 21:08:35 EST,open,20160410 21:08:35 EST,1.41281,,,0.0,2.0,,GBPUSD,,0.0,-2.0,USD,99400.17042,2.0,1707252.6871,100852.35864,101040.35864,99558.17042,,
33.0,-4.88,20160410 21:09:08 EST,20160410 21:09:08 EST,20160410 21:09:08 EST,108.234,,USDJPY,long,,20160410 20:06:42 EST,closed,20160410 20:06:42 EST,108.239,,,2.0,2.0,,USDJPY,,-0.879999999999,-2.0,JPY,99397.29042,4.0,1726301.8711,100655.59064,100843.59064,99557.29042,195.888,193.888
48.0,-2.0,,,,0.0,,USDJPY,short,,20160410 21:09:08 EST,open,20160410 21:09:08 EST,108.234,,,0.0,2.0,,USDJPY,,0.0,-2.0,JPY,99395.29042,2.0,1707252.6871,100849.06264,101041.06264,99557.29042,,
39.0,-5.2,20160410 21:09:22 EST,20160410 21:09:22 EST,20160410 21:09:22 EST,0.75638,,AUDUSD,short,,20160410 20:37:51 EST,closed,20160410 20:37:51 EST,0.75632,,,2.0,2.0,,AUDUSD,,-1.2,2.0,USD,99392.09042,4.0,1722380.2871,100772.26264,100964.26264,99556.09042,75.6,73.6
40.0,-9.061,20160410 21:10:31 EST,20160410 21:10:31 EST,20160410 21:10:31 EST,1.08761,,EURCHF,short,,20160410 20:44:06 EST,closed,20160410 20:44:06 EST,1.08736,,,2.0,2.0,,EURCHF,,-5.061,2.0,CHF,99383.02942,4.0,1729270.26394,100788.01116,100984.01116,99551.02942,48.99048,46.99048
44.0,-6.464,20160410 21:36:50 EST,20160410 21:36:50 EST,20160410 21:36:50 EST,81.859,,AUDJPY,long,,20160410 21:05:32 EST,closed,20160410 21:05:32 EST,81.873,,,2.0,2.0,,AUDJPY,,-2.464,-2.0,JPY,99376.56542,4.0,1721659.8711,100604.72804,100804.72804,99548.56542,217.712,215.712
45.0,-5.0,20160410 21:39:05 EST,20160410 21:39:05 EST,20160410 21:39:05 EST,1.14076,,EURUSD,short,,20160410 21:07:59 EST,closed,20160410 21:07:59 EST,1.14071,,,2.0,2.0,,EURUSD,,-0.999999999998,2.0,USD,99371.56542,4.0,1730067.8871,100838.84004,101042.84004,99547.56542,-17.0,-19.0
52.0,-2.0,,,,0.0,,EURUSD,long,,20160410 21:39:05 EST,open,20160410 21:39:05 EST,1.14076,,,0.0,2.0,,EURUSD,,0.0,2.0,USD,99369.56542,2.0,1707252.6871,100816.24004,101024.24004,99547.56542,,
4.0,-22.2196,20160410 21:39:18 EST,20160410 21:39:18 EST,20160410 21:39:18 EST,0.9534,,USDCHF,short,,20160410 17:16:03 EST,closed,20160410 17:16:03 EST,0.9525,,,2.0,2.0,,USDCHF,,-18.2196,2.0,CHF,99349.34582,4.0,1726553.3167,100726.15424,100934.15424,99529.34582,71.8662,69.8662
49.0,-5.2,20160410 21:40:24 EST,20160410 21:40:24 EST,20160410 21:40:24 EST,0.75632,,AUDUSD,long,,20160410 21:09:22 EST,closed,20160410 21:09:22 EST,0.75638,,,2.0,2.0,,AUDUSD,,-1.2,-2.0,USD,99344.14582,4.0,1722379.0871,100698.97888,100910.97888,99528.14582,73.8,71.8
20.0,7.06152,20160410 21:40:25 EST,20160410 21:40:25 EST,20160410 21:40:25 EST,1.29828,,USDCAD,short,,20160410 17:42:21 EST,closed,20160410 17:42:21 EST,1.29902,,,2.0,2.0,,USDCAD,,11.06152,2.0,CAD,99351.20734,4.0,1726659.37654,100645.91256,100861.91256,99539.20734,135.72784,133.72784
55.0,-2.0,,,,0.0,,USDCAD,long,,20160410 21:40:25 EST,open,20160410 21:40:25 EST,1.29828,,,0.0,2.0,,USDCAD,,0.0,2.0,CAD,99349.20734,2.0,1707252.6871,100787.65556,101007.65556,99539.20734,,
24.0,-7.6673,20160410 21:40:59 EST,20160410 21:40:59 EST,20160410 21:40:59 EST,0.80731,,EURGBP,long,,20160410 19:10:35 EST,closed,20160410 19:10:35 EST,0.80744,,,2.0,2.0,,EURGBP,,-3.6673,-2.0,GBP,99343.54004,4.0,1730026.9022,100779.19256,100999.19256,99535.54004,4.7957,2.7957
31.0,-6.0,20160410 21:42:06 EST,20160410 21:42:06 EST,20160410 21:42:06 EST,0.6816,,NZDUSD,long,,20160410 19:42:21 EST,closed,20160410 19:42:21 EST,0.6817,,,2.0,2.0,,NZDUSD,,-2.0,-2.0,USD,99337.54004,4.0,1720884.6871,100789.78396,101013.78396,99533.54004,-7.0,-9.0
57.0,-6.0,20160410 22:07:46 EST,20160410 22:07:46 EST,20160410 22:07:46 EST,0.6817,,NZDUSD,short,,20160410 21:42:06 EST,closed,20160410 21:42:06 EST,0.6816,,,2.0,2.0,,NZDUSD,,-2.0,2.0,USD,99331.54004,4.0,1720886.6871,100783.78396,101011.78396,99531.54004,-3.6,-5.6
53.0,-6.63172,20160410 22:10:23 EST,20160410 22:10:23 EST,20160410 22:10:23 EST,0.95327,,USDCHF,long,,20160410 21:39:18 EST,closed,20160410 21:39:18 EST,0.9534,,,2.0,2.0,,USDCHF,,-2.63172,-2.0,CHF,99324.90832,4.0,1726550.68498,100718.3276,100950.3276,99528.90832,51.82464,49.82464
59.0,-2.0,,,,0.0,,USDCHF,short,,20160410 22:10:23 EST,open,20160410 22:10:23 EST,0.95327,,,0.0,2.0,,USDCHF,,0.0,-2.0,CHF,99322.90832,2.0,1707252.6871,100770.60592,101006.60592,99528.90832,,
56.0,-7.6673,20160410 22:12:07 EST,20160410 22:12:07 EST,20160410 22:12:07 EST,0.80744,,EURGBP,short,,20160410 21:40:59 EST,closed,20160410 21:40:59 EST,0.80731,,,2.0,2.0,,EURGBP,,-3.6673,2.0,GBP,99317.24102,4.0,1730030.5695,100757.34722,100993.34722,99525.24102,9.5914,7.5914
60.0,-2.0,,,,0.0,,EURGBP,long,,20160410 22:12:07 EST,open,20160410 22:12:07 EST,0.80744,,,0.0,2.0,,EURGBP,,0.0,2.0,GBP,99315.24102,2.0,1707252.6871,100758.14292,100998.14292,99525.24102,,
50.0,-9.061,20160410 22:12:40 EST,20160410 22:12:40 EST,20160410 22:12:40 EST,1.08736,,EURCHF,long,,20160410 21:10:31 EST,closed,20160410 21:10:31 EST,1.08761,,,2.0,2.0,,EURCHF,,-5.061,-2.0,CHF,99308.18002,4.0,1729265.20294,100712.18904,100952.18904,99520.18002,40.89288,38.89288
61.0,-2.0,,,,0.0,,EURCHF,short,,20160410 22:12:40 EST,open,20160410 22:12:40 EST,1.08736,,,0.0,2.0,,EURCHF,,0.0,-2.0,CHF,99306.18002,2.0,1707252.6871,100757.17952,101001.17952,99520.18002,,
51.0,-6.464,20160410 22:13:12 EST,20160410 22:13:12 EST,20160410 22:13:12 EST,81.873,,AUDJPY,short,,20160410 21:36:50 EST,closed,20160410 21:36:50 EST,81.859,,,2.0,2.0,,AUDJPY,,-2.464,2.0,JPY,99301.71602,4.0,1721662.3351,100532.60352,100776.60352,99517.71602,222.112,220.112
42.0,-6.288,20160410 22:32:44 EST,20160410 22:32:44 EST,20160410 22:32:44 EST,83.381,,CADJPY,short,,20160410 21:04:39 EST,closed,20160410 21:04:39 EST,83.368,,,2.0,2.0,,CADJPY,,-2.288,2.0,JPY,99295.42802,4.0,1721927.7431,100702.31552,100950.31552,99515.42802,41.712,39.712
54.0,-5.2,20160410 22:37:33 EST,20160410 22:37:33 EST,20160410 22:37:33 EST,0.75638,,AUDUSD,short,,20160410 21:40:24 EST,closed,20160410 21:40:24 EST,0.75632,,,2.0,2.0,,AUDUSD,,-1.2,2.0,USD,99290.22802,4.0,1722380.2871,100659.00352,100911.00352,99514.22802,75.6,73.6
64.0,-2.0,,,,0.0,,AUDUSD,long,,20160410 22:37:33 EST,open,20160410 22:37:33 EST,0.75638,,,0.0,2.0,,AUDUSD,,0.0,2.0,USD,99288.22802,2.0,1707252.6871,100728.80352,100984.80352,99514.22802,,
58.0,-6.0,20160410 22:39:08 EST,20160410 22:39:08 EST,20160410 22:39:08 EST,0.6816,,NZDUSD,long,,20160410 22:07:46 EST,closed,20160410 22:07:46 EST,0.6817,,,2.0,2.0,,NZDUSD,,-2.0,-2.0,USD,99284.22802,4.0,1720884.6871,100733.80352,100989.80352,99512.22802,-7.0,-9.0
65.0,-2.0,,,,0.0,,NZDUSD,short,,20160410 22:39:08 EST,open,20160410 22:39:08 EST,0.6816,,,0.0,2.0,,NZDUSD,,0.0,-2.0,USD,99282.22802,2.0,1707252.6871,100726.20352,100986.20352,99512.22802,,
63.0,-6.288,20160410 23:03:51 EST,20160410 23:03:51 EST,20160410 23:03:51 EST,83.368,,CADJPY,long,,20160410 22:32:44 EST,closed,20160410 22:32:44 EST,83.381,,,2.0,2.0,,CADJPY,,-2.288,-2.0,JPY,99277.94002,4.0,1721925.4551,100686.42752,100946.42752,99509.94002,37.488,35.488
66.0,-2.0,,,,0.0,,CADJPY,short,,20160410 23:03:51 EST,open,20160410 23:03:51 EST,83.368,,,0.0,2.0,,CADJPY,,0.0,-2.0,JPY,99275.94002,2.0,1707252.6871,100724.13952,100988.13952,99509.94002,,
62.0,-6.464,20160410 23:10:09 EST,20160410 23:10:09 EST,20160410 23:10:09 EST,81.859,,AUDJPY,long,,20160410 22:13:12 EST,closed,20160410 22:13:12 EST,81.873,,,2.0,2.0,,AUDJPY,,-2.464,-2.0,JPY,99271.47602,4.0,1721659.8711,100503.96352,100767.96352,99507.47602,217.712,215.712
67.0,-2.0,,,,0.0,,AUDJPY,short,,20160410 23:10:09 EST,open,20160410 23:10:09 EST,81.859,,,0.0,2.0,,AUDJPY,,0.0,-2.0,JPY,99269.47602,2.0,1707252.6871,100722.07552,100990.07552,99507.47602,,
