trade_id,PL,closeVWAP_timestamp,closedWhen,closedWhenUnixTimeStamp,closing_price_VWAP,expir,instrument,long_or_short,markToMarket_time,openVWAP_timestamp,open_or_closed,openedWhen,opening_price_VWAP,ptValue,putcall,quant_closed,quant_opened,strike,symbol,symbol_description,PurePL,qty,currency,balance,commission,margin_available,mark_to_mkt,pure_mark_to_mkt,pure_unr_pnl,purebalance,unr_pnl
1.0,1570.3721,20160511 09:19:18 EST,20160511 09:19:18 EST,20160511 09:19:18 EST,8648.95,,#Spain35,short,,20160511 05:36:59 EST,closed,20160511 05:36:59 EST,8665.0,,,2.0,2.0,,#Spain35,,1605.0,2.0,USD,101587.7021,34.6279,2864895.0,101587.7021,101605.0,,101605.0,
2.0,70.4020999999,20160511 14:20:54 EST,20160511 14:20:54 EST,20160511 14:20:54 EST,8650.0,,#Spain35,long,,20160511 09:19:18 EST,closed,20160511 09:19:18 EST,8648.95,,,2.0,2.0,,#Spain35,,105.0,-2.0,USD,101675.4021,34.5979,3729895.0,101675.4021,101710.0,,101710.0,
3.0,-1034.62,20160511 18:22:51 EST,20160511 18:22:51 EST,20160511 18:22:51 EST,8660.0,,#Spain35,short,,20160511 14:20:54 EST,closed,20160511 14:20:54 EST,8650.0,,,2.0,2.0,,#Spain35,,-1000.0,2.0,USD,100658.0821,34.62,4595895.0,100658.0821,100710.0,,100710.0,
4.0,-600.65532,20160513 07:23:59 EST,20160513 07:23:59 EST,20160513 07:23:59 EST,8666.66,,#Spain35,short,,20160512 12:28:32 EST,closed,20160512 12:28:32 EST,8661.0,,,2.0,2.0,,#Spain35,,-566.0,2.0,USD,100074.74878,34.65532,5462561.0,100074.74878,100144.0,,100144.0,
5.0,-2265.62202,20160513 08:10:04 EST,20160513 08:10:04 EST,20160513 08:10:04 EST,8644.35,,#Spain35,long,,20160513 07:23:59 EST,closed,20160513 07:23:59 EST,8666.66,,,2.0,2.0,,#Spain35,,-2231.0,-2.0,USD,97826.46008,34.62202,6326996.0,97826.46008,97913.0,,97913.0,
6.0,-8699.7507,20160513 10:23:07 EST,20160513 10:23:07 EST,20160513 10:23:07 EST,8731.0,,#Spain35,short,,20160513 08:10:04 EST,closed,20160513 08:10:04 EST,8644.35,,,2.0,2.0,,#Spain35,,-8665.0,2.0,USD,89143.99808,34.7507,7200096.0,89143.99808,89248.0,,89248.0,
7.0,-7234.78,20160513 13:27:32 EST,20160513 13:27:32 EST,20160513 13:27:32 EST,8659.0,,#Spain35,long,,20160513 10:23:07 EST,closed,20160513 10:23:07 EST,8731.0,,,2.0,2.0,,#Spain35,,-7200.0,-2.0,USD,81926.68008,34.78,8065996.0,81926.68008,82048.0,,82048.0,
8.0,965.384,20160513 14:14:47 EST,20160513 14:14:47 EST,20160513 14:14:47 EST,8649.0,,#Spain35,short,,20160513 13:27:32 EST,closed,20160513 13:27:32 EST,8659.0,,,2.0,2.0,,#Spain35,,1000.0,2.0,USD,82909.38208,34.616,8930896.0,82909.38208,83048.0,,83048.0,
9.0,-1034.576,20160513 15:09:01 EST,20160513 15:09:01 EST,20160513 15:09:01 EST,8639.0,,#Spain35,long,,20160513 14:14:47 EST,closed,20160513 14:14:47 EST,8649.0,,,2.0,2.0,,#Spain35,,-1000.0,-2.0,USD,81892.10408,34.576,9794796.0,81892.10408,82048.0,,82048.0,
10.0,-1034.576,20160513 16:41:41 EST,20160513 16:41:41 EST,20160513 16:41:41 EST,8649.0,,#Spain35,short,,20160513 15:09:01 EST,closed,20160513 15:09:01 EST,8639.0,,,2.0,2.0,,#Spain35,,-1000.0,2.0,USD,80874.80608,34.576,10659696.0,80874.80608,81048.0,,81048.0,
11.0,-1034.576,20160513 17:19:21 EST,20160513 17:19:21 EST,20160513 17:19:21 EST,8639.0,,#Spain35,long,,20160513 16:41:41 EST,closed,20160513 16:41:41 EST,8649.0,,,2.0,2.0,,#Spain35,,-1000.0,-2.0,USD,79857.52808,34.576,11523596.0,79857.52808,80048.0,,80048.0,
12.0,-1129.5779,20160516 08:27:44 EST,20160516 08:27:44 EST,20160516 08:27:44 EST,8649.95,,#Spain35,short,,20160513 17:19:21 EST,closed,20160513 17:19:21 EST,8639.0,,,2.0,2.0,,#Spain35,,-1095.0,2.0,USD,78745.22818,34.5779,12388591.0,78745.22818,78953.0,,78953.0,
13.0,-424.592,20160516 09:47:31 EST,20160516 09:47:31 EST,20160516 09:47:31 EST,8646.05,,#Spain35,long,,20160516 08:27:44 EST,closed,20160516 08:27:44 EST,8649.95,,,2.0,2.0,,#Spain35,,-390.0,-2.0,USD,78337.93608,34.592,13253196.0,78337.93608,78563.0,,78563.0,
14.0,670.4299,20160516 10:14:24 EST,20160516 10:14:24 EST,20160516 10:14:24 EST,8639.0,,#Spain35,short,,20160516 09:47:31 EST,closed,20160516 09:47:31 EST,8646.05,,,2.0,2.0,,#Spain35,,705.0,2.0,USD,79025.65808,34.5701,14117096.0,79025.65808,79268.0,,79268.0,
15.0,4265.358,20160516 14:10:52 EST,20160516 14:10:52 EST,20160516 14:10:52 EST,8682.0,,#Spain35,long,,20160516 10:14:24 EST,closed,20160516 10:14:24 EST,8639.0,,,2.0,2.0,,#Spain35,,4300.0,-2.0,USD,83308.29408,34.642,14985296.0,83308.29408,83568.0,,83568.0,
16.0,-1034.748,20160516 15:06:34 EST,20160516 15:06:34 EST,20160516 15:06:34 EST,8692.0,,#Spain35,short,,20160516 14:10:52 EST,closed,20160516 14:10:52 EST,8682.0,,,2.0,2.0,,#Spain35,,-1000.0,2.0,USD,82290.91008,34.748,15854496.0,82290.91008,82568.0,,82568.0,
17.0,-2733.71402,20160517 21:51:45 EST,20160517 21:51:45 EST,20160517 21:51:45 EST,8665.01,,#Spain35,long,,20160516 15:06:34 EST,closed,20160516 15:06:34 EST,8692.0,,,2.0,2.0,,#Spain35,,-2699.0,-2.0,USD,79574.58006,34.71402,16720997.0,79574.58006,79869.0,,79869.0,
18.0,-3728.73392,20160518 07:56:04 EST,20160518 07:56:04 EST,20160518 07:56:04 EST,8701.95,,#Spain35,short,,20160517 21:51:45 EST,closed,20160517 21:51:45 EST,8665.01,,,2.0,2.0,,#Spain35,,-3694.0,2.0,USD,75863.17616,34.73392,17591192.0,75863.17616,76175.0,,76175.0,
19.0,1475.162,20160519 06:05:34 EST,20160519 06:05:34 EST,20160519 06:05:34 EST,8717.05,,#Spain35,long,,20160518 07:56:04 EST,closed,20160518 07:56:04 EST,8701.95,,,2.0,2.0,,#Spain35,,1510.0,-2.0,USD,77355.74206,34.838,18462897.0,77355.74206,77685.0,,77685.0,
20.0,3270.1979,20160519 17:01:54 EST,20160519 17:01:54 EST,20160519 17:01:54 EST,8684.0,,#Spain35,short,,20160519 06:05:34 EST,closed,20160519 06:05:34 EST,8717.05,,,2.0,2.0,,#Spain35,,3305.0,2.0,USD,80643.37406,34.8021,19331297.0,80643.37406,80990.0,,80990.0,
21.0,-1034.716,20160519 21:07:49 EST,20160519 21:07:49 EST,20160519 21:07:49 EST,8674.0,,#Spain35,long,,20160519 17:01:54 EST,closed,20160519 17:01:54 EST,8684.0,,,2.0,2.0,,#Spain35,,-1000.0,-2.0,USD,79626.02606,34.716,20198697.0,79626.02606,79990.0,,79990.0,
22.0,-11929.9339,20160520 04:33:50 EST,20160520 04:33:50 EST,20160520 04:33:50 EST,8792.95,,#Spain35,short,,20160519 21:07:49 EST,closed,20160519 21:07:49 EST,8674.0,,,2.0,2.0,,#Spain35,,-11895.0,2.0,USD,67713.44016,34.9339,21077992.0,67713.44016,68095.0,,68095.0,
23.0,-4930.0739,20160520 06:35:33 EST,20160520 06:35:33 EST,20160520 06:35:33 EST,8744.0,,#Spain35,long,,20160520 04:33:50 EST,closed,20160520 04:33:50 EST,8792.95,,,2.0,2.0,,#Spain35,,-4895.0,-2.0,USD,62800.95216,35.0739,21952392.0,62800.95216,63200.0,,63200.0,
24.0,-1335.002,20160520 06:47:01 EST,20160520 06:47:01 EST,20160520 06:47:01 EST,8757.0,,#Spain35,short,,20160520 06:35:33 EST,closed,20160520 06:35:33 EST,8744.0,,,2.0,2.0,,#Spain35,,-1300.0,2.0,USD,61483.43816,35.002,22828092.0,61483.43816,61900.0,,61900.0,
25.0,364.964,20160520 13:06:58 EST,20160520 13:06:58 EST,20160520 13:06:58 EST,8761.0,,#Spain35,long,,20160520 06:47:01 EST,closed,20160520 06:47:01 EST,8757.0,,,2.0,2.0,,#Spain35,,400.0,-2.0,USD,61865.91616,35.036,23704192.0,61865.91616,62300.0,,62300.0,
26.0,464.966,20160520 13:36:59 EST,20160520 13:36:59 EST,20160520 13:36:59 EST,8756.0,,#Spain35,short,,20160520 13:06:58 EST,closed,20160520 13:06:58 EST,8761.0,,,2.0,2.0,,#Spain35,,500.0,2.0,USD,62348.40416,35.034,24579792.0,62348.40416,62800.0,,62800.0,
27.0,35469.2659,20160525 08:40:29 EST,20160525 08:40:29 EST,20160525 08:40:29 EST,9111.05,,#Spain35,long,,20160520 13:36:59 EST,closed,20160520 13:36:59 EST,8756.0,,,2.0,2.0,,#Spain35,,35505.0,-2.0,USD,97835.18206,35.7341,25490897.0,97835.18206,98305.0,,98305.0,
28.0,1468.5419,20160525 11:31:10 EST,20160525 11:31:10 EST,20160525 11:31:10 EST,9122.05,,#Spain35,long,,20160525 09:32:57 EST,closed,20160525 09:32:57 EST,9107.0,,,2.0,2.0,,#Spain35,,1505.0,-2.0,USD,99321.93796,36.4581,26403102.0,99321.93796,99810.0,,99810.0,
29.0,-1036.488,20160525 14:25:10 EST,20160525 14:25:10 EST,20160525 14:25:10 EST,9127.0,,#Spain35,short,,20160525 13:37:57 EST,closed,20160525 13:37:57 EST,9117.0,,,2.0,2.0,,#Spain35,,-1000.0,2.0,USD,98303.68396,36.488,27315802.0,98303.68396,98810.0,,98810.0,
30.0,768.7079,20160526 13:42:10 EST,20160526 13:42:10 EST,20160526 13:42:10 EST,9069.0,,#Spain35,short,,20160526 09:12:10 EST,closed,20160526 09:12:10 EST,9077.05,,,2.0,2.0,,#Spain35,,805.0,2.0,USD,99090.54596,36.2921,28222702.0,99090.54596,99615.0,,99615.0,
31.0,2363.676,20160527 17:48:51 EST,20160527 17:48:51 EST,20160527 17:48:51 EST,9093.0,,#Spain35,long,,20160526 13:42:10 EST,closed,20160526 13:42:10 EST,9069.0,,,2.0,2.0,,#Spain35,,2400.0,-2.0,USD,101472.35996,36.324,29132002.0,101472.35996,102015.0,,102015.0,
