trade_id,PL,closeVWAP_timestamp,closedWhen,closedWhenUnixTimeStamp,closing_price_VWAP,expir,instrument,long_or_short,markToMarket_time,openVWAP_timestamp,open_or_closed,openedWhen,opening_price_VWAP,ptValue,putcall,quant_closed,quant_opened,strike,symbol,symbol_description,PurePL,qty,currency,balance,commission,margin_available,mark_to_mkt,pure_mark_to_mkt,purebalance,pure_unr_pnl,unr_pnl
1.0,-0.799999999999,20160425 07:16:20 EST,20160425 07:16:20 EST,20160425 07:16:20 EST,0.77177,,AUDUSD,short,,20160425 07:05:15 EST,closed,20160425 07:05:15 EST,0.77193,,,2.0,2.0,,AUDUSD,,3.2,2.0,USD,99999.2,4.0,1999996.8,99999.2,100003.2,100003.2,0.0,-2.0
2.0,3.4,20160425 07:53:08 EST,20160425 07:53:08 EST,20160425 07:53:08 EST,0.77214,,AUDUSD,long,,20160425 07:16:20 EST,closed,20160425 07:16:20 EST,0.77177,,,2.0,2.0,,AUDUSD,,7.4,-2.0,USD,100002.6,4.0,2000004.2,100002.6,100010.6,100010.6,-0.799999999999,-2.8
3.0,5.8,20160425 09:23:08 EST,20160425 09:23:08 EST,20160425 09:23:08 EST,0.77095,,AUDUSD,short,,20160425 09:13:22 EST,closed,20160425 09:13:22 EST,0.77144,,,2.0,2.0,,AUDUSD,,9.8,2.0,USD,100008.4,4.0,1999994.4,100008.4,100020.4,100020.4,0.4,-1.6
4.0,-23.2,20160502 10:15:37 EST,20160502 10:15:37 EST,20160502 10:15:37 EST,0.76177,,AUDUSD,long,,20160502 10:00:47 EST,closed,20160502 10:00:47 EST,0.76273,,,2.0,2.0,,AUDUSD,,-19.2,-2.0,USD,99985.2,4.0,1999975.2,99985.2,100001.2,100001.2,-17.6,-19.6
5.0,-5.8,20160502 11:03:38 EST,20160502 11:03:38 EST,20160502 11:03:38 EST,0.76241,,AUDUSD,long,,20160502 10:58:16 EST,closed,20160502 10:58:16 EST,0.7625,,,2.0,2.0,,AUDUSD,,-1.8,-2.0,USD,99979.4,4.0,1999973.4,99979.4,99999.4,99999.4,4.0,2.0
6.0,-2.0,,,,0.0,,AUDUSD,short,,20160502 11:03:38 EST,open,20160502 11:03:38 EST,0.76241,,,0.0,2.0,,AUDUSD,,0.0,-2.0,USD,99977.4,2.0,1984725.2,99975.8,99999.8,99999.4,,
7.0,15.2,20160502 11:53:05 EST,20160502 11:53:05 EST,20160502 11:53:05 EST,0.76378,,AUDUSD,long,,20160502 11:21:10 EST,closed,20160502 11:21:10 EST,0.76282,,,2.0,2.0,,AUDUSD,,19.2,-2.0,USD,99992.6,4.0,1984744.4,99992.6,100018.6,100018.6,-0.799999999999,-2.8
8.0,-7.2,20160502 12:19:07 EST,20160502 12:19:07 EST,20160502 12:19:07 EST,0.76394,,AUDUSD,short,,20160502 11:53:05 EST,closed,20160502 11:53:05 EST,0.76378,,,2.0,2.0,,AUDUSD,,-3.2,2.0,USD,99985.4,4.0,1984747.6,99985.4,100015.4,100015.4,0.599999999999,-1.4
9.0,25.6,20160502 12:52:08 EST,20160502 12:52:08 EST,20160502 12:52:08 EST,0.76542,,AUDUSD,long,,20160502 12:19:07 EST,closed,20160502 12:19:07 EST,0.76394,,,2.0,2.0,,AUDUSD,,29.6,-2.0,USD,100011.0,4.0,1984777.2,100011.0,100045.0,100045.0,-0.199999999999,-2.2
10.0,-8.6,20160502 14:16:13 EST,20160502 14:16:13 EST,20160502 14:16:13 EST,0.76565,,AUDUSD,long,,20160502 13:59:25 EST,closed,20160502 13:59:25 EST,0.76588,,,2.0,2.0,,AUDUSD,,-4.6,-2.0,USD,100002.4,4.0,1984772.6,100002.4,100040.4,100040.4,-0.599999999999,-2.6
11.0,-2.2,20160502 14:57:06 EST,20160502 14:57:06 EST,20160502 14:57:06 EST,0.76579,,AUDUSD,long,,20160502 14:47:16 EST,closed,20160502 14:47:16 EST,0.7657,,,2.0,2.0,,AUDUSD,,1.8,-2.0,USD,100000.2,4.0,1984774.4,100000.2,100042.2,100042.2,-0.600000000002,-2.6
12.0,6.8,20160502 16:24:14 EST,20160502 16:24:14 EST,20160502 16:24:14 EST,0.76681,,AUDUSD,long,,20160502 16:03:08 EST,closed,20160502 16:03:08 EST,0.76627,,,2.0,2.0,,AUDUSD,,10.8,-2.0,USD,100007.0,4.0,1984785.2,100007.0,100053.0,100053.0,-0.600000000002,-2.6
13.0,-3.8,20160502 17:57:13 EST,20160502 17:57:13 EST,20160502 17:57:13 EST,0.76613,,AUDUSD,long,,20160502 17:47:25 EST,closed,20160502 17:47:25 EST,0.76612,,,2.0,2.0,,AUDUSD,,0.199999999999,-2.0,USD,100005.2,4.0,2000107.8,100005.2,100053.2,100053.2,,
14.0,-2.2,20160502 18:45:51 EST,20160502 18:45:51 EST,20160502 18:45:51 EST,0.76667,,AUDUSD,long,,20160502 18:32:53 EST,closed,20160502 18:32:53 EST,0.76658,,,2.0,2.0,,AUDUSD,,1.8,-2.0,USD,100003.0,4.0,2000109.6,100003.0,100055.0,100055.0,-4.0,-6.0
15.0,-2.0,,,,0.0,,AUDUSD,long,,20160502 19:35:23 EST,open,20160502 19:35:23 EST,0.76617,,,0.0,2.0,,AUDUSD,,0.0,2.0,USD,100001.0,2.0,1984786.2,99999.3,100055.3,100055.0,,
16.0,0.200000000001,20160502 21:10:13 EST,20160502 21:10:13 EST,20160502 21:10:13 EST,0.76739,,AUDUSD,long,,20160502 20:22:40 EST,closed,20160502 20:22:40 EST,0.76718,,,2.0,2.0,,AUDUSD,,4.2,-2.0,USD,100001.2,4.0,1984790.4,100001.2,100059.2,100059.2,0.7,-1.3
17.0,40.6,20160502 22:13:44 EST,20160502 22:13:44 EST,20160502 22:13:44 EST,0.7693,,AUDUSD,long,,20160502 21:28:16 EST,closed,20160502 21:28:16 EST,0.76707,,,2.0,2.0,,AUDUSD,,44.6,-2.0,USD,100041.8,4.0,1984835.0,100041.8,100103.8,100103.8,2.6,0.599999999999
18.0,1.2,20160502 23:31:20 EST,20160502 23:31:20 EST,20160502 23:31:20 EST,0.77042,,AUDUSD,long,,20160502 22:30:11 EST,closed,20160502 22:30:11 EST,0.77016,,,2.0,2.0,,AUDUSD,,5.2,-2.0,USD,100043.0,4.0,1984840.2,100043.0,100109.0,100109.0,-0.600000000002,-2.6
19.0,-284.8,20160503 01:26:17 EST,20160503 01:26:17 EST,20160503 01:26:17 EST,0.75652,,AUDUSD,long,,20160503 00:19:32 EST,closed,20160503 00:19:32 EST,0.77056,,,2.0,2.0,,AUDUSD,,-280.8,-2.0,USD,99758.2,4.0,1984559.4,99758.2,99828.2,99828.2,1.2,-0.800000000001
20.0,-2.0,,,,0.0,,AUDUSD,long,,20160503 01:58:35 EST,open,20160503 01:58:35 EST,0.75716,,,0.0,2.0,,AUDUSD,,0.0,2.0,USD,99756.2,2.0,1969416.2,99754.4,99828.4,99828.2,,
21.0,-2.0,,,,0.0,,AUDUSD,long,,20160511 15:08:35 EST,open,20160511 15:08:35 EST,0.7382,,,0.0,2.0,,AUDUSD,,0.0,2.0,USD,99754.2,2.0,1954652.2,99746.4,99822.4,99828.2,,
22.0,-40.2,20160511 20:19:11 EST,20160511 20:19:11 EST,20160511 20:19:11 EST,0.7362,,AUDUSD,long,,20160511 17:36:44 EST,closed,20160511 17:36:44 EST,0.73801,,,2.0,2.0,,AUDUSD,,-36.2,-2.0,USD,99714.0,4.0,1954616.0,99714.0,99792.0,99792.0,-5.4,-7.4
23.0,-28.6,20160512 00:13:25 EST,20160512 00:13:25 EST,20160512 00:13:25 EST,0.73338,,AUDUSD,long,,20160511 21:52:51 EST,closed,20160511 21:52:51 EST,0.73461,,,2.0,2.0,,AUDUSD,,-24.6,-2.0,USD,99685.4,4.0,1954591.4,99685.4,99767.4,99767.4,-0.0999999999984,-2.1
24.0,3.0,20160512 02:14:36 EST,20160512 02:14:36 EST,20160512 02:14:36 EST,0.7341,,AUDUSD,short,,20160512 01:10:39 EST,closed,20160512 01:10:39 EST,0.73445,,,2.0,2.0,,AUDUSD,,7.0,2.0,USD,99757.2,4.0,1954574.0,99757.2,99835.2,99835.2,2.8,0.799999999998
25.0,37.4,20160512 05:11:51 EST,20160512 05:11:51 EST,20160512 05:11:51 EST,0.73454,,AUDUSD,long,,20160512 03:56:12 EST,closed,20160512 03:56:12 EST,0.73247,,,2.0,2.0,,AUDUSD,,41.4,-2.0,USD,99796.6,4.0,1969264.8,99796.6,99876.6,99876.6,,
26.0,-2.0,,,,0.0,,AUDUSD,long,,20160512 05:15:23 EST,open,20160512 05:15:23 EST,0.73432,,,0.0,2.0,,AUDUSD,,0.0,2.0,USD,99794.6,2.0,1954578.4,99789.2,99873.2,99876.6,,
27.0,-5.4,20160512 08:02:48 EST,20160512 08:02:48 EST,20160512 08:02:48 EST,0.73251,,AUDUSD,short,,20160512 08:00:25 EST,closed,20160512 08:00:25 EST,0.73244,,,2.0,2.0,,AUDUSD,,-1.4,2.0,USD,99791.2,4.0,1969228.6,99791.2,99875.2,99875.2,,
28.0,-11.2,20160512 10:52:42 EST,20160512 10:52:42 EST,20160512 10:52:42 EST,0.73394,,AUDUSD,long,,20160512 10:27:09 EST,closed,20160512 10:27:09 EST,0.7343,,,2.0,2.0,,AUDUSD,,-7.2,-2.0,USD,99780.0,4.0,1969221.4,99780.0,99868.0,99868.0,-2.8,-4.8
29.0,-2.0,,,,0.0,,AUDUSD,long,,20160512 11:36:49 EST,open,20160512 11:36:49 EST,0.73296,,,0.0,2.0,,AUDUSD,,0.0,2.0,USD,99778.0,2.0,1954562.2,99775.8,99867.8,99868.0,,
30.0,-3.4,20160512 12:39:27 EST,20160512 12:39:27 EST,20160512 12:39:27 EST,0.73181,,AUDUSD,short,,20160512 11:54:42 EST,closed,20160512 11:54:42 EST,0.73184,,,2.0,2.0,,AUDUSD,,0.599999999999,2.0,USD,99776.6,4.0,1969198.4,99776.6,99868.6,99868.6,-3.8,-5.8
31.0,-2.2,20160512 14:50:08 EST,20160512 14:50:08 EST,20160512 14:50:08 EST,0.73304,,AUDUSD,long,,20160512 14:43:56 EST,closed,20160512 14:43:56 EST,0.73295,,,2.0,2.0,,AUDUSD,,1.8,-2.0,USD,99774.4,4.0,1969200.2,99774.4,99870.4,99870.4,-4.0,-6.0
32.0,-35.0,20160514 11:36:14 EST,20160514 11:36:14 EST,20160514 11:36:14 EST,0.7281,,AUDUSD,short,,20160514 09:20:40 EST,closed,20160514 09:20:40 EST,0.72655,,,2.0,2.0,,AUDUSD,,-31.0,2.0,USD,99739.4,4.0,1969231.2,99739.4,99839.4,99839.4,31.0,29.0
33.0,-35.0,20160515 00:04:35 EST,20160515 00:04:35 EST,20160515 00:04:35 EST,0.7281,,AUDUSD,short,,20160514 22:26:11 EST,closed,20160514 22:26:11 EST,0.72655,,,2.0,2.0,,AUDUSD,,-31.0,2.0,USD,99704.4,4.0,1969262.2,99704.4,99808.4,99808.4,31.0,29.0
34.0,-35.0,20160515 02:48:51 EST,20160515 02:48:51 EST,20160515 02:48:51 EST,0.7281,,AUDUSD,short,,20160515 01:49:27 EST,closed,20160515 01:49:27 EST,0.72655,,,2.0,2.0,,AUDUSD,,-31.0,2.0,USD,99669.4,4.0,1969293.2,99669.4,99777.4,99777.4,31.0,29.0
35.0,-35.0,20160515 14:47:32 EST,20160515 14:47:32 EST,20160515 14:47:32 EST,0.7281,,AUDUSD,short,,20160515 11:19:36 EST,closed,20160515 11:19:36 EST,0.72655,,,2.0,2.0,,AUDUSD,,-31.0,2.0,USD,99634.4,4.0,1969324.2,99634.4,99746.4,99746.4,31.0,29.0
36.0,-2.8,20160515 18:56:58 EST,20160515 18:56:58 EST,20160515 18:56:58 EST,0.72594,,AUDUSD,short,,20160515 17:45:38 EST,closed,20160515 17:45:38 EST,0.726,,,2.0,2.0,,AUDUSD,,1.2,2.0,USD,99631.6,4.0,1969323.0,99631.6,99747.6,99747.6,3.4,1.4
37.0,20.6,20160515 19:39:25 EST,20160515 19:39:25 EST,20160515 19:39:25 EST,0.72717,,AUDUSD,long,,20160515 18:56:58 EST,closed,20160515 18:56:58 EST,0.72594,,,2.0,2.0,,AUDUSD,,24.6,-2.0,USD,99652.2,4.0,1969347.6,99652.2,99772.2,99772.2,-1.2,-3.2
38.0,-5.2,20160515 19:59:27 EST,20160515 19:59:27 EST,20160515 19:59:27 EST,0.72723,,AUDUSD,short,,20160515 19:39:25 EST,closed,20160515 19:39:25 EST,0.72717,,,2.0,2.0,,AUDUSD,,-1.2,2.0,USD,99647.0,4.0,1969348.8,99647.0,99771.0,99771.0,0.599999999999,-1.4
39.0,17.8,20160515 23:36:51 EST,20160515 23:36:51 EST,20160515 23:36:51 EST,0.72868,,AUDUSD,long,,20160515 21:50:09 EST,closed,20160515 21:50:09 EST,0.72759,,,2.0,2.0,,AUDUSD,,21.8,-2.0,USD,99664.8,4.0,1969370.6,99664.8,99792.8,99792.8,-0.599999999999,-2.6
40.0,23.6,20160516 05:11:38 EST,20160516 05:11:38 EST,20160516 05:11:38 EST,0.72955,,AUDUSD,long,,20160516 01:31:16 EST,closed,20160516 01:31:16 EST,0.72817,,,2.0,2.0,,AUDUSD,,27.6,-2.0,USD,99688.4,4.0,1969398.2,99688.4,99820.4,99820.4,-0.799999999999,-2.8
41.0,-2.2,20160516 08:15:31 EST,20160516 08:15:31 EST,20160516 08:15:31 EST,0.72946,,AUDUSD,short,,20160516 05:11:38 EST,closed,20160516 05:11:38 EST,0.72955,,,2.0,2.0,,AUDUSD,,1.8,2.0,USD,99686.2,4.0,1969396.4,99686.2,99822.2,99822.2,0.199999999999,-1.8
42.0,-4.4,20160516 10:56:21 EST,20160516 10:56:21 EST,20160516 10:56:21 EST,0.72975,,AUDUSD,long,,20160516 09:41:36 EST,closed,20160516 09:41:36 EST,0.72977,,,2.0,2.0,,AUDUSD,,-0.4,-2.0,USD,99681.8,4.0,1969396.0,99681.8,99821.8,99821.8,1.2,-0.800000000001
43.0,113.4,20160516 22:15:16 EST,20160516 22:15:16 EST,20160516 22:15:16 EST,0.73441,,AUDUSD,long,,20160516 20:49:16 EST,closed,20160516 20:49:16 EST,0.72854,,,2.0,2.0,,AUDUSD,,117.4,-2.0,USD,99795.2,4.0,1969513.4,99795.2,99939.2,99939.2,-0.4,-2.4
44.0,-0.6,20160517 06:49:32 EST,20160517 06:49:32 EST,20160517 06:49:32 EST,0.73252,,AUDUSD,long,,20160517 05:17:52 EST,closed,20160517 05:17:52 EST,0.73235,,,2.0,2.0,,AUDUSD,,3.4,-2.0,USD,99794.6,4.0,1969516.8,99794.6,99942.6,99942.6,-0.799999999999,-2.8
45.0,-6.2,20160517 09:02:27 EST,20160517 09:02:27 EST,20160517 09:02:27 EST,0.7325,,AUDUSD,long,,20160517 08:55:58 EST,closed,20160517 08:55:58 EST,0.73261,,,2.0,2.0,,AUDUSD,,-2.2,-2.0,USD,99788.4,4.0,1969514.6,99788.4,99940.4,99940.4,-0.4,-2.4
46.0,-20.2,20160517 10:37:26 EST,20160517 10:37:26 EST,20160517 10:37:26 EST,0.73331,,AUDUSD,short,,20160517 09:02:27 EST,closed,20160517 09:02:27 EST,0.7325,,,2.0,2.0,,AUDUSD,,-16.2,2.0,USD,99768.2,4.0,1969530.8,99768.2,99924.2,99924.2,0.199999999999,-1.8
47.0,19.8,20160517 12:41:23 EST,20160517 12:41:23 EST,20160517 12:41:23 EST,0.7345,,AUDUSD,long,,20160517 10:37:26 EST,closed,20160517 10:37:26 EST,0.73331,,,2.0,2.0,,AUDUSD,,23.8,-2.0,USD,99788.0,4.0,1969554.6,99788.0,99948.0,99948.0,-0.800000000001,-2.8
48.0,11.6,20160517 16:08:41 EST,20160517 16:08:41 EST,20160517 16:08:41 EST,0.73297,,AUDUSD,short,,20160517 13:36:27 EST,closed,20160517 13:36:27 EST,0.73375,,,2.0,2.0,,AUDUSD,,15.6,2.0,USD,99799.6,4.0,1969539.0,99799.6,99963.6,99963.6,0.200000000001,-1.8
49.0,-17.6,20160517 18:43:24 EST,20160517 18:43:24 EST,20160517 18:43:24 EST,0.73229,,AUDUSD,long,,20160517 16:08:41 EST,closed,20160517 16:08:41 EST,0.73297,,,2.0,2.0,,AUDUSD,,-13.6,-2.0,USD,99782.0,4.0,1969525.4,99782.0,99950.0,99950.0,-0.600000000002,-2.6
50.0,-24.8,20160518 00:52:08 EST,20160518 00:52:08 EST,20160518 00:52:08 EST,0.72836,,AUDUSD,long,,20160517 22:25:11 EST,closed,20160517 22:25:11 EST,0.7294,,,2.0,2.0,,AUDUSD,,-20.8,-2.0,USD,99757.2,4.0,1969504.6,99757.2,99929.2,99929.2,-0.600000000002,-2.6
51.0,-11.2,20160518 03:53:29 EST,20160518 03:53:29 EST,20160518 03:53:29 EST,0.72743,,AUDUSD,short,,20160518 03:43:17 EST,closed,20160518 03:43:17 EST,0.72707,,,2.0,2.0,,AUDUSD,,-7.2,2.0,USD,99746.0,4.0,1969511.8,99746.0,99922.0,99922.0,0.4,-1.6
52.0,-6.6,20160518 07:01:27 EST,20160518 07:01:27 EST,20160518 07:01:27 EST,0.72816,,AUDUSD,long,,20160518 05:47:36 EST,closed,20160518 05:47:36 EST,0.72829,,,2.0,2.0,,AUDUSD,,-2.6,-2.0,USD,99739.4,4.0,1969509.2,99739.4,99919.4,99919.4,-0.599999999999,-2.6
53.0,9.2,20160518 09:16:56 EST,20160518 09:16:56 EST,20160518 09:16:56 EST,0.72625,,AUDUSD,short,,20160518 08:14:51 EST,closed,20160518 08:14:51 EST,0.72691,,,2.0,2.0,,AUDUSD,,13.2,2.0,USD,99748.6,4.0,1969496.0,99748.6,99932.6,99932.6,3.2,1.2
54.0,45.6,20160518 16:45:35 EST,20160518 16:45:35 EST,20160518 16:45:35 EST,0.72335,,AUDUSD,short,,20160518 09:43:28 EST,closed,20160518 09:43:28 EST,0.72583,,,2.0,2.0,,AUDUSD,,49.6,2.0,USD,99794.2,4.0,1969446.4,99794.2,99982.2,99982.2,2.2,0.200000000001
55.0,-11.4,20160518 18:18:56 EST,20160518 18:18:56 EST,20160518 18:18:56 EST,0.72298,,AUDUSD,long,,20160518 16:45:35 EST,closed,20160518 16:45:35 EST,0.72335,,,2.0,2.0,,AUDUSD,,-7.4,-2.0,USD,99782.8,4.0,1969439.0,99782.8,99974.8,99974.8,-5.2,-7.2
56.0,-2.0,,,,0.0,,AUDUSD,short,,20160518 18:18:56 EST,open,20160518 18:18:56 EST,0.72298,,,0.0,2.0,,AUDUSD,,0.0,-2.0,USD,99780.8,2.0,1954979.4,99784.0,99980.0,99974.8,,
