trade_id,PL,closeVWAP_timestamp,closedWhen,closedWhenUnixTimeStamp,closing_price_VWAP,expir,instrument,long_or_short,markToMarket_time,openVWAP_timestamp,open_or_closed,openedWhen,opening_price_VWAP,ptValue,putcall,quant_closed,quant_opened,strike,symbol,symbol_description,PurePL,qty,currency,balance,commission,margin_available,mark_to_mkt,pure_mark_to_mkt,purebalance,pure_unr_pnl,unr_pnl
1.0,-467.59,20160416 07:25:41 EST,20160416 07:25:41 EST,20160416 07:25:41 EST,47160.0,,BTCUSD_coincheckJPY,long,,20160416 07:01:41 EST,closed,20160416 07:01:41 EST,47158.0,,,2.0,2.0,,BTCUSD_coincheckJPY,,4.0,-2.0,USD,99532.41,471.59,2000004.0,99532.41,100004.0,100004.0,0.0,-235.79
2.0,-517.715,20160416 07:50:14 EST,20160416 07:50:14 EST,20160416 07:50:14 EST,47183.0,,BTCUSD_coincheckJPY,short,,20160416 07:25:41 EST,closed,20160416 07:25:41 EST,47160.0,,,2.0,2.0,,BTCUSD_coincheckJPY,,-46.0,2.0,USD,99014.695,471.715,2000050.0,99014.695,99958.0,99958.0,0.0,-235.8
3.0,-621.455,20160416 08:01:52 EST,20160416 08:01:52 EST,20160416 08:01:52 EST,47108.0,,BTCUSD_coincheckJPY,long,,20160416 07:50:14 EST,closed,20160416 07:50:14 EST,47183.0,,,2.0,2.0,,BTCUSD_coincheckJPY,,-150.0,-2.0,USD,98393.24,471.455,1999900.0,98393.24,99808.0,99808.0,0.0,-235.915
4.0,-471.08,20160416 08:15:25 EST,20160416 08:15:25 EST,20160416 08:15:25 EST,47108.0,,BTCUSD_coincheckJPY,short,,20160416 08:01:52 EST,closed,20160416 08:01:52 EST,47108.0,,,2.0,2.0,,BTCUSD_coincheckJPY,,0.0,2.0,USD,97922.16,471.08,1999900.0,97922.16,99808.0,99808.0,0.0,-235.54
5.0,-524.945,20160416 08:53:18 EST,20160416 08:53:18 EST,20160416 08:53:18 EST,47081.0,,BTCUSD_coincheckJPY,long,,20160416 08:15:25 EST,closed,20160416 08:15:25 EST,47108.0,,,2.0,2.0,,BTCUSD_coincheckJPY,,-54.0,-2.0,USD,97397.215,470.945,1999846.0,97397.215,99754.0,99754.0,0.0,-235.54
6.0,-282.34,20160416 09:32:02 EST,20160416 09:32:02 EST,20160416 09:32:02 EST,46987.0,,BTCUSD_coincheckJPY,short,,20160416 08:53:18 EST,closed,20160416 08:53:18 EST,47081.0,,,2.0,2.0,,BTCUSD_coincheckJPY,,188.0,2.0,USD,97114.875,470.34,1999658.0,97114.875,99942.0,99942.0,0.0,-235.405
7.0,-400.045,20160416 09:46:17 EST,20160416 09:46:17 EST,20160416 09:46:17 EST,47022.0,,BTCUSD_coincheckJPY,long,,20160416 09:32:02 EST,closed,20160416 09:32:02 EST,46987.0,,,2.0,2.0,,BTCUSD_coincheckJPY,,70.0,-2.0,USD,96714.83,470.045,1999728.0,96714.83,100012.0,100012.0,0.0,-234.935
8.0,-472.225,20160416 10:00:36 EST,20160416 10:00:36 EST,20160416 10:00:36 EST,47023.0,,BTCUSD_coincheckJPY,short,,20160416 09:46:17 EST,closed,20160416 09:46:17 EST,47022.0,,,2.0,2.0,,BTCUSD_coincheckJPY,,-2.0,2.0,USD,96242.605,470.225,1999730.0,96242.605,100010.0,100010.0,0.0,-235.11
9.0,-468.235,20160416 10:12:56 EST,20160416 10:12:56 EST,20160416 10:12:56 EST,47024.0,,BTCUSD_coincheckJPY,long,,20160416 10:00:36 EST,closed,20160416 10:00:36 EST,47023.0,,,2.0,2.0,,BTCUSD_coincheckJPY,,2.0,-2.0,USD,95774.37,470.235,1999732.0,95774.37,100012.0,100012.0,0.0,-235.115
10.0,-470.24,20160416 10:24:59 EST,20160416 10:24:59 EST,20160416 10:24:59 EST,47024.0,,BTCUSD_coincheckJPY,short,,20160416 10:12:56 EST,closed,20160416 10:12:56 EST,47024.0,,,2.0,2.0,,BTCUSD_coincheckJPY,,0.0,2.0,USD,95304.13,470.24,1999732.0,95304.13,100012.0,100012.0,0.0,-235.12
11.0,-204.905,20160416 11:26:29 EST,20160416 11:26:29 EST,20160416 11:26:29 EST,47157.0,,BTCUSD_coincheckJPY,long,,20160416 10:24:59 EST,closed,20160416 10:24:59 EST,47024.0,,,2.0,2.0,,BTCUSD_coincheckJPY,,266.0,-2.0,USD,95099.225,470.905,1999998.0,95099.225,100278.0,100278.0,0.0,-235.12
12.0,-417.435,20160416 12:39:54 EST,20160416 12:39:54 EST,20160416 12:39:54 EST,47130.0,,BTCUSD_coincheckJPY,short,,20160416 11:26:29 EST,closed,20160416 11:26:29 EST,47157.0,,,2.0,2.0,,BTCUSD_coincheckJPY,,54.0,2.0,USD,94681.79,471.435,1999944.0,94681.79,100332.0,100332.0,0.0,-235.785
13.0,-594.99,20160416 16:34:15 EST,20160416 16:34:15 EST,20160416 16:34:15 EST,47068.0,,BTCUSD_coincheckJPY,long,,20160416 12:39:54 EST,closed,20160416 12:39:54 EST,47130.0,,,2.0,2.0,,BTCUSD_coincheckJPY,,-124.0,-2.0,USD,94086.8,470.99,1999820.0,94086.8,100208.0,100208.0,0.0,-235.65
14.0,-490.73,20160416 16:44:48 EST,20160416 16:44:48 EST,20160416 16:44:48 EST,47078.0,,BTCUSD_coincheckJPY,short,,20160416 16:34:15 EST,closed,20160416 16:34:15 EST,47068.0,,,2.0,2.0,,BTCUSD_coincheckJPY,,-20.0,2.0,USD,93596.07,470.73,1999840.0,93596.07,100188.0,100188.0,0.0,-235.34
15.0,-359.06,20160416 17:58:49 EST,20160416 17:58:49 EST,20160416 17:58:49 EST,47134.0,,BTCUSD_coincheckJPY,long,,20160416 16:44:48 EST,closed,20160416 16:44:48 EST,47078.0,,,2.0,2.0,,BTCUSD_coincheckJPY,,112.0,-2.0,USD,93237.01,471.06,1999952.0,93237.01,100300.0,100300.0,0.0,-235.39
16.0,-471.34,20160416 18:19:51 EST,20160416 18:19:51 EST,20160416 18:19:51 EST,47134.0,,BTCUSD_coincheckJPY,short,,20160416 17:58:49 EST,closed,20160416 17:58:49 EST,47134.0,,,2.0,2.0,,BTCUSD_coincheckJPY,,0.0,2.0,USD,92765.67,471.34,1999952.0,92765.67,100300.0,100300.0,0.0,-235.67
17.0,-573.085,20160416 19:56:13 EST,20160416 19:56:13 EST,20160416 19:56:13 EST,47083.0,,BTCUSD_coincheckJPY,long,,20160416 18:19:51 EST,closed,20160416 18:19:51 EST,47134.0,,,2.0,2.0,,BTCUSD_coincheckJPY,,-102.0,-2.0,USD,92192.585,471.085,1999850.0,92192.585,100198.0,100198.0,0.0,-235.67
18.0,-543.01,20160416 20:08:25 EST,20160416 20:08:25 EST,20160416 20:08:25 EST,47119.0,,BTCUSD_coincheckJPY,short,,20160416 19:56:13 EST,closed,20160416 19:56:13 EST,47083.0,,,2.0,2.0,,BTCUSD_coincheckJPY,,-72.0,2.0,USD,91649.575,471.01,1999922.0,91649.575,100126.0,100126.0,0.0,-235.415
19.0,-457.225,20160416 20:46:55 EST,20160416 20:46:55 EST,20160416 20:46:55 EST,47126.0,,BTCUSD_coincheckJPY,long,,20160416 20:08:25 EST,closed,20160416 20:08:25 EST,47119.0,,,2.0,2.0,,BTCUSD_coincheckJPY,,14.0,-2.0,USD,91192.35,471.225,1999936.0,91192.35,100140.0,100140.0,0.0,-235.595
20.0,-579.53,20160416 21:12:05 EST,20160416 21:12:05 EST,20160416 21:12:05 EST,47180.0,,BTCUSD_coincheckJPY,short,,20160416 20:46:55 EST,closed,20160416 20:46:55 EST,47126.0,,,2.0,2.0,,BTCUSD_coincheckJPY,,-108.0,2.0,USD,90612.82,471.53,2000044.0,90612.82,100032.0,100032.0,0.0,-235.63
21.0,-824.915,20160417 00:46:47 EST,20160417 00:46:47 EST,20160417 00:46:47 EST,47003.0,,BTCUSD_coincheckJPY,long,,20160416 21:12:05 EST,closed,20160416 21:12:05 EST,47180.0,,,2.0,2.0,,BTCUSD_coincheckJPY,,-354.0,-2.0,USD,89787.905,470.915,1999690.0,89787.905,99678.0,99678.0,0.0,-235.9
22.0,-369.78,20160417 01:12:35 EST,20160417 01:12:35 EST,20160417 01:12:35 EST,46953.0,,BTCUSD_coincheckJPY,short,,20160417 00:46:47 EST,closed,20160417 00:46:47 EST,47003.0,,,2.0,2.0,,BTCUSD_coincheckJPY,,100.0,2.0,USD,89418.125,469.78,1999590.0,89418.125,99778.0,99778.0,0.0,-235.015
23.0,-521.4,20160417 01:26:13 EST,20160417 01:26:13 EST,20160417 01:26:13 EST,46927.0,,BTCUSD_coincheckJPY,long,,20160417 01:12:35 EST,closed,20160417 01:12:35 EST,46953.0,,,2.0,2.0,,BTCUSD_coincheckJPY,,-52.0,-2.0,USD,88896.725,469.4,1999538.0,88896.725,99726.0,99726.0,0.0,-234.765
24.0,-300.85,20160417 02:02:30 EST,20160417 02:02:30 EST,20160417 02:02:30 EST,46843.0,,BTCUSD_coincheckJPY,short,,20160417 01:26:13 EST,closed,20160417 01:26:13 EST,46927.0,,,2.0,2.0,,BTCUSD_coincheckJPY,,168.0,2.0,USD,88595.875,468.85,1999370.0,88595.875,99894.0,99894.0,0.0,-234.635
25.0,-699.85,20160417 02:14:26 EST,20160417 02:14:26 EST,20160417 02:14:26 EST,46727.0,,BTCUSD_coincheckJPY,long,,20160417 02:02:30 EST,closed,20160417 02:02:30 EST,46843.0,,,2.0,2.0,,BTCUSD_coincheckJPY,,-232.0,-2.0,USD,87896.025,467.85,1999138.0,87896.025,99662.0,99662.0,0.0,-234.215
26.0,-399.47,20160417 02:54:47 EST,20160417 02:54:47 EST,20160417 02:54:47 EST,46730.0,,BTCUSD_coincheckJPY,short,,20160417 02:27:04 EST,closed,20160417 02:27:04 EST,46764.0,,,2.0,2.0,,BTCUSD_coincheckJPY,,68.0,2.0,USD,87496.555,467.47,1999070.0,87496.555,99730.0,99730.0,0.0,-233.82
27.0,-493.235,20160417 03:09:37 EST,20160417 03:09:37 EST,20160417 03:09:37 EST,46717.0,,BTCUSD_coincheckJPY,long,,20160417 02:54:47 EST,closed,20160417 02:54:47 EST,46730.0,,,2.0,2.0,,BTCUSD_coincheckJPY,,-26.0,-2.0,USD,87003.32,467.235,1999044.0,87003.32,99704.0,99704.0,0.0,-233.65
28.0,-467.17,20160417 03:23:20 EST,20160417 03:23:20 EST,20160417 03:23:20 EST,46717.0,,BTCUSD_coincheckJPY,short,,20160417 03:09:37 EST,closed,20160417 03:09:37 EST,46717.0,,,2.0,2.0,,BTCUSD_coincheckJPY,,0.0,2.0,USD,86536.15,467.17,1999044.0,86536.15,99704.0,99704.0,0.0,-233.585
29.0,-449.215,20160417 05:20:53 EST,20160417 05:20:53 EST,20160417 05:20:53 EST,46726.0,,BTCUSD_coincheckJPY,long,,20160417 03:23:20 EST,closed,20160417 03:23:20 EST,46717.0,,,2.0,2.0,,BTCUSD_coincheckJPY,,18.0,-2.0,USD,86086.935,467.215,1999062.0,86086.935,99722.0,99722.0,0.0,-233.585
30.0,-469.265,20160417 05:34:30 EST,20160417 05:34:30 EST,20160417 05:34:30 EST,46727.0,,BTCUSD_coincheckJPY,short,,20160417 05:20:53 EST,closed,20160417 05:20:53 EST,46726.0,,,2.0,2.0,,BTCUSD_coincheckJPY,,-2.0,2.0,USD,85617.67,467.265,1999064.0,85617.67,99720.0,99720.0,0.0,-233.63
31.0,-479.24,20160417 07:21:33 EST,20160417 07:21:33 EST,20160417 07:21:33 EST,46721.0,,BTCUSD_coincheckJPY,long,,20160417 05:34:30 EST,closed,20160417 05:34:30 EST,46727.0,,,2.0,2.0,,BTCUSD_coincheckJPY,,-12.0,-2.0,USD,85138.43,467.24,1999052.0,85138.43,99708.0,99708.0,0.0,-233.635
32.0,-435.13,20160417 07:34:24 EST,20160417 07:34:24 EST,20160417 07:34:24 EST,46705.0,,BTCUSD_coincheckJPY,short,,20160417 07:21:33 EST,closed,20160417 07:21:33 EST,46721.0,,,2.0,2.0,,BTCUSD_coincheckJPY,,32.0,2.0,USD,84703.3,467.13,1999020.0,84703.3,99740.0,99740.0,0.0,-233.605
33.0,-383.26,20160417 09:08:15 EST,20160417 09:08:15 EST,20160417 09:08:15 EST,46747.0,,BTCUSD_coincheckJPY,long,,20160417 07:34:24 EST,closed,20160417 07:34:24 EST,46705.0,,,2.0,2.0,,BTCUSD_coincheckJPY,,84.0,-2.0,USD,84320.04,467.26,1999104.0,84320.04,99824.0,99824.0,0.0,-233.525
34.0,-487.52,20160417 09:22:40 EST,20160417 09:22:40 EST,20160417 09:22:40 EST,46757.0,,BTCUSD_coincheckJPY,short,,20160417 09:08:15 EST,closed,20160417 09:08:15 EST,46747.0,,,2.0,2.0,,BTCUSD_coincheckJPY,,-20.0,2.0,USD,83832.52,467.52,1999124.0,83832.52,99804.0,99804.0,0.0,-233.735
35.0,-625.175,20160417 10:04:47 EST,20160417 10:04:47 EST,20160417 10:04:47 EST,46678.0,,BTCUSD_coincheckJPY,long,,20160417 09:22:40 EST,closed,20160417 09:22:40 EST,46757.0,,,2.0,2.0,,BTCUSD_coincheckJPY,,-158.0,-2.0,USD,83207.345,467.175,1998966.0,83207.345,99646.0,99646.0,0.0,-233.785
36.0,-587.08,20160417 10:30:46 EST,20160417 10:30:46 EST,20160417 10:30:46 EST,46738.0,,BTCUSD_coincheckJPY,short,,20160417 10:04:47 EST,closed,20160417 10:04:47 EST,46678.0,,,2.0,2.0,,BTCUSD_coincheckJPY,,-120.0,2.0,USD,82620.265,467.08,1999086.0,82620.265,99526.0,99526.0,0.0,-233.39
37.0,-419.5,20160417 10:45:04 EST,20160417 10:45:04 EST,20160417 10:45:04 EST,46762.0,,BTCUSD_coincheckJPY,long,,20160417 10:30:46 EST,closed,20160417 10:30:46 EST,46738.0,,,2.0,2.0,,BTCUSD_coincheckJPY,,48.0,-2.0,USD,82200.765,467.5,1999134.0,82200.765,99574.0,99574.0,0.0,-233.69
38.0,-439.55,20160417 11:12:58 EST,20160417 11:12:58 EST,20160417 11:12:58 EST,46748.0,,BTCUSD_coincheckJPY,short,,20160417 10:45:04 EST,closed,20160417 10:45:04 EST,46762.0,,,2.0,2.0,,BTCUSD_coincheckJPY,,28.0,2.0,USD,81761.215,467.55,1999106.0,81761.215,99602.0,99602.0,0.0,-233.81
39.0,-469.475,20160417 11:26:32 EST,20160417 11:26:32 EST,20160417 11:26:32 EST,46747.0,,BTCUSD_coincheckJPY,long,,20160417 11:12:58 EST,closed,20160417 11:12:58 EST,46748.0,,,2.0,2.0,,BTCUSD_coincheckJPY,,-2.0,-2.0,USD,81291.74,467.475,1999104.0,81291.74,99600.0,99600.0,0.0,-233.74
40.0,-387.27,20160417 12:19:16 EST,20160417 12:19:16 EST,20160417 12:19:16 EST,46707.0,,BTCUSD_coincheckJPY,short,,20160417 11:26:32 EST,closed,20160417 11:26:32 EST,46747.0,,,2.0,2.0,,BTCUSD_coincheckJPY,,80.0,2.0,USD,80904.47,467.27,1999024.0,80904.47,99680.0,99680.0,0.0,-233.735
41.0,-487.02,20160417 12:33:22 EST,20160417 12:33:22 EST,20160417 12:33:22 EST,46697.0,,BTCUSD_coincheckJPY,long,,20160417 12:19:16 EST,closed,20160417 12:19:16 EST,46707.0,,,2.0,2.0,,BTCUSD_coincheckJPY,,-20.0,-2.0,USD,80417.45,467.02,1999004.0,80417.45,99660.0,99660.0,0.0,-233.535
42.0,-503.06,20160417 13:16:36 EST,20160417 13:16:36 EST,20160417 13:16:36 EST,46715.0,,BTCUSD_coincheckJPY,short,,20160417 12:33:22 EST,closed,20160417 12:33:22 EST,46697.0,,,2.0,2.0,,BTCUSD_coincheckJPY,,-36.0,2.0,USD,79914.39,467.06,1999040.0,79914.39,99624.0,99624.0,0.0,-233.485
43.0,-528.995,20160417 13:29:40 EST,20160417 13:29:40 EST,20160417 13:29:40 EST,46684.0,,BTCUSD_coincheckJPY,long,,20160417 13:16:36 EST,closed,20160417 13:16:36 EST,46715.0,,,2.0,2.0,,BTCUSD_coincheckJPY,,-62.0,-2.0,USD,79385.395,466.995,1998978.0,79385.395,99562.0,99562.0,0.0,-233.575
44.0,-396.665,20160417 13:53:55 EST,20160417 13:53:55 EST,20160417 13:53:55 EST,46649.0,,BTCUSD_coincheckJPY,short,,20160417 13:29:40 EST,closed,20160417 13:29:40 EST,46684.0,,,2.0,2.0,,BTCUSD_coincheckJPY,,70.0,2.0,USD,78988.73,466.665,1998908.0,78988.73,99632.0,99632.0,0.0,-233.42
45.0,-745.79,20160417 14:05:19 EST,20160417 14:05:19 EST,20160417 14:05:19 EST,46509.0,,BTCUSD_coincheckJPY,long,,20160417 13:53:55 EST,closed,20160417 13:53:55 EST,46649.0,,,2.0,2.0,,BTCUSD_coincheckJPY,,-280.0,-2.0,USD,78242.94,465.79,1998628.0,78242.94,99352.0,99352.0,0.0,-233.245
46.0,-481.13,20160417 14:34:29 EST,20160417 14:34:29 EST,20160417 14:34:29 EST,46517.0,,BTCUSD_coincheckJPY,short,,20160417 14:05:19 EST,closed,20160417 14:05:19 EST,46509.0,,,2.0,2.0,,BTCUSD_coincheckJPY,,-16.0,2.0,USD,77761.81,465.13,1998644.0,77761.81,99336.0,99336.0,0.0,-232.545
47.0,-413.3,20160417 15:01:09 EST,20160417 15:01:09 EST,20160417 15:01:09 EST,46543.0,,BTCUSD_coincheckJPY,long,,20160417 14:34:29 EST,closed,20160417 14:34:29 EST,46517.0,,,2.0,2.0,,BTCUSD_coincheckJPY,,52.0,-2.0,USD,77348.51,465.3,1998696.0,77348.51,99388.0,99388.0,0.0,-232.585
48.0,-413.3,20160417 15:13:59 EST,20160417 15:13:59 EST,20160417 15:13:59 EST,46517.0,,BTCUSD_coincheckJPY,short,,20160417 15:01:09 EST,closed,20160417 15:01:09 EST,46543.0,,,2.0,2.0,,BTCUSD_coincheckJPY,,52.0,2.0,USD,76935.21,465.3,1998644.0,76935.21,99440.0,99440.0,0.0,-232.715
49.0,-417.29,20160417 16:23:09 EST,20160417 16:23:09 EST,20160417 16:23:09 EST,46541.0,,BTCUSD_coincheckJPY,long,,20160417 15:13:59 EST,closed,20160417 15:13:59 EST,46517.0,,,2.0,2.0,,BTCUSD_coincheckJPY,,48.0,-2.0,USD,76517.92,465.29,1998692.0,76517.92,99488.0,99488.0,0.0,-232.585
50.0,-517.54,20160417 16:49:29 EST,20160417 16:49:29 EST,20160417 16:49:29 EST,46567.0,,BTCUSD_coincheckJPY,short,,20160417 16:23:09 EST,closed,20160417 16:23:09 EST,46541.0,,,2.0,2.0,,BTCUSD_coincheckJPY,,-52.0,2.0,USD,76000.38,465.54,1998744.0,76000.38,99436.0,99436.0,0.0,-232.705
51.0,-122.53,20160417 18:56:37 EST,20160417 18:56:37 EST,20160417 18:56:37 EST,46739.0,,BTCUSD_coincheckJPY,long,,20160417 16:49:29 EST,closed,20160417 16:49:29 EST,46567.0,,,2.0,2.0,,BTCUSD_coincheckJPY,,344.0,-2.0,USD,75877.85,466.53,1999088.0,75877.85,99780.0,99780.0,0.0,-232.835
52.0,-233.695,,,,0.0,,BTCUSD_coincheckJPY,short,,20160417 18:56:37 EST,open,20160417 18:56:37 EST,46739.0,,,0.0,2.0,,BTCUSD_coincheckJPY,,0.0,-2.0,USD,75644.155,233.695,1905610.0,75410.46,99780.0,99780.0,,
