trade_id,PL,closeVWAP_timestamp,closedWhen,closedWhenUnixTimeStamp,closing_price_VWAP,expir,instrument,long_or_short,markToMarket_time,openVWAP_timestamp,open_or_closed,openedWhen,opening_price_VWAP,ptValue,putcall,quant_closed,quant_opened,strike,symbol,symbol_description,PurePL,qty,currency,balance,commission,margin_available,mark_to_mkt,pure_mark_to_mkt,pure_unr_pnl,purebalance,unr_pnl
1.0,4028.85,20160511 12:06:06 EST,20160511 12:06:06 EST,20160511 12:06:06 EST,17767.0,,#DJ30_M6,short,,20160511 09:19:20 EST,closed,20160511 09:19:20 EST,17808.0,,,2.0,2.0,,#DJ30_M6,,4100.0,2.0,USD,104064.466,71.15,3776700.0,104064.466,104100.0,,104100.0,
2.0,-9170.886,20160511 20:59:34 EST,20160511 20:59:34 EST,20160511 20:59:34 EST,17676.0,,#DJ30_M6,long,,20160511 12:06:06 EST,closed,20160511 12:06:06 EST,17767.0,,,2.0,2.0,,#DJ30_M6,,-9100.0,-2.0,USD,94929.114,70.886,5544300.0,94929.114,95000.0,,95000.0,
3.0,-670.716,20160511 23:54:27 EST,20160511 23:54:27 EST,20160511 23:54:27 EST,17682.0,,#DJ30_M6,short,,20160511 20:59:34 EST,closed,20160511 20:59:34 EST,17676.0,,,2.0,2.0,,#DJ30_M6,,-600.0,2.0,USD,94293.75,70.716,7312500.0,94293.75,94400.0,,94400.0,
4.0,-70.728,20160512 00:48:34 EST,20160512 00:48:34 EST,20160512 00:48:34 EST,17682.0,,#DJ30_M6,long,,20160511 23:54:27 EST,closed,20160511 23:54:27 EST,17682.0,,,2.0,2.0,,#DJ30_M6,,0.0,-2.0,USD,94258.386,70.728,9080700.0,94258.386,94400.0,,94400.0,
5.0,-4470.816,20160512 05:13:53 EST,20160512 05:13:53 EST,20160512 05:13:53 EST,17726.0,,#DJ30_M6,short,,20160512 00:48:34 EST,closed,20160512 00:48:34 EST,17682.0,,,2.0,2.0,,#DJ30_M6,,-4400.0,2.0,USD,89822.934,70.816,10853300.0,89822.934,90000.0,,90000.0,
6.0,-6170.782,20160512 10:32:43 EST,20160512 10:32:43 EST,20160512 10:32:43 EST,17665.0,,#DJ30_M6,long,,20160512 05:13:53 EST,closed,20160512 05:13:53 EST,17726.0,,,2.0,2.0,,#DJ30_M6,,-6100.0,-2.0,USD,83687.604,70.782,12619800.0,83687.604,83900.0,,83900.0,
7.0,6429.438,20160512 17:00:06 EST,20160512 17:00:06 EST,20160512 17:00:06 EST,17673.0,,#DJ30_M6,long,,20160512 12:44:01 EST,closed,20160512 12:44:01 EST,17608.0,,,2.0,2.0,,#DJ30_M6,,6500.0,-2.0,USD,90152.258,70.562,14387100.0,90152.258,90400.0,,90400.0,
8.0,329.316,20160512 18:20:23 EST,20160512 18:20:23 EST,20160512 18:20:23 EST,17669.0,,#DJ30_M6,short,,20160512 17:00:06 EST,closed,20160512 17:00:06 EST,17673.0,,,2.0,2.0,,#DJ30_M6,,400.0,2.0,USD,90516.92,70.684,16154000.0,90516.92,90800.0,,90800.0,
9.0,329.504,20160512 23:36:11 EST,20160512 23:36:11 EST,20160512 23:36:11 EST,17622.0,,#DJ30_M6,short,,20160512 21:24:30 EST,closed,20160512 21:24:30 EST,17626.0,,,2.0,2.0,,#DJ30_M6,,400.0,2.0,USD,89746.36,70.496,19682000.0,89746.36,90100.0,,90100.0,
10.0,-770.474,20160513 00:07:42 EST,20160513 00:07:42 EST,20160513 00:07:42 EST,17615.0,,#DJ30_M6,long,,20160512 23:36:11 EST,closed,20160512 23:36:11 EST,17622.0,,,2.0,2.0,,#DJ30_M6,,-700.0,-2.0,USD,89011.13,70.474,21443500.0,89011.13,89400.0,,89400.0,
11.0,529.552,20160513 02:02:09 EST,20160513 02:02:09 EST,20160513 02:02:09 EST,17609.0,,#DJ30_M6,short,,20160513 00:07:42 EST,closed,20160513 00:07:42 EST,17615.0,,,2.0,2.0,,#DJ30_M6,,600.0,2.0,USD,89575.912,70.448,23204400.0,89575.912,90000.0,,90000.0,
12.0,-4370.35,20160513 03:37:16 EST,20160513 03:37:16 EST,20160513 03:37:16 EST,17566.0,,#DJ30_M6,long,,20160513 02:02:09 EST,closed,20160513 02:02:09 EST,17609.0,,,2.0,2.0,,#DJ30_M6,,-4300.0,-2.0,USD,85240.78,70.35,24961000.0,85240.78,85700.0,,85700.0,
13.0,-2270.308,20160513 05:13:33 EST,20160513 05:13:33 EST,20160513 05:13:33 EST,17588.0,,#DJ30_M6,short,,20160513 03:37:16 EST,closed,20160513 03:37:16 EST,17566.0,,,2.0,2.0,,#DJ30_M6,,-2200.0,2.0,USD,83005.604,70.308,26719800.0,83005.604,83500.0,,83500.0,
14.0,5829.53,20160513 08:43:44 EST,20160513 08:43:44 EST,20160513 08:43:44 EST,17647.0,,#DJ30_M6,long,,20160513 05:13:33 EST,closed,20160513 05:13:33 EST,17588.0,,,2.0,2.0,,#DJ30_M6,,5900.0,-2.0,USD,88870.31,70.47,28484500.0,88870.31,89400.0,,89400.0,
15.0,1129.436,20160513 09:18:40 EST,20160513 09:18:40 EST,20160513 09:18:40 EST,17635.0,,#DJ30_M6,short,,20160513 08:43:44 EST,closed,20160513 08:43:44 EST,17647.0,,,2.0,2.0,,#DJ30_M6,,1200.0,2.0,USD,90035.04,70.564,30248000.0,90035.04,90600.0,,90600.0,
16.0,829.474,20160513 12:32:38 EST,20160513 12:32:38 EST,20160513 12:32:38 EST,17636.0,,#DJ30_M6,long,,20160513 10:18:04 EST,closed,20160513 10:18:04 EST,17627.0,,,2.0,2.0,,#DJ30_M6,,900.0,-2.0,USD,90899.768,70.526,32011600.0,90899.768,91500.0,,91500.0,
17.0,17329.804,20160515 19:37:28 EST,20160515 19:37:28 EST,20160515 19:37:28 EST,17462.0,,#DJ30_M6,short,,20160513 12:32:38 EST,closed,20160513 12:32:38 EST,17636.0,,,2.0,2.0,,#DJ30_M6,,17400.0,2.0,USD,108264.844,70.196,33757800.0,108264.844,108900.0,,108900.0,
18.0,3630.078,20160515 21:04:13 EST,20160515 21:04:13 EST,20160515 21:04:13 EST,17499.0,,#DJ30_M6,long,,20160515 19:37:28 EST,closed,20160515 19:37:28 EST,17462.0,,,2.0,2.0,,#DJ30_M6,,3700.0,-2.0,USD,111929.846,69.922,35507700.0,111929.846,112600.0,,112600.0,
19.0,-2970.054,20160516 00:18:29 EST,20160516 00:18:29 EST,20160516 00:18:29 EST,17528.0,,#DJ30_M6,short,,20160515 21:04:13 EST,closed,20160515 21:04:13 EST,17499.0,,,2.0,2.0,,#DJ30_M6,,-2900.0,2.0,USD,108994.79,70.054,37260500.0,108994.79,109700.0,,109700.0,
20.0,-1370.086,20160516 02:34:48 EST,20160516 02:34:48 EST,20160516 02:34:48 EST,17515.0,,#DJ30_M6,long,,20160516 00:18:29 EST,closed,20160516 00:18:29 EST,17528.0,,,2.0,2.0,,#DJ30_M6,,-1300.0,-2.0,USD,107659.76,70.086,39012000.0,107659.76,108400.0,,108400.0,
21.0,1329.968,20160516 05:13:53 EST,20160516 05:13:53 EST,20160516 05:13:53 EST,17501.0,,#DJ30_M6,short,,20160516 02:34:48 EST,closed,20160516 02:34:48 EST,17515.0,,,2.0,2.0,,#DJ30_M6,,1400.0,2.0,USD,109024.758,70.032,40762100.0,109024.758,109800.0,,109800.0,
22.0,929.976,20160516 07:46:23 EST,20160516 07:46:23 EST,20160516 07:46:23 EST,17511.0,,#DJ30_M6,long,,20160516 05:13:53 EST,closed,20160516 05:13:53 EST,17501.0,,,2.0,2.0,,#DJ30_M6,,1000.0,-2.0,USD,109989.736,70.024,42513200.0,109989.736,110800.0,,110800.0,
23.0,2029.998,20160516 08:42:18 EST,20160516 08:42:18 EST,20160516 08:42:18 EST,17490.0,,#DJ30_M6,short,,20160516 07:46:23 EST,closed,20160516 07:46:23 EST,17511.0,,,2.0,2.0,,#DJ30_M6,,2100.0,2.0,USD,112054.756,70.002,44262200.0,112054.756,112900.0,,112900.0,
24.0,-1069.94,20160516 08:59:07 EST,20160516 08:59:07 EST,20160516 08:59:07 EST,17480.0,,#DJ30_M6,long,,20160516 08:42:18 EST,closed,20160516 08:42:18 EST,17490.0,,,2.0,2.0,,#DJ30_M6,,-1000.0,-2.0,USD,111019.796,69.94,46010200.0,111019.796,111900.0,,111900.0,
25.0,-14570.21,20160516 11:45:58 EST,20160516 11:45:58 EST,20160516 11:45:58 EST,17625.0,,#DJ30_M6,short,,20160516 08:59:07 EST,closed,20160516 08:59:07 EST,17480.0,,,2.0,2.0,,#DJ30_M6,,-14500.0,2.0,USD,96484.546,70.21,47772700.0,96484.546,97400.0,,97400.0,
26.0,829.482,20160516 12:21:34 EST,20160516 12:21:34 EST,20160516 12:21:34 EST,17634.0,,#DJ30_M6,long,,20160516 11:45:58 EST,closed,20160516 11:45:58 EST,17625.0,,,2.0,2.0,,#DJ30_M6,,900.0,-2.0,USD,97349.278,70.518,49536100.0,97349.278,98300.0,,98300.0,
27.0,-970.554,20160516 13:52:05 EST,20160516 13:52:05 EST,20160516 13:52:05 EST,17643.0,,#DJ30_M6,short,,20160516 12:21:34 EST,closed,20160516 12:21:34 EST,17634.0,,,2.0,2.0,,#DJ30_M6,,-900.0,2.0,USD,96413.992,70.554,51300400.0,96413.992,97400.0,,97400.0,
28.0,929.408,20160516 14:03:32 EST,20160516 14:03:32 EST,20160516 14:03:32 EST,17653.0,,#DJ30_M6,long,,20160516 13:52:05 EST,closed,20160516 13:52:05 EST,17643.0,,,2.0,2.0,,#DJ30_M6,,1000.0,-2.0,USD,97378.686,70.592,53065700.0,97378.686,98400.0,,98400.0,
29.0,-3670.684,20160516 14:59:02 EST,20160516 14:59:02 EST,20160516 14:59:02 EST,17689.0,,#DJ30_M6,short,,20160516 14:03:32 EST,closed,20160516 14:03:32 EST,17653.0,,,2.0,2.0,,#DJ30_M6,,-3600.0,2.0,USD,93743.308,70.684,54834600.0,93743.308,94800.0,,94800.0,
30.0,429.234,20160517 04:54:11 EST,20160517 04:54:11 EST,20160517 04:54:11 EST,17694.0,,#DJ30_M6,long,,20160516 14:59:02 EST,closed,20160516 14:59:02 EST,17689.0,,,2.0,2.0,,#DJ30_M6,,500.0,-2.0,USD,94207.92,70.766,56604000.0,94207.92,95300.0,,95300.0,
31.0,10629.438,20160517 12:42:12 EST,20160517 12:42:12 EST,20160517 12:42:12 EST,17587.0,,#DJ30_M6,short,,20160517 04:54:11 EST,closed,20160517 04:54:11 EST,17694.0,,,2.0,2.0,,#DJ30_M6,,10700.0,2.0,USD,104872.746,70.562,58362700.0,104872.746,106000.0,,106000.0,
32.0,-9170.166,20160517 17:52:56 EST,20160517 17:52:56 EST,20160517 17:52:56 EST,17496.0,,#DJ30_M6,long,,20160517 12:42:12 EST,closed,20160517 12:42:12 EST,17587.0,,,2.0,2.0,,#DJ30_M6,,-9100.0,-2.0,USD,95737.754,70.166,60112300.0,95737.754,96900.0,,96900.0,
33.0,530.028,20160517 23:38:28 EST,20160517 23:38:28 EST,20160517 23:38:28 EST,17490.0,,#DJ30_M6,short,,20160517 17:52:56 EST,closed,20160517 17:52:56 EST,17496.0,,,2.0,2.0,,#DJ30_M6,,600.0,2.0,USD,96302.774,69.972,61861300.0,96302.774,97500.0,,97500.0,
34.0,30.038,20160518 01:47:54 EST,20160518 01:47:54 EST,20160518 01:47:54 EST,17491.0,,#DJ30_M6,long,,20160517 23:38:28 EST,closed,20160517 23:38:28 EST,17490.0,,,2.0,2.0,,#DJ30_M6,,100.0,-2.0,USD,96367.792,69.962,63610400.0,96367.792,97600.0,,97600.0,
35.0,5630.15,20160518 09:20:43 EST,20160518 09:20:43 EST,20160518 09:20:43 EST,17434.0,,#DJ30_M6,short,,20160518 01:47:54 EST,closed,20160518 01:47:54 EST,17491.0,,,2.0,2.0,,#DJ30_M6,,5700.0,2.0,USD,102032.924,69.85,65353800.0,102032.924,103300.0,,103300.0,
36.0,2430.214,20160518 10:02:26 EST,20160518 10:02:26 EST,20160518 10:02:26 EST,17459.0,,#DJ30_M6,long,,20160518 09:20:43 EST,closed,20160518 09:20:43 EST,17434.0,,,2.0,2.0,,#DJ30_M6,,2500.0,-2.0,USD,104498.006,69.786,67099700.0,104498.006,105800.0,,105800.0,
37.0,-6869.972,20160518 12:41:00 EST,20160518 12:41:00 EST,20160518 12:41:00 EST,17527.0,,#DJ30_M6,short,,20160518 10:02:26 EST,closed,20160518 10:02:26 EST,17459.0,,,2.0,2.0,,#DJ30_M6,,-6800.0,2.0,USD,97662.952,69.972,68852400.0,97662.952,99000.0,,99000.0,
38.0,-8769.934,20160518 14:39:16 EST,20160518 14:39:16 EST,20160518 14:39:16 EST,17440.0,,#DJ30_M6,long,,20160518 12:41:00 EST,closed,20160518 12:41:00 EST,17527.0,,,2.0,2.0,,#DJ30_M6,,-8700.0,-2.0,USD,88928.072,69.934,70596400.0,88928.072,90300.0,,90300.0,
39.0,130.244,20160518 15:31:49 EST,20160518 15:31:49 EST,20160518 15:31:49 EST,17438.0,,#DJ30_M6,short,,20160518 14:39:16 EST,closed,20160518 14:39:16 EST,17440.0,,,2.0,2.0,,#DJ30_M6,,200.0,2.0,USD,89093.196,69.756,72340200.0,89093.196,90500.0,,90500.0,
40.0,4230.162,20160518 16:16:28 EST,20160518 16:16:28 EST,20160518 16:16:28 EST,17481.0,,#DJ30_M6,long,,20160518 15:31:49 EST,closed,20160518 15:31:49 EST,17438.0,,,2.0,2.0,,#DJ30_M6,,4300.0,-2.0,USD,93358.234,69.838,74088300.0,93358.234,94800.0,,94800.0,
