trade_id,PL,closeVWAP_timestamp,closedWhen,closedWhenUnixTimeStamp,closing_price_VWAP,expir,instrument,long_or_short,markToMarket_time,openVWAP_timestamp,open_or_closed,openedWhen,opening_price_VWAP,ptValue,putcall,quant_closed,quant_opened,strike,symbol,symbol_description,PurePL,qty,currency,balance,commission,margin_available,mark_to_mkt,pure_mark_to_mkt,purebalance,pure_unr_pnl,unr_pnl
1.0,-5.49995,20160419 05:28:19 EST,20160419 05:28:19 EST,20160419 05:28:19 EST,428.3,,BTCUSD_krakenUSD,short,,20160419 03:45:32 EST,closed,20160419 03:45:32 EST,427.69,,,2.0,2.0,,BTCUSD_krakenUSD,,-1.22,2.0,USD,99994.50005,4.27995,2000001.22,99994.50005,99998.78,99998.78,0.0,-2.13845
2.0,-4.1633,20160419 05:52:02 EST,20160419 05:52:02 EST,20160419 05:52:02 EST,428.36,,BTCUSD_krakenUSD,long,,20160419 05:28:19 EST,closed,20160419 05:28:19 EST,428.3,,,2.0,2.0,,BTCUSD_krakenUSD,,0.12,-2.0,USD,99990.33675,4.2833,2000001.34,99990.33675,99998.9,99998.9,0.0,-2.1415
3.0,-6.843985,20160419 06:16:41 EST,20160419 06:16:41 EST,20160419 06:16:41 EST,429.637,,BTCUSD_krakenUSD,short,,20160419 05:52:02 EST,closed,20160419 05:52:02 EST,428.36,,,2.0,2.0,,BTCUSD_krakenUSD,,-2.554,2.0,USD,99983.492765,4.289985,2000003.894,99983.492765,99996.346,99996.346,0.0,-2.1418
4.0,-6.15172,20160419 08:30:24 EST,20160419 08:30:24 EST,20160419 08:30:24 EST,428.707,,BTCUSD_krakenUSD,long,,20160419 06:16:41 EST,closed,20160419 06:16:41 EST,429.637,,,2.0,2.0,,BTCUSD_krakenUSD,,-1.86,-2.0,USD,99977.341045,4.29172,2000002.034,99977.341045,99994.486,99994.486,0.0,-2.148185
5.0,-5.119145,20160419 09:12:05 EST,20160419 09:12:05 EST,20160419 09:12:05 EST,429.122,,BTCUSD_krakenUSD,short,,20160419 08:30:24 EST,closed,20160419 08:30:24 EST,428.707,,,2.0,2.0,,BTCUSD_krakenUSD,,-0.83,2.0,USD,99972.2219,4.289145,2000002.864,99972.2219,99993.656,99993.656,0.0,-2.143535
6.0,1.64989,20160419 18:16:37 EST,20160419 18:16:37 EST,20160419 18:16:37 EST,432.1,,BTCUSD_krakenUSD,long,,20160419 09:12:05 EST,closed,20160419 09:12:05 EST,429.122,,,2.0,2.0,,BTCUSD_krakenUSD,,5.956,-2.0,USD,99973.87179,4.30611,2000008.82,99973.87179,99999.612,99999.612,0.0,-2.14561
7.0,-5.29142,20160419 18:54:32 EST,20160419 18:54:32 EST,20160419 18:54:32 EST,432.584,,BTCUSD_krakenUSD,short,,20160419 18:16:37 EST,closed,20160419 18:16:37 EST,432.1,,,2.0,2.0,,BTCUSD_krakenUSD,,-0.968,2.0,USD,99968.58037,4.32342,2000009.788,99968.58037,99998.644,99998.644,0.0,-2.1605
8.0,2.096065,20160419 22:58:44 EST,20160419 22:58:44 EST,20160419 22:58:44 EST,435.803,,BTCUSD_krakenUSD,long,,20160419 18:54:32 EST,closed,20160419 18:54:32 EST,432.584,,,2.0,2.0,,BTCUSD_krakenUSD,,6.438,-2.0,USD,99970.676435,4.341935,2000016.226,99970.676435,100005.082,100005.082,1.832,-0.3355
9.0,-4.13748,20160419 23:22:47 EST,20160419 23:22:47 EST,20160419 23:22:47 EST,435.693,,BTCUSD_krakenUSD,short,,20160419 22:58:44 EST,closed,20160419 22:58:44 EST,435.803,,,2.0,2.0,,BTCUSD_krakenUSD,,0.22,2.0,USD,99966.538955,4.35748,2000016.006,99966.538955,100005.302,100005.302,0.0,-2.179015
10.0,-2.328015,20160419 23:48:49 EST,20160419 23:48:49 EST,20160419 23:48:49 EST,436.71,,BTCUSD_krakenUSD,long,,20160419 23:22:47 EST,closed,20160419 23:22:47 EST,435.693,,,2.0,2.0,,BTCUSD_krakenUSD,,2.034,-2.0,USD,99964.21094,4.362015,2000018.04,99964.21094,100007.336,100007.336,0.0,-2.178465
11.0,-4.000185,20160420 00:43:19 EST,20160420 00:43:19 EST,20160420 00:43:19 EST,436.527,,BTCUSD_krakenUSD,short,,20160419 23:48:49 EST,closed,20160419 23:48:49 EST,436.71,,,2.0,2.0,,BTCUSD_krakenUSD,,0.366,2.0,USD,99960.210755,4.366185,2000017.674,99960.210755,100007.702,100007.702,0.0,-2.18355
12.0,-3.31191,20160420 02:26:57 EST,20160420 02:26:57 EST,20160420 02:26:57 EST,437.055,,BTCUSD_krakenUSD,long,,20160420 00:43:19 EST,closed,20160420 00:43:19 EST,436.527,,,2.0,2.0,,BTCUSD_krakenUSD,,1.056,-2.0,USD,99956.898845,4.36791,2000018.73,99956.898845,100008.758,100008.758,0.0,-2.182635
13.0,-3.759025,20160420 02:51:07 EST,20160420 02:51:07 EST,20160420 02:51:07 EST,436.75,,BTCUSD_krakenUSD,short,,20160420 02:26:57 EST,closed,20160420 02:26:57 EST,437.055,,,2.0,2.0,,BTCUSD_krakenUSD,,0.61,2.0,USD,99953.13982,4.369025,2000018.12,99953.13982,100009.368,100009.368,0.0,-2.185275
14.0,-5.46475,20160420 08:48:02 EST,20160420 08:48:02 EST,20160420 08:48:02 EST,436.2,,BTCUSD_krakenUSD,long,,20160420 02:51:07 EST,closed,20160420 02:51:07 EST,436.75,,,2.0,2.0,,BTCUSD_krakenUSD,,-1.1,-2.0,USD,99947.67507,4.36475,2000017.02,99947.67507,100008.268,100008.268,0.0,-2.18375
15.0,-4.9635,20160420 09:13:06 EST,20160420 09:13:06 EST,20160420 09:13:06 EST,436.5,,BTCUSD_krakenUSD,short,,20160420 08:48:02 EST,closed,20160420 08:48:02 EST,436.2,,,2.0,2.0,,BTCUSD_krakenUSD,,-0.6,2.0,USD,99942.71157,4.3635,2000017.62,99942.71157,100007.668,100007.668,0.0,-2.181
16.0,-4.223355,20160420 10:00:06 EST,20160420 10:00:06 EST,20160420 10:00:06 EST,436.571,,BTCUSD_krakenUSD,long,,20160420 09:13:06 EST,closed,20160420 09:13:06 EST,436.5,,,2.0,2.0,,BTCUSD_krakenUSD,,0.142,-2.0,USD,99938.488215,4.365355,2000017.762,99938.488215,100007.81,100007.81,0.0,-2.1825
17.0,-4.2414,20160420 10:25:52 EST,20160420 10:25:52 EST,20160420 10:25:52 EST,436.509,,BTCUSD_krakenUSD,short,,20160420 10:00:06 EST,closed,20160420 10:00:06 EST,436.571,,,2.0,2.0,,BTCUSD_krakenUSD,,0.124,2.0,USD,99934.246815,4.3654,2000017.638,99934.246815,100007.934,100007.934,0.0,-2.182855
18.0,-1.789545,20160420 11:17:22 EST,20160420 11:17:22 EST,20160420 11:17:22 EST,437.8,,BTCUSD_krakenUSD,long,,20160420 10:25:52 EST,closed,20160420 10:25:52 EST,436.509,,,2.0,2.0,,BTCUSD_krakenUSD,,2.582,-2.0,USD,99932.45727,4.371545,2000020.22,99932.45727,100010.516,100010.516,0.0,-2.182545
19.0,-3.365475,20160420 11:44:22 EST,20160420 11:44:22 EST,20160420 11:44:22 EST,437.295,,BTCUSD_krakenUSD,short,,20160420 11:17:22 EST,closed,20160420 11:17:22 EST,437.8,,,2.0,2.0,,BTCUSD_krakenUSD,,1.01,2.0,USD,99929.091795,4.375475,2000019.21,99929.091795,100011.526,100011.526,0.0,-2.189
20.0,5.013525,20160420 13:41:16 EST,20160420 13:41:16 EST,20160420 13:41:16 EST,442.0,,BTCUSD_krakenUSD,long,,20160420 11:44:22 EST,closed,20160420 11:44:22 EST,437.295,,,2.0,2.0,,BTCUSD_krakenUSD,,9.41,-2.0,USD,99934.10532,4.396475,2000028.62,99934.10532,100020.936,100020.936,0.0,-2.186475
21.0,-4.369875,20160420 13:59:01 EST,20160420 13:59:01 EST,20160420 13:59:01 EST,441.975,,BTCUSD_krakenUSD,short,,20160420 13:41:16 EST,closed,20160420 13:41:16 EST,442.0,,,2.0,2.0,,BTCUSD_krakenUSD,,0.05,2.0,USD,99929.735445,4.419875,2000028.57,99929.735445,100020.986,100020.986,0.0,-2.21
22.0,-5.85216,20160420 14:42:19 EST,20160420 14:42:19 EST,20160420 14:42:19 EST,441.257,,BTCUSD_krakenUSD,long,,20160420 13:59:01 EST,closed,20160420 13:59:01 EST,441.975,,,2.0,2.0,,BTCUSD_krakenUSD,,-1.436,-2.0,USD,99923.883285,4.41616,2000027.134,99923.883285,100019.55,100019.55,0.0,-2.209875
23.0,-2.726365,20160420 14:58:40 EST,20160420 14:58:40 EST,20160420 14:58:40 EST,440.416,,BTCUSD_krakenUSD,short,,20160420 14:42:19 EST,closed,20160420 14:42:19 EST,441.257,,,2.0,2.0,,BTCUSD_krakenUSD,,1.682,2.0,USD,99921.15692,4.408365,2000025.452,99921.15692,100021.232,100021.232,0.0,-2.206285
24.0,-1.4356,20160420 15:38:54 EST,20160420 15:38:54 EST,20160420 15:38:54 EST,441.904,,BTCUSD_krakenUSD,long,,20160420 14:58:40 EST,closed,20160420 14:58:40 EST,440.416,,,2.0,2.0,,BTCUSD_krakenUSD,,2.976,-2.0,USD,99919.72132,4.4116,2000028.428,99919.72132,100024.208,100024.208,0.0,-2.20208
25.0,-1.53585,20160420 15:57:35 EST,20160420 15:57:35 EST,20160420 15:57:35 EST,440.466,,BTCUSD_krakenUSD,short,,20160420 15:38:54 EST,closed,20160420 15:38:54 EST,441.904,,,2.0,2.0,,BTCUSD_krakenUSD,,2.876,2.0,USD,99918.18547,4.41185,2000025.552,99918.18547,100027.084,100027.084,0.0,-2.20952
26.0,0.65067,20160420 16:19:59 EST,20160420 16:19:59 EST,20160420 16:19:59 EST,443.0,,BTCUSD_krakenUSD,long,,20160420 15:57:35 EST,closed,20160420 15:57:35 EST,440.466,,,2.0,2.0,,BTCUSD_krakenUSD,,5.068,-2.0,USD,99918.83614,4.41733,2000030.62,99918.83614,100032.152,100032.152,0.0,-2.20233
27.0,-3.910705,20160420 16:40:47 EST,20160420 16:40:47 EST,20160420 16:40:47 EST,442.741,,BTCUSD_krakenUSD,short,,20160420 16:19:59 EST,closed,20160420 16:19:59 EST,443.0,,,2.0,2.0,,BTCUSD_krakenUSD,,0.518,2.0,USD,99914.925435,4.428705,2000030.102,99914.925435,100032.67,100032.67,0.0,-2.215
28.0,-3.910705,20160420 18:39:58 EST,20160420 18:39:58 EST,20160420 18:39:58 EST,443.0,,BTCUSD_krakenUSD,long,,20160420 16:40:47 EST,closed,20160420 16:40:47 EST,442.741,,,2.0,2.0,,BTCUSD_krakenUSD,,0.518,-2.0,USD,99911.01473,4.428705,2000030.62,99911.01473,100033.188,100033.188,0.0,-2.213705
29.0,-1.97187,20160420 18:58:11 EST,20160420 18:58:11 EST,20160420 18:58:11 EST,441.774,,BTCUSD_krakenUSD,short,,20160420 18:39:58 EST,closed,20160420 18:39:58 EST,443.0,,,2.0,2.0,,BTCUSD_krakenUSD,,2.452,2.0,USD,99909.04286,4.42387,2000028.168,99909.04286,100035.64,100035.64,0.0,-2.215
30.0,-6.031695,20160420 20:19:32 EST,20160420 20:19:32 EST,20160420 20:19:32 EST,440.965,,BTCUSD_krakenUSD,long,,20160420 18:58:11 EST,closed,20160420 18:58:11 EST,441.774,,,2.0,2.0,,BTCUSD_krakenUSD,,-1.618,-2.0,USD,99903.011165,4.413695,2000026.55,99903.011165,100034.022,100034.022,0.0,-2.20887
31.0,-5.482325,20160420 20:46:47 EST,20160420 20:46:47 EST,20160420 20:46:47 EST,441.5,,BTCUSD_krakenUSD,short,,20160420 20:19:32 EST,closed,20160420 20:19:32 EST,440.965,,,2.0,2.0,,BTCUSD_krakenUSD,,-1.07,2.0,USD,99897.52884,4.412325,2000027.62,99897.52884,100032.952,100032.952,0.0,-2.204825
32.0,-2.05691,20160421 00:22:26 EST,20160421 00:22:26 EST,20160421 00:22:26 EST,442.682,,BTCUSD_krakenUSD,long,,20160420 20:46:47 EST,closed,20160420 20:46:47 EST,441.5,,,2.0,2.0,,BTCUSD_krakenUSD,,2.364,-2.0,USD,99895.47193,4.42091,2000029.984,99895.47193,100035.316,100035.316,0.0,-2.2075
33.0,-6.919035,20160421 01:13:34 EST,20160421 01:13:34 EST,20160421 01:13:34 EST,443.925,,BTCUSD_krakenUSD,short,,20160421 00:22:26 EST,closed,20160421 00:22:26 EST,442.682,,,2.0,2.0,,BTCUSD_krakenUSD,,-2.486,2.0,USD,99888.552895,4.433035,2000032.47,99888.552895,100032.83,100032.83,0.0,-2.21341
34.0,-6.34647,20160421 10:57:06 EST,20160421 10:57:06 EST,20160421 10:57:06 EST,442.969,,BTCUSD_krakenUSD,long,,20160421 01:13:34 EST,closed,20160421 01:13:34 EST,443.925,,,2.0,2.0,,BTCUSD_krakenUSD,,-1.912,-2.0,USD,99882.206425,4.43447,2000030.558,99882.206425,100030.918,100030.918,0.0,-2.219625
35.0,-1.163545,20160421 11:25:03 EST,20160421 11:25:03 EST,20160421 11:25:03 EST,441.34,,BTCUSD_krakenUSD,short,,20160421 10:57:06 EST,closed,20160421 10:57:06 EST,442.969,,,2.0,2.0,,BTCUSD_krakenUSD,,3.258,2.0,USD,99881.04288,4.421545,2000027.3,99881.04288,100034.176,100034.176,0.0,-2.214845
36.0,0.049415,20160421 12:45:49 EST,20160421 12:45:49 EST,20160421 12:45:49 EST,443.577,,BTCUSD_krakenUSD,long,,20160421 11:25:03 EST,closed,20160421 11:25:03 EST,441.34,,,2.0,2.0,,BTCUSD_krakenUSD,,4.474,-2.0,USD,99881.092295,4.424585,2000031.774,99881.092295,100038.65,100038.65,0.0,-2.2067
37.0,-10.23423,20160421 13:40:01 EST,20160421 13:40:01 EST,20160421 13:40:01 EST,446.469,,BTCUSD_krakenUSD,short,,20160421 12:45:49 EST,closed,20160421 12:45:49 EST,443.577,,,2.0,2.0,,BTCUSD_krakenUSD,,-5.784,2.0,USD,99870.858065,4.45023,2000037.558,99870.858065,100032.866,100032.866,0.0,-2.217885
38.0,-3.16794,20160421 15:11:35 EST,20160421 15:11:35 EST,20160421 15:11:35 EST,447.119,,BTCUSD_krakenUSD,long,,20160421 13:40:01 EST,closed,20160421 13:40:01 EST,446.469,,,2.0,2.0,,BTCUSD_krakenUSD,,1.3,-2.0,USD,99867.690125,4.46794,2000038.858,99867.690125,100034.166,100034.166,0.0,-2.232345
39.0,-2.708795,20160421 15:54:06 EST,20160421 15:54:06 EST,20160421 15:54:06 EST,446.24,,BTCUSD_krakenUSD,short,,20160421 15:11:35 EST,closed,20160421 15:11:35 EST,447.119,,,2.0,2.0,,BTCUSD_krakenUSD,,1.758,2.0,USD,99864.98133,4.466795,2000037.1,99864.98133,100035.924,100035.924,0.0,-2.235595
40.0,4.014355,20160421 16:38:08 EST,20160421 16:38:08 EST,20160421 16:38:08 EST,450.489,,BTCUSD_krakenUSD,long,,20160421 15:54:06 EST,closed,20160421 15:54:06 EST,446.24,,,2.0,2.0,,BTCUSD_krakenUSD,,8.498,-2.0,USD,99868.995685,4.483645,2000045.598,99868.995685,100044.422,100044.422,0.0,-2.2312
41.0,2.76524,20160421 17:58:33 EST,20160421 17:58:33 EST,20160421 17:58:33 EST,446.863,,BTCUSD_krakenUSD,short,,20160421 16:38:08 EST,closed,20160421 16:38:08 EST,450.489,,,2.0,2.0,,BTCUSD_krakenUSD,,7.252,2.0,USD,99871.760925,4.48676,2000038.346,99871.760925,100051.674,100051.674,0.0,-2.252445
42.0,3.804635,20160421 18:48:31 EST,20160421 18:48:31 EST,20160421 18:48:31 EST,451.01,,BTCUSD_krakenUSD,long,,20160421 17:58:33 EST,closed,20160421 17:58:33 EST,446.863,,,2.0,2.0,,BTCUSD_krakenUSD,,8.294,-2.0,USD,99875.56556,4.489365,2000046.64,99875.56556,100059.968,100059.968,0.0,-2.234315
43.0,-3.88855,20160421 19:55:46 EST,20160421 19:55:46 EST,20160421 19:55:46 EST,450.7,,BTCUSD_krakenUSD,short,,20160421 18:48:31 EST,closed,20160421 18:48:31 EST,451.01,,,2.0,2.0,,BTCUSD_krakenUSD,,0.62,2.0,USD,99871.67701,4.50855,2000046.02,99871.67701,100060.588,100060.588,0.0,-2.25505
44.0,-5.72395,20160421 20:42:57 EST,20160421 20:42:57 EST,20160421 20:42:57 EST,450.09,,BTCUSD_krakenUSD,long,,20160421 19:55:46 EST,closed,20160421 19:55:46 EST,450.7,,,2.0,2.0,,BTCUSD_krakenUSD,,-1.22,-2.0,USD,99865.95306,4.50395,2000044.8,99865.95306,100059.368,100059.368,0.0,-2.2535
45.0,6.10555,20160422 00:09:49 EST,20160422 00:09:49 EST,20160422 00:09:49 EST,444.8,,BTCUSD_krakenUSD,short,,20160421 20:42:57 EST,closed,20160421 20:42:57 EST,450.09,,,2.0,2.0,,BTCUSD_krakenUSD,,10.58,2.0,USD,99872.05861,4.47445,2000034.22,99872.05861,100069.948,100069.948,0.0,-2.25045
46.0,-4.448,20160422 00:35:42 EST,20160422 00:35:42 EST,20160422 00:35:42 EST,444.8,,BTCUSD_krakenUSD,long,,20160422 00:09:49 EST,closed,20160422 00:09:49 EST,444.8,,,2.0,2.0,,BTCUSD_krakenUSD,,0.0,-2.0,USD,99867.61061,4.448,2000034.22,99867.61061,100069.948,100069.948,0.0,-2.224
47.0,-2.717685,20160422 02:47:03 EST,20160422 02:47:03 EST,20160422 02:47:03 EST,443.937,,BTCUSD_krakenUSD,short,,20160422 00:35:42 EST,closed,20160422 00:35:42 EST,444.8,,,2.0,2.0,,BTCUSD_krakenUSD,,1.726,2.0,USD,99864.892925,4.443685,2000032.494,99864.892925,100071.674,100071.674,0.0,-2.224
48.0,-0.196005,20160422 06:28:41 EST,20160422 06:28:41 EST,20160422 06:28:41 EST,446.064,,BTCUSD_krakenUSD,long,,20160422 02:47:03 EST,closed,20160422 02:47:03 EST,443.937,,,2.0,2.0,,BTCUSD_krakenUSD,,4.254,-2.0,USD,99864.69692,4.450005,2000036.748,99864.69692,100075.928,100075.928,0.0,-2.219685
49.0,-2.23032,,,,0.0,,BTCUSD_krakenUSD,short,,20160422 06:28:41 EST,open,20160422 06:28:41 EST,446.064,,,0.0,2.0,,BTCUSD_krakenUSD,,0.0,-2.0,USD,99862.4666,2.23032,1999144.62,99860.23628,100075.928,100075.928,,
