trade_id,PL,closeVWAP_timestamp,closedWhen,closedWhenUnixTimeStamp,closing_price_VWAP,expir,instrument,long_or_short,markToMarket_time,openVWAP_timestamp,open_or_closed,openedWhen,opening_price_VWAP,ptValue,putcall,quant_closed,quant_opened,strike,symbol,symbol_description,PurePL,qty,currency,balance,commission,margin_available,mark_to_mkt,pure_mark_to_mkt,pure_unr_pnl,purebalance,unr_pnl
1.0,-1518.7613,20160512 02:14:58 EST,20160512 02:14:58 EST,20160512 02:14:58 EST,8447.75,,#ChinaHShar,short,,20160511 05:36:34 EST,closed,20160511 05:36:34 EST,8432.9,,,2.0,2.0,,#ChinaHShar,,-1485.0,2.0,USD,98498.1045,33.7613,2844775.0,98498.1045,98515.0,,98515.0,
2.0,-1979.64292,20160512 05:31:13 EST,20160512 05:31:13 EST,20160512 05:31:13 EST,8420.46,,#ChinaHShar,short,,20160512 03:25:21 EST,closed,20160512 03:25:21 EST,8401.0,,,2.0,2.0,,#ChinaHShar,,-1946.0,2.0,USD,96535.26358,33.64292,3686821.0,96535.26358,96569.0,,96569.0,
3.0,-1533.65184,20160512 05:35:21 EST,20160512 05:35:21 EST,20160512 05:35:21 EST,8405.46,,#ChinaHShar,long,,20160512 05:31:13 EST,closed,20160512 05:31:13 EST,8420.46,,,2.0,2.0,,#ChinaHShar,,-1500.0,-2.0,USD,95018.45266,33.65184,4527367.0,95018.45266,95069.0,,95069.0,
4.0,-1533.65184,20160512 10:28:10 EST,20160512 10:28:10 EST,20160512 10:28:10 EST,8420.46,,#ChinaHShar,short,,20160512 05:35:21 EST,closed,20160512 05:35:21 EST,8405.46,,,2.0,2.0,,#ChinaHShar,,-1500.0,2.0,USD,93501.61174,33.65184,5369413.0,93501.61174,93569.0,,93569.0,
5.0,-1533.65184,20160512 10:52:52 EST,20160512 10:52:52 EST,20160512 10:52:52 EST,8405.46,,#ChinaHShar,long,,20160512 10:31:59 EST,closed,20160512 10:31:59 EST,8420.46,,,2.0,2.0,,#ChinaHShar,,-1500.0,-2.0,USD,91984.80082,33.65184,6209959.0,91984.80082,92069.0,,92069.0,
6.0,-1533.65184,20160512 15:54:44 EST,20160512 15:54:44 EST,20160512 15:54:44 EST,8420.46,,#ChinaHShar,short,,20160512 10:52:52 EST,closed,20160512 10:52:52 EST,8405.46,,,2.0,2.0,,#ChinaHShar,,-1500.0,2.0,USD,90467.9599,33.65184,7052005.0,90467.9599,90569.0,,90569.0,
7.0,7687.53258,20160512 23:54:07 EST,20160512 23:54:07 EST,20160512 23:54:07 EST,8328.25,,#ChinaHShar,short,,20160512 20:09:20 EST,closed,20160512 20:09:20 EST,8405.46,,,2.0,2.0,,#ChinaHShar,,7721.0,2.0,USD,98172.3034,33.46742,7884830.0,98172.3034,98290.0,,98290.0,
8.0,-5379.20608,20160513 03:39:32 EST,20160513 03:39:32 EST,20160513 03:39:32 EST,8274.79,,#ChinaHShar,long,,20160513 00:05:21 EST,closed,20160513 00:05:21 EST,8328.25,,,2.0,2.0,,#ChinaHShar,,-5346.0,-2.0,USD,92809.75382,33.20608,8712309.0,92809.75382,92944.0,,92944.0,
9.0,-4085.1802,20160513 05:56:55 EST,20160513 05:56:55 EST,20160513 05:56:55 EST,8315.31,,#ChinaHShar,short,,20160513 03:39:32 EST,closed,20160513 03:39:32 EST,8274.79,,,2.0,2.0,,#ChinaHShar,,-4052.0,2.0,USD,88741.1232,33.1802,9543840.0,88741.1232,88892.0,,88892.0,
10.0,-1533.23124,20160513 06:04:35 EST,20160513 06:04:35 EST,20160513 06:04:35 EST,8300.31,,#ChinaHShar,long,,20160513 05:56:55 EST,closed,20160513 05:56:55 EST,8315.31,,,2.0,2.0,,#ChinaHShar,,-1500.0,-2.0,USD,87224.52258,33.23124,10373871.0,87224.52258,87392.0,,87392.0,
11.0,-1533.23124,20160513 16:33:50 EST,20160513 16:33:50 EST,20160513 16:33:50 EST,8315.31,,#ChinaHShar,short,,20160513 06:04:35 EST,closed,20160513 06:04:35 EST,8300.31,,,2.0,2.0,,#ChinaHShar,,-1500.0,2.0,USD,85707.89196,33.23124,11205402.0,85707.89196,85892.0,,85892.0,
12.0,-1533.23124,20160513 16:48:37 EST,20160513 16:48:37 EST,20160513 16:48:37 EST,8300.31,,#ChinaHShar,long,,20160513 16:33:50 EST,closed,20160513 16:33:50 EST,8315.31,,,2.0,2.0,,#ChinaHShar,,-1500.0,-2.0,USD,84191.29134,33.23124,12035433.0,84191.29134,84392.0,,84392.0,
13.0,-1533.23124,20160513 18:54:40 EST,20160513 18:54:40 EST,20160513 18:54:40 EST,8315.31,,#ChinaHShar,short,,20160513 16:48:37 EST,closed,20160513 16:48:37 EST,8300.31,,,2.0,2.0,,#ChinaHShar,,-1500.0,2.0,USD,82674.66072,33.23124,12866964.0,82674.66072,82892.0,,82892.0,
14.0,-1533.23124,20160513 19:22:05 EST,20160513 19:22:05 EST,20160513 19:22:05 EST,8300.31,,#ChinaHShar,long,,20160513 18:54:40 EST,closed,20160513 18:54:40 EST,8315.31,,,2.0,2.0,,#ChinaHShar,,-1500.0,-2.0,USD,81158.0601,33.23124,13696995.0,81158.0601,81392.0,,81392.0,
15.0,-1533.23124,20160513 20:21:14 EST,20160513 20:21:14 EST,20160513 20:21:14 EST,8315.31,,#ChinaHShar,short,,20160513 19:22:05 EST,closed,20160513 19:22:05 EST,8300.31,,,2.0,2.0,,#ChinaHShar,,-1500.0,2.0,USD,79641.42948,33.23124,14528526.0,79641.42948,79892.0,,79892.0,
16.0,-1533.23124,20160513 21:12:57 EST,20160513 21:12:57 EST,20160513 21:12:57 EST,8300.31,,#ChinaHShar,long,,20160513 20:21:14 EST,closed,20160513 20:21:14 EST,8315.31,,,2.0,2.0,,#ChinaHShar,,-1500.0,-2.0,USD,78124.82886,33.23124,15358557.0,78124.82886,78392.0,,78392.0,
17.0,-1533.23124,20160513 23:16:11 EST,20160513 23:16:11 EST,20160513 23:16:11 EST,8315.31,,#ChinaHShar,short,,20160513 21:12:57 EST,closed,20160513 21:12:57 EST,8300.31,,,2.0,2.0,,#ChinaHShar,,-1500.0,2.0,USD,76608.19824,33.23124,16190088.0,76608.19824,76892.0,,76892.0,
18.0,-1533.23124,20160513 23:36:00 EST,20160513 23:36:00 EST,20160513 23:36:00 EST,8300.31,,#ChinaHShar,long,,20160513 23:16:11 EST,closed,20160513 23:16:11 EST,8315.31,,,2.0,2.0,,#ChinaHShar,,-1500.0,-2.0,USD,75091.59762,33.23124,17020119.0,75091.59762,75392.0,,75392.0,
19.0,-1533.23124,20160514 00:56:37 EST,20160514 00:56:37 EST,20160514 00:56:37 EST,8315.31,,#ChinaHShar,short,,20160513 23:36:00 EST,closed,20160513 23:36:00 EST,8300.31,,,2.0,2.0,,#ChinaHShar,,-1500.0,2.0,USD,73574.967,33.23124,17851650.0,73574.967,73892.0,,73892.0,
20.0,-1533.23124,20160514 01:18:00 EST,20160514 01:18:00 EST,20160514 01:18:00 EST,8300.31,,#ChinaHShar,long,,20160514 00:56:37 EST,closed,20160514 00:56:37 EST,8315.31,,,2.0,2.0,,#ChinaHShar,,-1500.0,-2.0,USD,72058.36638,33.23124,18681681.0,72058.36638,72392.0,,72392.0,
21.0,-1533.23124,20160514 01:42:02 EST,20160514 01:42:02 EST,20160514 01:42:02 EST,8315.31,,#ChinaHShar,short,,20160514 01:18:00 EST,closed,20160514 01:18:00 EST,8300.31,,,2.0,2.0,,#ChinaHShar,,-1500.0,2.0,USD,70541.73576,33.23124,19513212.0,70541.73576,70892.0,,70892.0,
22.0,-1533.23124,20160514 02:24:18 EST,20160514 02:24:18 EST,20160514 02:24:18 EST,8300.31,,#ChinaHShar,long,,20160514 01:42:02 EST,closed,20160514 01:42:02 EST,8315.31,,,2.0,2.0,,#ChinaHShar,,-1500.0,-2.0,USD,69025.13514,33.23124,20343243.0,69025.13514,69392.0,,69392.0,
23.0,-1533.23124,20160514 07:40:17 EST,20160514 07:40:17 EST,20160514 07:40:17 EST,8315.31,,#ChinaHShar,short,,20160514 02:24:18 EST,closed,20160514 02:24:18 EST,8300.31,,,2.0,2.0,,#ChinaHShar,,-1500.0,2.0,USD,67508.50452,33.23124,21174774.0,67508.50452,67892.0,,67892.0,
24.0,-1533.23124,20160514 09:04:54 EST,20160514 09:04:54 EST,20160514 09:04:54 EST,8300.31,,#ChinaHShar,long,,20160514 07:40:17 EST,closed,20160514 07:40:17 EST,8315.31,,,2.0,2.0,,#ChinaHShar,,-1500.0,-2.0,USD,65991.9039,33.23124,22004805.0,65991.9039,66392.0,,66392.0,
25.0,-1533.23124,20160514 17:18:58 EST,20160514 17:18:58 EST,20160514 17:18:58 EST,8315.31,,#ChinaHShar,short,,20160514 09:04:54 EST,closed,20160514 09:04:54 EST,8300.31,,,2.0,2.0,,#ChinaHShar,,-1500.0,2.0,USD,64475.27328,33.23124,22836336.0,64475.27328,64892.0,,64892.0,
26.0,-1533.23124,20160514 18:21:04 EST,20160514 18:21:04 EST,20160514 18:21:04 EST,8300.31,,#ChinaHShar,long,,20160514 17:18:58 EST,closed,20160514 17:18:58 EST,8315.31,,,2.0,2.0,,#ChinaHShar,,-1500.0,-2.0,USD,62958.67266,33.23124,23666367.0,62958.67266,63392.0,,63392.0,
27.0,-1533.23124,20160515 02:20:42 EST,20160515 02:20:42 EST,20160515 02:20:42 EST,8315.31,,#ChinaHShar,short,,20160514 18:21:04 EST,closed,20160514 18:21:04 EST,8300.31,,,2.0,2.0,,#ChinaHShar,,-1500.0,2.0,USD,61442.04204,33.23124,24497898.0,61442.04204,61892.0,,61892.0,
28.0,-1533.23124,20160515 04:49:24 EST,20160515 04:49:24 EST,20160515 04:49:24 EST,8300.31,,#ChinaHShar,long,,20160515 02:20:42 EST,closed,20160515 02:20:42 EST,8315.31,,,2.0,2.0,,#ChinaHShar,,-1500.0,-2.0,USD,59925.44142,33.23124,25327929.0,59925.44142,60392.0,,60392.0,
29.0,-1533.23124,20160515 06:17:18 EST,20160515 06:17:18 EST,20160515 06:17:18 EST,8315.31,,#ChinaHShar,short,,20160515 04:49:24 EST,closed,20160515 04:49:24 EST,8300.31,,,2.0,2.0,,#ChinaHShar,,-1500.0,2.0,USD,58408.8108,33.23124,26159460.0,58408.8108,58892.0,,58892.0,
30.0,-1533.23124,20160515 06:30:25 EST,20160515 06:30:25 EST,20160515 06:30:25 EST,8300.31,,#ChinaHShar,long,,20160515 06:17:18 EST,closed,20160515 06:17:18 EST,8315.31,,,2.0,2.0,,#ChinaHShar,,-1500.0,-2.0,USD,56892.21018,33.23124,26989491.0,56892.21018,57392.0,,57392.0,
31.0,-1533.23124,20160515 08:40:49 EST,20160515 08:40:49 EST,20160515 08:40:49 EST,8315.31,,#ChinaHShar,short,,20160515 06:30:25 EST,closed,20160515 06:30:25 EST,8300.31,,,2.0,2.0,,#ChinaHShar,,-1500.0,2.0,USD,55375.57956,33.23124,27821022.0,55375.57956,55892.0,,55892.0,
32.0,-1533.23124,20160515 08:45:56 EST,20160515 08:45:56 EST,20160515 08:45:56 EST,8300.31,,#ChinaHShar,long,,20160515 08:40:49 EST,closed,20160515 08:40:49 EST,8315.31,,,2.0,2.0,,#ChinaHShar,,-1500.0,-2.0,USD,53858.97894,33.23124,28651053.0,53858.97894,54392.0,,54392.0,
33.0,-1533.23124,20160515 21:02:33 EST,20160515 21:02:33 EST,20160515 21:02:33 EST,8315.31,,#ChinaHShar,short,,20160515 08:45:56 EST,closed,20160515 08:45:56 EST,8300.31,,,2.0,2.0,,#ChinaHShar,,-1500.0,2.0,USD,52342.34832,33.23124,29482584.0,52342.34832,52892.0,,52892.0,
34.0,-4847.16496,20160515 21:39:32 EST,20160515 21:39:32 EST,20160515 21:39:32 EST,8267.17,,#ChinaHShar,long,,20160515 21:02:33 EST,closed,20160515 21:02:33 EST,8315.31,,,2.0,2.0,,#ChinaHShar,,-4814.0,-2.0,USD,47511.81398,33.16496,30309301.0,47511.81398,48078.0,,48078.0,
35.0,-5144.1709,20160515 22:53:34 EST,20160515 22:53:34 EST,20160515 22:53:34 EST,8318.28,,#ChinaHShar,short,,20160515 21:39:32 EST,closed,20160515 21:39:32 EST,8267.17,,,2.0,2.0,,#ChinaHShar,,-5111.0,2.0,USD,42384.17742,33.1709,31141129.0,42384.17742,42967.0,,42967.0,
36.0,5715.6119,20160515 23:54:41 EST,20160515 23:54:41 EST,20160515 23:54:41 EST,8375.77,,#ChinaHShar,long,,20160515 22:53:34 EST,closed,20160515 22:53:34 EST,8318.28,,,2.0,2.0,,#ChinaHShar,,5749.0,-2.0,USD,48116.42588,33.3881,31978706.0,48116.42588,48716.0,,48716.0,
37.0,-535.51312,20160516 00:21:52 EST,20160516 00:21:52 EST,20160516 00:21:52 EST,8380.79,,#ChinaHShar,short,,20160515 23:54:41 EST,closed,20160515 23:54:41 EST,8375.77,,,2.0,2.0,,#ChinaHShar,,-502.0,2.0,USD,47597.6643,33.51312,32816785.0,47597.6643,48214.0,,48214.0,
