trade_id,PL,closeVWAP_timestamp,closedWhen,closedWhenUnixTimeStamp,closing_price_VWAP,expir,instrument,long_or_short,markToMarket_time,openVWAP_timestamp,open_or_closed,openedWhen,opening_price_VWAP,ptValue,putcall,quant_closed,quant_opened,strike,symbol,symbol_description,PurePL,qty,currency,balance,commission,margin_available,mark_to_mkt,pure_mark_to_mkt,purebalance,pure_unr_pnl,unr_pnl
1.0,-13.93258,20160502 10:16:00 EST,20160502 10:16:00 EST,20160502 10:16:00 EST,1.25409,,USDCAD,short,,20160502 10:01:09 EST,closed,20160502 10:01:09 EST,1.25346,,,2.0,2.0,,USDCAD,,-9.93258,2.0,CAD,99986.06742,4.0,2000009.93258,99986.06742,99990.06742,99990.06742,7.25236,5.25236
2.0,17.44176,20160502 10:31:43 EST,20160502 10:31:43 EST,20160502 10:31:43 EST,1.25545,,USDCAD,long,,20160502 10:16:00 EST,closed,20160502 10:16:00 EST,1.25409,,,2.0,2.0,,USDCAD,,21.44176,-2.0,CAD,100003.50918,4.0,2000031.37434,100003.50918,100011.50918,100011.50918,5.36044,3.36044
3.0,1.5181,20160502 12:25:34 EST,20160502 12:25:34 EST,20160502 12:25:34 EST,1.25449,,USDCAD,long,,20160502 12:09:15 EST,closed,20160502 12:09:15 EST,1.25414,,,2.0,2.0,,USDCAD,,5.5181,-2.0,CAD,100005.02728,4.0,2000036.89244,100005.02728,100017.02728,100017.02728,-0.630640000001,-2.63064
4.0,12.5543,20160511 10:39:47 EST,20160511 10:39:47 EST,20160511 10:39:47 EST,1.28788,,USDCAD,short,,20160511 09:20:11 EST,closed,20160511 09:20:11 EST,1.28893,,,2.0,2.0,,USDCAD,,16.5543,2.0,CAD,100017.58158,4.0,2000020.33814,100017.58158,100033.58158,100033.58158,1.89192,-0.108079999998
5.0,-8.57214,20160511 14:35:39 EST,20160511 14:35:39 EST,20160511 14:35:39 EST,1.2841,,USDCAD,short,,20160511 12:08:03 EST,closed,20160511 12:08:03 EST,1.28381,,,2.0,2.0,,USDCAD,,-4.57214,2.0,CAD,100009.00944,4.0,2000024.91028,100009.00944,100029.00944,100029.00944,3.46852,1.46852
6.0,-23.07686,20160511 22:04:34 EST,20160511 22:04:34 EST,20160511 22:04:34 EST,1.28568,,USDCAD,short,,20160511 16:28:43 EST,closed,20160511 16:28:43 EST,1.28447,,,2.0,2.0,,USDCAD,,-19.07686,2.0,CAD,99985.93258,4.0,2000043.98714,99985.93258,100009.93258,100009.93258,3.31086,1.31086
7.0,-18.03174,20160512 03:40:53 EST,20160512 03:40:53 EST,20160512 03:40:53 EST,1.28648,,USDCAD,short,,20160511 22:47:32 EST,closed,20160511 22:47:32 EST,1.28559,,,2.0,2.0,,USDCAD,,-14.03174,2.0,CAD,99969.90084,4.0,2020326.63082,99969.90084,99995.90084,99995.90084,,
8.0,-28.59496,20160512 05:32:52 EST,20160512 05:32:52 EST,20160512 05:32:52 EST,1.28437,,USDCAD,short,,20160512 05:14:12 EST,closed,20160512 05:14:12 EST,1.28281,,,2.0,2.0,,USDCAD,,-24.59496,2.0,CAD,99941.30588,4.0,2020351.22578,99941.30588,99971.30588,99971.30588,3.31086,1.31086
9.0,13.65792,20160512 14:33:02 EST,20160512 14:33:02 EST,20160512 14:33:02 EST,1.28274,,USDCAD,short,,20160512 12:44:32 EST,closed,20160512 12:44:32 EST,1.28386,,,2.0,2.0,,USDCAD,,17.65792,2.0,CAD,99954.9638,4.0,2020333.56786,99954.9638,99988.9638,99988.9638,3.62618,1.62618
10.0,-39.4735,20160512 15:37:57 EST,20160512 15:37:57 EST,20160512 15:37:57 EST,1.2839,,USDCAD,short,,20160512 14:51:08 EST,closed,20160512 14:51:08 EST,1.28165,,,2.0,2.0,,USDCAD,,-35.4735,2.0,CAD,99915.4903,4.0,2020369.04136,99915.4903,99953.4903,99953.4903,3.1532,1.1532
11.0,-26.38772,20160512 17:00:36 EST,20160512 17:00:36 EST,20160512 17:00:36 EST,1.28476,,USDCAD,short,,20160512 15:55:27 EST,closed,20160512 15:55:27 EST,1.28334,,,2.0,2.0,,USDCAD,,-22.38772,2.0,CAD,99889.10258,4.0,2020391.42908,99889.10258,99931.10258,99931.10258,3.9415,1.9415
12.0,-2.10808,20160513 00:29:57 EST,20160513 00:29:57 EST,20160513 00:29:57 EST,1.2849,,USDCAD,short,,20160512 23:44:55 EST,closed,20160512 23:44:55 EST,1.28502,,,2.0,2.0,,USDCAD,,1.89192,2.0,CAD,99886.9945,4.0,2020389.53716,99886.9945,99932.9945,99932.9945,3.31086,1.31086
13.0,-3.68468,20160513 03:08:51 EST,20160513 03:08:51 EST,20160513 03:08:51 EST,1.288,,USDCAD,short,,20160513 03:06:45 EST,closed,20160513 03:06:45 EST,1.28802,,,2.0,2.0,,USDCAD,,0.315320000002,2.0,CAD,99883.30982,4.0,2020389.22184,99883.30982,99933.30982,99933.30982,2.20724,0.207239999997
14.0,18.8607,20160513 05:14:09 EST,20160513 05:14:09 EST,20160513 05:14:09 EST,1.286,,USDCAD,short,,20160513 03:20:41 EST,closed,20160513 03:20:41 EST,1.28745,,,2.0,2.0,,USDCAD,,22.8607,2.0,CAD,99902.17052,4.0,2020366.36114,99902.17052,99956.17052,99956.17052,3.62618,1.62618
15.0,-52.24396,20160513 09:15:19 EST,20160513 09:15:19 EST,20160513 09:15:19 EST,1.28916,,USDCAD,short,,20160513 07:24:33 EST,closed,20160513 07:24:33 EST,1.2861,,,2.0,2.0,,USDCAD,,-48.24396,2.0,CAD,99849.92656,4.0,2020414.6051,99849.92656,99907.92656,99907.92656,3.62618,1.62618
16.0,14.60388,20160513 13:18:36 EST,20160513 13:18:36 EST,20160513 13:18:36 EST,1.29251,,USDCAD,short,,20160513 11:03:58 EST,closed,20160513 11:03:58 EST,1.29369,,,2.0,2.0,,USDCAD,,18.60388,2.0,CAD,99864.53044,4.0,2020396.00122,99864.53044,99926.53044,99926.53044,1.73426,-0.265739999999
17.0,-9.36044,20160515 21:04:47 EST,20160515 21:04:47 EST,20160515 21:04:47 EST,1.2957,,USDCAD,long,,20160515 20:15:04 EST,closed,20160515 20:15:04 EST,1.29604,,,2.0,2.0,,USDCAD,,-5.36044,-2.0,CAD,99855.17,4.0,2020390.64078,99855.17,99921.17,99921.17,-3.31086,-5.31086
18.0,1.5181,20160516 01:33:35 EST,20160516 01:33:35 EST,20160516 01:33:35 EST,1.2936,,USDCAD,long,,20160515 23:55:13 EST,closed,20160515 23:55:13 EST,1.29325,,,2.0,2.0,,USDCAD,,5.5181,-2.0,CAD,99856.6881,4.0,2020396.15888,99856.6881,99926.6881,99926.6881,-3.78384,-5.78384
19.0,-7.78384,20160516 06:01:47 EST,20160516 06:01:47 EST,20160516 06:01:47 EST,1.29168,,USDCAD,long,,20160516 05:14:39 EST,closed,20160516 05:14:39 EST,1.29192,,,2.0,2.0,,USDCAD,,-3.78384,-2.0,CAD,99848.90426,4.0,2020392.37504,99848.90426,99922.90426,99922.90426,-0.472980000003,-2.47298
20.0,-4.15766,20160516 08:11:15 EST,20160516 08:11:15 EST,20160516 08:11:15 EST,1.29169,,USDCAD,short,,20160516 06:01:47 EST,closed,20160516 06:01:47 EST,1.29168,,,2.0,2.0,,USDCAD,,-0.157660000001,2.0,CAD,99844.7466,4.0,2020392.5327,99844.7466,99922.7466,99922.7466,1.10362,-0.89638
21.0,-3.2117,20160519 23:05:42 EST,20160519 23:05:42 EST,20160519 23:05:42 EST,1.30866,,USDCAD,long,,20160519 22:49:14 EST,closed,20160519 22:49:14 EST,1.30861,,,2.0,2.0,,USDCAD,,0.788299999998,-2.0,CAD,99841.5349,4.0,2020393.321,99841.5349,99923.5349,99923.5349,-1.26128,-3.26128
22.0,-14.2479,20160520 09:32:30 EST,20160520 09:32:30 EST,20160520 09:32:30 EST,1.30954,,USDCAD,long,,20160520 08:20:52 EST,closed,20160520 08:20:52 EST,1.31019,,,2.0,2.0,,USDCAD,,-10.2479,-2.0,CAD,99827.287,4.0,2020383.0731,99827.287,99913.287,99913.287,-0.315319999999,-2.31532
23.0,-12.6713,20160520 11:39:22 EST,20160520 11:39:22 EST,20160520 11:39:22 EST,1.3122,,USDCAD,long,,20160520 11:16:14 EST,closed,20160520 11:16:14 EST,1.31275,,,2.0,2.0,,USDCAD,,-8.6713,-2.0,CAD,99814.6157,4.0,2020374.4018,99814.6157,99904.6157,99904.6157,-0.788300000002,-2.7883
24.0,-12.51364,20160520 13:20:47 EST,20160520 13:20:47 EST,20160520 13:20:47 EST,1.31274,,USDCAD,short,,20160520 11:39:22 EST,closed,20160520 11:39:22 EST,1.3122,,,2.0,2.0,,USDCAD,,-8.51364,2.0,CAD,99802.10206,4.0,2020382.91544,99802.10206,99896.10206,99896.10206,0.315320000002,-1.68468
25.0,7.50918,20160520 15:06:10 EST,20160520 15:06:10 EST,20160520 15:06:10 EST,1.31347,,USDCAD,long,,20160520 13:20:47 EST,closed,20160520 13:20:47 EST,1.31274,,,2.0,2.0,,USDCAD,,11.50918,-2.0,CAD,99809.61124,4.0,2020394.42462,99809.61124,99907.61124,99907.61124,-0.630640000001,-2.63064
