trade_id,PL,closeVWAP_timestamp,closedWhen,closedWhenUnixTimeStamp,closing_price_VWAP,expir,instrument,long_or_short,markToMarket_time,openVWAP_timestamp,open_or_closed,openedWhen,opening_price_VWAP,ptValue,putcall,quant_closed,quant_opened,strike,symbol,symbol_description,PurePL,qty,currency,balance,commission,margin_available,mark_to_mkt,pure_mark_to_mkt,pure_unr_pnl,purebalance,unr_pnl
1.0,-204.3593,20160504 21:56:20 EST,20160504 21:56:20 EST,20160504 21:56:20 EST,4338.89,,#USNDAQ100,long,,20160504 20:56:27 EST,closed,20160504 20:56:27 EST,4340.76,,,2.0,2.0,,#USNDAQ100,,-187.0,-2.0,USD,99804.32222,17.3593,2433889.0,99804.32222,99813.0,,99813.0,
2.0,-204.3593,20160504 22:38:41 EST,20160504 22:38:41 EST,20160504 22:38:41 EST,4340.76,,#USNDAQ100,short,,20160504 21:56:20 EST,closed,20160504 21:56:20 EST,4338.89,,,2.0,2.0,,#USNDAQ100,,-187.0,2.0,USD,99608.6407,17.3593,2867965.0,99608.6407,99626.0,,99626.0,
3.0,-204.3593,20160505 09:47:04 EST,20160505 09:47:04 EST,20160505 09:47:04 EST,4338.89,,#USNDAQ100,long,,20160504 22:38:41 EST,closed,20160504 22:38:41 EST,4340.76,,,2.0,2.0,,#USNDAQ100,,-187.0,-2.0,USD,99412.96292,17.3593,3301854.0,99412.96292,99439.0,,99439.0,
4.0,-204.3593,20160505 10:03:18 EST,20160505 10:03:18 EST,20160505 10:03:18 EST,4340.76,,#USNDAQ100,short,,20160505 09:47:04 EST,closed,20160505 09:47:04 EST,4338.89,,,2.0,2.0,,#USNDAQ100,,-187.0,2.0,USD,99217.2814,17.3593,3735930.0,99217.2814,99252.0,,99252.0,
5.0,-204.3593,20160505 11:54:36 EST,20160505 11:54:36 EST,20160505 11:54:36 EST,4338.89,,#USNDAQ100,long,,20160505 10:03:18 EST,closed,20160505 10:03:18 EST,4340.76,,,2.0,2.0,,#USNDAQ100,,-187.0,-2.0,USD,99021.60362,17.3593,4169819.0,99021.60362,99065.0,,99065.0,
6.0,-204.3593,20160505 12:11:23 EST,20160505 12:11:23 EST,20160505 12:11:23 EST,4340.76,,#USNDAQ100,short,,20160505 11:54:36 EST,closed,20160505 11:54:36 EST,4338.89,,,2.0,2.0,,#USNDAQ100,,-187.0,2.0,USD,98825.9221,17.3593,4603895.0,98825.9221,98878.0,,98878.0,
7.0,-204.3593,20160506 00:44:30 EST,20160506 00:44:30 EST,20160506 00:44:30 EST,4338.89,,#USNDAQ100,long,,20160505 12:11:23 EST,closed,20160505 12:11:23 EST,4340.76,,,2.0,2.0,,#USNDAQ100,,-187.0,-2.0,USD,98630.24432,17.3593,5037784.0,98630.24432,98691.0,,98691.0,
8.0,3029.70538,20160506 00:58:28 EST,20160506 00:58:28 EST,20160506 00:58:28 EST,4308.42,,#USNDAQ100,short,,20160506 00:44:30 EST,closed,20160506 00:44:30 EST,4338.89,,,2.0,2.0,,#USNDAQ100,,3047.0,2.0,USD,101668.62748,17.29462,5468626.0,101668.62748,101738.0,,101738.0,
9.0,-257.22888,20160506 01:15:52 EST,20160506 01:15:52 EST,20160506 01:15:52 EST,4306.02,,#USNDAQ100,long,,20160506 00:58:28 EST,closed,20160506 00:58:28 EST,4308.42,,,2.0,2.0,,#USNDAQ100,,-240.0,-2.0,USD,101420.01544,17.22888,5899228.0,101420.01544,101498.0,,101498.0,
10.0,219.78066,20160506 04:12:36 EST,20160506 04:12:36 EST,20160506 04:12:36 EST,4303.65,,#USNDAQ100,short,,20160506 01:15:52 EST,closed,20160506 01:15:52 EST,4306.02,,,2.0,2.0,,#USNDAQ100,,237.0,2.0,USD,101648.40814,17.21934,6329593.0,101648.40814,101735.0,,101735.0,
11.0,18.7846800001,20160506 04:45:35 EST,20160506 04:45:35 EST,20160506 04:45:35 EST,4304.01,,#USNDAQ100,long,,20160506 04:12:36 EST,closed,20160506 04:12:36 EST,4303.65,,,2.0,2.0,,#USNDAQ100,,36.0000000001,-2.0,USD,101675.80012,17.21532,6759994.0,101675.80012,101771.0,,101771.0,
12.0,811.80054,20160506 06:50:30 EST,20160506 06:50:30 EST,20160506 06:50:30 EST,4295.72,,#USNDAQ100,short,,20160506 04:45:35 EST,closed,20160506 04:45:35 EST,4304.01,,,2.0,2.0,,#USNDAQ100,,829.0,2.0,USD,102496.20868,17.19946,7189566.0,102496.20868,102600.0,,102600.0,
13.0,-402.17518,20160506 07:40:17 EST,20160506 07:40:17 EST,20160506 07:40:17 EST,4291.87,,#USNDAQ100,long,,20160506 06:50:30 EST,closed,20160506 06:50:30 EST,4295.72,,,2.0,2.0,,#USNDAQ100,,-385.0,-2.0,USD,102102.62494,17.17518,7618753.0,102102.62494,102215.0,,102215.0,
14.0,-617.17948,20160506 08:12:53 EST,20160506 08:12:53 EST,20160506 08:12:53 EST,4297.87,,#USNDAQ100,short,,20160506 07:40:17 EST,closed,20160506 07:40:17 EST,4291.87,,,2.0,2.0,,#USNDAQ100,,-600.0,2.0,USD,101494.0292,17.17948,8048540.0,101494.0292,101615.0,,101615.0,
15.0,799.8533,20160506 08:44:19 EST,20160506 08:44:19 EST,20160506 08:44:19 EST,4282.59,,#USNDAQ100,short,,20160506 08:41:46 EST,closed,20160506 08:41:46 EST,4290.76,,,2.0,2.0,,#USNDAQ100,,817.0,2.0,USD,102302.46402,17.1467,8476799.0,102302.46402,102432.0,,102432.0,
16.0,678.85572,20160506 09:31:35 EST,20160506 09:31:35 EST,20160506 09:31:35 EST,4289.55,,#USNDAQ100,long,,20160506 08:44:19 EST,closed,20160506 08:44:19 EST,4282.59,,,2.0,2.0,,#USNDAQ100,,696.0,-2.0,USD,102989.88492,17.14428,8905754.0,102989.88492,103128.0,,103128.0,
17.0,-692.1717,20160506 10:20:21 EST,20160506 10:20:21 EST,20160506 10:20:21 EST,4296.3,,#USNDAQ100,short,,20160506 09:31:35 EST,closed,20160506 09:31:35 EST,4289.55,,,2.0,2.0,,#USNDAQ100,,-675.0,2.0,USD,102306.29232,17.1717,9335384.0,102306.29232,102453.0,,102453.0,
18.0,-559.14544,20160506 11:11:04 EST,20160506 11:11:04 EST,20160506 11:11:04 EST,4289.07,,#USNDAQ100,short,,20160506 11:00:09 EST,closed,20160506 11:00:09 EST,4283.65,,,2.0,2.0,,#USNDAQ100,,-542.0,2.0,USD,101755.71418,17.14544,9764291.0,101755.71418,101911.0,,101911.0,
19.0,-393.14876,20160506 11:54:42 EST,20160506 11:54:42 EST,20160506 11:54:42 EST,4285.31,,#USNDAQ100,long,,20160506 11:11:04 EST,closed,20160506 11:11:04 EST,4289.07,,,2.0,2.0,,#USNDAQ100,,-376.0,-2.0,USD,101371.14356,17.14876,10192822.0,101371.14356,101535.0,,101535.0,
20.0,-374.14838,20160506 12:28:35 EST,20160506 12:28:35 EST,20160506 12:28:35 EST,4288.88,,#USNDAQ100,short,,20160506 11:54:42 EST,closed,20160506 11:54:42 EST,4285.31,,,2.0,2.0,,#USNDAQ100,,-357.0,2.0,USD,101005.5658,17.14838,10621710.0,101005.5658,101178.0,,101178.0,
21.0,1426.8156,20160506 13:40:18 EST,20160506 13:40:18 EST,20160506 13:40:18 EST,4303.32,,#USNDAQ100,long,,20160506 12:28:35 EST,closed,20160506 12:28:35 EST,4288.88,,,2.0,2.0,,#USNDAQ100,,1444.0,-2.0,USD,102440.95916,17.1844,11052042.0,102440.95916,102622.0,,102622.0,
22.0,-260.21814,20160506 13:47:27 EST,20160506 13:47:27 EST,20160506 13:47:27 EST,4305.75,,#USNDAQ100,short,,20160506 13:40:18 EST,closed,20160506 13:40:18 EST,4303.32,,,2.0,2.0,,#USNDAQ100,,-243.0,2.0,USD,102189.34766,17.21814,11482617.0,102189.34766,102379.0,,102379.0,
23.0,1018.75628,20160506 14:02:24 EST,20160506 14:02:24 EST,20160506 14:02:24 EST,4316.11,,#USNDAQ100,long,,20160506 13:47:27 EST,closed,20160506 13:47:27 EST,4305.75,,,2.0,2.0,,#USNDAQ100,,1036.0,-2.0,USD,103216.71544,17.24372,11914228.0,103216.71544,103415.0,,103415.0,
24.0,-736.27882,20160506 14:52:23 EST,20160506 14:52:23 EST,20160506 14:52:23 EST,4323.3,,#USNDAQ100,short,,20160506 14:02:24 EST,closed,20160506 14:02:24 EST,4316.11,,,2.0,2.0,,#USNDAQ100,,-719.0,2.0,USD,102489.06884,17.27882,12346558.0,102489.06884,102696.0,,102696.0,
25.0,341.69962,20160506 18:18:35 EST,20160506 18:18:35 EST,20160506 18:18:35 EST,4326.89,,#USNDAQ100,long,,20160506 14:52:23 EST,closed,20160506 14:52:23 EST,4323.3,,,2.0,2.0,,#USNDAQ100,,359.0,-2.0,USD,102839.41506,17.30038,12779247.0,102839.41506,103055.0,,103055.0,
26.0,-193.31108,20160506 18:47:43 EST,20160506 18:47:43 EST,20160506 18:47:43 EST,4328.65,,#USNDAQ100,short,,20160506 18:18:35 EST,closed,20160506 18:18:35 EST,4326.89,,,2.0,2.0,,#USNDAQ100,,-176.0,2.0,USD,102654.75776,17.31108,13212112.0,102654.75776,102879.0,,102879.0,
27.0,-193.31108,20160506 23:06:52 EST,20160506 23:06:52 EST,20160506 23:06:52 EST,4326.89,,#USNDAQ100,long,,20160506 18:47:43 EST,closed,20160506 18:47:43 EST,4328.65,,,2.0,2.0,,#USNDAQ100,,-176.0,-2.0,USD,102470.10398,17.31108,13644801.0,102470.10398,102703.0,,102703.0,
28.0,-193.31108,20160506 23:23:14 EST,20160506 23:23:14 EST,20160506 23:23:14 EST,4328.65,,#USNDAQ100,short,,20160506 23:06:52 EST,closed,20160506 23:06:52 EST,4326.89,,,2.0,2.0,,#USNDAQ100,,-176.0,2.0,USD,102285.44668,17.31108,14077666.0,102285.44668,102527.0,,102527.0,
29.0,-193.31108,20160507 04:11:35 EST,20160507 04:11:35 EST,20160507 04:11:35 EST,4326.89,,#USNDAQ100,long,,20160506 23:23:14 EST,closed,20160506 23:23:14 EST,4328.65,,,2.0,2.0,,#USNDAQ100,,-176.0,-2.0,USD,102100.7929,17.31108,14510355.0,102100.7929,102351.0,,102351.0,
30.0,-193.31108,20160507 04:26:45 EST,20160507 04:26:45 EST,20160507 04:26:45 EST,4328.65,,#USNDAQ100,short,,20160507 04:11:35 EST,closed,20160507 04:11:35 EST,4326.89,,,2.0,2.0,,#USNDAQ100,,-176.0,2.0,USD,101916.1356,17.31108,14943220.0,101916.1356,102175.0,,102175.0,
31.0,-193.31108,20160507 04:59:24 EST,20160507 04:59:24 EST,20160507 04:59:24 EST,4326.89,,#USNDAQ100,long,,20160507 04:26:45 EST,closed,20160507 04:26:45 EST,4328.65,,,2.0,2.0,,#USNDAQ100,,-176.0,-2.0,USD,101731.48182,17.31108,15375909.0,101731.48182,101999.0,,101999.0,
32.0,-193.31108,20160507 05:15:23 EST,20160507 05:15:23 EST,20160507 05:15:23 EST,4328.65,,#USNDAQ100,short,,20160507 04:59:24 EST,closed,20160507 04:59:24 EST,4326.89,,,2.0,2.0,,#USNDAQ100,,-176.0,2.0,USD,101546.82452,17.31108,15808774.0,101546.82452,101823.0,,101823.0,
33.0,-193.31108,20160507 14:51:24 EST,20160507 14:51:24 EST,20160507 14:51:24 EST,4328.65,,#USNDAQ100,short,,20160507 14:42:02 EST,closed,20160507 14:42:02 EST,4326.89,,,2.0,2.0,,#USNDAQ100,,-176.0,2.0,USD,101177.51344,17.31108,16674328.0,101177.51344,101471.0,,101471.0,
34.0,-193.31108,20160507 16:11:42 EST,20160507 16:11:42 EST,20160507 16:11:42 EST,4326.89,,#USNDAQ100,long,,20160507 14:51:24 EST,closed,20160507 14:51:24 EST,4328.65,,,2.0,2.0,,#USNDAQ100,,-176.0,-2.0,USD,100992.85966,17.31108,17107017.0,100992.85966,101295.0,,101295.0,
35.0,-193.31108,20160507 16:25:41 EST,20160507 16:25:41 EST,20160507 16:25:41 EST,4328.65,,#USNDAQ100,short,,20160507 16:11:42 EST,closed,20160507 16:11:42 EST,4326.89,,,2.0,2.0,,#USNDAQ100,,-176.0,2.0,USD,100808.20236,17.31108,17539882.0,100808.20236,101119.0,,101119.0,
36.0,-193.31108,20160507 23:07:33 EST,20160507 23:07:33 EST,20160507 23:07:33 EST,4326.89,,#USNDAQ100,long,,20160507 16:25:41 EST,closed,20160507 16:25:41 EST,4328.65,,,2.0,2.0,,#USNDAQ100,,-176.0,-2.0,USD,100623.54858,17.31108,17972571.0,100623.54858,100943.0,,100943.0,
37.0,-193.31108,20160507 23:23:31 EST,20160507 23:23:31 EST,20160507 23:23:31 EST,4328.65,,#USNDAQ100,short,,20160507 23:07:33 EST,closed,20160507 23:07:33 EST,4326.89,,,2.0,2.0,,#USNDAQ100,,-176.0,2.0,USD,100438.89128,17.31108,18405436.0,100438.89128,100767.0,,100767.0,
38.0,-193.31108,20160507 23:53:53 EST,20160507 23:53:53 EST,20160507 23:53:53 EST,4326.89,,#USNDAQ100,long,,20160507 23:34:04 EST,closed,20160507 23:34:04 EST,4328.65,,,2.0,2.0,,#USNDAQ100,,-176.0,-2.0,USD,100254.2375,17.31108,18838125.0,100254.2375,100591.0,,100591.0,
39.0,-193.31108,20160508 00:11:28 EST,20160508 00:11:28 EST,20160508 00:11:28 EST,4328.65,,#USNDAQ100,short,,20160507 23:53:53 EST,closed,20160507 23:53:53 EST,4326.89,,,2.0,2.0,,#USNDAQ100,,-176.0,2.0,USD,100069.5802,17.31108,19270990.0,100069.5802,100415.0,,100415.0,
40.0,-193.31108,20160508 02:03:25 EST,20160508 02:03:25 EST,20160508 02:03:25 EST,4326.89,,#USNDAQ100,long,,20160508 00:22:59 EST,closed,20160508 00:22:59 EST,4328.65,,,2.0,2.0,,#USNDAQ100,,-176.0,-2.0,USD,99884.92642,17.31108,19703679.0,99884.92642,100239.0,,100239.0,
41.0,-193.31108,20160508 02:34:13 EST,20160508 02:34:13 EST,20160508 02:34:13 EST,4328.65,,#USNDAQ100,short,,20160508 02:03:25 EST,closed,20160508 02:03:25 EST,4326.89,,,2.0,2.0,,#USNDAQ100,,-176.0,2.0,USD,99700.26912,17.31108,20136544.0,99700.26912,100063.0,,100063.0,
42.0,-193.31108,20160508 05:20:52 EST,20160508 05:20:52 EST,20160508 05:20:52 EST,4326.89,,#USNDAQ100,long,,20160508 02:34:13 EST,closed,20160508 02:34:13 EST,4328.65,,,2.0,2.0,,#USNDAQ100,,-176.0,-2.0,USD,99515.61534,17.31108,20569233.0,99515.61534,99887.0,,99887.0,
43.0,-193.31108,20160508 05:30:38 EST,20160508 05:30:38 EST,20160508 05:30:38 EST,4328.65,,#USNDAQ100,short,,20160508 05:20:52 EST,closed,20160508 05:20:52 EST,4326.89,,,2.0,2.0,,#USNDAQ100,,-176.0,2.0,USD,99330.95804,17.31108,21002098.0,99330.95804,99711.0,,99711.0,
44.0,-193.31108,20160508 06:03:46 EST,20160508 06:03:46 EST,20160508 06:03:46 EST,4326.89,,#USNDAQ100,long,,20160508 05:30:38 EST,closed,20160508 05:30:38 EST,4328.65,,,2.0,2.0,,#USNDAQ100,,-176.0,-2.0,USD,99146.30426,17.31108,21434787.0,99146.30426,99535.0,,99535.0,
45.0,-193.31108,20160508 07:38:23 EST,20160508 07:38:23 EST,20160508 07:38:23 EST,4326.89,,#USNDAQ100,long,,20160508 06:19:36 EST,closed,20160508 06:19:36 EST,4328.65,,,2.0,2.0,,#USNDAQ100,,-176.0,-2.0,USD,98961.65048,17.31108,21867476.0,98961.65048,99359.0,,99359.0,
46.0,-193.31108,20160508 07:56:26 EST,20160508 07:56:26 EST,20160508 07:56:26 EST,4328.65,,#USNDAQ100,short,,20160508 07:38:23 EST,closed,20160508 07:38:23 EST,4326.89,,,2.0,2.0,,#USNDAQ100,,-176.0,2.0,USD,98776.99318,17.31108,22300341.0,98776.99318,99183.0,,99183.0,
47.0,-193.31108,20160508 08:09:36 EST,20160508 08:09:36 EST,20160508 08:09:36 EST,4326.89,,#USNDAQ100,long,,20160508 07:56:26 EST,closed,20160508 07:56:26 EST,4328.65,,,2.0,2.0,,#USNDAQ100,,-176.0,-2.0,USD,98592.3394,17.31108,22733030.0,98592.3394,99007.0,,99007.0,
48.0,-193.31108,20160508 08:28:16 EST,20160508 08:28:16 EST,20160508 08:28:16 EST,4328.65,,#USNDAQ100,short,,20160508 08:09:36 EST,closed,20160508 08:09:36 EST,4326.89,,,2.0,2.0,,#USNDAQ100,,-176.0,2.0,USD,98407.6821,17.31108,23165895.0,98407.6821,98831.0,,98831.0,
49.0,-193.31108,20160508 09:44:44 EST,20160508 09:44:44 EST,20160508 09:44:44 EST,4326.89,,#USNDAQ100,long,,20160508 08:28:16 EST,closed,20160508 08:28:16 EST,4328.65,,,2.0,2.0,,#USNDAQ100,,-176.0,-2.0,USD,98223.02832,17.31108,23598584.0,98223.02832,98655.0,,98655.0,
50.0,-193.31108,20160508 10:02:14 EST,20160508 10:02:14 EST,20160508 10:02:14 EST,4328.65,,#USNDAQ100,short,,20160508 09:44:44 EST,closed,20160508 09:44:44 EST,4326.89,,,2.0,2.0,,#USNDAQ100,,-176.0,2.0,USD,98038.37102,17.31108,24031449.0,98038.37102,98479.0,,98479.0,
51.0,-193.31108,20160508 10:36:34 EST,20160508 10:36:34 EST,20160508 10:36:34 EST,4326.89,,#USNDAQ100,long,,20160508 10:02:14 EST,closed,20160508 10:02:14 EST,4328.65,,,2.0,2.0,,#USNDAQ100,,-176.0,-2.0,USD,97853.71724,17.31108,24464138.0,97853.71724,98303.0,,98303.0,
52.0,-193.31108,20160508 10:49:30 EST,20160508 10:49:30 EST,20160508 10:49:30 EST,4328.65,,#USNDAQ100,short,,20160508 10:36:34 EST,closed,20160508 10:36:34 EST,4326.89,,,2.0,2.0,,#USNDAQ100,,-176.0,2.0,USD,97669.05994,17.31108,24897003.0,97669.05994,98127.0,,98127.0,
53.0,-193.31108,20160508 19:13:33 EST,20160508 19:13:33 EST,20160508 19:13:33 EST,4326.89,,#USNDAQ100,long,,20160508 10:49:30 EST,closed,20160508 10:49:30 EST,4328.65,,,2.0,2.0,,#USNDAQ100,,-176.0,-2.0,USD,97484.40616,17.31108,25329692.0,97484.40616,97951.0,,97951.0,
54.0,-193.31108,20160508 19:27:23 EST,20160508 19:27:23 EST,20160508 19:27:23 EST,4328.65,,#USNDAQ100,short,,20160508 19:13:33 EST,closed,20160508 19:13:33 EST,4326.89,,,2.0,2.0,,#USNDAQ100,,-176.0,2.0,USD,97299.74886,17.31108,25762557.0,97299.74886,97775.0,,97775.0,
55.0,-193.31108,20160509 02:54:19 EST,20160509 02:54:19 EST,20160509 02:54:19 EST,4326.89,,#USNDAQ100,long,,20160508 19:27:23 EST,closed,20160508 19:27:23 EST,4328.65,,,2.0,2.0,,#USNDAQ100,,-176.0,-2.0,USD,97115.09508,17.31108,26195246.0,97115.09508,97599.0,,97599.0,
56.0,-193.31108,20160509 03:11:02 EST,20160509 03:11:02 EST,20160509 03:11:02 EST,4328.65,,#USNDAQ100,short,,20160509 02:54:19 EST,closed,20160509 02:54:19 EST,4326.89,,,2.0,2.0,,#USNDAQ100,,-176.0,2.0,USD,96930.43778,17.31108,26628111.0,96930.43778,97423.0,,97423.0,
57.0,-193.31108,20160509 03:43:19 EST,20160509 03:43:19 EST,20160509 03:43:19 EST,4326.89,,#USNDAQ100,long,,20160509 03:11:02 EST,closed,20160509 03:11:02 EST,4328.65,,,2.0,2.0,,#USNDAQ100,,-176.0,-2.0,USD,96745.784,17.31108,27060800.0,96745.784,97247.0,,97247.0,
58.0,-193.31108,20160509 04:13:45 EST,20160509 04:13:45 EST,20160509 04:13:45 EST,4328.65,,#USNDAQ100,short,,20160509 04:00:39 EST,closed,20160509 04:00:39 EST,4326.89,,,2.0,2.0,,#USNDAQ100,,-176.0,2.0,USD,96561.1267,17.31108,27493665.0,96561.1267,97071.0,,97071.0,
59.0,-193.31108,20160509 04:32:47 EST,20160509 04:32:47 EST,20160509 04:32:47 EST,4326.89,,#USNDAQ100,long,,20160509 04:13:45 EST,closed,20160509 04:13:45 EST,4328.65,,,2.0,2.0,,#USNDAQ100,,-176.0,-2.0,USD,96376.47292,17.31108,27926354.0,96376.47292,96895.0,,96895.0,
60.0,-193.31108,20160509 04:46:20 EST,20160509 04:46:20 EST,20160509 04:46:20 EST,4328.65,,#USNDAQ100,short,,20160509 04:32:47 EST,closed,20160509 04:32:47 EST,4326.89,,,2.0,2.0,,#USNDAQ100,,-176.0,2.0,USD,96191.81562,17.31108,28359219.0,96191.81562,96719.0,,96719.0,
