trade_id,PL,closeVWAP_timestamp,closedWhen,closedWhenUnixTimeStamp,closing_price_VWAP,expir,instrument,long_or_short,markToMarket_time,openVWAP_timestamp,open_or_closed,openedWhen,opening_price_VWAP,ptValue,putcall,quant_closed,quant_opened,strike,symbol,symbol_description,PurePL,qty,balance,commission,margin_available,purebalance
1.0,65.872,20160323 10:54:52 EST,20160323 10:54:52 EST,20160323 10:54:52 EST,85.459,,CADJPY,short,,20160323 05:41:16 EST,closed,20160323 05:41:16 EST,86.253,,,1.0,1.0,,CADJPY,,69.872,1.0,20065.872,4.0,399930.128,20069.872
2.0,-8.928,20160323 11:03:27 EST,20160323 11:03:27 EST,20160323 11:03:27 EST,85.403,,CADJPY,long,,20160323 10:54:52 EST,closed,20160323 10:54:52 EST,85.459,,,1.0,1.0,,CADJPY,,-4.928,-1.0,20056.944,4.0,399925.2,20064.944
3.0,-4.528,20160323 11:17:32 EST,20160323 11:17:32 EST,20160323 11:17:32 EST,85.409,,CADJPY,short,,20160323 11:03:27 EST,closed,20160323 11:03:27 EST,85.403,,,1.0,1.0,,CADJPY,,-0.528000000001,1.0,20052.416,4.0,399925.728,20064.416
4.0,-18.52,20160323 11:48:13 EST,20160323 11:48:13 EST,20160323 11:48:13 EST,85.244,,CADJPY,long,,20160323 11:17:32 EST,closed,20160323 11:17:32 EST,85.409,,,1.0,1.0,,CADJPY,,-14.52,-1.0,20033.896,4.0,399911.208,20049.896
5.0,-24.68,20160323 12:17:14 EST,20160323 12:17:14 EST,20160323 12:17:14 EST,85.479,,CADJPY,short,,20160323 11:48:13 EST,closed,20160323 11:48:13 EST,85.244,,,1.0,1.0,,CADJPY,,-20.68,1.0,20009.216,4.0,399931.888,20029.216
6.0,-9.104,20160323 12:49:02 EST,20160323 12:49:02 EST,20160323 12:49:02 EST,85.382,,CADJPY,long,,20160323 12:32:50 EST,closed,20160323 12:32:50 EST,85.44,,,1.0,1.0,,CADJPY,,-5.104,-1.0,20000.112,4.0,399926.784,20024.112
7.0,6.472,20160323 13:48:22 EST,20160323 13:48:22 EST,20160323 13:48:22 EST,85.263,,CADJPY,short,,20160323 12:49:02 EST,closed,20160323 12:49:02 EST,85.382,,,1.0,1.0,,CADJPY,,10.472,1.0,20006.584,4.0,399916.312,20034.584
8.0,-12.536,20160323 14:34:02 EST,20160323 14:34:02 EST,20160323 14:34:02 EST,85.197,,CADJPY,long,,20160323 14:19:05 EST,closed,20160323 14:19:05 EST,85.294,,,1.0,1.0,,CADJPY,,-8.536,-1.0,19994.048,4.0,399907.776,20026.048
9.0,-3.296,20160323 15:05:42 EST,20160323 15:05:42 EST,20160323 15:05:42 EST,85.043,,CADJPY,short,,20160323 14:49:41 EST,closed,20160323 14:49:41 EST,85.051,,,1.0,1.0,,CADJPY,,0.704,1.0,19990.752,4.0,399907.072,20026.752
10.0,-3.032,20160323 15:14:55 EST,20160323 15:14:55 EST,20160323 15:14:55 EST,85.054,,CADJPY,long,,20160323 15:05:42 EST,closed,20160323 15:05:42 EST,85.043,,,1.0,1.0,,CADJPY,,0.968000000001,-1.0,19987.72,4.0,399908.04,20027.72
11.0,-17.352,20160323 15:48:32 EST,20160323 15:48:32 EST,20160323 15:48:32 EST,85.135,,CADJPY,short,,20160323 15:31:47 EST,closed,20160323 15:14:55 EST,85.0705,,,2.0,2.0,,CADJPY,,-11.352,2.0,19970.368,6.0,399919.392,20016.368
12.0,-6.904,20160323 16:03:19 EST,20160323 16:03:19 EST,20160323 16:03:19 EST,85.102,,CADJPY,long,,20160323 15:48:32 EST,closed,20160323 15:48:32 EST,85.135,,,1.0,1.0,,CADJPY,,-2.904,-1.0,19963.464,4.0,399916.488,20013.464
13.0,4.296,20160323 16:51:03 EST,20160323 16:51:03 EST,20160323 16:51:03 EST,85.11,,CADJPY,long,,20160323 16:36:44 EST,closed,20160323 16:20:06 EST,85.08075,,,4.0,4.0,,CADJPY,,10.296,-4.0,19967.76,6.0,399926.784,20023.76
14.0,-2.592,20160323 17:22:58 EST,20160323 17:22:58 EST,20160323 17:22:58 EST,85.089,,CADJPY,short,,20160323 17:15:21 EST,closed,20160323 17:15:21 EST,85.097,,,2.0,2.0,,CADJPY,,1.408,2.0,19965.168,4.0,399925.376,20025.168
15.0,-6.792,20160323 17:58:44 EST,20160323 17:58:44 EST,20160323 17:58:44 EST,85.104,,CADJPY,long,,20160323 17:39:48 EST,closed,20160323 17:22:58 EST,85.107,,,3.0,3.0,,CADJPY,,-0.792000000004,-3.0,19958.376,6.0,399924.584,20024.376
16.0,-5.76,20160323 18:30:46 EST,20160323 18:30:46 EST,20160323 18:30:46 EST,85.115,,CADJPY,short,,20160323 18:15:07 EST,closed,20160323 18:15:07 EST,85.105,,,2.0,2.0,,CADJPY,,-1.76,2.0,19952.616,4.0,399926.344,20022.616
17.0,-39.5440000088,20160323 19:44:09 EST,20160323 19:44:09 EST,20160323 19:44:09 EST,85.091,,CADJPY,long,,20160323 19:29:19 EST,closed,20160323 18:30:46 EST,85.1320666667,,,3.0,3.0,,CADJPY,,-27.5440000088,-3.0,19913.072,12.0,399898.8,19995.072
18.0,-2.856,20160323 21:02:08 EST,20160323 21:02:08 EST,20160323 21:02:08 EST,85.139,,CADJPY,long,,20160323 20:01:53 EST,closed,20160323 20:01:53 EST,85.126,,,1.0,1.0,,CADJPY,,1.144,-1.0,19910.216,4.0,399899.944,19996.216
19.0,-4.352,20160323 21:25:38 EST,20160323 21:25:38 EST,20160323 21:25:38 EST,85.143,,CADJPY,short,,20160323 21:02:08 EST,closed,20160323 21:02:08 EST,85.139,,,1.0,1.0,,CADJPY,,-0.352,1.0,19905.864,4.0,399900.296,19995.864
20.0,5.24,20160323 21:55:39 EST,20160323 21:55:39 EST,20160323 21:55:39 EST,85.248,,CADJPY,long,,20160323 21:25:38 EST,closed,20160323 21:25:38 EST,85.143,,,1.0,1.0,,CADJPY,,9.24,-1.0,19911.104,4.0,399909.536,20005.104
21.0,-7.256,20160323 22:33:57 EST,20160323 22:33:57 EST,20160323 22:33:57 EST,85.327,,CADJPY,short,,20160323 22:14:55 EST,closed,20160323 22:14:55 EST,85.29,,,1.0,1.0,,CADJPY,,-3.256,1.0,19903.848,4.0,399912.792,20001.848
22.0,-8.048,20160323 23:08:58 EST,20160323 23:08:58 EST,20160323 23:08:58 EST,85.188,,CADJPY,long,,20160323 22:53:03 EST,closed,20160323 22:53:03 EST,85.234,,,1.0,1.0,,CADJPY,,-4.048,-1.0,19895.8,4.0,399908.744,19997.8
23.0,-12.272,20160323 23:27:37 EST,20160323 23:27:37 EST,20160323 23:27:37 EST,85.235,,CADJPY,short,,20160323 23:08:58 EST,closed,20160323 23:08:58 EST,85.188,,,2.0,2.0,,CADJPY,,-8.272,2.0,19883.528,4.0,399917.016,19989.528
24.0,-4.792,20160323 23:46:01 EST,20160323 23:46:01 EST,20160323 23:46:01 EST,85.215,,CADJPY,long,,20160323 23:45:30 EST,closed,20160323 23:45:30 EST,85.224,,,1.0,1.0,,CADJPY,,-0.791999999999,-1.0,19878.736,4.0,399916.224,19988.736
25.0,-12.096,20160324 00:58:43 EST,20160324 00:58:43 EST,20160324 00:58:43 EST,85.255,,CADJPY,short,,20160324 00:23:31 EST,closed,20160324 00:23:31 EST,85.209,,,2.0,2.0,,CADJPY,,-8.096,2.0,19866.64,4.0,399924.32,19980.64
26.0,-1.36,20160324 01:33:45 EST,20160324 01:33:45 EST,20160324 01:33:45 EST,85.285,,CADJPY,long,,20160324 00:58:43 EST,closed,20160324 00:58:43 EST,85.255,,,1.0,1.0,,CADJPY,,2.64,-1.0,19865.28,4.0,399926.96,19983.28
27.0,-4.0,20160324 01:51:07 EST,20160324 01:51:07 EST,20160324 01:51:07 EST,85.285,,CADJPY,short,,20160324 01:33:45 EST,closed,20160324 01:33:45 EST,85.285,,,2.0,2.0,,CADJPY,,0.0,2.0,19861.28,4.0,399926.96,19983.28
28.0,-12.536,20160324 02:04:54 EST,20160324 02:04:54 EST,20160324 02:04:54 EST,85.188,,CADJPY,long,,20160324 01:51:07 EST,closed,20160324 01:51:07 EST,85.285,,,1.0,1.0,,CADJPY,,-8.536,-1.0,19848.744,4.0,399918.424,19974.744
29.0,-7.52,20160324 02:45:28 EST,20160324 02:45:28 EST,20160324 02:45:28 EST,85.194,,CADJPY,long,,20160324 02:23:01 EST,closed,20160324 02:23:01 EST,85.234,,,1.0,1.0,,CADJPY,,-3.52,-1.0,19841.224,4.0,399914.904,19971.224
30.0,-6.288,20160324 03:10:34 EST,20160324 03:10:34 EST,20160324 03:10:34 EST,85.22,,CADJPY,short,,20160324 02:45:28 EST,closed,20160324 02:45:28 EST,85.194,,,1.0,1.0,,CADJPY,,-2.288,1.0,19834.936,4.0,399917.192,19968.936
31.0,-13.768,20160324 04:04:15 EST,20160324 04:04:15 EST,20160324 04:04:15 EST,85.064,,CADJPY,long,,20160324 03:45:35 EST,closed,20160324 03:45:35 EST,85.175,,,1.0,1.0,,CADJPY,,-9.768,-1.0,19821.168,4.0,399907.424,19959.168
32.0,-3.912,20160324 05:18:22 EST,20160324 05:18:22 EST,20160324 05:18:22 EST,85.063,,CADJPY,short,,20160324 04:04:15 EST,closed,20160324 04:04:15 EST,85.064,,,1.0,1.0,,CADJPY,,0.0879999999992,1.0,19817.256,4.0,399907.336,19959.256
33.0,1.456,20160324 05:36:55 EST,20160324 05:36:55 EST,20160324 05:36:55 EST,85.125,,CADJPY,long,,20160324 05:18:22 EST,closed,20160324 05:18:22 EST,85.063,,,1.0,1.0,,CADJPY,,5.456,-1.0,19818.712,4.0,399912.792,19964.712
34.0,3.832,20160324 05:54:52 EST,20160324 05:54:52 EST,20160324 05:54:52 EST,85.036,,CADJPY,short,,20160324 05:36:55 EST,closed,20160324 05:36:55 EST,85.125,,,1.0,1.0,,CADJPY,,7.832,1.0,19822.544,4.0,399904.96,19972.544
35.0,-5.584,20160324 06:13:05 EST,20160324 06:13:05 EST,20160324 06:13:05 EST,85.018,,CADJPY,long,,20160324 05:54:52 EST,closed,20160324 05:54:52 EST,85.036,,,1.0,1.0,,CADJPY,,-1.584,-1.0,19816.96,4.0,399903.376,19970.96
36.0,-9.104,20160324 06:29:08 EST,20160324 06:29:08 EST,20160324 06:29:08 EST,85.076,,CADJPY,short,,20160324 06:13:05 EST,closed,20160324 06:13:05 EST,85.018,,,1.0,1.0,,CADJPY,,-5.104,1.0,19807.856,4.0,399908.48,19965.856
37.0,-2.328,20160324 06:44:23 EST,20160324 06:44:23 EST,20160324 06:44:23 EST,85.095,,CADJPY,long,,20160324 06:29:08 EST,closed,20160324 06:29:08 EST,85.076,,,1.0,1.0,,CADJPY,,1.672,-1.0,19805.528,4.0,399910.152,19967.528
38.0,6.472,20160324 07:01:44 EST,20160324 07:01:44 EST,20160324 07:01:44 EST,84.976,,CADJPY,short,,20160324 06:44:23 EST,closed,20160324 06:44:23 EST,85.095,,,1.0,1.0,,CADJPY,,10.472,1.0,19812.0,4.0,399899.68,19978.0
39.0,-4.968,20160324 07:20:08 EST,20160324 07:20:08 EST,20160324 07:20:08 EST,84.965,,CADJPY,long,,20160324 07:01:44 EST,closed,20160324 07:01:44 EST,84.976,,,1.0,1.0,,CADJPY,,-0.968,-1.0,19807.032,4.0,399898.712,19977.032
40.0,15.536,20160324 08:45:45 EST,20160324 08:45:45 EST,20160324 08:45:45 EST,84.821,,CADJPY,short,,20160324 08:12:19 EST,closed,20160324 08:12:19 EST,85.043,,,1.0,1.0,,CADJPY,,19.536,1.0,19822.568,4.0,399879.176,19996.568
41.0,-2.152,20160324 09:00:19 EST,20160324 09:00:19 EST,20160324 09:00:19 EST,84.842,,CADJPY,long,,20160324 08:45:45 EST,closed,20160324 08:45:45 EST,84.821,,,1.0,1.0,,CADJPY,,1.848,-1.0,19820.416,4.0,399881.024,19998.416
42.0,-2.24,20160324 09:28:49 EST,20160324 09:28:49 EST,20160324 09:28:49 EST,84.652,,CADJPY,long,,20160324 09:19:40 EST,closed,20160324 09:19:40 EST,84.632,,,1.0,1.0,,CADJPY,,1.76,-1.0,19818.176,4.0,399882.784,20000.176
43.0,-9.808,20160324 09:59:01 EST,20160324 09:59:01 EST,20160324 09:59:01 EST,84.686,,CADJPY,long,,20160324 09:44:57 EST,closed,20160324 09:44:57 EST,84.752,,,1.0,1.0,,CADJPY,,-5.808,-1.0,19808.368,4.0,399876.976,19994.368
44.0,11.136,20160324 10:45:31 EST,20160324 10:45:31 EST,20160324 10:45:31 EST,84.763,,CADJPY,long,,20160324 10:14:54 EST,closed,20160324 10:14:54 EST,84.591,,,1.0,1.0,,CADJPY,,15.136,-1.0,19819.504,4.0,399892.112,20009.504
45.0,-6.2,20160324 11:33:13 EST,20160324 11:33:13 EST,20160324 11:33:13 EST,84.788,,CADJPY,short,,20160324 10:45:31 EST,closed,20160324 10:45:31 EST,84.763,,,1.0,1.0,,CADJPY,,-2.2,1.0,19813.304,4.0,399894.312,20007.304
46.0,-3.296,20160324 11:50:05 EST,20160324 11:50:05 EST,20160324 11:50:05 EST,84.792,,CADJPY,long,,20160324 11:33:13 EST,closed,20160324 11:33:13 EST,84.788,,,2.0,2.0,,CADJPY,,0.704000000001,-2.0,19810.008,4.0,399895.016,20008.008
47.0,7.528,20160324 12:13:07 EST,20160324 12:13:07 EST,20160324 12:13:07 EST,84.972,,CADJPY,long,,20160324 11:59:26 EST,closed,20160324 11:59:26 EST,84.841,,,1.0,1.0,,CADJPY,,11.528,-1.0,19817.536,4.0,399906.544,20019.536
48.0,-4.176,20160324 13:04:26 EST,20160324 13:04:26 EST,20160324 13:04:26 EST,84.974,,CADJPY,short,,20160324 12:13:07 EST,closed,20160324 12:13:07 EST,84.972,,,1.0,1.0,,CADJPY,,-0.176,1.0,19813.36,4.0,399906.72,20019.36
49.0,-3.384,20160324 13:47:59 EST,20160324 13:47:59 EST,20160324 13:47:59 EST,85.033,,CADJPY,short,,20160324 13:14:02 EST,closed,20160324 13:14:02 EST,85.04,,,1.0,1.0,,CADJPY,,0.616,1.0,19809.976,4.0,399906.104,20019.976
50.0,1.28,20160324 14:23:55 EST,20160324 14:23:55 EST,20160324 14:23:55 EST,85.093,,CADJPY,long,,20160324 13:47:59 EST,closed,20160324 13:47:59 EST,85.033,,,1.0,1.0,,CADJPY,,5.28,-1.0,19811.256,4.0,399911.384,20025.256
51.0,-9.456,20160324 14:39:32 EST,20160324 14:39:32 EST,20160324 14:39:32 EST,85.155,,CADJPY,short,,20160324 14:23:55 EST,closed,20160324 14:23:55 EST,85.093,,,1.0,1.0,,CADJPY,,-5.456,1.0,19801.8,4.0,399916.84,20019.8
52.0,-6.992,20160324 15:09:28 EST,20160324 15:09:28 EST,20160324 15:09:28 EST,85.138,,CADJPY,long,,20160324 14:52:55 EST,closed,20160324 14:52:55 EST,85.172,,,1.0,1.0,,CADJPY,,-2.992,-1.0,19794.808,4.0,399913.848,20016.808
53.0,-15.088,20160324 15:39:23 EST,20160324 15:39:23 EST,20160324 15:39:23 EST,85.201,,CADJPY,short,,20160324 15:09:28 EST,closed,20160324 15:09:28 EST,85.138,,,2.0,2.0,,CADJPY,,-11.088,2.0,19779.72,4.0,399924.936,20005.72
54.0,-2.328,20160324 15:56:43 EST,20160324 15:56:43 EST,20160324 15:56:43 EST,85.22,,CADJPY,long,,20160324 15:39:23 EST,closed,20160324 15:39:23 EST,85.201,,,1.0,1.0,,CADJPY,,1.672,-1.0,19777.392,4.0,399926.608,20007.392
55.0,-1.096,20160324 16:15:16 EST,20160324 16:15:16 EST,20160324 16:15:16 EST,85.187,,CADJPY,short,,20160324 15:56:43 EST,closed,20160324 15:56:43 EST,85.22,,,1.0,1.0,,CADJPY,,2.904,1.0,19776.296,4.0,399923.704,20010.296
56.0,-10.136,20160324 17:19:40 EST,20160324 17:19:40 EST,20160324 17:19:40 EST,85.195,,CADJPY,long,,20160324 16:46:21 EST,closed,20160324 16:30:50 EST,85.2185,,,2.0,2.0,,CADJPY,,-4.136,-2.0,19766.16,6.0,399919.568,20006.16
57.0,-3.208,20160324 17:36:16 EST,20160324 17:36:16 EST,20160324 17:36:16 EST,85.186,,CADJPY,short,,20160324 17:19:40 EST,closed,20160324 17:19:40 EST,85.195,,,1.0,1.0,,CADJPY,,0.791999999999,1.0,19762.952,4.0,399918.776,20006.952
58.0,-6.464,20160324 18:07:01 EST,20160324 18:07:01 EST,20160324 18:07:01 EST,85.172,,CADJPY,long,,20160324 17:36:16 EST,closed,20160324 17:36:16 EST,85.186,,,2.0,2.0,,CADJPY,,-2.464,-2.0,19756.488,4.0,399916.312,20004.488
59.0,-6.2,20160324 18:24:24 EST,20160324 18:24:24 EST,20160324 18:24:24 EST,85.197,,CADJPY,short,,20160324 18:07:01 EST,closed,20160324 18:07:01 EST,85.172,,,1.0,1.0,,CADJPY,,-2.2,1.0,19750.288,4.0,399918.512,20002.288
60.0,-6.024,20160324 18:59:39 EST,20160324 18:59:39 EST,20160324 18:59:39 EST,85.174,,CADJPY,long,,20160324 18:24:24 EST,closed,20160324 18:24:24 EST,85.197,,,1.0,1.0,,CADJPY,,-2.024,-1.0,19744.264,4.0,399916.488,20000.264
61.0,-5.408,20160324 19:16:45 EST,20160324 19:16:45 EST,20160324 19:16:45 EST,85.19,,CADJPY,short,,20160324 18:59:39 EST,closed,20160324 18:59:39 EST,85.174,,,1.0,1.0,,CADJPY,,-1.408,1.0,19738.856,4.0,399917.896,19998.856
62.0,-4.0,20160324 19:33:51 EST,20160324 19:33:51 EST,20160324 19:33:51 EST,85.19,,CADJPY,long,,20160324 19:16:45 EST,closed,20160324 19:16:45 EST,85.19,,,1.0,1.0,,CADJPY,,0.0,-1.0,19734.856,4.0,399917.896,19998.856
63.0,-9.08,20160324 21:09:05 EST,20160324 21:09:05 EST,20160324 21:09:05 EST,85.395,,CADJPY,short,,20160324 20:59:31 EST,closed,20160324 20:25:14 EST,85.3775,,,2.0,2.0,,CADJPY,,-3.08,2.0,19725.776,6.0,399920.976,19995.776
64.0,-3.12,20160324 21:27:14 EST,20160324 21:27:14 EST,20160324 21:27:14 EST,85.405,,CADJPY,long,,20160324 21:09:05 EST,closed,20160324 21:09:05 EST,85.395,,,1.0,1.0,,CADJPY,,0.88,-1.0,19722.656,4.0,399921.856,19996.656
65.0,-12.008,20160324 22:11:36 EST,20160324 22:11:36 EST,20160324 22:11:36 EST,85.369,,CADJPY,long,,20160324 21:45:22 EST,closed,20160324 21:45:22 EST,85.46,,,1.0,1.0,,CADJPY,,-8.008,-1.0,19710.648,4.0,399913.848,19988.648
66.0,4.184,20160324 22:28:13 EST,20160324 22:28:13 EST,20160324 22:28:13 EST,85.276,,CADJPY,short,,20160324 22:11:36 EST,closed,20160324 22:11:36 EST,85.369,,,1.0,1.0,,CADJPY,,8.184,1.0,19714.832,4.0,399905.664,19996.832
67.0,-6.376,20160324 22:46:20 EST,20160324 22:46:20 EST,20160324 22:46:20 EST,85.249,,CADJPY,long,,20160324 22:28:13 EST,closed,20160324 22:28:13 EST,85.276,,,1.0,1.0,,CADJPY,,-2.376,-1.0,19708.456,4.0,399903.288,19994.456
68.0,-18.6479999912,20160325 00:01:24 EST,20160325 00:01:24 EST,20160325 00:01:24 EST,85.318,,CADJPY,short,,20160324 23:43:46 EST,closed,20160324 22:46:20 EST,85.2776666667,,,3.0,3.0,,CADJPY,,-10.6479999912,3.0,19689.808,8.0,399913.936,19983.808
69.0,-1.888,20160325 00:17:29 EST,20160325 00:17:29 EST,20160325 00:17:29 EST,85.33,,CADJPY,long,,20160325 00:01:24 EST,closed,20160325 00:01:24 EST,85.318,,,2.0,2.0,,CADJPY,,2.112,-2.0,19687.92,4.0,399916.048,19985.92
70.0,-2.0,,,,0.0,,CADJPY,short,,20160325 00:17:29 EST,open,20160325 00:17:29 EST,85.33,,,0.0,1.0,,CADJPY,,0.0,-1.0,19685.92,2.0,392407.008,19985.92
