trade_id,PL,closeVWAP_timestamp,closedWhen,closedWhenUnixTimeStamp,closing_price_VWAP,expir,instrument,long_or_short,markToMarket_time,openVWAP_timestamp,open_or_closed,openedWhen,opening_price_VWAP,ptValue,putcall,quant_closed,quant_opened,strike,symbol,symbol_description,PurePL,qty,balance,commission,margin_available,purebalance
1.0,-7.96,20160323 09:17:12 EST,20160323 09:17:12 EST,20160323 09:17:12 EST,75.575,,NZDJPY,long,,20160323 05:41:05 EST,closed,20160323 05:41:05 EST,75.584,,,5.0,5.0,,NZDJPY,,-3.96,-5.0,19992.04,4.0,399996.04,19996.04
2.0,-8.048,20160323 09:30:37 EST,20160323 09:30:37 EST,20160323 09:30:37 EST,75.621,,NZDJPY,short,,20160323 09:17:12 EST,closed,20160323 09:17:12 EST,75.575,,,1.0,1.0,,NZDJPY,,-4.048,1.0,19983.992,4.0,400000.088,19991.992
3.0,-18.52,20160323 10:15:30 EST,20160323 10:15:30 EST,20160323 10:15:30 EST,75.447,,NZDJPY,long,,20160323 09:30:55 EST,closed,20160323 09:30:55 EST,75.612,,,1.0,1.0,,NZDJPY,,-14.52,-1.0,19965.472,4.0,399985.568,19977.472
4.0,-9.192,20160323 10:29:04 EST,20160323 10:29:04 EST,20160323 10:29:04 EST,75.506,,NZDJPY,short,,20160323 10:15:30 EST,closed,20160323 10:15:30 EST,75.447,,,1.0,1.0,,NZDJPY,,-5.192,1.0,19956.28,4.0,399990.76,19972.28
5.0,1.632,20160323 11:07:18 EST,20160323 11:07:18 EST,20160323 11:07:18 EST,75.529,,NZDJPY,long,,20160323 10:41:39 EST,closed,20160323 10:41:39 EST,75.465,,,1.0,1.0,,NZDJPY,,5.632,-1.0,19957.912,4.0,399996.392,19977.912
6.0,6.472,20160323 11:53:07 EST,20160323 11:53:07 EST,20160323 11:53:07 EST,75.409,,NZDJPY,short,,20160323 11:21:53 EST,closed,20160323 11:21:53 EST,75.528,,,1.0,1.0,,NZDJPY,,10.472,1.0,19964.384,4.0,399985.92,19988.384
7.0,-6.992,20160323 12:37:32 EST,20160323 12:37:32 EST,20160323 12:37:32 EST,75.413,,NZDJPY,short,,20160323 11:53:37 EST,closed,20160323 11:53:37 EST,75.379,,,1.0,1.0,,NZDJPY,,-2.992,1.0,19957.392,4.0,399988.912,19985.392
8.0,6.584,20160323 13:01:37 EST,20160323 13:01:37 EST,20160323 13:01:37 EST,75.4845,,NZDJPY,long,,20160323 12:37:32 EST,closed,20160323 12:37:32 EST,75.413,,,2.0,2.0,,NZDJPY,,12.584,-1.0,19963.976,6.0,400001.496,19997.976
9.0,-8.312,20160323 13:16:23 EST,20160323 13:16:23 EST,20160323 13:16:23 EST,75.542,,NZDJPY,short,,20160323 13:01:37 EST,closed,20160323 13:01:37 EST,75.493,,,1.0,1.0,,NZDJPY,,-4.312,1.0,19955.664,4.0,400005.808,19993.664
10.0,-5.232,20160323 13:46:25 EST,20160323 13:46:25 EST,20160323 13:46:25 EST,75.55,,NZDJPY,long,,20160323 13:31:34 EST,closed,20160323 13:31:34 EST,75.564,,,1.0,1.0,,NZDJPY,,-1.232,-1.0,19950.432,4.0,400004.576,19992.432
11.0,0.224,20160323 14:15:30 EST,20160323 14:15:30 EST,20160323 14:15:30 EST,75.526,,NZDJPY,short,,20160323 13:46:25 EST,closed,20160323 13:46:25 EST,75.55,,,2.0,2.0,,NZDJPY,,4.224,2.0,19950.656,4.0,400000.352,19996.656
12.0,17.648,20160323 16:26:18 EST,20160323 16:26:18 EST,20160323 16:26:18 EST,75.315,,NZDJPY,short,,20160323 14:20:35 EST,closed,20160323 14:20:35 EST,75.561,,,1.0,1.0,,NZDJPY,,21.648,1.0,19968.304,4.0,399978.704,20018.304
13.0,0.4,20160323 16:42:02 EST,20160323 16:42:02 EST,20160323 16:42:02 EST,75.365,,NZDJPY,long,,20160323 16:26:18 EST,closed,20160323 16:26:18 EST,75.315,,,1.0,1.0,,NZDJPY,,4.4,-1.0,19968.704,4.0,399983.104,20022.704
14.0,-7.608,20160323 17:59:25 EST,20160323 17:59:25 EST,20160323 17:59:25 EST,75.406,,NZDJPY,short,,20160323 16:42:02 EST,closed,20160323 16:42:02 EST,75.365,,,1.0,1.0,,NZDJPY,,-3.608,1.0,19961.096,4.0,399986.712,20019.096
15.0,-6.904,20160323 18:07:40 EST,20160323 18:07:40 EST,20160323 18:07:40 EST,75.373,,NZDJPY,long,,20160323 17:59:25 EST,closed,20160323 17:59:25 EST,75.406,,,1.0,1.0,,NZDJPY,,-2.904,-1.0,19954.192,4.0,399983.808,20016.192
16.0,-13.856,20160323 18:23:37 EST,20160323 18:23:37 EST,20160323 18:23:37 EST,75.485,,NZDJPY,short,,20160323 18:07:40 EST,closed,20160323 18:07:40 EST,75.373,,,1.0,1.0,,NZDJPY,,-9.856,1.0,19940.336,4.0,399993.664,20006.336
17.0,-3.648,20160323 18:39:39 EST,20160323 18:39:39 EST,20160323 18:39:39 EST,75.489,,NZDJPY,long,,20160323 18:23:37 EST,closed,20160323 18:23:37 EST,75.485,,,1.0,1.0,,NZDJPY,,0.352,-1.0,19936.688,4.0,399994.016,20006.688
18.0,-0.656,20160323 19:25:55 EST,20160323 19:25:55 EST,20160323 19:25:55 EST,75.451,,NZDJPY,short,,20160323 18:39:39 EST,closed,20160323 18:39:39 EST,75.489,,,1.0,1.0,,NZDJPY,,3.344,1.0,19936.032,4.0,399990.672,20010.032
19.0,-0.392,20160323 19:55:27 EST,20160323 19:55:27 EST,20160323 19:55:27 EST,75.517,,NZDJPY,long,,20160323 19:40:41 EST,closed,20160323 19:40:41 EST,75.476,,,1.0,1.0,,NZDJPY,,3.608,-1.0,19935.64,4.0,399994.28,20013.64
20.0,-5.848,20160323 20:11:49 EST,20160323 20:11:49 EST,20160323 20:11:49 EST,75.538,,NZDJPY,short,,20160323 19:55:27 EST,closed,20160323 19:55:27 EST,75.517,,,1.0,1.0,,NZDJPY,,-1.848,1.0,19929.792,4.0,399996.128,20011.792
21.0,-10.16,20160323 20:25:59 EST,20160323 20:25:59 EST,20160323 20:25:59 EST,75.468,,NZDJPY,long,,20160323 20:11:49 EST,closed,20160323 20:11:49 EST,75.538,,,1.0,1.0,,NZDJPY,,-6.16,-1.0,19919.632,4.0,399989.968,20005.632
22.0,-3.736,20160323 21:07:54 EST,20160323 21:07:54 EST,20160323 21:07:54 EST,75.49,,NZDJPY,long,,20160323 20:26:30 EST,closed,20160323 20:26:30 EST,75.487,,,1.0,1.0,,NZDJPY,,0.264,-1.0,19915.896,4.0,399990.232,20005.896
23.0,-3.472,20160323 21:22:47 EST,20160323 21:22:47 EST,20160323 21:22:47 EST,75.484,,NZDJPY,short,,20160323 21:07:54 EST,closed,20160323 21:07:54 EST,75.49,,,1.0,1.0,,NZDJPY,,0.528,1.0,19912.424,4.0,399989.704,20006.424
24.0,0.136,20160323 23:09:00 EST,20160323 23:09:00 EST,20160323 23:09:00 EST,75.48,,NZDJPY,short,,20160323 21:38:15 EST,closed,20160323 21:38:15 EST,75.527,,,1.0,1.0,,NZDJPY,,4.136,1.0,19912.56,4.0,399985.568,20010.56
25.0,-3.12,20160323 23:59:49 EST,20160323 23:59:49 EST,20160323 23:59:49 EST,75.499,,NZDJPY,short,,20160323 23:29:34 EST,closed,20160323 23:29:34 EST,75.509,,,1.0,1.0,,NZDJPY,,0.88,1.0,19909.44,4.0,399984.688,20011.44
26.0,1.016,20160324 00:18:59 EST,20160324 00:18:59 EST,20160324 00:18:59 EST,75.556,,NZDJPY,long,,20160323 23:59:49 EST,closed,20160323 23:59:49 EST,75.499,,,1.0,1.0,,NZDJPY,,5.016,-1.0,19910.456,4.0,399989.704,20016.456
27.0,3.568,20160324 00:34:34 EST,20160324 00:34:34 EST,20160324 00:34:34 EST,75.47,,NZDJPY,short,,20160324 00:18:59 EST,closed,20160324 00:18:59 EST,75.556,,,1.0,1.0,,NZDJPY,,7.568,1.0,19914.024,4.0,399982.136,20024.024
28.0,-1.272,20160324 01:32:25 EST,20160324 01:32:25 EST,20160324 01:32:25 EST,75.501,,NZDJPY,long,,20160324 00:34:34 EST,closed,20160324 00:34:34 EST,75.47,,,1.0,1.0,,NZDJPY,,2.728,-1.0,19912.752,4.0,399984.864,20026.752
29.0,-10.248,20160324 02:05:55 EST,20160324 02:05:55 EST,20160324 02:05:55 EST,75.442,,NZDJPY,long,,20160324 01:32:56 EST,closed,20160324 01:32:56 EST,75.513,,,1.0,1.0,,NZDJPY,,-6.248,-1.0,19902.504,4.0,399978.616,20020.504
30.0,-12.272,20160324 02:22:53 EST,20160324 02:22:53 EST,20160324 02:22:53 EST,75.536,,NZDJPY,short,,20160324 02:05:55 EST,closed,20160324 02:05:55 EST,75.442,,,1.0,1.0,,NZDJPY,,-8.272,1.0,19890.232,4.0,399986.888,20012.232
31.0,-14.296,20160324 03:19:17 EST,20160324 03:19:17 EST,20160324 03:19:17 EST,75.419,,NZDJPY,long,,20160324 02:22:53 EST,closed,20160324 02:22:53 EST,75.536,,,1.0,1.0,,NZDJPY,,-10.296,-1.0,19875.936,4.0,399976.592,20001.936
32.0,5.944,20160324 03:55:31 EST,20160324 03:55:31 EST,20160324 03:55:31 EST,75.306,,NZDJPY,short,,20160324 03:19:17 EST,closed,20160324 03:19:17 EST,75.419,,,1.0,1.0,,NZDJPY,,9.944,1.0,19881.88,4.0,399966.648,20011.88
33.0,8.672,20160324 04:12:33 EST,20160324 04:12:33 EST,20160324 04:12:33 EST,75.45,,NZDJPY,long,,20160324 03:55:31 EST,closed,20160324 03:55:31 EST,75.306,,,1.0,1.0,,NZDJPY,,12.672,-1.0,19890.552,4.0,399979.32,20024.552
34.0,-14.296,20160324 04:41:11 EST,20160324 04:41:11 EST,20160324 04:41:11 EST,75.439,,NZDJPY,long,,20160324 04:26:04 EST,closed,20160324 04:26:04 EST,75.556,,,1.0,1.0,,NZDJPY,,-10.296,-1.0,19876.256,4.0,399969.024,20014.256
35.0,-8.488,20160324 04:55:26 EST,20160324 04:55:26 EST,20160324 04:55:26 EST,75.49,,NZDJPY,short,,20160324 04:41:11 EST,closed,20160324 04:41:11 EST,75.439,,,1.0,1.0,,NZDJPY,,-4.488,1.0,19867.768,4.0,399973.512,20009.768
36.0,-12.096,20160324 05:11:11 EST,20160324 05:11:11 EST,20160324 05:11:11 EST,75.398,,NZDJPY,long,,20160324 04:55:26 EST,closed,20160324 04:55:26 EST,75.49,,,1.0,1.0,,NZDJPY,,-8.096,-1.0,19855.672,4.0,399965.416,20001.672
37.0,-0.480000000001,20160324 06:04:50 EST,20160324 06:04:50 EST,20160324 06:04:50 EST,75.358,,NZDJPY,short,,20160324 05:11:11 EST,closed,20160324 05:11:11 EST,75.398,,,1.0,1.0,,NZDJPY,,3.52,1.0,19855.192,4.0,399961.896,20005.192
38.0,-2.944,20160324 06:31:38 EST,20160324 06:31:38 EST,20160324 06:31:38 EST,75.37,,NZDJPY,long,,20160324 06:04:50 EST,closed,20160324 06:04:50 EST,75.358,,,1.0,1.0,,NZDJPY,,1.056,-1.0,19852.248,4.0,399962.952,20006.248
39.0,-4.0,20160324 06:59:58 EST,20160324 06:59:58 EST,20160324 06:59:58 EST,75.361,,NZDJPY,short,,20160324 06:32:09 EST,closed,20160324 06:32:09 EST,75.361,,,1.0,1.0,,NZDJPY,,0.0,1.0,19848.248,4.0,399962.952,20006.248
40.0,-1.272,20160324 07:33:46 EST,20160324 07:33:46 EST,20160324 07:33:46 EST,75.392,,NZDJPY,long,,20160324 06:59:58 EST,closed,20160324 06:59:58 EST,75.361,,,1.0,1.0,,NZDJPY,,2.728,-1.0,19846.976,4.0,399965.68,20008.976
41.0,1.72,20160324 07:51:04 EST,20160324 07:51:04 EST,20160324 07:51:04 EST,75.327,,NZDJPY,short,,20160324 07:33:46 EST,closed,20160324 07:33:46 EST,75.392,,,1.0,1.0,,NZDJPY,,5.72,1.0,19848.696,4.0,399959.96,20014.696
42.0,2.512,20160324 08:08:14 EST,20160324 08:08:14 EST,20160324 08:08:14 EST,75.401,,NZDJPY,long,,20160324 07:51:04 EST,closed,20160324 07:51:04 EST,75.327,,,1.0,1.0,,NZDJPY,,6.512,-1.0,19851.208,4.0,399966.472,20021.208
43.0,-2.152,20160324 08:21:38 EST,20160324 08:21:38 EST,20160324 08:21:38 EST,75.38,,NZDJPY,short,,20160324 08:08:14 EST,closed,20160324 08:08:14 EST,75.401,,,1.0,1.0,,NZDJPY,,1.848,1.0,19849.056,4.0,399964.624,20023.056
44.0,-5.384,20160324 09:54:13 EST,20160324 09:54:13 EST,20160324 09:54:13 EST,75.3835,,NZDJPY,long,,20160324 08:21:38 EST,closed,20160324 08:21:38 EST,75.38,,,2.0,2.0,,NZDJPY,,0.616000000002,-1.0,19843.672,6.0,399965.24,20023.672
45.0,-0.0399999999998,20160324 10:08:43 EST,20160324 10:08:43 EST,20160324 10:08:43 EST,75.34,,NZDJPY,short,,20160324 09:54:13 EST,closed,20160324 09:54:13 EST,75.385,,,1.0,1.0,,NZDJPY,,3.96,1.0,19843.632,4.0,399961.28,20027.632
46.0,-8.488,20160324 10:25:49 EST,20160324 10:25:49 EST,20160324 10:25:49 EST,75.289,,NZDJPY,long,,20160324 10:08:43 EST,closed,20160324 10:08:43 EST,75.34,,,1.0,1.0,,NZDJPY,,-4.488,-1.0,19835.144,4.0,399956.792,20023.144
47.0,-7.256,20160324 10:40:52 EST,20160324 10:40:52 EST,20160324 10:40:52 EST,75.326,,NZDJPY,short,,20160324 10:25:49 EST,closed,20160324 10:25:49 EST,75.289,,,1.0,1.0,,NZDJPY,,-3.256,1.0,19827.888,4.0,399960.048,20019.888
48.0,-2.416,20160324 11:29:44 EST,20160324 11:29:44 EST,20160324 11:29:44 EST,75.344,,NZDJPY,long,,20160324 10:40:52 EST,closed,20160324 10:40:52 EST,75.326,,,1.0,1.0,,NZDJPY,,1.584,-1.0,19825.472,4.0,399961.632,20021.472
49.0,-6.816,20160324 11:43:30 EST,20160324 11:43:30 EST,20160324 11:43:30 EST,75.376,,NZDJPY,short,,20160324 11:29:44 EST,closed,20160324 11:29:44 EST,75.344,,,1.0,1.0,,NZDJPY,,-2.816,1.0,19818.656,4.0,399964.448,20018.656
50.0,-12.712,20160324 12:49:56 EST,20160324 12:49:56 EST,20160324 12:49:56 EST,75.451,,NZDJPY,short,,20160324 11:52:10 EST,closed,20160324 11:52:10 EST,75.352,,,1.0,1.0,,NZDJPY,,-8.712,1.0,19805.944,4.0,399973.16,20009.944
51.0,-1.096,20160324 13:03:44 EST,20160324 13:03:44 EST,20160324 13:03:44 EST,75.484,,NZDJPY,long,,20160324 12:49:56 EST,closed,20160324 12:49:56 EST,75.451,,,1.0,1.0,,NZDJPY,,2.904,-1.0,19804.848,4.0,399976.064,20012.848
52.0,-13.48,20160324 13:57:14 EST,20160324 13:57:14 EST,20160324 13:57:14 EST,75.528,,NZDJPY,short,,20160324 13:37:17 EST,closed,20160324 13:19:54 EST,75.4855,,,2.0,2.0,,NZDJPY,,-7.48,2.0,19791.368,6.0,399983.544,20005.368
53.0,-4.968,20160324 14:15:31 EST,20160324 14:15:31 EST,20160324 14:15:31 EST,75.517,,NZDJPY,long,,20160324 13:57:14 EST,closed,20160324 13:57:14 EST,75.528,,,1.0,1.0,,NZDJPY,,-0.968000000001,-1.0,19786.4,4.0,399982.576,20004.4
54.0,-11.744,20160324 15:13:14 EST,20160324 15:13:14 EST,20160324 15:13:14 EST,75.605,,NZDJPY,short,,20160324 14:15:31 EST,closed,20160324 14:15:31 EST,75.517,,,1.0,1.0,,NZDJPY,,-7.744,1.0,19774.656,4.0,399990.32,19996.656
55.0,-7.696,20160324 15:32:31 EST,20160324 15:32:31 EST,20160324 15:32:31 EST,75.563,,NZDJPY,long,,20160324 15:13:14 EST,closed,20160324 15:13:14 EST,75.605,,,1.0,1.0,,NZDJPY,,-3.696,-1.0,19766.96,4.0,399986.624,19992.96
56.0,-6.904,20160324 15:47:59 EST,20160324 15:47:59 EST,20160324 15:47:59 EST,75.596,,NZDJPY,short,,20160324 15:32:31 EST,closed,20160324 15:32:31 EST,75.563,,,1.0,1.0,,NZDJPY,,-2.904,1.0,19760.056,4.0,399989.528,19990.056
57.0,-3.296,20160324 15:56:48 EST,20160324 15:56:48 EST,20160324 15:56:48 EST,75.604,,NZDJPY,long,,20160324 15:47:59 EST,closed,20160324 15:47:59 EST,75.596,,,1.0,1.0,,NZDJPY,,0.704,-1.0,19756.76,4.0,399990.232,19990.76
58.0,-3.208,20160324 16:27:27 EST,20160324 16:27:27 EST,20160324 16:27:27 EST,75.617,,NZDJPY,long,,20160324 16:13:41 EST,closed,20160324 16:13:41 EST,75.608,,,1.0,1.0,,NZDJPY,,0.792,-1.0,19753.552,4.0,399991.024,19991.552
59.0,-9.784,20160324 16:55:16 EST,20160324 16:55:16 EST,20160324 16:55:16 EST,75.6385,,NZDJPY,short,,20160324 16:27:27 EST,closed,20160324 16:27:27 EST,75.617,,,2.0,2.0,,NZDJPY,,-3.784,1.0,19743.768,6.0,399994.808,19987.768
60.0,-15.24,20160324 17:41:09 EST,20160324 17:41:09 EST,20160324 17:41:09 EST,75.575,,NZDJPY,long,,20160324 17:27:07 EST,closed,20160324 16:55:16 EST,75.6275,,,2.0,2.0,,NZDJPY,,-9.24,-2.0,19728.528,6.0,399985.568,19978.528
61.0,-4.528,20160324 17:56:41 EST,20160324 17:56:41 EST,20160324 17:56:41 EST,75.581,,NZDJPY,short,,20160324 17:41:09 EST,closed,20160324 17:41:09 EST,75.575,,,1.0,1.0,,NZDJPY,,-0.528,1.0,19724.0,4.0,399986.096,19978.0
62.0,-7.52,20160324 18:45:59 EST,20160324 18:45:59 EST,20160324 18:45:59 EST,75.535,,NZDJPY,long,,20160324 18:29:19 EST,closed,20160324 18:29:19 EST,75.575,,,1.0,1.0,,NZDJPY,,-3.52,-1.0,19716.48,4.0,399982.576,19974.48
63.0,-6.552,20160324 19:05:06 EST,20160324 19:05:06 EST,20160324 19:05:06 EST,75.564,,NZDJPY,short,,20160324 18:45:59 EST,closed,20160324 18:45:59 EST,75.535,,,1.0,1.0,,NZDJPY,,-2.552,1.0,19709.928,4.0,399985.128,19971.928
64.0,-5.32,20160324 19:51:26 EST,20160324 19:51:26 EST,20160324 19:51:26 EST,75.598,,NZDJPY,short,,20160324 19:19:41 EST,closed,20160324 19:19:41 EST,75.583,,,1.0,1.0,,NZDJPY,,-1.32,1.0,19704.608,4.0,399986.448,19970.608
65.0,5.68,20160324 20:51:56 EST,20160324 20:51:56 EST,20160324 20:51:56 EST,75.735,,NZDJPY,long,,20160324 20:36:20 EST,closed,20160324 20:36:20 EST,75.625,,,1.0,1.0,,NZDJPY,,9.68,-1.0,19710.288,4.0,399996.128,19980.288
66.0,6.296,20160324 22:52:19 EST,20160324 22:52:19 EST,20160324 22:52:19 EST,75.618,,NZDJPY,short,,20160324 20:51:56 EST,closed,20160324 20:51:56 EST,75.735,,,1.0,1.0,,NZDJPY,,10.296,1.0,19716.584,4.0,399985.832,19990.584
67.0,1.368,20160324 23:26:36 EST,20160324 23:26:36 EST,20160324 23:26:36 EST,75.682,,NZDJPY,long,,20160324 22:52:50 EST,closed,20160324 22:52:50 EST,75.621,,,1.0,1.0,,NZDJPY,,5.368,-1.0,19717.952,4.0,399991.2,19995.952
68.0,-4.88,20160324 23:58:49 EST,20160324 23:58:49 EST,20160324 23:58:49 EST,75.692,,NZDJPY,short,,20160324 23:26:36 EST,closed,20160324 23:26:36 EST,75.682,,,1.0,1.0,,NZDJPY,,-0.879999999999,1.0,19713.072,4.0,399992.08,19995.072
69.0,-7.168,20160325 00:31:31 EST,20160325 00:31:31 EST,20160325 00:31:31 EST,75.656,,NZDJPY,long,,20160324 23:58:49 EST,closed,20160324 23:58:49 EST,75.692,,,1.0,1.0,,NZDJPY,,-3.168,-1.0,19705.904,4.0,399988.912,19991.904
70.0,-2.0,,,,0.0,,NZDJPY,short,,20160325 00:31:31 EST,open,20160325 00:31:31 EST,75.656,,,0.0,1.0,,NZDJPY,,0.0,-1.0,19703.904,2.0,393331.184,19991.904
