trade_id,PL,closeVWAP_timestamp,closedWhen,closedWhenUnixTimeStamp,closing_price_VWAP,expir,instrument,long_or_short,markToMarket_time,openVWAP_timestamp,open_or_closed,openedWhen,opening_price_VWAP,ptValue,putcall,quant_closed,quant_opened,strike,symbol,symbol_description,PurePL,qty,balance,commission,margin_available,purebalance
1.0,6.208,20160323 06:13:29 EST,20160323 06:13:29 EST,20160323 06:13:29 EST,75.456,,NZDJPY,short,,20160323 05:41:08 EST,closed,20160323 05:41:08 EST,75.572,,,1.0,1.0,,NZDJPY,,10.208,1.0,20006.208,4.0,399989.792,20010.208
2.0,0.224,20160323 06:26:57 EST,20160323 06:26:57 EST,20160323 06:26:57 EST,75.504,,NZDJPY,long,,20160323 06:13:29 EST,closed,20160323 06:13:29 EST,75.456,,,1.0,1.0,,NZDJPY,,4.224,-1.0,20006.432,4.0,399994.016,20014.432
3.0,-10.776,20160323 06:49:00 EST,20160323 06:49:00 EST,20160323 06:49:00 EST,75.581,,NZDJPY,short,,20160323 06:26:57 EST,closed,20160323 06:26:57 EST,75.504,,,1.0,1.0,,NZDJPY,,-6.776,1.0,19995.656,4.0,400000.792,20007.656
4.0,6.56,20160323 07:30:44 EST,20160323 07:30:44 EST,20160323 07:30:44 EST,75.701,,NZDJPY,long,,20160323 06:49:00 EST,closed,20160323 06:49:00 EST,75.581,,,1.0,1.0,,NZDJPY,,10.56,-1.0,20002.216,4.0,400011.352,20018.216
5.0,-1.536,20160323 07:42:02 EST,20160323 07:42:02 EST,20160323 07:42:02 EST,75.673,,NZDJPY,short,,20160323 07:30:44 EST,closed,20160323 07:30:44 EST,75.701,,,1.0,1.0,,NZDJPY,,2.464,1.0,20000.68,4.0,400008.888,20020.68
6.0,-11.216,20160323 08:20:10 EST,20160323 08:20:10 EST,20160323 08:20:10 EST,75.591,,NZDJPY,long,,20160323 07:42:02 EST,closed,20160323 07:42:02 EST,75.673,,,1.0,1.0,,NZDJPY,,-7.216,-1.0,19989.464,4.0,400001.672,20013.464
7.0,-0.215999999999,20160323 09:06:27 EST,20160323 09:06:27 EST,20160323 09:06:27 EST,75.548,,NZDJPY,short,,20160323 08:20:10 EST,closed,20160323 08:20:10 EST,75.591,,,1.0,1.0,,NZDJPY,,3.784,1.0,19989.248,4.0,399997.888,20017.248
8.0,-9.192,20160323 09:50:16 EST,20160323 09:50:16 EST,20160323 09:50:16 EST,75.489,,NZDJPY,long,,20160323 09:06:27 EST,closed,20160323 09:06:27 EST,75.548,,,1.0,1.0,,NZDJPY,,-5.192,-1.0,19980.056,4.0,399992.696,20012.056
9.0,-5.32,20160323 10:39:39 EST,20160323 10:39:39 EST,20160323 10:39:39 EST,75.504,,NZDJPY,short,,20160323 09:50:16 EST,closed,20160323 09:50:16 EST,75.489,,,1.0,1.0,,NZDJPY,,-1.32,1.0,19974.736,4.0,399994.016,20010.736
10.0,-0.919999999999,20160323 11:05:18 EST,20160323 11:05:18 EST,20160323 11:05:18 EST,75.539,,NZDJPY,long,,20160323 10:39:39 EST,closed,20160323 10:39:39 EST,75.504,,,1.0,1.0,,NZDJPY,,3.08,-1.0,19973.816,4.0,399997.096,20013.816
11.0,-0.743999999999,20160323 13:11:22 EST,20160323 13:11:22 EST,20160323 13:11:22 EST,75.502,,NZDJPY,short,,20160323 11:05:18 EST,closed,20160323 11:05:18 EST,75.539,,,1.0,1.0,,NZDJPY,,3.256,1.0,19973.072,4.0,399993.84,20017.072
12.0,-3.208,20160323 14:15:16 EST,20160323 14:15:16 EST,20160323 14:15:16 EST,75.511,,NZDJPY,long,,20160323 13:11:22 EST,closed,20160323 13:11:22 EST,75.502,,,1.0,1.0,,NZDJPY,,0.792,-1.0,19969.864,4.0,399994.632,20017.864
13.0,-2.768,20160323 14:36:15 EST,20160323 14:36:15 EST,20160323 14:36:15 EST,75.497,,NZDJPY,short,,20160323 14:15:16 EST,closed,20160323 14:15:16 EST,75.511,,,1.0,1.0,,NZDJPY,,1.232,1.0,19967.096,4.0,399993.4,20019.096
14.0,-10.248,20160323 15:34:00 EST,20160323 15:34:00 EST,20160323 15:34:00 EST,75.426,,NZDJPY,long,,20160323 14:36:15 EST,closed,20160323 14:36:15 EST,75.497,,,1.0,1.0,,NZDJPY,,-6.248,-1.0,19956.848,4.0,399987.152,20012.848
15.0,0.488,20160323 17:43:32 EST,20160323 17:43:32 EST,20160323 17:43:32 EST,75.375,,NZDJPY,short,,20160323 15:34:00 EST,closed,20160323 15:34:00 EST,75.426,,,1.0,1.0,,NZDJPY,,4.488,1.0,19957.336,4.0,399982.664,20017.336
16.0,-4.44,20160323 18:08:10 EST,20160323 18:08:10 EST,20160323 18:08:10 EST,75.37,,NZDJPY,long,,20160323 17:43:32 EST,closed,20160323 17:43:32 EST,75.375,,,1.0,1.0,,NZDJPY,,-0.44,-1.0,19952.896,4.0,399982.224,20016.896
17.0,-16.76,20160323 18:32:47 EST,20160323 18:32:47 EST,20160323 18:32:47 EST,75.515,,NZDJPY,short,,20160323 18:08:10 EST,closed,20160323 18:08:10 EST,75.37,,,1.0,1.0,,NZDJPY,,-12.76,1.0,19936.136,4.0,399994.984,20004.136
18.0,-10.864,20160323 18:57:45 EST,20160323 18:57:45 EST,20160323 18:57:45 EST,75.437,,NZDJPY,long,,20160323 18:32:47 EST,closed,20160323 18:32:47 EST,75.515,,,1.0,1.0,,NZDJPY,,-6.864,-1.0,19925.272,4.0,399988.12,19997.272
19.0,-0.480000000001,20160323 20:34:15 EST,20160323 20:34:15 EST,20160323 20:34:15 EST,75.397,,NZDJPY,short,,20160323 18:57:45 EST,closed,20160323 18:57:45 EST,75.437,,,1.0,1.0,,NZDJPY,,3.52,1.0,19924.792,4.0,399984.6,20000.792
20.0,1.808,20160323 21:01:48 EST,20160323 21:01:48 EST,20160323 21:01:48 EST,75.463,,NZDJPY,long,,20160323 20:34:15 EST,closed,20160323 20:34:15 EST,75.397,,,1.0,1.0,,NZDJPY,,5.808,-1.0,19926.6,4.0,399990.408,20006.6
21.0,-7.784,20160323 23:50:46 EST,20160323 23:50:46 EST,20160323 23:50:46 EST,75.506,,NZDJPY,short,,20160323 21:01:48 EST,closed,20160323 21:01:48 EST,75.463,,,1.0,1.0,,NZDJPY,,-3.784,1.0,19918.816,4.0,399994.192,20002.816
22.0,-2.328,20160324 01:42:54 EST,20160324 01:42:54 EST,20160324 01:42:54 EST,75.525,,NZDJPY,long,,20160323 23:50:46 EST,closed,20160323 23:50:46 EST,75.506,,,1.0,1.0,,NZDJPY,,1.672,-1.0,19916.488,4.0,399995.864,20004.488
23.0,3.568,20160324 02:06:52 EST,20160324 02:06:52 EST,20160324 02:06:52 EST,75.439,,NZDJPY,short,,20160324 01:42:54 EST,closed,20160324 01:42:54 EST,75.525,,,1.0,1.0,,NZDJPY,,7.568,1.0,19920.056,4.0,399988.296,20012.056
24.0,3.392,20160324 02:22:28 EST,20160324 02:22:28 EST,20160324 02:22:28 EST,75.523,,NZDJPY,long,,20160324 02:06:52 EST,closed,20160324 02:06:52 EST,75.439,,,1.0,1.0,,NZDJPY,,7.392,-1.0,19923.448,4.0,399995.688,20019.448
25.0,6.208,20160324 03:13:46 EST,20160324 03:13:46 EST,20160324 03:13:46 EST,75.407,,NZDJPY,short,,20160324 02:22:28 EST,closed,20160324 02:22:28 EST,75.523,,,1.0,1.0,,NZDJPY,,10.208,1.0,19929.656,4.0,399985.48,20029.656
26.0,-7.96,20160324 03:39:43 EST,20160324 03:39:43 EST,20160324 03:39:43 EST,75.362,,NZDJPY,long,,20160324 03:13:46 EST,closed,20160324 03:13:46 EST,75.407,,,1.0,1.0,,NZDJPY,,-3.96,-1.0,19921.696,4.0,399981.52,20025.696
27.0,-6.64,20160324 04:05:52 EST,20160324 04:05:52 EST,20160324 04:05:52 EST,75.392,,NZDJPY,short,,20160324 03:39:43 EST,closed,20160324 03:39:43 EST,75.362,,,1.0,1.0,,NZDJPY,,-2.64,1.0,19915.056,4.0,399984.16,20023.056
28.0,4.448,20160324 04:32:07 EST,20160324 04:32:07 EST,20160324 04:32:07 EST,75.488,,NZDJPY,long,,20160324 04:05:52 EST,closed,20160324 04:05:52 EST,75.392,,,1.0,1.0,,NZDJPY,,8.448,-1.0,19919.504,4.0,399992.608,20031.504
29.0,1.28,20160324 04:57:30 EST,20160324 04:57:30 EST,20160324 04:57:30 EST,75.428,,NZDJPY,short,,20160324 04:32:07 EST,closed,20160324 04:32:07 EST,75.488,,,1.0,1.0,,NZDJPY,,5.28,1.0,19920.784,4.0,399987.328,20036.784
30.0,-7.696,20160324 05:25:15 EST,20160324 05:25:15 EST,20160324 05:25:15 EST,75.386,,NZDJPY,long,,20160324 04:57:30 EST,closed,20160324 04:57:30 EST,75.428,,,1.0,1.0,,NZDJPY,,-3.696,-1.0,19913.088,4.0,399983.632,20033.088
31.0,-1.448,20160324 06:17:46 EST,20160324 06:17:46 EST,20160324 06:17:46 EST,75.357,,NZDJPY,short,,20160324 05:25:15 EST,closed,20160324 05:25:15 EST,75.386,,,1.0,1.0,,NZDJPY,,2.552,1.0,19911.64,4.0,399981.08,20035.64
32.0,-2.064,20160324 07:16:58 EST,20160324 07:16:58 EST,20160324 07:16:58 EST,75.379,,NZDJPY,long,,20160324 06:17:46 EST,closed,20160324 06:17:46 EST,75.357,,,1.0,1.0,,NZDJPY,,1.936,-1.0,19909.576,4.0,399983.016,20037.576
33.0,-4.0,20160324 07:42:22 EST,20160324 07:42:22 EST,20160324 07:42:22 EST,75.379,,NZDJPY,short,,20160324 07:16:58 EST,closed,20160324 07:16:58 EST,75.379,,,1.0,1.0,,NZDJPY,,-1.25055521494e-12,1.0,19905.576,4.0,399983.016,20037.576
34.0,-1.712,20160324 08:06:48 EST,20160324 08:06:48 EST,20160324 08:06:48 EST,75.405,,NZDJPY,long,,20160324 07:42:22 EST,closed,20160324 07:42:22 EST,75.379,,,1.0,1.0,,NZDJPY,,2.288,-1.0,19903.864,4.0,399985.304,20039.864
35.0,-4.176,20160324 08:32:23 EST,20160324 08:32:23 EST,20160324 08:32:23 EST,75.407,,NZDJPY,short,,20160324 08:06:48 EST,closed,20160324 08:06:48 EST,75.405,,,1.0,1.0,,NZDJPY,,-0.176,1.0,19899.688,4.0,399985.48,20039.688
36.0,-4.352,20160324 09:01:39 EST,20160324 09:01:39 EST,20160324 09:01:39 EST,75.403,,NZDJPY,long,,20160324 08:32:23 EST,closed,20160324 08:32:23 EST,75.407,,,1.0,1.0,,NZDJPY,,-0.351999999999,-1.0,19895.336,4.0,399985.128,20039.336
37.0,-2.944,20160324 09:29:02 EST,20160324 09:29:02 EST,20160324 09:29:02 EST,75.391,,NZDJPY,short,,20160324 09:01:39 EST,closed,20160324 09:01:39 EST,75.403,,,1.0,1.0,,NZDJPY,,1.056,1.0,19892.392,4.0,399984.072,20040.392
38.0,-11.304,20160324 10:24:58 EST,20160324 10:24:58 EST,20160324 10:24:58 EST,75.308,,NZDJPY,long,,20160324 09:29:02 EST,closed,20160324 09:29:02 EST,75.391,,,1.0,1.0,,NZDJPY,,-7.304,-1.0,19881.088,4.0,399976.768,20033.088
39.0,-5.408,20160324 10:42:49 EST,20160324 10:42:49 EST,20160324 10:42:49 EST,75.324,,NZDJPY,short,,20160324 10:24:58 EST,closed,20160324 10:24:58 EST,75.308,,,1.0,1.0,,NZDJPY,,-1.408,1.0,19875.68,4.0,399978.176,20031.68
40.0,-3.384,20160324 11:34:53 EST,20160324 11:34:53 EST,20160324 11:34:53 EST,75.331,,NZDJPY,long,,20160324 10:42:49 EST,closed,20160324 10:42:49 EST,75.324,,,1.0,1.0,,NZDJPY,,0.616,-1.0,19872.296,4.0,399978.792,20032.296
41.0,-17.464,20160324 12:28:09 EST,20160324 12:28:09 EST,20160324 12:28:09 EST,75.484,,NZDJPY,short,,20160324 11:34:53 EST,closed,20160324 11:34:53 EST,75.331,,,1.0,1.0,,NZDJPY,,-13.464,1.0,19854.832,4.0,399992.256,20018.832
42.0,-5.32,20160324 12:53:08 EST,20160324 12:53:08 EST,20160324 12:53:08 EST,75.469,,NZDJPY,long,,20160324 12:28:09 EST,closed,20160324 12:28:09 EST,75.484,,,1.0,1.0,,NZDJPY,,-1.32,-1.0,19849.512,4.0,399990.936,20017.512
43.0,-6.992,20160324 13:21:02 EST,20160324 13:21:02 EST,20160324 13:21:02 EST,75.503,,NZDJPY,short,,20160324 12:53:08 EST,closed,20160324 12:53:08 EST,75.469,,,1.0,1.0,,NZDJPY,,-2.992,1.0,19842.52,4.0,399993.928,20014.52
44.0,-2.328,20160324 14:15:26 EST,20160324 14:15:26 EST,20160324 14:15:26 EST,75.522,,NZDJPY,long,,20160324 13:21:02 EST,closed,20160324 13:21:02 EST,75.503,,,1.0,1.0,,NZDJPY,,1.672,-1.0,19840.192,4.0,399995.6,20016.192
45.0,-6.2,20160324 15:03:00 EST,20160324 15:03:00 EST,20160324 15:03:00 EST,75.547,,NZDJPY,short,,20160324 14:15:26 EST,closed,20160324 14:15:26 EST,75.522,,,1.0,1.0,,NZDJPY,,-2.2,1.0,19833.992,4.0,399997.8,20013.992
46.0,1.632,20160324 16:55:48 EST,20160324 16:55:48 EST,20160324 16:55:48 EST,75.611,,NZDJPY,long,,20160324 15:03:00 EST,closed,20160324 15:03:00 EST,75.547,,,1.0,1.0,,NZDJPY,,5.632,-1.0,19835.624,4.0,400003.432,20019.624
47.0,-2.768,20160324 17:46:16 EST,20160324 17:46:16 EST,20160324 17:46:16 EST,75.597,,NZDJPY,short,,20160324 16:55:48 EST,closed,20160324 16:55:48 EST,75.611,,,1.0,1.0,,NZDJPY,,1.232,1.0,19832.856,4.0,400002.2,20020.856
48.0,-3.472,20160324 18:09:35 EST,20160324 18:09:35 EST,20160324 18:09:35 EST,75.603,,NZDJPY,long,,20160324 17:46:16 EST,closed,20160324 17:46:16 EST,75.597,,,1.0,1.0,,NZDJPY,,0.528,-1.0,19829.384,4.0,400002.728,20021.384
49.0,-5.672,20160324 18:34:03 EST,20160324 18:34:03 EST,20160324 18:34:03 EST,75.622,,NZDJPY,short,,20160324 18:09:35 EST,closed,20160324 18:09:35 EST,75.603,,,1.0,1.0,,NZDJPY,,-1.672,1.0,19823.712,4.0,400004.4,20019.712
50.0,-14.208,20160324 19:02:22 EST,20160324 19:02:22 EST,20160324 19:02:22 EST,75.506,,NZDJPY,long,,20160324 18:34:03 EST,closed,20160324 18:34:03 EST,75.622,,,1.0,1.0,,NZDJPY,,-10.208,-1.0,19809.504,4.0,399994.192,20009.504
51.0,-10.512,20160324 19:52:39 EST,20160324 19:52:39 EST,20160324 19:52:39 EST,75.58,,NZDJPY,short,,20160324 19:02:22 EST,closed,20160324 19:02:22 EST,75.506,,,1.0,1.0,,NZDJPY,,-6.512,1.0,19798.992,4.0,400000.704,20002.992
52.0,7.968,20160324 20:53:39 EST,20160324 20:53:39 EST,20160324 20:53:39 EST,75.716,,NZDJPY,long,,20160324 19:52:39 EST,closed,20160324 19:52:39 EST,75.58,,,1.0,1.0,,NZDJPY,,11.968,-1.0,19806.96,4.0,400012.672,20014.96
53.0,-3.736,20160324 21:23:22 EST,20160324 21:23:22 EST,20160324 21:23:22 EST,75.713,,NZDJPY,short,,20160324 20:53:39 EST,closed,20160324 20:53:39 EST,75.716,,,1.0,1.0,,NZDJPY,,0.264000000001,1.0,19803.224,4.0,400012.408,20015.224
54.0,-10.6,20160325 02:27:56 EST,20160325 02:27:56 EST,20160325 02:27:56 EST,75.638,,NZDJPY,long,,20160324 21:23:22 EST,closed,20160324 21:23:22 EST,75.713,,,1.0,1.0,,NZDJPY,,-6.6,-1.0,19792.624,4.0,400005.808,20008.624
55.0,-13.416,20160325 03:49:25 EST,20160325 03:49:25 EST,20160325 03:49:25 EST,75.745,,NZDJPY,short,,20160325 02:27:56 EST,closed,20160325 02:27:56 EST,75.638,,,1.0,1.0,,NZDJPY,,-9.416,1.0,19779.208,4.0,400015.224,19999.208
56.0,-6.2,20160325 04:11:34 EST,20160325 04:11:34 EST,20160325 04:11:34 EST,75.72,,NZDJPY,long,,20160325 03:49:25 EST,closed,20160325 03:49:25 EST,75.745,,,1.0,1.0,,NZDJPY,,-2.2,-1.0,19773.008,4.0,400013.024,19997.008
57.0,-6.64,20160325 04:58:54 EST,20160325 04:58:54 EST,20160325 04:58:54 EST,75.75,,NZDJPY,short,,20160325 04:11:34 EST,closed,20160325 04:11:34 EST,75.72,,,1.0,1.0,,NZDJPY,,-2.64,1.0,19766.368,4.0,400015.664,19994.368
58.0,1.28,20160325 05:22:40 EST,20160325 05:22:40 EST,20160325 05:22:40 EST,75.81,,NZDJPY,long,,20160325 04:58:54 EST,closed,20160325 04:58:54 EST,75.75,,,1.0,1.0,,NZDJPY,,5.28,-1.0,19767.648,4.0,400020.944,19999.648
59.0,-2.768,20160325 06:59:49 EST,20160325 06:59:49 EST,20160325 06:59:49 EST,75.796,,NZDJPY,short,,20160325 05:22:40 EST,closed,20160325 05:22:40 EST,75.81,,,1.0,1.0,,NZDJPY,,1.232,1.0,19764.88,4.0,400019.712,20000.88
60.0,-9.28,20160325 07:13:52 EST,20160325 07:13:52 EST,20160325 07:13:52 EST,75.736,,NZDJPY,long,,20160325 06:59:49 EST,closed,20160325 06:59:49 EST,75.796,,,1.0,1.0,,NZDJPY,,-5.28,-1.0,19755.6,4.0,400014.432,19995.6
61.0,-4.088,20160325 08:20:17 EST,20160325 08:20:17 EST,20160325 08:20:17 EST,75.737,,NZDJPY,short,,20160325 07:13:52 EST,closed,20160325 07:13:52 EST,75.736,,,1.0,1.0,,NZDJPY,,-0.0879999999992,1.0,19751.512,4.0,400014.52,19995.512
62.0,-6.64,20160325 08:51:04 EST,20160325 08:51:04 EST,20160325 08:51:04 EST,75.707,,NZDJPY,long,,20160325 08:20:17 EST,closed,20160325 08:20:17 EST,75.737,,,1.0,1.0,,NZDJPY,,-2.64,-1.0,19744.872,4.0,400011.88,19992.872
63.0,-6.376,20160325 09:20:34 EST,20160325 09:20:34 EST,20160325 09:20:34 EST,75.734,,NZDJPY,short,,20160325 08:51:04 EST,closed,20160325 08:51:04 EST,75.707,,,1.0,1.0,,NZDJPY,,-2.376,1.0,19738.496,4.0,400014.256,19990.496
64.0,-7.784,20160325 09:50:21 EST,20160325 09:50:21 EST,20160325 09:50:21 EST,75.691,,NZDJPY,long,,20160325 09:20:34 EST,closed,20160325 09:20:34 EST,75.734,,,1.0,1.0,,NZDJPY,,-3.784,-1.0,19730.712,4.0,400010.472,19986.712
65.0,-11.04,20160325 10:02:56 EST,20160325 10:02:56 EST,20160325 10:02:56 EST,75.771,,NZDJPY,short,,20160325 09:50:21 EST,closed,20160325 09:50:21 EST,75.691,,,1.0,1.0,,NZDJPY,,-7.04,1.0,19719.672,4.0,400017.512,19979.672
66.0,-10.248,20160325 10:33:08 EST,20160325 10:33:08 EST,20160325 10:33:08 EST,75.7,,NZDJPY,long,,20160325 10:02:56 EST,closed,20160325 10:02:56 EST,75.771,,,1.0,1.0,,NZDJPY,,-6.248,-1.0,19709.424,4.0,400011.264,19973.424
67.0,2.248,20160325 11:07:20 EST,20160325 11:07:20 EST,20160325 11:07:20 EST,75.629,,NZDJPY,short,,20160325 10:33:08 EST,closed,20160325 10:33:08 EST,75.7,,,1.0,1.0,,NZDJPY,,6.248,1.0,19711.672,4.0,400005.016,19979.672
68.0,-9.016,20160325 11:52:06 EST,20160325 11:52:06 EST,20160325 11:52:06 EST,75.572,,NZDJPY,long,,20160325 11:07:20 EST,closed,20160325 11:07:20 EST,75.629,,,1.0,1.0,,NZDJPY,,-5.016,-1.0,19702.656,4.0,400000.0,19974.656
69.0,-7.96,20160325 12:54:58 EST,20160325 12:54:58 EST,20160325 12:54:58 EST,75.617,,NZDJPY,short,,20160325 11:52:06 EST,closed,20160325 11:52:06 EST,75.572,,,1.0,1.0,,NZDJPY,,-3.96,1.0,19694.696,4.0,400003.96,19970.696
70.0,-4.0,20160325 13:21:08 EST,20160325 13:21:08 EST,20160325 13:21:08 EST,75.617,,NZDJPY,long,,20160325 12:54:58 EST,closed,20160325 12:54:58 EST,75.617,,,1.0,1.0,,NZDJPY,,0.0,-1.0,19690.696,4.0,400003.96,19970.696
71.0,-7.608,20160325 13:47:18 EST,20160325 13:47:18 EST,20160325 13:47:18 EST,75.658,,NZDJPY,short,,20160325 13:21:08 EST,closed,20160325 13:21:08 EST,75.617,,,1.0,1.0,,NZDJPY,,-3.608,1.0,19683.088,4.0,400007.568,19967.088
72.0,-2.592,20160325 14:37:07 EST,20160325 14:37:07 EST,20160325 14:37:07 EST,75.674,,NZDJPY,long,,20160325 13:47:18 EST,closed,20160325 13:47:18 EST,75.658,,,1.0,1.0,,NZDJPY,,1.408,-1.0,19680.496,4.0,400008.976,19968.496
73.0,-7.696,20160325 16:49:21 EST,20160325 16:49:21 EST,20160325 16:49:21 EST,75.716,,NZDJPY,short,,20160325 14:37:07 EST,closed,20160325 14:37:07 EST,75.674,,,1.0,1.0,,NZDJPY,,-3.696,1.0,19672.8,4.0,400012.672,19964.8
74.0,-3.736,20160327 20:03:49 EST,20160327 20:03:49 EST,20160327 20:03:49 EST,75.719,,NZDJPY,long,,20160325 16:49:21 EST,closed,20160325 16:49:21 EST,75.716,,,1.0,1.0,,NZDJPY,,0.263999999999,-1.0,19669.064,4.0,400012.936,19965.064
75.0,-2.0,,,,0.0,,NZDJPY,short,,20160327 20:03:49 EST,open,20160327 20:03:49 EST,75.719,,,0.0,1.0,,NZDJPY,,0.0,-1.0,19667.064,2.0,393349.664,19965.064
