trade_id,PL,closeVWAP_timestamp,closedWhen,closedWhenUnixTimeStamp,closing_price_VWAP,expir,instrument,long_or_short,markToMarket_time,openVWAP_timestamp,open_or_closed,openedWhen,opening_price_VWAP,ptValue,putcall,quant_closed,quant_opened,strike,symbol,symbol_description,PurePL,qty,balance,commission,margin_available,purebalance
1.0,101.26518,20160323 10:30:46 EST,20160323 10:30:46 EST,20160323 10:30:46 EST,1.08812,,EURCHF,short,,20160323 10:16:40 EST,closed,20160323 05:41:20 EST,1.0896575,,,2.0,2.0,,EURCHF,,113.26518,2.0,20101.26518,12.0,399886.73482,20113.26518
2.0,-11.38906,20160323 10:57:24 EST,20160323 10:57:24 EST,20160323 10:57:24 EST,1.08863,,EURCHF,short,,20160323 10:44:20 EST,closed,20160323 10:44:20 EST,1.0879,,,1.0,1.0,,EURCHF,,-7.38906,1.0,20089.87612,4.0,399894.12388,20105.87612
3.0,-33.58426,20160323 12:12:28 EST,20160323 12:12:28 EST,20160323 12:12:28 EST,1.087804,,EURCHF,long,,20160323 11:41:07 EST,closed,20160323 10:57:24 EST,1.088286,,,5.0,5.0,,EURCHF,,-23.58426,-4.0,20056.29186,10.0,399870.53962,20082.29186
4.0,2.68052,20160323 13:03:12 EST,20160323 13:03:12 EST,20160323 13:03:12 EST,1.09038,,EURCHF,long,,20160323 12:47:21 EST,closed,20160323 12:47:21 EST,1.08972,,,1.0,1.0,,EURCHF,,6.68052,-1.0,20058.97238,4.0,399877.22014,20088.97238
5.0,-6.63172,20160323 13:34:09 EST,20160323 13:34:09 EST,20160323 13:34:09 EST,1.09064,,EURCHF,short,,20160323 13:03:12 EST,closed,20160323 13:03:12 EST,1.09038,,,1.0,1.0,,EURCHF,,-2.63172,1.0,20052.34066,4.0,399879.85186,20086.34066
6.0,-6.60732,20160323 14:05:32 EST,20160323 14:05:32 EST,20160323 14:05:32 EST,1.09061,,EURCHF,long,,20160323 13:34:09 EST,closed,20160323 13:34:09 EST,1.09064,,,2.0,2.0,,EURCHF,,-0.607320000002,-1.0,20045.73334,6.0,399879.24454,20085.73334
7.0,-1.36828,20160323 14:36:44 EST,20160323 14:36:44 EST,20160323 14:36:44 EST,1.09074,,EURCHF,long,,20160323 14:21:26 EST,closed,20160323 14:21:26 EST,1.09048,,,1.0,1.0,,EURCHF,,2.63172,-1.0,20044.36506,4.0,399881.87626,20088.36506
8.0,-12.98418,20160323 15:53:51 EST,20160323 15:53:51 EST,20160323 15:53:51 EST,1.08975,,EURCHF,long,,20160323 15:38:40 EST,closed,20160323 15:23:57 EST,1.08998,,,3.0,3.0,,EURCHF,,-6.98418,-3.0,20031.38088,6.0,399874.89208,20081.38088
9.0,-4.91098000001,20160323 16:58:19 EST,20160323 16:58:19 EST,20160323 16:58:19 EST,1.09047,,EURCHF,short,,20160323 16:41:26 EST,closed,20160323 16:41:26 EST,1.09044,,,3.0,3.0,,EURCHF,,-0.910980000006,3.0,20026.4699,4.0,399875.80306,20080.4699
10.0,-7.92318000001,20160323 17:29:18 EST,20160323 17:29:18 EST,20160323 17:29:18 EST,1.09048,,EURCHF,long,,20160323 17:15:32 EST,closed,20160323 16:58:19 EST,1.090518,,,5.0,5.0,,EURCHF,,-1.92318000001,-5.0,20018.54672,6.0,399873.87988,20078.54672
11.0,-6.73294,20160323 18:15:47 EST,20160323 18:15:47 EST,20160323 18:15:47 EST,1.09049,,EURCHF,long,,20160323 17:43:31 EST,closed,20160323 17:43:31 EST,1.09076,,,1.0,1.0,,EURCHF,,-2.73294,-1.0,20011.81378,4.0,399871.14694,20075.81378
12.0,-7.94758,20160323 18:48:03 EST,20160323 18:48:03 EST,20160323 18:48:03 EST,1.09051,,EURCHF,long,,20160323 18:32:12 EST,closed,20160323 18:32:12 EST,1.0909,,,1.0,1.0,,EURCHF,,-3.94758,-1.0,20003.8662,4.0,399867.19936,20071.8662
13.0,-23.10618,20160323 20:38:17 EST,20160323 20:38:17 EST,20160323 20:38:17 EST,1.0908,,EURCHF,short,,20160323 19:51:25 EST,closed,20160323 18:48:03 EST,1.090462,,,5.0,5.0,,EURCHF,,-17.10618,5.0,19980.76002,6.0,399884.30554,20054.76002
14.0,5.71712,20160323 21:10:57 EST,20160323 21:10:57 EST,20160323 21:10:57 EST,1.09021,,EURCHF,short,,20160323 20:54:18 EST,closed,20160323 20:54:18 EST,1.09045,,,4.0,4.0,,EURCHF,,9.71712,4.0,19986.47714,4.0,399874.58842,20064.47714
15.0,-4.80976000001,20160323 21:25:20 EST,20160323 21:25:20 EST,20160323 21:25:20 EST,1.09019,,EURCHF,long,,20160323 21:10:57 EST,closed,20160323 21:10:57 EST,1.09021,,,4.0,4.0,,EURCHF,,-0.809760000005,-4.0,19981.66738,4.0,399873.77866,20063.66738
16.0,-9.13782,20160323 21:56:56 EST,20160323 21:56:56 EST,20160323 21:56:56 EST,1.0902675,,EURCHF,short,,20160323 21:25:20 EST,closed,20160323 21:25:20 EST,1.09019,,,4.0,4.0,,EURCHF,,-3.13782,3.0,19972.52956,6.0,399876.91648,20060.52956
17.0,-14.80614,20160323 22:43:35 EST,20160323 22:43:35 EST,20160323 22:43:35 EST,1.0902675,,EURCHF,short,,20160323 22:14:40 EST,closed,20160323 22:14:40 EST,1.09005,,,4.0,4.0,,EURCHF,,-8.80614,3.0,19957.72342,6.0,399885.72262,20051.72342
18.0,0.554899999996,20160323 22:53:18 EST,20160323 22:53:18 EST,20160323 22:53:18 EST,1.09035,,EURCHF,long,,20160323 22:43:35 EST,closed,20160323 22:43:35 EST,1.09026,,,5.0,5.0,,EURCHF,,4.5549,-5.0,19958.27832,4.0,399890.27752,20056.27832
19.0,-14.6281,20160324 00:40:58 EST,20160324 00:40:58 EST,20160324 00:40:58 EST,1.09025,,EURCHF,short,,20160324 00:03:21 EST,closed,20160324 00:03:21 EST,1.09004,,,5.0,5.0,,EURCHF,,-10.6281,5.0,19943.65022,4.0,399900.90562,20045.65022
20.0,-6.60732,20160324 01:07:15 EST,20160324 01:07:15 EST,20160324 01:07:15 EST,1.090238,,EURCHF,long,,20160324 00:40:58 EST,closed,20160324 00:40:58 EST,1.09025,,,5.0,5.0,,EURCHF,,-0.607320000001,-1.0,19937.0429,6.0,399900.2983,20045.0429
21.0,-11.0854,20160324 01:45:07 EST,20160324 01:45:07 EST,20160324 01:45:07 EST,1.09026,,EURCHF,short,,20160324 01:28:01 EST,closed,20160324 01:28:01 EST,1.09012,,,5.0,5.0,,EURCHF,,-7.0854,5.0,19925.9575,4.0,399907.3837,20037.9575
22.0,2.40126000001,20160324 03:30:07 EST,20160324 03:30:07 EST,20160324 03:30:07 EST,1.090444,,EURCHF,short,,20160324 02:39:04 EST,closed,20160324 02:39:04 EST,1.09061,,,5.0,5.0,,EURCHF,,8.40126000001,1.0,19928.35876,6.0,399898.98244,20046.35876
23.0,-28.7501,20160324 04:16:56 EST,20160324 04:16:56 EST,20160324 04:16:56 EST,1.08993,,EURCHF,long,,20160324 03:40:20 EST,closed,20160324 03:30:07 EST,1.0904425,,,4.0,4.0,,EURCHF,,-20.7501,-1.0,19899.60866,8.0,399878.23234,20025.60866
24.0,-11.5915,20160324 04:35:17 EST,20160324 04:35:17 EST,20160324 04:35:17 EST,1.08973,,EURCHF,short,,20160324 04:16:56 EST,closed,20160324 04:16:56 EST,1.08948,,,3.0,3.0,,EURCHF,,-7.5915,3.0,19888.01716,4.0,399885.82384,20018.01716
25.0,-13.5915,20160324 06:10:56 EST,20160324 06:10:56 EST,20160324 06:10:56 EST,1.089645,,EURCHF,long,,20160324 05:13:50 EST,closed,20160324 05:13:50 EST,1.09002,,,2.0,2.0,,EURCHF,,-7.5915,-1.0,19874.42566,6.0,399878.23234,20010.42566
26.0,-5.0122,20160324 06:28:28 EST,20160324 06:28:28 EST,20160324 06:28:28 EST,1.08969,,EURCHF,short,,20160324 06:10:56 EST,closed,20160324 06:10:56 EST,1.08959,,,1.0,1.0,,EURCHF,,-1.0122,1.0,19869.41346,4.0,399879.24454,20009.41346
27.0,21.91232,20160324 07:01:00 EST,20160324 07:01:00 EST,20160324 07:01:00 EST,1.08823,,EURCHF,short,,20160324 06:47:11 EST,closed,20160324 06:47:11 EST,1.08887,,,4.0,4.0,,EURCHF,,25.91232,4.0,19891.32578,4.0,399853.33222,20035.32578
28.0,-6.73294,20160324 07:40:15 EST,20160324 07:40:15 EST,20160324 07:40:15 EST,1.08908,,EURCHF,short,,20160324 07:21:18 EST,closed,20160324 07:21:18 EST,1.08881,,,1.0,1.0,,EURCHF,,-2.73294,1.0,19884.59284,4.0,399856.06516,20032.59284
29.0,-15.74152,20160324 08:22:46 EST,20160324 08:22:46 EST,20160324 08:22:46 EST,1.08886,,EURCHF,short,,20160324 07:56:50 EST,closed,20160324 07:56:50 EST,1.08828,,,2.0,2.0,,EURCHF,,-11.74152,2.0,19868.85132,4.0,399867.80668,20020.85132
30.0,4.30004,20160324 08:58:43 EST,20160324 08:58:43 EST,20160324 08:58:43 EST,1.0882,,EURCHF,short,,20160324 08:41:10 EST,closed,20160324 08:41:10 EST,1.08861,,,2.0,2.0,,EURCHF,,8.30004,2.0,19873.15136,4.0,399859.50664,20029.15136
31.0,0.554900000001,20160324 09:49:04 EST,20160324 09:49:04 EST,20160324 09:49:04 EST,1.08829,,EURCHF,long,,20160324 09:38:54 EST,closed,20160324 09:38:54 EST,1.08784,,,1.0,1.0,,EURCHF,,4.5549,-1.0,19873.70626,4.0,399864.06154,20033.70626
32.0,-11.89516,20160324 10:20:09 EST,20160324 10:20:09 EST,20160324 10:20:09 EST,1.08897,,EURCHF,short,,20160324 10:05:06 EST,closed,20160324 10:05:06 EST,1.08858,,,2.0,2.0,,EURCHF,,-7.89516,2.0,19861.8111,4.0,399871.9567,20025.8111
33.0,-0.760959999999,20160324 10:37:46 EST,20160324 10:37:46 EST,20160324 10:37:46 EST,1.08929,,EURCHF,long,,20160324 10:20:09 EST,closed,20160324 10:20:09 EST,1.08897,,,1.0,1.0,,EURCHF,,3.23904,-1.0,19861.05014,4.0,399875.19574,20029.05014
34.0,-17.9439598988,20160324 11:11:15 EST,20160324 11:11:15 EST,20160324 11:11:15 EST,1.08972,,EURCHF,short,,20160324 10:54:18 EST,closed,20160324 10:37:46 EST,1.08932666667,,,3.0,3.0,,EURCHF,,-11.9439598988,3.0,19843.1061801,6.0,399887.1397,20017.1061801
35.0,1.16222,20160324 11:27:55 EST,20160324 11:27:55 EST,20160324 11:27:55 EST,1.08989,,EURCHF,long,,20160324 11:11:15 EST,closed,20160324 11:11:15 EST,1.08972,,,3.0,3.0,,EURCHF,,5.16222,-3.0,19844.2684001,4.0,399892.30192,20022.2684001
36.0,-13.18662,20160324 12:04:01 EST,20160324 12:04:01 EST,20160324 12:04:01 EST,1.090245,,EURCHF,short,,20160324 11:27:55 EST,closed,20160324 11:27:55 EST,1.08989,,,2.0,2.0,,EURCHF,,-7.18662,1.0,19831.0817801,6.0,399899.48854,20015.0817801
37.0,-18.37324,20160324 12:57:16 EST,20160324 12:57:16 EST,20160324 12:57:16 EST,1.08984,,EURCHF,long,,20160324 12:20:49 EST,closed,20160324 12:20:49 EST,1.09055,,,2.0,2.0,,EURCHF,,-14.37324,-2.0,19812.7085401,4.0,399885.1153,20000.7085401
38.0,-6.73294,20160324 13:46:19 EST,20160324 13:46:19 EST,20160324 13:46:19 EST,1.0903,,EURCHF,short,,20160324 13:18:31 EST,closed,20160324 13:18:31 EST,1.09003,,,1.0,1.0,,EURCHF,,-2.73294,1.0,19805.9756001,4.0,399887.84824,19997.9756001
39.0,4.12199999999,20160324 14:33:01 EST,20160324 14:33:01 EST,20160324 14:33:01 EST,1.09062,,EURCHF,long,,20160324 14:04:59 EST,closed,20160324 13:46:19 EST,1.09042,,,5.0,5.0,,EURCHF,,10.122,-5.0,19810.0976001,6.0,399897.97024,20008.0976001
40.0,-2.96340000001,20160324 15:28:23 EST,20160324 15:28:23 EST,20160324 15:28:23 EST,1.09048,,EURCHF,long,,20160324 14:48:06 EST,closed,20160324 14:48:06 EST,1.09042,,,5.0,5.0,,EURCHF,,3.03659999999,-1.0,19807.1342001,6.0,399901.00684,20011.1342001
41.0,-4.0,20160324 16:18:02 EST,20160324 16:18:02 EST,20160324 16:18:02 EST,1.09048,,EURCHF,short,,20160324 15:28:23 EST,closed,20160324 15:28:23 EST,1.09048,,,5.0,5.0,,EURCHF,,0.0,5.0,19803.1342001,4.0,399901.00684,20011.1342001
42.0,-4.91098,20160324 16:54:07 EST,20160324 16:54:07 EST,20160324 16:54:07 EST,1.09039,,EURCHF,long,,20160324 16:18:02 EST,closed,20160324 16:18:02 EST,1.09048,,,1.0,1.0,,EURCHF,,-0.910979999999,-1.0,19798.2232201,4.0,399900.09586,20010.2232201
43.0,-11.28784,20160324 17:43:39 EST,20160324 17:43:39 EST,20160324 17:43:39 EST,1.09085,,EURCHF,short,,20160324 17:25:28 EST,closed,20160324 17:25:28 EST,1.09061,,,3.0,3.0,,EURCHF,,-7.28784,3.0,19786.9353801,4.0,399907.3837,20002.9353801
44.0,-7.34026,20160324 17:59:40 EST,20160324 17:59:40 EST,20160324 17:59:40 EST,1.09052,,EURCHF,long,,20160324 17:43:39 EST,closed,20160324 17:43:39 EST,1.09085,,,1.0,1.0,,EURCHF,,-3.34026,-1.0,19779.5951201,4.0,399904.04344,19999.5951201
45.0,-21.2074,20160324 18:35:25 EST,20160324 18:35:25 EST,20160324 18:35:25 EST,1.09086,,EURCHF,short,,20160324 17:59:40 EST,closed,20160324 17:59:40 EST,1.09052,,,5.0,5.0,,EURCHF,,-17.2074,5.0,19758.3877201,4.0,399921.25084,19982.3877201
46.0,9.6647,20160324 19:50:09 EST,20160324 19:50:09 EST,20160324 19:50:09 EST,1.09013,,EURCHF,short,,20160324 19:32:00 EST,closed,20160324 19:32:00 EST,1.0904,,,5.0,5.0,,EURCHF,,13.6647,5.0,19768.0524201,4.0,399907.58614,19996.0524201
47.0,-7.11342,20160324 20:42:37 EST,20160324 20:42:37 EST,20160324 20:42:37 EST,1.090225,,EURCHF,short,,20160324 20:06:16 EST,closed,20160324 20:06:16 EST,1.09017,,,2.0,2.0,,EURCHF,,-1.11342,1.0,19760.9390001,6.0,399908.69956,19994.9390001
48.0,-9.13781989878,20160324 21:17:28 EST,20160324 21:17:28 EST,20160324 21:17:28 EST,1.09025,,EURCHF,long,,20160324 20:59:50 EST,closed,20160324 20:42:37 EST,1.09035333333,,,3.0,3.0,,EURCHF,,-3.13781989878,-3.0,19751.8011802,6.0,399905.56174,19991.8011802
49.0,-44.51602,20160324 22:40:13 EST,20160324 22:40:13 EST,20160324 22:40:13 EST,1.09114,,EURCHF,short,,20160324 22:21:03 EST,closed,20160324 21:17:28 EST,1.090585,,,2.0,2.0,,EURCHF,,-34.51602,2.0,19707.2851602,10.0,399940.07776,19957.2851602
50.0,-41.78308,20160325 00:04:02 EST,20160325 00:04:02 EST,20160325 00:04:02 EST,1.091296,,EURCHF,short,,20160324 23:30:40 EST,closed,20160324 22:56:21 EST,1.090668,,,5.0,5.0,,EURCHF,,-31.78308,4.0,19665.5020802,10.0,399971.86084,19925.5020802
