permid,account,clientid,commission,commission_currency,exchange,execid,expiry,level_0,orderid,price,qty,openqty,realized_PnL,side,symbol,symbol_currency,times,yield_redemption_date,PurePL,balance,margin_available,mark_to_mkt,openprice,pure_mark_to_mkt,purebalance,real_pnl
1,Paper,Paper,2.0,USD,IDEALPRO,1.0,,,1.0,123.287,20000.0,-20000.0,-2.0,SLD,EUR,JPY,20160410 17:15:54 EST,,0.0,99998.0,1978301.488,99755.936,123.287,99759.936,100000.0,-2.0
2,Paper,Paper,2.0,USD,IDEALPRO,2.0,,,1.0,83.187,20000.0,20000.0,-2.0,BOT,CAD,JPY,20160410 17:16:03 EST,,0.0,99996.0,1963660.576,99823.568,83.187,99831.568,100000.0,-2.0
3,Paper,Paper,2.0,USD,IDEALPRO,3.0,,,1.0,123.465,40000.0,20000.0,-33.328,BOT,EUR,JPY,20160410 19:01:25 EST,,-31.328,99962.672,1963660.576,100237.984,123.465,100247.984,99968.672,-33.328
4,Paper,Paper,2.0,USD,IDEALPRO,4.0,,,1.0,83.368,40000.0,-20000.0,29.856,SLD,CAD,JPY,20160410 19:01:26 EST,,31.856,99992.528,1963660.576,100154.496,83.368,100166.496,100000.528,29.856
5,Paper,Paper,2.0,USD,IDEALPRO,5.0,,,1.0,83.368,20000.0,-40000.0,-2.0,SLD,CAD,JPY,20160410 19:11:00 EST,,0.0,99990.528,1948987.808,100110.784,83.368,100124.784,100000.528,-2.0
6,Paper,Paper,2.0,USD,IDEALPRO,6.0,,,1.0,123.465,20000.0,40000.0,-2.0,BOT,EUR,JPY,20160410 19:11:31 EST,,0.0,99988.528,1927257.968,100316.464,123.465,100332.464,100000.528,-2.0
7,Paper,Paper,2.0,USD,IDEALPRO,7.0,,,1.0,123.458,20000.0,20000.0,-3.232,SLD,EUR,JPY,20160410 21:14:26 EST,,-1.232,99985.296,1948986.576,100105.552,123.465,100123.552,99999.296,-3.232
8,Paper,Paper,2.0,USD,IDEALPRO,8.0,,,1.0,83.381,20000.0,-20000.0,-4.288,BOT,CAD,JPY,20160410 21:14:56 EST,,-2.288,99981.008,1963661.632,100142.976,83.368,100162.976,99997.008,-4.288
9,Paper,Paper,2.0,USD,IDEALPRO,9.0,,,1.0,123.458,20000.0,0.0,-3.232,SLD,EUR,JPY,20160411 02:44:19 EST,,-1.232,99977.776,1985390.24,99934.064,123.465,99954.064,99995.776,-3.232
10,Paper,Paper,2.0,USD,IDEALPRO,10.0,,,1.0,83.381,20000.0,0.0,-4.288,BOT,CAD,JPY,20160411 02:44:20 EST,,-2.288,99973.488,2000065.296,99973.488,83.368,99993.488,99993.488,-4.288
11,Paper,Paper,2.0,USD,IDEALPRO,11.0,,,1.0,123.465,20000.0,20000.0,-2.0,BOT,EUR,JPY,20160411 03:46:47 EST,,0.0,99971.488,1978335.456,100177.168,123.465,100201.168,99993.488,-2.0
12,Paper,Paper,2.0,USD,IDEALPRO,12.0,,,1.0,83.368,20000.0,-20000.0,-2.0,SLD,CAD,JPY,20160411 03:46:48 EST,,0.0,99969.488,1963662.688,100131.456,83.368,100159.456,99993.488,-2.0
13,Paper,Paper,2.0,USD,IDEALPRO,13.0,,,1.0,83.368,20000.0,-40000.0,-2.0,SLD,CAD,JPY,20160411 04:11:32 EST,,0.0,99967.488,1948989.92,100087.744,83.368,100117.744,99993.488,-2.0
14,Paper,Paper,2.0,USD,IDEALPRO,14.0,,,1.0,123.465,20000.0,40000.0,-2.0,BOT,EUR,JPY,20160411 04:12:05 EST,,0.0,99965.488,1927260.08,100293.424,123.465,100325.424,99993.488,-2.0
15,Paper,Paper,2.0,USD,IDEALPRO,15.0,,,1.0,123.458,20000.0,20000.0,-3.232,SLD,EUR,JPY,20160412 01:53:18 EST,,-1.232,99962.256,1948988.688,100082.512,123.465,100116.512,99992.256,-3.232
16,Paper,Paper,2.0,USD,IDEALPRO,16.0,,,1.0,83.381,20000.0,-20000.0,-4.288,BOT,CAD,JPY,20160412 01:53:20 EST,,-2.288,99957.968,1963663.744,100119.936,83.368,100155.936,99989.968,-4.288
17,Paper,Paper,2.0,USD,IDEALPRO,17.0,,,1.0,123.458,20000.0,0.0,-3.232,SLD,EUR,JPY,20160412 04:29:14 EST,,-1.232,99954.736,1985392.352,99911.024,123.465,99947.024,99988.736,-3.232
18,Paper,Paper,2.0,USD,IDEALPRO,18.0,,,1.0,83.381,20000.0,0.0,-4.288,BOT,CAD,JPY,20160412 04:29:15 EST,,-2.288,99950.448,2000067.408,99950.448,83.368,99986.448,99986.448,-4.288
19,Paper,Paper,2.0,USD,IDEALPRO,19.0,,,1.0,123.465,20000.0,20000.0,-2.0,BOT,EUR,JPY,20160412 04:45:54 EST,,0.0,99948.448,1978337.568,100154.128,123.465,100194.128,99986.448,-2.0
20,Paper,Paper,2.0,USD,IDEALPRO,20.0,,,1.0,83.368,20000.0,-20000.0,-2.0,SLD,CAD,JPY,20160412 04:45:55 EST,,0.0,99946.448,1963664.8,100108.416,83.368,100152.416,99986.448,-2.0
21,Paper,Paper,2.0,USD,IDEALPRO,21.0,,,1.0,83.368,20000.0,-40000.0,-2.0,SLD,CAD,JPY,20160412 05:49:14 EST,,0.0,99944.448,1948992.032,100064.704,83.368,100110.704,99986.448,-2.0
22,Paper,Paper,2.0,USD,IDEALPRO,22.0,,,1.0,123.465,20000.0,40000.0,-2.0,BOT,EUR,JPY,20160412 05:49:45 EST,,0.0,99942.448,1927262.192,100270.384,123.465,100318.384,99986.448,-2.0
23,Paper,Paper,2.0,USD,IDEALPRO,23.0,,,1.0,85.269,20000.0,-20000.0,-336.576,BOT,CAD,JPY,20160413 20:30:56 EST,,-334.576,99605.872,1942269.536,99214.848,83.368,99264.848,99651.872,-336.576
24,Paper,Paper,2.0,USD,IDEALPRO,24.0,,,1.0,123.312,20000.0,20000.0,-28.928,SLD,EUR,JPY,20160413 20:31:27 EST,,-26.928,99576.944,1963972.448,99211.616,123.465,99263.616,99624.944,-28.928
25,Paper,Paper,2.0,USD,IDEALPRO,25.0,,,1.0,123.229,20000.0,0.0,-43.536,SLD,EUR,JPY,20160413 22:01:35 EST,,-41.536,99533.408,1985660.752,99230.448,123.465,99282.448,99583.408,-43.536
26,Paper,Paper,2.0,USD,IDEALPRO,26.0,,,1.0,85.064,20000.0,0.0,-300.496,BOT,CAD,JPY,20160413 22:02:07 EST,,-298.496,99232.912,2000632.016,99232.912,83.368,99284.912,99284.912,-300.496
27,Paper,Paper,2.0,USD,IDEALPRO,27.0,,,1.0,122.85,20000.0,20000.0,-2.0,BOT,EUR,JPY,20160414 04:24:45 EST,,0.0,99230.912,1979010.416,99228.208,122.85,99284.208,99284.912,-2.0
28,Paper,Paper,2.0,USD,IDEALPRO,28.0,,,1.0,84.9,20000.0,-20000.0,-2.0,SLD,CAD,JPY,20160414 04:24:46 EST,,0.0,99228.912,1964068.016,99223.328,84.9,99283.328,99284.912,-2.0
29,Paper,Paper,2.0,USD,IDEALPRO,29.0,,,1.0,123.138,20000.0,40000.0,-2.0,BOT,EUR,JPY,20160414 08:20:57 EST,,0.0,99226.912,1942395.728,99213.76,122.994,99275.76,99284.912,-2.0
30,Paper,Paper,2.0,USD,IDEALPRO,30.0,,,1.0,85.21,20000.0,-40000.0,-2.0,SLD,CAD,JPY,20160414 08:21:02 EST,,0.0,99224.912,1927398.768,99210.704,85.055,99274.704,99284.912,-2.0
31,Paper,Paper,2.0,USD,IDEALPRO,31.0,,,1.0,123.04,20000.0,20000.0,6.096,SLD,EUR,JPY,20160414 09:44:51 EST,,8.096,99231.008,1949053.808,99240.384,122.994,99306.384,99293.008,6.096
32,Paper,Paper,2.0,USD,IDEALPRO,32.0,,,1.0,85.04,20000.0,-20000.0,0.64,BOT,CAD,JPY,20160414 09:44:52 EST,,2.64,99231.648,1964020.848,99236.448,85.055,99304.448,99295.648,0.64
33,Paper,Paper,2.0,USD,IDEALPRO,33.0,,,1.0,85.066,20000.0,-40000.0,-2.0,SLD,CAD,JPY,20160414 11:24:45 EST,,0.0,99229.648,1949049.232,99213.152,85.0605,99283.152,99295.648,-2.0
34,Paper,Paper,2.0,USD,IDEALPRO,34.0,,,1.0,122.953,20000.0,40000.0,-2.0,BOT,EUR,JPY,20160414 11:25:16 EST,,0.0,99227.648,1927409.504,99218.016,122.9735,99290.016,99295.648,-2.0
35,Paper,Paper,2.0,USD,IDEALPRO,35.0,,,1.0,123.028,20000.0,20000.0,7.592,SLD,EUR,JPY,20160414 13:23:04 EST,,9.592,99235.24,1949062.432,99250.512,122.9735,99324.512,99305.24,7.592
36,Paper,Paper,2.0,USD,IDEALPRO,36.0,,,1.0,85.033,20000.0,-20000.0,2.84,BOT,CAD,JPY,20160414 13:23:05 EST,,4.84,99238.08,1964028.24,99248.512,85.0605,99324.512,99310.08,2.84
37,Paper,Paper,2.0,USD,IDEALPRO,37.0,,,1.0,85.441,20000.0,-40000.0,-2.0,SLD,CAD,JPY,20160414 21:06:08 EST,,0.0,99236.08,1948990.624,99236.832,85.25075,99314.832,99310.08,-2.0
38,Paper,Paper,2.0,USD,IDEALPRO,38.0,,,1.0,123.418,20000.0,40000.0,-2.0,BOT,EUR,JPY,20160414 21:06:39 EST,,0.0,99234.08,1927269.056,99234.656,123.19575,99314.656,99310.08,-2.0
39,Paper,Paper,2.0,USD,IDEALPRO,39.0,,,1.0,123.134,20000.0,20000.0,-12.868,SLD,EUR,JPY,20160415 04:23:06 EST,,-10.868,99221.212,1948940.64,99221.92,123.19575,99303.92,99299.212,-12.868
40,Paper,Paper,2.0,USD,IDEALPRO,40.0,,,1.0,85.206,20000.0,-20000.0,5.876,BOT,CAD,JPY,20160415 04:23:13 EST,,7.876,99227.088,1963936.896,99222.736,85.25075,99306.736,99307.088,5.876
41,Paper,Paper,2.0,USD,IDEALPRO,41.0,,,1.0,122.866,20000.0,0.0,-60.036,SLD,EUR,JPY,20160415 06:47:43 EST,,-58.036,99167.052,1985561.312,99236.64,123.19575,99320.64,99249.052,-60.036
42,Paper,Paper,2.0,USD,IDEALPRO,42.0,,,1.0,84.844,20000.0,0.0,69.588,BOT,CAD,JPY,20160415 06:47:47 EST,,71.588,99236.64,2000493.856,99236.64,85.25075,99320.64,99320.64,69.588
43,Paper,Paper,2.0,USD,IDEALPRO,43.0,,,1.0,122.7,20000.0,20000.0,-2.0,BOT,EUR,JPY,20160415 15:08:52 EST,,0.0,99234.64,1978898.656,99231.584,122.7,99319.584,99320.64,-2.0
44,Paper,Paper,2.0,USD,IDEALPRO,44.0,,,1.0,84.7,20000.0,-20000.0,-2.0,SLD,CAD,JPY,20160415 15:08:53 EST,,0.0,99232.64,1963991.456,99226.176,84.7,99318.176,99320.64,-2.0
