permid,account,clientid,commission,commission_currency,exchange,execid,expiry,level_0,orderid,price,qty,openqty,realized_PnL,side,symbol,symbol_currency,times,yield_redemption_date,PurePL,balance,margin_available,mark_to_mkt,openprice,pure_mark_to_mkt,purebalance,real_pnl
1,Paper,Paper,140.011,USD,BITCOIN,1.0,,,1.0,2800.22,20.0,-20.0,-140.011,SLD,BTCUSD_okcoinCNY,USD,20160416 07:05:58 EST,,0.0,99859.989,1943995.6,99719.978,2800.22,100000.0,100000.0,-140.011
2,Paper,Paper,140.0125,USD,BITCOIN,2.0,,,1.0,2800.25,40.0,20.0,-140.6125,BOT,BTCUSD_okcoinCNY,USD,20160416 07:28:38 EST,,-0.600000000004,99719.3765,1943995.6,99579.364,2800.25,99999.4,99999.4,-140.6125
3,Paper,Paper,139.9945,USD,BITCOIN,3.0,,,1.0,2799.89,40.0,-20.0,-147.1945,SLD,BTCUSD_okcoinCNY,USD,20160416 07:41:40 EST,,-7.2,99572.182,1943995.6,99432.1875,2799.89,99992.2,99992.2,-147.1945
4,Paper,Paper,139.54,USD,BITCOIN,4.0,,,1.0,2790.8,40.0,20.0,42.26,BOT,BTCUSD_okcoinCNY,USD,20160416 08:05:40 EST,,181.8,99614.442,1943995.6,99474.902,2790.8,100174.0,100174.0,42.26
5,Paper,Paper,139.389,USD,BITCOIN,5.0,,,1.0,2787.78,40.0,-20.0,-199.789,SLD,BTCUSD_okcoinCNY,USD,20160416 08:32:03 EST,,-60.4,99414.653,1943995.6,99275.264,2787.78,100113.6,100113.6,-199.789
6,Paper,Paper,139.304,USD,BITCOIN,6.0,,,1.0,2786.08,40.0,20.0,-105.304,BOT,BTCUSD_okcoinCNY,USD,20160416 08:44:43 EST,,34.0,99309.349,1943995.6,99170.045,2786.08,100147.6,100147.6,-105.304
7,Paper,Paper,139.0585,USD,BITCOIN,7.0,,,1.0,2781.17,40.0,-20.0,-237.2585,SLD,BTCUSD_okcoinCNY,USD,20160416 09:21:53 EST,,-98.2,99072.0905,1943995.6,98933.032,2781.17,100049.4,100049.4,-237.2585
8,Paper,Paper,139.4035,USD,BITCOIN,8.0,,,1.0,2788.07,40.0,20.0,-277.4035,BOT,BTCUSD_okcoinCNY,USD,20160416 10:28:30 EST,,-138.0,98794.687,1943995.6,98655.2835,2788.07,99911.4,99911.4,-277.4035
9,Paper,Paper,139.421,USD,BITCOIN,9.0,,,1.0,2788.42,40.0,-20.0,-132.421,SLD,BTCUSD_okcoinCNY,USD,20160416 10:53:22 EST,,7.0,98662.266,1943995.6,98522.845,2788.42,99918.4,99918.4,-132.421
10,Paper,Paper,139.478,USD,BITCOIN,10.0,,,1.0,2789.56,40.0,20.0,-162.278,BOT,BTCUSD_okcoinCNY,USD,20160416 11:06:02 EST,,-22.8,98499.988,1943995.6,98360.51,2789.56,99895.6,99895.6,-162.278
11,Paper,Paper,139.499,USD,BITCOIN,11.0,,,1.0,2789.98,40.0,-20.0,-131.099,SLD,BTCUSD_okcoinCNY,USD,20160416 11:17:54 EST,,8.4,98368.889,1943995.6,98229.39,2789.98,99904.0,99904.0,-131.099
12,Paper,Paper,139.5135,USD,BITCOIN,12.0,,,1.0,2790.27,40.0,20.0,-145.3135,BOT,BTCUSD_okcoinCNY,USD,20160416 11:30:06 EST,,-5.8,98223.5755,1943995.6,98084.062,2790.27,99898.2,99898.2,-145.3135
13,Paper,Paper,139.479,USD,BITCOIN,13.0,,,1.0,2789.58,40.0,-20.0,-153.279,SLD,BTCUSD_okcoinCNY,USD,20160416 12:20:09 EST,,-13.8,98070.2965,1943995.6,97930.8175,2789.58,99884.4,99884.4,-153.279
14,Paper,Paper,139.455,USD,BITCOIN,14.0,,,1.0,2789.1,40.0,20.0,-129.855,BOT,BTCUSD_okcoinCNY,USD,20160416 12:30:54 EST,,9.6,97940.4415,1943995.6,97800.9865,2789.1,99894.0,99894.0,-129.855
15,Paper,Paper,139.4745,USD,BITCOIN,15.0,,,1.0,2789.49,40.0,-20.0,-131.6745,SLD,BTCUSD_okcoinCNY,USD,20160416 12:43:29 EST,,7.8,97808.767,1943995.6,97669.2925,2789.49,99901.8,99901.8,-131.6745
16,Paper,Paper,139.54,USD,BITCOIN,16.0,,,1.0,2790.8,40.0,20.0,-165.74,BOT,BTCUSD_okcoinCNY,USD,20160416 13:20:35 EST,,-26.2,97643.027,1943995.6,97503.487,2790.8,99875.6,99875.6,-165.74
17,Paper,Paper,139.3195,USD,BITCOIN,17.0,,,1.0,2786.39,40.0,-20.0,-227.5195,SLD,BTCUSD_okcoinCNY,USD,20160416 13:42:33 EST,,-88.2,97415.5075,1943995.6,97276.188,2786.39,99787.4,99787.4,-227.5195
18,Paper,Paper,139.367,USD,BITCOIN,18.0,,,1.0,2787.34,40.0,20.0,-158.367,BOT,BTCUSD_okcoinCNY,USD,20160416 14:06:44 EST,,-19.0,97257.1405,1943995.6,97117.7735,2787.34,99768.4,99768.4,-158.367
19,Paper,Paper,139.44,USD,BITCOIN,19.0,,,1.0,2788.8,40.0,-20.0,-110.24,SLD,BTCUSD_okcoinCNY,USD,20160416 14:19:32 EST,,29.2,97146.9005,1943995.6,97007.4605,2788.8,99797.6,99797.6,-110.24
20,Paper,Paper,139.3635,USD,BITCOIN,20.0,,,1.0,2787.27,40.0,20.0,-108.7635,BOT,BTCUSD_okcoinCNY,USD,20160416 14:54:31 EST,,30.6,97038.137,1943995.6,96898.7735,2787.27,99828.2,99828.2,-108.7635
21,Paper,Paper,139.2825,USD,BITCOIN,21.0,,,1.0,2785.65,40.0,-20.0,-171.6825,SLD,BTCUSD_okcoinCNY,USD,20160416 15:06:53 EST,,-32.4,96866.4545,1943995.6,96727.172,2785.65,99795.8,99795.8,-171.6825
22,Paper,Paper,139.1955,USD,BITCOIN,22.0,,,1.0,2783.91,40.0,20.0,-104.3955,BOT,BTCUSD_okcoinCNY,USD,20160416 15:18:50 EST,,34.8,96762.059,1943995.6,96622.8635,2783.91,99830.6,99830.6,-104.3955
23,Paper,Paper,139.278,USD,BITCOIN,23.0,,,1.0,2785.56,40.0,-20.0,-106.278,SLD,BTCUSD_okcoinCNY,USD,20160416 16:03:43 EST,,33.0,96655.781,1943995.6,96516.503,2785.56,99863.6,99863.6,-106.278
24,Paper,Paper,139.277,USD,BITCOIN,24.0,,,1.0,2785.54,40.0,20.0,-138.877,BOT,BTCUSD_okcoinCNY,USD,20160416 16:13:48 EST,,0.4,96516.904,1943995.6,96377.627,2785.54,99864.0,99864.0,-138.877
25,Paper,Paper,139.1945,USD,BITCOIN,25.0,,,1.0,2783.89,40.0,-20.0,-172.1945,SLD,BTCUSD_okcoinCNY,USD,20160416 16:25:28 EST,,-33.0,96344.7095,1943995.6,96205.515,2783.89,99831.0,99831.0,-172.1945
26,Paper,Paper,139.35,USD,BITCOIN,26.0,,,1.0,2787.0,40.0,20.0,-201.55,BOT,BTCUSD_okcoinCNY,USD,20160416 16:48:20 EST,,-62.2,96143.1595,1943995.6,96003.8095,2787.0,99768.8,99768.8,-201.55
27,Paper,Paper,139.311,USD,BITCOIN,27.0,,,1.0,2786.22,40.0,-20.0,-154.911,SLD,BTCUSD_okcoinCNY,USD,20160416 17:13:19 EST,,-15.6,95988.2485,1943995.6,95848.9375,2786.22,99753.2,99753.2,-154.911
28,Paper,Paper,139.2205,USD,BITCOIN,28.0,,,1.0,2784.41,40.0,20.0,-103.0205,BOT,BTCUSD_okcoinCNY,USD,20160416 17:25:51 EST,,36.2,95885.228,1943995.6,95746.0075,2784.41,99789.4,99789.4,-103.0205
29,Paper,Paper,139.41,USD,BITCOIN,29.0,,,1.0,2788.2,40.0,-20.0,-63.61,SLD,BTCUSD_okcoinCNY,USD,20160416 17:49:45 EST,,75.8,95821.618,1943995.6,95682.208,2788.2,99865.2,99865.2,-63.61
30,Paper,Paper,139.4645,USD,BITCOIN,30.0,,,1.0,2789.29,40.0,20.0,-161.2645,BOT,BTCUSD_okcoinCNY,USD,20160416 18:11:36 EST,,-21.8,95660.3535,1943995.6,95520.889,2789.29,99843.4,99843.4,-161.2645
31,Paper,Paper,139.4685,USD,BITCOIN,31.0,,,1.0,2789.37,40.0,-20.0,-137.8685,SLD,BTCUSD_okcoinCNY,USD,20160416 19:47:03 EST,,1.6,95522.485,1943995.6,95383.0165,2789.37,99845.0,99845.0,-137.8685
32,Paper,Paper,139.6825,USD,BITCOIN,32.0,,,1.0,2793.65,40.0,20.0,-225.2825,BOT,BTCUSD_okcoinCNY,USD,20160416 20:24:01 EST,,-85.6,95297.2025,1943995.6,95157.52,2793.65,99759.4,99759.4,-225.2825
33,Paper,Paper,139.88,USD,BITCOIN,33.0,,,1.0,2797.6,40.0,-20.0,-60.88,SLD,BTCUSD_okcoinCNY,USD,20160416 21:03:41 EST,,79.0,95236.3225,1943995.6,95096.4425,2797.6,99838.4,99838.4,-60.88
34,Paper,Paper,139.8285,USD,BITCOIN,34.0,,,1.0,2796.57,40.0,20.0,-119.2285,BOT,BTCUSD_okcoinCNY,USD,20160416 21:15:43 EST,,20.6,95117.094,1943995.6,94977.2655,2796.57,99859.0,99859.0,-119.2285
35,Paper,Paper,139.784,USD,BITCOIN,35.0,,,1.0,2795.68,40.0,-20.0,-157.584,SLD,BTCUSD_okcoinCNY,USD,20160416 21:28:45 EST,,-17.8,94959.51,1943995.6,94819.726,2795.68,99841.2,99841.2,-157.584
36,Paper,Paper,139.7065,USD,BITCOIN,36.0,,,1.0,2794.13,40.0,20.0,-108.7065,BOT,BTCUSD_okcoinCNY,USD,20160416 21:54:35 EST,,31.0,94850.8035,1943995.6,94711.097,2794.13,99872.2,99872.2,-108.7065
37,Paper,Paper,139.5125,USD,BITCOIN,37.0,,,1.0,2790.25,40.0,-20.0,-217.1125,SLD,BTCUSD_okcoinCNY,USD,20160417 00:37:21 EST,,-77.6,94633.691,1943995.6,94494.1785,2790.25,99794.6,99794.6,-217.1125
38,Paper,Paper,139.381,USD,BITCOIN,38.0,,,1.0,2787.62,40.0,20.0,-86.781,BOT,BTCUSD_okcoinCNY,USD,20160417 01:03:38 EST,,52.6,94546.91,1943995.6,94407.529,2787.62,99847.2,99847.2,-86.781
39,Paper,Paper,139.291,USD,BITCOIN,39.0,,,1.0,2785.82,40.0,-20.0,-175.291,SLD,BTCUSD_okcoinCNY,USD,20160417 02:30:53 EST,,-36.0,94371.619,1943995.6,94232.328,2785.82,99811.2,99811.2,-175.291
40,Paper,Paper,139.4045,USD,BITCOIN,40.0,,,1.0,2788.09,40.0,20.0,-184.8045,BOT,BTCUSD_okcoinCNY,USD,20160417 03:13:27 EST,,-45.4,94186.8145,1943995.6,94047.41,2788.09,99765.8,99765.8,-184.8045
41,Paper,Paper,139.431,USD,BITCOIN,41.0,,,1.0,2788.62,40.0,-20.0,-128.831,SLD,BTCUSD_okcoinCNY,USD,20160417 04:18:55 EST,,10.6,94057.9835,1943995.6,93918.5525,2788.62,99776.4,99776.4,-128.831
42,Paper,Paper,139.4155,USD,BITCOIN,42.0,,,1.0,2788.31,40.0,20.0,-133.2155,BOT,BTCUSD_okcoinCNY,USD,20160417 04:31:39 EST,,6.2,93924.768,1943995.6,93785.3525,2788.31,99782.6,99782.6,-133.2155
43,Paper,Paper,139.3495,USD,BITCOIN,43.0,,,1.0,2786.99,40.0,-20.0,-165.7495,SLD,BTCUSD_okcoinCNY,USD,20160417 04:57:04 EST,,-26.4,93759.0185,1943995.6,93619.669,2786.99,99756.2,99756.2,-165.7495
44,Paper,Paper,139.38,USD,BITCOIN,44.0,,,1.0,2787.6,40.0,20.0,-151.58,BOT,BTCUSD_okcoinCNY,USD,20160417 05:10:50 EST,,-12.2,93607.4385,1943995.6,93468.0585,2787.6,99744.0,99744.0,-151.58
45,Paper,Paper,139.3795,USD,BITCOIN,45.0,,,1.0,2787.59,40.0,-20.0,-139.5795,SLD,BTCUSD_okcoinCNY,USD,20160417 05:38:20 EST,,-0.199999999995,93467.859,1943995.6,93328.4795,2787.59,99743.8,99743.8,-139.5795
46,Paper,Paper,139.1705,USD,BITCOIN,46.0,,,1.0,2783.41,40.0,20.0,-55.5705,BOT,BTCUSD_okcoinCNY,USD,20160417 06:18:34 EST,,83.6,93412.2885,1943995.6,93273.118,2783.41,99827.4,99827.4,-55.5705
47,Paper,Paper,139.23,USD,BITCOIN,47.0,,,1.0,2784.6,40.0,-20.0,-115.43,SLD,BTCUSD_okcoinCNY,USD,20160417 07:52:18 EST,,23.8,93296.8585,1943995.6,93157.6285,2784.6,99851.2,99851.2,-115.43
48,Paper,Paper,139.1815,USD,BITCOIN,48.0,,,1.0,2783.63,40.0,20.0,-119.7815,BOT,BTCUSD_okcoinCNY,USD,20160417 08:04:29 EST,,19.4,93177.077,1943995.6,93037.8955,2783.63,99870.6,99870.6,-119.7815
49,Paper,Paper,139.1695,USD,BITCOIN,49.0,,,1.0,2783.39,40.0,-20.0,-143.9695,SLD,BTCUSD_okcoinCNY,USD,20160417 08:44:56 EST,,-4.8,93033.1075,1943995.6,92893.938,2783.39,99865.8,99865.8,-143.9695
50,Paper,Paper,138.779,USD,BITCOIN,50.0,,,1.0,2775.58,40.0,20.0,17.421,BOT,BTCUSD_okcoinCNY,USD,20160417 09:54:57 EST,,156.2,93050.5285,1943995.6,92911.7495,2775.58,100022.0,100022.0,17.421
51,Paper,Paper,139.0445,USD,BITCOIN,51.0,,,1.0,2780.89,40.0,-20.0,-32.8445,SLD,BTCUSD_okcoinCNY,USD,20160417 10:34:44 EST,,106.2,93017.684,1943995.6,92878.6395,2780.89,100128.2,100128.2,-32.8445
52,Paper,Paper,138.9985,USD,BITCOIN,52.0,,,1.0,2779.97,40.0,20.0,-120.5985,BOT,BTCUSD_okcoinCNY,USD,20160417 10:49:16 EST,,18.4,92897.0855,1943995.6,92758.087,2779.97,100146.6,100146.6,-120.5985
53,Paper,Paper,138.727,USD,BITCOIN,53.0,,,1.0,2774.54,40.0,-20.0,-247.327,SLD,BTCUSD_okcoinCNY,USD,20160417 11:40:29 EST,,-108.6,92649.7585,1943995.6,92511.0315,2774.54,100038.0,100038.0,-247.327
54,Paper,Paper,138.748,USD,BITCOIN,54.0,,,1.0,2774.96,40.0,20.0,-147.148,BOT,BTCUSD_okcoinCNY,USD,20160417 11:54:55 EST,,-8.4,92502.6105,1943995.6,92363.8625,2774.96,100029.6,100029.6,-147.148
55,Paper,Paper,138.7205,USD,BITCOIN,55.0,,,1.0,2774.41,40.0,-20.0,-149.7205,SLD,BTCUSD_okcoinCNY,USD,20160417 13:31:36 EST,,-11.0,92352.89,1943995.6,92214.1695,2774.41,100018.6,100018.6,-149.7205
56,Paper,Paper,138.399,USD,BITCOIN,56.0,,,1.0,2767.98,40.0,20.0,-9.799,BOT,BTCUSD_okcoinCNY,USD,20160417 13:58:12 EST,,128.6,92343.091,1943995.6,92204.692,2767.98,100147.2,100147.2,-9.799
57,Paper,Paper,138.437,USD,BITCOIN,57.0,,,1.0,2768.74,40.0,-20.0,-123.237,SLD,BTCUSD_okcoinCNY,USD,20160417 14:09:46 EST,,15.2,92219.854,1943995.6,92081.417,2768.74,100162.4,100162.4,-123.237
58,Paper,Paper,138.239,USD,BITCOIN,58.0,,,1.0,2764.78,40.0,20.0,-59.039,BOT,BTCUSD_okcoinCNY,USD,20160417 14:24:30 EST,,79.2,92160.815,1943995.6,92022.576,2764.78,100241.6,100241.6,-59.039
59,Paper,Paper,138.488,USD,BITCOIN,59.0,,,1.0,2769.76,40.0,-20.0,-38.888,SLD,BTCUSD_okcoinCNY,USD,20160417 14:53:36 EST,,99.6,92121.927,1943995.6,91983.439,2769.76,100341.2,100341.2,-38.888
60,Paper,Paper,138.4345,USD,BITCOIN,60.0,,,1.0,2768.69,40.0,20.0,-117.0345,BOT,BTCUSD_okcoinCNY,USD,20160417 15:05:39 EST,,21.4,92004.8925,1943995.6,91866.458,2768.69,100362.6,100362.6,-117.0345
61,Paper,Paper,138.666,USD,BITCOIN,61.0,,,1.0,2773.32,40.0,-20.0,-46.066,SLD,BTCUSD_okcoinCNY,USD,20160417 15:44:59 EST,,92.6,91958.8265,1943995.6,91820.1605,2773.32,100455.2,100455.2,-46.066
62,Paper,Paper,138.643,USD,BITCOIN,62.0,,,1.0,2772.86,40.0,20.0,-129.443,BOT,BTCUSD_okcoinCNY,USD,20160417 16:53:42 EST,,9.2,91829.3835,1943995.6,91690.7405,2772.86,100464.4,100464.4,-129.443
63,Paper,Paper,138.607,USD,BITCOIN,63.0,,,1.0,2772.14,40.0,-20.0,-153.007,SLD,BTCUSD_okcoinCNY,USD,20160417 17:33:59 EST,,-14.4,91676.3765,1943995.6,91537.7695,2772.14,100450.0,100450.0,-153.007
64,Paper,Paper,138.7015,USD,BITCOIN,64.0,,,1.0,2774.03,40.0,20.0,-176.5015,BOT,BTCUSD_okcoinCNY,USD,20160417 17:48:11 EST,,-37.8,91499.875,1943995.6,91361.1735,2774.03,100412.2,100412.2,-176.5015
65,Paper,Paper,138.7245,USD,BITCOIN,65.0,,,1.0,2774.49,40.0,-20.0,-129.5245,SLD,BTCUSD_okcoinCNY,USD,20160417 18:01:32 EST,,9.19999999999,91370.3505,1943995.6,91231.626,2774.49,100421.4,100421.4,-129.5245
66,Paper,Paper,138.71,USD,BITCOIN,66.0,,,1.0,2774.2,40.0,20.0,-132.91,BOT,BTCUSD_okcoinCNY,USD,20160417 18:15:06 EST,,5.8,91237.4405,1943995.6,91098.7305,2774.2,100427.2,100427.2,-132.91
67,Paper,Paper,138.9785,USD,BITCOIN,67.0,,,1.0,2779.57,40.0,-20.0,-31.5785,SLD,BTCUSD_okcoinCNY,USD,20160417 20:58:21 EST,,107.4,91205.862,1943995.6,91066.8835,2779.57,100534.6,100534.6,-31.5785
68,Paper,Paper,139.02,USD,BITCOIN,68.0,,,1.0,2780.4,40.0,20.0,-155.62,BOT,BTCUSD_okcoinCNY,USD,20160417 21:12:31 EST,,-16.6,91050.242,1943995.6,90911.222,2780.4,100518.0,100518.0,-155.62
69,Paper,Paper,139.151,USD,BITCOIN,69.0,,,1.0,2783.02,40.0,-20.0,-86.751,SLD,BTCUSD_okcoinCNY,USD,20160417 21:56:27 EST,,52.4,90963.491,1943995.6,90824.34,2783.02,100570.4,100570.4,-86.751
70,Paper,Paper,139.1935,USD,BITCOIN,70.0,,,1.0,2783.87,40.0,20.0,-156.1935,BOT,BTCUSD_okcoinCNY,USD,20160417 22:10:34 EST,,-17.0,90807.2975,1943995.6,90668.104,2783.87,100553.4,100553.4,-156.1935
71,Paper,Paper,139.2985,USD,BITCOIN,71.0,,,1.0,2785.97,40.0,-20.0,-97.2985,SLD,BTCUSD_okcoinCNY,USD,20160417 22:52:32 EST,,42.0,90709.999,1943995.6,90570.7005,2785.97,100595.4,100595.4,-97.2985
72,Paper,Paper,139.421,USD,BITCOIN,72.0,,,1.0,2788.42,40.0,20.0,-188.421,BOT,BTCUSD_okcoinCNY,USD,20160417 23:07:16 EST,,-49.0,90521.578,1943995.6,90382.157,2788.42,100546.4,100546.4,-188.421
73,Paper,Paper,139.529,USD,BITCOIN,73.0,,,1.0,2790.58,40.0,-20.0,-96.329,SLD,BTCUSD_okcoinCNY,USD,20160417 23:35:49 EST,,43.2,90425.249,1943995.6,90285.72,2790.58,100589.6,100589.6,-96.329
74,Paper,Paper,139.489,USD,BITCOIN,74.0,,,1.0,2789.78,40.0,20.0,-123.489,BOT,BTCUSD_okcoinCNY,USD,20160417 23:51:12 EST,,16.0,90301.76,1943995.6,90162.271,2789.78,100605.6,100605.6,-123.489
75,Paper,Paper,139.2855,USD,BITCOIN,75.0,,,1.0,2785.71,40.0,-20.0,-220.6855,SLD,BTCUSD_okcoinCNY,USD,20160418 00:05:21 EST,,-81.4,90081.0745,1943995.6,89941.789,2785.71,100524.2,100524.2,-220.6855
76,Paper,Paper,139.3275,USD,BITCOIN,76.0,,,1.0,2786.55,40.0,20.0,-156.1275,BOT,BTCUSD_okcoinCNY,USD,20160418 00:19:39 EST,,-16.8,89924.947,1943995.6,89785.6195,2786.55,100507.4,100507.4,-156.1275
77,Paper,Paper,139.304,USD,BITCOIN,77.0,,,1.0,2786.08,40.0,-20.0,-148.704,SLD,BTCUSD_okcoinCNY,USD,20160418 00:34:28 EST,,-9.40000000001,89776.243,1943995.6,89636.939,2786.08,100498.0,100498.0,-148.704
78,Paper,Paper,139.427,USD,BITCOIN,78.0,,,1.0,2788.54,40.0,20.0,-188.627,BOT,BTCUSD_okcoinCNY,USD,20160418 01:03:14 EST,,-49.2,89587.616,1943995.6,89448.189,2788.54,100448.8,100448.8,-188.627
79,Paper,Paper,139.4175,USD,BITCOIN,79.0,,,1.0,2788.35,40.0,-20.0,-143.2175,SLD,BTCUSD_okcoinCNY,USD,20160418 01:46:38 EST,,-3.8,89444.3985,1943995.6,89304.981,2788.35,100445.0,100445.0,-143.2175
80,Paper,Paper,139.342,USD,BITCOIN,80.0,,,1.0,2786.84,40.0,20.0,-109.142,BOT,BTCUSD_okcoinCNY,USD,20160418 01:59:32 EST,,30.2,89335.2565,1943995.6,89195.9145,2786.84,100475.2,100475.2,-109.142
81,Paper,Paper,139.3185,USD,BITCOIN,81.0,,,1.0,2786.37,20.0,0.0,-148.7185,SLD,BTCUSD_okcoinCNY,USD,20160418 02:12:49 EST,,-9.40000000001,89186.538,1999723.0,89186.538,2786.84,100465.8,100465.8,-148.7185
82,Paper,Paper,139.3325,USD,BITCOIN,82.0,,,1.0,2786.65,20.0,20.0,-139.3325,BOT,BTCUSD_okcoinCNY,USD,20160418 02:28:23 EST,,0.0,89047.2055,1943990.0,88907.873,2786.65,100465.8,100465.8,-139.3325
83,Paper,Paper,139.2685,USD,BITCOIN,83.0,,,1.0,2785.37,40.0,-20.0,-164.8685,SLD,BTCUSD_okcoinCNY,USD,20160418 02:54:55 EST,,-25.6,88882.337,1943990.0,88743.0685,2785.37,100440.2,100440.2,-164.8685
84,Paper,Paper,139.3495,USD,BITCOIN,84.0,,,1.0,2786.99,40.0,20.0,-171.7495,BOT,BTCUSD_okcoinCNY,USD,20160418 03:08:28 EST,,-32.4,88710.5875,1943990.0,88571.238,2786.99,100407.8,100407.8,-171.7495
85,Paper,Paper,139.224,USD,BITCOIN,85.0,,,1.0,2784.48,40.0,-20.0,-189.424,SLD,BTCUSD_okcoinCNY,USD,20160418 03:36:17 EST,,-50.2,88521.1635,1943990.0,88381.9395,2784.48,100357.6,100357.6,-189.424
86,Paper,Paper,139.1495,USD,BITCOIN,86.0,,,1.0,2782.99,40.0,20.0,-109.3495,BOT,BTCUSD_okcoinCNY,USD,20160418 03:49:39 EST,,29.8,88411.814,1943990.0,88272.6645,2782.99,100387.4,100387.4,-109.3495
