permid,account,clientid,commission,commission_currency,exchange,execid,expiry,level_0,orderid,price,qty,openqty,realized_PnL,side,symbol,symbol_currency,times,yield_redemption_date,balance,margin_available,openprice
1,Paper,Paper,2.0,USD,IDEALPRO,1.0,,,1.0,1.12728,25000.0,25000.0,-2.0,BOT,EUR,USD,20160318 06:23:55 EST,,9998.0,1818.0,1.12728
2,Paper,Paper,2.0,USD,IDEALPRO,2.0,,,1.0,125.539,25000.0,-25000.0,-2.0,SLD,EUR,JPY,20160318 06:23:55 EST,,9996.0,-25800.58,125.539
3,Paper,Paper,2.0,USD,IDEALPRO,3.0,,,1.0,1.44396,25000.0,25000.0,-2.0,BOT,GBP,USD,20160318 06:23:55 EST,,9994.0,-61899.58,1.44396
4,Paper,Paper,2.0,USD,IDEALPRO,4.0,,,1.0,0.97019,25000.0,-25000.0,-2.0,SLD,USD,CHF,20160318 06:23:56 EST,,9992.0,-86450.23795,0.97019
5,Paper,Paper,2.0,USD,IDEALPRO,5.0,,,1.0,111.365,25000.0,25000.0,-2.0,BOT,USD,JPY,20160318 06:23:56 EST,,9990.0,-110950.53795,111.365
6,Paper,Paper,2.0,USD,IDEALPRO,6.0,,,1.0,0.76241,25000.0,-25000.0,-2.0,SLD,AUD,USD,20160318 06:23:57 EST,,9988.0,-130010.78795,0.76241
7,Paper,Paper,2.0,USD,IDEALPRO,7.0,,,1.0,1.30086,25000.0,-25000.0,-2.0,SLD,USD,CAD,20160318 06:23:57 EST,,9986.0,-154317.35705,1.30086
8,Paper,Paper,2.0,USD,IDEALPRO,8.0,,,1.0,1.12729,50000.0,-25000.0,-1.75,SLD,EUR,USD,20160318 06:24:20 EST,,9984.25,-126135.10705,1.12728
9,Paper,Paper,2.0,USD,IDEALPRO,9.0,,,1.0,0.96955,50000.0,25000.0,14.1952,BOT,USD,CHF,20160318 06:24:32 EST,,9998.4452,-101600.6443,0.97019
10,Paper,Paper,2.0,USD,IDEALPRO,10.0,,,1.0,125.542,50000.0,25000.0,-2.66,BOT,EUR,JPY,20160318 06:25:38 EST,,9995.7852,-73981.4043,125.539
11,Paper,Paper,2.0,USD,IDEALPRO,11.0,,,1.0,1.12733,50000.0,25000.0,-3.25,BOT,EUR,USD,20160318 06:26:12 EST,,9992.5352,-45798.1543,1.12728
12,Paper,Paper,2.0,USD,IDEALPRO,12.0,,,1.0,111.354,50000.0,-25000.0,-4.42,SLD,USD,JPY,20160318 06:26:35 EST,,9988.1152,-21300.2743,111.365
13,Paper,Paper,2.0,USD,IDEALPRO,13.0,,,1.0,0.9694,50000.0,-25000.0,-21.99095,SLD,USD,CHF,20160318 06:27:30 EST,,9966.12425,3230.3927,0.97019
14,Paper,Paper,2.0,USD,IDEALPRO,14.0,,,1.0,0.76267,50000.0,25000.0,-8.5,BOT,AUD,USD,20160318 06:28:15 EST,,9957.62425,22297.1427,0.76241
15,Paper,Paper,2.0,USD,IDEALPRO,15.0,,,1.0,1.12732,50000.0,-25000.0,-0.999999999993,SLD,EUR,USD,20160318 06:29:11 EST,,9956.62425,50480.1427,1.12728
16,Paper,Paper,2.0,USD,IDEALPRO,16.0,,,1.0,0.9696,50000.0,25000.0,12.92995,BOT,USD,CHF,20160318 06:29:35 EST,,9969.5542,75015.8707,0.97019
17,Paper,Paper,2.0,USD,IDEALPRO,17.0,,,1.0,0.76228,50000.0,-25000.0,-5.25,SLD,AUD,USD,20160318 06:33:34 EST,,9964.3042,94072.8707,0.76241
18,Paper,Paper,2.0,USD,IDEALPRO,18.0,,,1.0,0.96931,50000.0,-25000.0,-24.2684,SLD,USD,CHF,20160318 06:33:45 EST,,9940.0358,118601.26025,0.97019
19,Paper,Paper,2.0,USD,IDEALPRO,19.0,,,1.0,111.37,50000.0,25000.0,-3.1,BOT,USD,JPY,20160318 06:33:56 EST,,9936.9358,143102.66025,111.365
20,Paper,Paper,2.0,USD,IDEALPRO,20.0,,,1.0,111.377,50000.0,-25000.0,0.64,SLD,USD,JPY,20160318 06:35:23 EST,,9937.5758,167605.60025,111.365
21,Paper,Paper,2.0,USD,IDEALPRO,21.0,,,1.0,125.513,50000.0,-25000.0,-7.72,SLD,EUR,JPY,20160318 06:35:45 EST,,9929.8558,195218.46025,125.539
22,Paper,Paper,2.0,USD,IDEALPRO,22.0,,,1.0,0.76228,50000.0,25000.0,1.25,BOT,AUD,USD,20160318 06:36:39 EST,,9931.1058,214275.46025,0.76241
23,Paper,Paper,2.0,USD,IDEALPRO,23.0,,,1.0,1.12672,50000.0,25000.0,12.0,BOT,EUR,USD,20160318 06:36:50 EST,,9943.1058,242443.46025,1.12728
24,Paper,Paper,2.0,USD,IDEALPRO,24.0,,,1.0,125.54,50000.0,25000.0,-2.22,BOT,EUR,JPY,20160318 06:38:38 EST,,9940.8858,270062.26025,125.539
25,Paper,Paper,2.0,USD,IDEALPRO,25.0,,,1.0,1.1269,50000.0,-25000.0,-11.5,SLD,EUR,USD,20160318 06:40:04 EST,,9929.3858,298234.76025,1.12728
26,Paper,Paper,2.0,USD,IDEALPRO,26.0,,,1.0,125.583,50000.0,-25000.0,7.68,SLD,EUR,JPY,20160318 06:42:54 EST,,9937.0658,325863.02025,125.539
27,Paper,Paper,2.0,USD,IDEALPRO,27.0,,,1.0,0.96978,50000.0,25000.0,8.37505,BOT,USD,CHF,20160318 06:43:38 EST,,9945.44085,350403.30315,0.97019
28,Paper,Paper,2.0,USD,IDEALPRO,28.0,,,1.0,111.434,50000.0,25000.0,-17.18,BOT,USD,JPY,20160318 06:43:38 EST,,9928.26085,374918.78315,111.365
29,Paper,Paper,2.0,USD,IDEALPRO,29.0,,,1.0,0.96967,50000.0,-25000.0,-15.1586,SLD,USD,CHF,20160318 06:46:19 EST,,9913.10225,399456.2825,0.97019
30,Paper,Paper,2.0,USD,IDEALPRO,30.0,,,1.0,125.595,50000.0,25000.0,-14.32,BOT,EUR,JPY,20160318 06:47:02 EST,,9898.78225,427087.1825,125.539
31,Paper,Paper,2.0,USD,IDEALPRO,31.0,,,1.0,125.584,50000.0,-25000.0,7.9,SLD,EUR,JPY,20160318 06:50:36 EST,,9906.68225,454715.6625,125.539
32,Paper,Paper,2.0,USD,IDEALPRO,32.0,,,1.0,1.12685,50000.0,25000.0,8.75,BOT,EUR,USD,20160318 06:52:23 EST,,9915.43225,482886.9125,1.12728
33,Paper,Paper,2.0,USD,IDEALPRO,33.0,,,1.0,125.546,50000.0,25000.0,-3.54,BOT,EUR,JPY,20160318 06:53:18 EST,,9911.89225,510507.0325,125.539
34,Paper,Paper,2.0,USD,IDEALPRO,34.0,,,1.0,111.439,50000.0,-25000.0,14.28,SLD,USD,JPY,20160318 06:53:18 EST,,9926.17225,535023.6125,111.365
35,Paper,Paper,2.0,USD,IDEALPRO,35.0,,,1.0,1.12658,50000.0,-25000.0,-19.5,SLD,EUR,USD,20160318 06:54:33 EST,,9906.67225,563188.1125,1.12728
36,Paper,Paper,2.0,USD,IDEALPRO,36.0,,,1.0,0.9699,50000.0,25000.0,5.33845,BOT,USD,CHF,20160318 06:54:44 EST,,9912.0107,587731.432,0.97019
37,Paper,Paper,2.0,USD,IDEALPRO,37.0,,,1.0,0.96945,50000.0,-25000.0,-20.7257,SLD,USD,CHF,20160318 06:59:10 EST,,9891.285,612263.36425,0.97019
38,Paper,Paper,2.0,USD,IDEALPRO,38.0,,,1.0,125.564,50000.0,-25000.0,3.5,SLD,EUR,JPY,20160318 06:59:21 EST,,9894.785,639887.44425,125.539
39,Paper,Paper,2.0,USD,IDEALPRO,39.0,,,1.0,1.12688,50000.0,25000.0,7.99999999999,BOT,EUR,USD,20160318 07:00:37 EST,,9902.785,668059.44425,1.12728
40,Paper,Paper,2.0,USD,IDEALPRO,40.0,,,1.0,0.96913,50000.0,25000.0,24.8233,BOT,USD,CHF,20160318 07:02:15 EST,,9927.6083,692583.2789,0.97019
41,Paper,Paper,2.0,USD,IDEALPRO,41.0,,,1.0,125.6,50000.0,25000.0,-15.42,BOT,EUR,JPY,20160318 07:03:09 EST,,9912.1883,720215.2789,125.539
42,Paper,Paper,2.0,USD,IDEALPRO,42.0,,,1.0,0.76297,50000.0,-25000.0,12.0,SLD,AUD,USD,20160318 07:04:24 EST,,9924.1883,739289.5289,0.76241
43,Paper,Paper,2.0,USD,IDEALPRO,43.0,,,1.0,1.12714,50000.0,-25000.0,-5.5,SLD,EUR,USD,20160318 07:04:46 EST,,9918.6883,767468.0289,1.12728
44,Paper,Paper,2.0,USD,IDEALPRO,44.0,,,1.0,111.432,50000.0,25000.0,-16.74,BOT,USD,JPY,20160318 07:05:40 EST,,9901.9483,791983.0689,111.365
45,Paper,Paper,2.0,USD,IDEALPRO,45.0,,,1.0,1.12689,50000.0,25000.0,7.75,BOT,EUR,USD,20160318 07:06:23 EST,,9909.6983,820155.3189,1.12728
46,Paper,Paper,2.0,USD,IDEALPRO,46.0,,,1.0,1.12679,50000.0,-25000.0,-14.25,SLD,EUR,USD,20160318 07:07:49 EST,,9895.4483,848325.0689,1.12728
47,Paper,Paper,2.0,USD,IDEALPRO,47.0,,,1.0,0.96888,50000.0,-25000.0,-35.14955,SLD,USD,CHF,20160318 07:08:11 EST,,9860.29875,872842.5773,0.97019
48,Paper,Paper,2.0,USD,IDEALPRO,48.0,,,1.0,0.96873,50000.0,25000.0,34.9453,BOT,USD,CHF,20160318 07:10:09 EST,,9895.24405,897356.28995,0.97019
49,Paper,Paper,2.0,USD,IDEALPRO,49.0,,,1.0,111.412,50000.0,-25000.0,8.34,SLD,USD,JPY,20160318 07:10:21 EST,,9903.58405,921866.92995,111.365
50,Paper,Paper,2.0,USD,IDEALPRO,50.0,,,1.0,125.605,50000.0,-25000.0,12.52,SLD,EUR,JPY,20160318 07:12:50 EST,,9916.10405,949500.02995,125.539
51,Paper,Paper,2.0,USD,IDEALPRO,51.0,,,1.0,125.637,50000.0,25000.0,-23.56,BOT,EUR,JPY,20160318 07:14:39 EST,,9892.54405,977140.16995,125.539
52,Paper,Paper,2.0,USD,IDEALPRO,52.0,,,1.0,0.76338,50000.0,25000.0,-26.25,BOT,AUD,USD,20160318 07:15:33 EST,,9866.29405,996224.66995,0.76241
53,Paper,Paper,2.0,USD,IDEALPRO,53.0,,,1.0,0.96838,50000.0,-25000.0,-47.80205,SLD,USD,CHF,20160318 07:16:28 EST,,9818.492,1020729.52585,0.97019
54,Paper,Paper,2.0,USD,IDEALPRO,54.0,,,1.0,111.438,50000.0,25000.0,-18.06,BOT,USD,JPY,20160318 07:16:50 EST,,9800.432,1045245.88585,111.365
55,Paper,Paper,2.0,USD,IDEALPRO,55.0,,,1.0,0.76328,50000.0,-25000.0,19.75,SLD,AUD,USD,20160318 07:19:12 EST,,9820.182,1064327.88585,0.76241
56,Paper,Paper,2.0,USD,IDEALPRO,56.0,,,1.0,125.682,50000.0,-25000.0,29.46,SLD,EUR,JPY,20160318 07:19:34 EST,,9849.642,1091977.92585,125.539
57,Paper,Paper,2.0,USD,IDEALPRO,57.0,,,1.0,1.12759,50000.0,25000.0,-9.75000000001,BOT,EUR,USD,20160318 07:20:18 EST,,9839.892,1120167.67585,1.12728
58,Paper,Paper,2.0,USD,IDEALPRO,58.0,,,1.0,0.76318,50000.0,25000.0,-21.25,BOT,AUD,USD,20160318 07:20:18 EST,,9818.642,1139247.17585,0.76241
59,Paper,Paper,2.0,USD,IDEALPRO,59.0,,,1.0,0.9683,50000.0,25000.0,45.82645,BOT,USD,CHF,20160318 07:20:41 EST,,9864.46845,1163750.00735,0.97019
60,Paper,Paper,2.0,USD,IDEALPRO,60.0,,,1.0,111.461,50000.0,-25000.0,19.12,SLD,USD,JPY,20160318 07:20:42 EST,,9883.58845,1188271.42735,111.365
61,Paper,Paper,2.0,USD,IDEALPRO,61.0,,,1.0,125.705,50000.0,25000.0,-38.52,BOT,EUR,JPY,20160318 07:21:04 EST,,9845.06845,1215926.52735,125.539
62,Paper,Paper,2.0,USD,IDEALPRO,62.0,,,1.0,0.96864,50000.0,-25000.0,-41.22275,SLD,USD,CHF,20160318 07:22:32 EST,,9803.8457,1240437.96255,0.97019
63,Paper,Paper,2.0,USD,IDEALPRO,63.0,,,1.0,111.492,50000.0,25000.0,-29.94,BOT,USD,JPY,20160318 07:22:32 EST,,9773.9057,1264966.20255,111.365
64,Paper,Paper,2.0,USD,IDEALPRO,64.0,,,1.0,0.76264,50000.0,-25000.0,3.75,SLD,AUD,USD,20160318 07:23:06 EST,,9777.6557,1284032.20255,0.76241
65,Paper,Paper,2.0,USD,IDEALPRO,65.0,,,1.0,1.12718,50000.0,-25000.0,-4.49999999999,SLD,EUR,USD,20160318 07:23:17 EST,,9773.1557,1312211.70255,1.12728
66,Paper,Paper,2.0,USD,IDEALPRO,66.0,,,1.0,0.96888,50000.0,25000.0,31.14955,BOT,USD,CHF,20160318 07:23:28 EST,,9804.30525,1336729.21095,0.97019
67,Paper,Paper,2.0,USD,IDEALPRO,67.0,,,1.0,111.482,50000.0,-25000.0,23.74,SLD,USD,JPY,20160318 07:23:40 EST,,9828.04525,1361255.25095,111.365
68,Paper,Paper,2.0,USD,IDEALPRO,68.0,,,1.0,125.667,50000.0,-25000.0,26.16,SLD,EUR,JPY,20160318 07:23:51 EST,,9854.20525,1388901.99095,125.539
69,Paper,Paper,2.0,USD,IDEALPRO,69.0,,,1.0,1.12736,50000.0,25000.0,-4.0,BOT,EUR,USD,20160318 07:24:13 EST,,9850.20525,1417085.99095,1.12728
70,Paper,Paper,2.0,USD,IDEALPRO,70.0,,,1.0,0.76249,50000.0,25000.0,-4.0,BOT,AUD,USD,20160318 07:26:11 EST,,9846.20525,1436148.24095,0.76241
71,Paper,Paper,2.0,USD,IDEALPRO,71.0,,,1.0,1.12767,50000.0,-25000.0,7.75,SLD,EUR,USD,20160318 07:26:23 EST,,9853.95525,1464339.99095,1.12728
72,Paper,Paper,2.0,USD,IDEALPRO,72.0,,,1.0,111.438,50000.0,25000.0,-18.06,BOT,USD,JPY,20160318 07:26:45 EST,,9835.89525,1488856.35095,111.365
73,Paper,Paper,2.0,USD,IDEALPRO,73.0,,,1.0,0.76258,50000.0,-25000.0,2.25,SLD,AUD,USD,20160318 07:27:18 EST,,9838.14525,1507920.85095,0.76241
74,Paper,Paper,2.0,USD,IDEALPRO,74.0,,,1.0,0.9684,50000.0,-25000.0,-47.29595,SLD,USD,CHF,20160318 07:27:29 EST,,9790.8493,1532426.21295,0.97019
75,Paper,Paper,2.0,USD,IDEALPRO,75.0,,,1.0,111.425,50000.0,-25000.0,11.2,SLD,USD,JPY,20160318 07:27:29 EST,,9802.0493,1556939.71295,111.365
76,Paper,Paper,2.0,USD,IDEALPRO,76.0,,,1.0,1.12773,50000.0,25000.0,-13.25,BOT,EUR,USD,20160318 07:28:14 EST,,9788.7993,1585132.96295,1.12728
77,Paper,Paper,2.0,USD,IDEALPRO,77.0,,,1.0,0.96852,50000.0,25000.0,40.25935,BOT,USD,CHF,20160318 07:28:26 EST,,9829.05865,1609641.36155,0.97019
78,Paper,Paper,2.0,USD,IDEALPRO,78.0,,,1.0,111.439,50000.0,25000.0,-18.28,BOT,USD,JPY,20160318 07:28:27 EST,,9810.77865,1634157.94155,111.365
79,Paper,Paper,2.0,USD,IDEALPRO,79.0,,,1.0,1.12781,50000.0,-25000.0,11.25,SLD,EUR,USD,20160318 07:29:12 EST,,9822.02865,1662353.19155,1.12728
80,Paper,Paper,2.0,USD,IDEALPRO,80.0,,,1.0,125.698,50000.0,25000.0,-36.98,BOT,EUR,JPY,20160318 07:29:34 EST,,9785.04865,1690006.75155,125.539
81,Paper,Paper,2.0,USD,IDEALPRO,81.0,,,1.0,1.12789,50000.0,25000.0,-17.25,BOT,EUR,USD,20160318 07:30:18 EST,,9767.79865,1718204.00155,1.12728
82,Paper,Paper,2.0,USD,IDEALPRO,82.0,,,1.0,111.45,50000.0,-25000.0,16.7,SLD,USD,JPY,20160318 07:30:30 EST,,9784.49865,1742723.00155,111.365
83,Paper,Paper,2.0,USD,IDEALPRO,83.0,,,1.0,0.76298,50000.0,25000.0,-16.25,BOT,AUD,USD,20160318 07:33:13 EST,,9768.24865,1761797.50155,0.76241
84,Paper,Paper,2.0,USD,IDEALPRO,84.0,,,1.0,0.96825,50000.0,-25000.0,-51.0917,SLD,USD,CHF,20160318 07:33:24 EST,,9717.15695,1786299.0678,0.97019
85,Paper,Paper,2.0,USD,IDEALPRO,85.0,,,1.0,0.76314,50000.0,-25000.0,16.25,SLD,AUD,USD,20160318 07:34:10 EST,,9733.40695,1805377.5678,0.76241
86,Paper,Paper,2.0,USD,IDEALPRO,86.0,,,1.0,111.449,50000.0,25000.0,-20.48,BOT,USD,JPY,20160318 07:34:31 EST,,9712.92695,1829896.3478,111.365
87,Paper,Paper,2.0,USD,IDEALPRO,87.0,,,1.0,0.76336,50000.0,25000.0,-25.75,BOT,AUD,USD,20160318 07:36:10 EST,,9687.17695,1848980.3478,0.76241
88,Paper,Paper,2.0,USD,IDEALPRO,88.0,,,1.0,1.12792,50000.0,-25000.0,14.0,SLD,EUR,USD,20160318 07:36:22 EST,,9701.17695,1877178.3478,1.12728
89,Paper,Paper,2.0,USD,IDEALPRO,89.0,,,1.0,0.9683,50000.0,25000.0,45.82645,BOT,USD,CHF,20160318 07:36:34 EST,,9747.0034,1901681.1793,0.97019
90,Paper,Paper,2.0,USD,IDEALPRO,90.0,,,1.0,111.43,50000.0,-25000.0,12.3,SLD,USD,JPY,20160318 07:36:35 EST,,9759.3034,1926195.7793,111.365
91,Paper,Paper,2.0,USD,IDEALPRO,91.0,,,1.0,125.696,50000.0,-25000.0,32.54,SLD,EUR,JPY,20160318 07:36:47 EST,,9791.8434,1953848.8993,125.539
92,Paper,Paper,2.0,USD,IDEALPRO,92.0,,,1.0,1.12803,50000.0,25000.0,-20.75,BOT,EUR,USD,20160318 07:37:21 EST,,9771.0934,1982049.6493,1.12728
93,Paper,Paper,2.0,USD,IDEALPRO,93.0,,,1.0,1.12798,50000.0,-25000.0,15.5,SLD,EUR,USD,20160318 07:38:19 EST,,9786.5934,2010249.1493,1.12728
94,Paper,Paper,2.0,USD,IDEALPRO,94.0,,,1.0,0.76343,50000.0,-25000.0,23.5,SLD,AUD,USD,20160318 07:38:20 EST,,9810.0934,2029334.8993,0.76241
95,Paper,Paper,2.0,USD,IDEALPRO,95.0,,,1.0,0.96813,50000.0,-25000.0,-54.1283,SLD,USD,CHF,20160318 07:38:32 EST,,9755.9651,2053833.42895,0.97019
96,Paper,Paper,2.0,USD,IDEALPRO,96.0,,,1.0,125.68,50000.0,25000.0,-33.02,BOT,EUR,JPY,20160318 07:38:45 EST,,9722.9451,2081483.02895,125.539
97,Paper,Paper,2.0,USD,IDEALPRO,97.0,,,1.0,0.96818,50000.0,25000.0,48.86305,BOT,USD,CHF,20160318 07:39:31 EST,,9771.80815,2105982.82385,0.97019
98,Paper,Paper,2.0,USD,IDEALPRO,98.0,,,1.0,0.76335,50000.0,25000.0,-25.5,BOT,AUD,USD,20160318 07:40:18 EST,,9746.30815,2125066.57385,0.76241
99,Paper,Paper,2.0,USD,IDEALPRO,99.0,,,1.0,125.686,50000.0,-25000.0,30.34,SLD,EUR,JPY,20160318 07:40:41 EST,,9776.64815,2152717.49385,125.539
100,Paper,Paper,2.0,USD,IDEALPRO,100.0,,,1.0,1.12819,50000.0,25000.0,-24.75,BOT,EUR,USD,20160318 07:41:15 EST,,9751.89815,2180922.24385,1.12728
101,Paper,Paper,2.0,USD,IDEALPRO,101.0,,,1.0,125.716,50000.0,25000.0,-40.94,BOT,EUR,JPY,20160318 07:41:51 EST,,9710.95815,2208579.76385,125.539
102,Paper,Paper,2.0,USD,IDEALPRO,102.0,,,1.0,0.76333,50000.0,-25000.0,21.0,SLD,AUD,USD,20160318 07:42:14 EST,,9731.95815,2227663.01385,0.76241
103,Paper,Paper,2.0,USD,IDEALPRO,103.0,,,1.0,1.12834,50000.0,-25000.0,24.5,SLD,EUR,USD,20160318 07:42:26 EST,,9756.45815,2255871.51385,1.12728
104,Paper,Paper,2.0,USD,IDEALPRO,104.0,,,1.0,0.76363,50000.0,25000.0,-32.5,BOT,AUD,USD,20160318 07:43:12 EST,,9723.95815,2274962.26385,0.76241
105,Paper,Paper,2.0,USD,IDEALPRO,105.0,,,1.0,0.96765,50000.0,-25000.0,-66.2747,SLD,USD,CHF,20160318 07:43:35 EST,,9657.68345,2299448.6471,0.97019
106,Paper,Paper,2.0,USD,IDEALPRO,106.0,,,1.0,125.713,50000.0,-25000.0,36.28,SLD,EUR,JPY,20160318 07:43:48 EST,,9693.96345,2327105.5071,125.539
107,Paper,Paper,2.0,USD,IDEALPRO,107.0,,,1.0,0.76352,50000.0,-25000.0,25.75,SLD,AUD,USD,20160318 07:44:12 EST,,9719.71345,2346193.5071,0.76241
108,Paper,Paper,2.0,USD,IDEALPRO,108.0,,,1.0,1.12803,50000.0,25000.0,-20.75,BOT,EUR,USD,20160318 07:44:24 EST,,9698.96345,2374394.2571,1.12728
