permid,account,clientid,commission,commission_currency,exchange,execid,expiry,level_0,orderid,price,qty,openqty,realized_PnL,side,symbol,symbol_currency,times,yield_redemption_date,PurePL,balance,margin_available,mark_to_mkt,openprice,pure_mark_to_mkt,purebalance,real_pnl
1,Paper,Paper,2.0,USD,IDEALPRO,1.0,,,1.0,1.12628,20000.0,20000.0,-2.0,BOT,EUR,USD,20160425 08:13:26 EST,,0.0,99998.0,1977474.4,100003.2,1.12628,100007.2,100000.0,-2.0
2,Paper,Paper,2.0,USD,IDEALPRO,2.0,,,1.0,1.12572,20000.0,0.0,-13.2,SLD,EUR,USD,20160425 08:48:12 EST,,-11.2,99984.8,1999988.8,99984.8,1.12628,99988.8,99988.8,-13.2
3,Paper,Paper,2.0,USD,IDEALPRO,3.0,,,1.0,1.12694,20000.0,-20000.0,-2.0,SLD,EUR,USD,20160425 11:35:15 EST,,0.0,99982.8,1977450.0,99978.2,1.12694,99986.2,99988.8,-2.0
4,Paper,Paper,2.0,USD,IDEALPRO,4.0,,,1.0,1.14854,20000.0,0.0,-434.0,BOT,EUR,USD,20160502 09:42:28 EST,,-432.0,99548.8,2000420.8,99548.8,1.12694,99556.8,99556.8,-434.0
5,Paper,Paper,2.0,USD,IDEALPRO,5.0,,,1.0,1.15247,20000.0,20000.0,-2.0,BOT,EUR,USD,20160502 10:00:48 EST,,0.0,99546.8,1977371.4,99518.8,1.15247,99530.8,99556.8,-2.0
6,Paper,Paper,2.0,USD,IDEALPRO,6.0,,,1.0,1.15079,20000.0,0.0,-35.6,SLD,EUR,USD,20160502 10:15:37 EST,,-33.6,99511.2,2000387.2,99511.2,1.15247,99523.2,99523.2,-35.6
7,Paper,Paper,2.0,USD,IDEALPRO,7.0,,,1.0,1.15283,20000.0,20000.0,-2.0,BOT,EUR,USD,20160503 01:26:17 EST,,0.0,99509.2,1977330.6,99504.8,1.15283,99520.8,99523.2,-2.0
8,Paper,Paper,2.0,USD,IDEALPRO,8.0,,,1.0,1.154,20000.0,0.0,21.4,SLD,EUR,USD,20160503 01:52:41 EST,,23.4,99530.6,2000410.6,99530.6,1.15283,99546.6,99546.6,21.4
9,Paper,Paper,2.0,USD,IDEALPRO,9.0,,,1.0,1.13727,20000.0,-20000.0,-2.0,SLD,EUR,USD,20160512 17:08:07 EST,,0.0,99528.6,1977665.2,99522.8,1.13727,99542.8,99546.6,-2.0
10,Paper,Paper,2.0,USD,IDEALPRO,10.0,,,1.0,1.13762,20000.0,0.0,-9.0,BOT,EUR,USD,20160512 17:28:17 EST,,-7.0,99519.6,2000417.6,99519.6,1.13727,99539.6,99539.6,-9.0
11,Paper,Paper,2.0,USD,IDEALPRO,11.0,,,1.0,1.13055,20000.0,20000.0,-2.0,BOT,EUR,USD,20160513 09:51:38 EST,,0.0,99517.6,1977806.6,99514.4,1.13055,99538.4,99539.6,-2.0
12,Paper,Paper,2.0,USD,IDEALPRO,12.0,,,1.0,1.12874,20000.0,0.0,-38.2,SLD,EUR,USD,20160513 11:32:11 EST,,-36.2,99479.4,2000381.4,99479.4,1.13055,99503.4,99503.4,-38.2
13,Paper,Paper,2.0,USD,IDEALPRO,13.0,,,1.0,1.13046,20000.0,-20000.0,-2.0,SLD,EUR,USD,20160513 14:23:54 EST,,0.0,99477.4,1977772.2,99472.6,1.13046,99500.6,99503.4,-2.0
14,Paper,Paper,2.0,USD,IDEALPRO,14.0,,,1.0,1.1315,40000.0,20000.0,-22.8,BOT,EUR,USD,20160513 15:19:06 EST,,-20.8,99454.6,1977772.2,99449.6,1.1315,99479.6,99482.6,-22.8
15,Paper,Paper,2.0,USD,IDEALPRO,15.0,,,1.0,1.13027,20000.0,0.0,-26.6,SLD,EUR,USD,20160513 16:30:25 EST,,-24.6,99428.0,2000377.6,99428.0,1.1315,99458.0,99458.0,-26.6
16,Paper,Paper,2.0,USD,IDEALPRO,16.0,,,1.0,1.13149,20000.0,-20000.0,-2.0,SLD,EUR,USD,20160515 19:13:35 EST,,0.0,99426.0,1977747.8,99422.6,1.13149,99456.6,99458.0,-2.0
17,Paper,Paper,2.0,USD,IDEALPRO,17.0,,,1.0,1.13164,20000.0,0.0,-5.0,BOT,EUR,USD,20160515 19:17:21 EST,,-3.0,99421.0,2000380.6,99421.0,1.13149,99455.0,99455.0,-5.0
18,Paper,Paper,2.0,USD,IDEALPRO,18.0,,,1.0,1.13074,20000.0,20000.0,-2.0,BOT,EUR,USD,20160515 23:29:05 EST,,0.0,99419.0,1977765.8,99413.4,1.13074,99451.4,99455.0,-2.0
19,Paper,Paper,2.0,USD,IDEALPRO,19.0,,,1.0,1.13068,40000.0,-20000.0,-3.2,SLD,EUR,USD,20160515 23:36:08 EST,,-1.2,99415.8,1977765.8,99413.4,1.13068,99453.4,99453.8,-3.2
20,Paper,Paper,2.0,USD,IDEALPRO,20.0,,,1.0,1.13133,20000.0,0.0,-15.0,BOT,EUR,USD,20160516 01:27:03 EST,,-13.0,99400.8,2000392.4,99400.8,1.13068,99440.8,99440.8,-15.0
21,Paper,Paper,2.0,USD,IDEALPRO,21.0,,,1.0,1.13117,20000.0,20000.0,-2.0,BOT,EUR,USD,20160516 02:53:56 EST,,0.0,99398.8,1977769.0,99399.2,1.13117,99443.2,99440.8,-2.0
22,Paper,Paper,2.0,USD,IDEALPRO,22.0,,,1.0,1.13206,20000.0,0.0,15.8,SLD,EUR,USD,20160516 05:07:15 EST,,17.8,99414.6,2000410.2,99414.6,1.13117,99458.6,99458.6,15.8
23,Paper,Paper,2.0,USD,IDEALPRO,23.0,,,1.0,1.12752,20000.0,20000.0,-2.0,BOT,EUR,USD,20160518 09:02:00 EST,,0.0,99412.6,1977859.8,99406.8,1.12752,99454.8,99458.6,-2.0
24,Paper,Paper,2.0,USD,IDEALPRO,24.0,,,1.0,1.12744,20000.0,0.0,-3.6,SLD,EUR,USD,20160518 09:28:07 EST,,-1.6,99409.0,2000408.6,99409.0,1.12752,99457.0,99457.0,-3.6
25,Paper,Paper,2.0,USD,IDEALPRO,25.0,,,1.0,1.12124,20000.0,-20000.0,-2.0,SLD,EUR,USD,20160519 03:25:14 EST,,0.0,99407.0,1977983.8,99403.8,1.12124,99455.8,99457.0,-2.0
26,Paper,Paper,2.0,USD,IDEALPRO,26.0,,,1.0,1.11937,20000.0,20000.0,-2.0,BOT,EUR,USD,20160519 08:16:26 EST,,0.0,99386.8,1978037.4,99383.4,1.11937,99439.4,99440.8,-2.0
27,Paper,Paper,2.0,USD,IDEALPRO,27.0,,,1.0,1.11991,20000.0,0.0,8.8,SLD,EUR,USD,20160519 10:11:13 EST,,10.8,99395.6,2000435.6,99395.6,1.11937,99451.6,99451.6,8.8
28,Paper,Paper,2.0,USD,IDEALPRO,28.0,,,1.0,1.11999,20000.0,-20000.0,-2.0,SLD,EUR,USD,20160519 16:21:05 EST,,0.0,99393.6,1978035.8,99391.0,1.11999,99451.0,99451.6,-2.0
29,Paper,Paper,2.0,USD,IDEALPRO,29.0,,,1.0,1.12014,20000.0,0.0,-5.0,BOT,EUR,USD,20160519 16:27:16 EST,,-3.0,99388.6,2000438.6,99388.6,1.11999,99448.6,99448.6,-5.0
30,Paper,Paper,2.0,USD,IDEALPRO,30.0,,,1.0,1.12037,20000.0,-20000.0,-2.0,SLD,EUR,USD,20160519 21:50:17 EST,,0.0,99386.6,1978031.2,99384.0,1.12037,99448.0,99448.6,-2.0
31,Paper,Paper,2.0,USD,IDEALPRO,31.0,,,1.0,1.12078,20000.0,-20000.0,-2.0,SLD,EUR,USD,20160520 02:41:08 EST,,0.0,99385.2,1978020.4,99383.0,1.12078,99451.0,99451.2,-2.0
32,Paper,Paper,2.0,USD,IDEALPRO,32.0,,,1.0,1.1218,20000.0,0.0,-22.4,BOT,EUR,USD,20160520 04:13:45 EST,,-20.4,99362.8,2000456.4,99362.8,1.12078,99430.8,99430.8,-22.4
33,Paper,Paper,2.0,USD,IDEALPRO,33.0,,,1.0,1.12242,20000.0,-20000.0,-2.0,SLD,EUR,USD,20160520 05:59:18 EST,,0.0,99360.8,1978008.0,99358.4,1.12242,99430.4,99430.8,-2.0
34,Paper,Paper,2.0,USD,IDEALPRO,34.0,,,1.0,1.1218,20000.0,0.0,10.4,BOT,EUR,USD,20160520 08:02:51 EST,,12.4,99371.2,2000444.0,99371.2,1.12242,99443.2,99443.2,10.4
35,Paper,Paper,2.0,USD,IDEALPRO,35.0,,,1.0,1.12221,20000.0,-20000.0,-2.0,SLD,EUR,USD,20160520 13:46:07 EST,,0.0,99369.2,1977999.8,99366.6,1.12221,99442.6,99443.2,-2.0
36,Paper,Paper,2.0,USD,IDEALPRO,36.0,,,1.0,1.12199,20000.0,0.0,2.4,BOT,EUR,USD,20160520 15:00:31 EST,,4.4,99371.6,2000439.6,99371.6,1.12221,99447.6,99447.6,2.4
37,Paper,Paper,2.0,USD,IDEALPRO,37.0,,,1.0,1.12236,20000.0,20000.0,-2.0,BOT,EUR,USD,20160520 17:53:11 EST,,0.0,99369.6,1977992.4,99365.0,1.12236,99445.0,99447.6,-2.0
38,Paper,Paper,2.0,USD,IDEALPRO,38.0,,,1.0,1.12223,40000.0,-20000.0,-4.6,SLD,EUR,USD,20160520 18:04:11 EST,,-2.6,99365.0,1977992.4,99360.4,1.12223,99442.4,99445.0,-4.6
39,Paper,Paper,2.0,USD,IDEALPRO,39.0,,,1.0,1.12236,40000.0,20000.0,-4.6,BOT,EUR,USD,20160520 18:26:10 EST,,-2.6,99360.4,1977992.4,99355.8,1.12236,99439.8,99442.4,-4.6
40,Paper,Paper,2.0,USD,IDEALPRO,40.0,,,1.0,1.12223,40000.0,-20000.0,-4.6,SLD,EUR,USD,20160520 20:20:05 EST,,-2.6,99355.8,1977992.4,99351.2,1.12223,99437.2,99439.8,-4.6
41,Paper,Paper,2.0,USD,IDEALPRO,41.0,,,1.0,1.12236,40000.0,20000.0,-4.6,BOT,EUR,USD,20160520 21:01:07 EST,,-2.6,99351.2,1977992.4,99346.6,1.12236,99434.6,99437.2,-4.6
42,Paper,Paper,2.0,USD,IDEALPRO,42.0,,,1.0,1.12223,40000.0,-20000.0,-4.6,SLD,EUR,USD,20160521 04:32:04 EST,,-2.6,99346.6,1977992.4,99342.0,1.12223,99432.0,99434.6,-4.6
43,Paper,Paper,2.0,USD,IDEALPRO,43.0,,,1.0,1.12236,40000.0,20000.0,-4.6,BOT,EUR,USD,20160521 05:43:25 EST,,-2.6,99342.0,1977992.4,99337.4,1.12236,99429.4,99432.0,-4.6
44,Paper,Paper,2.0,USD,IDEALPRO,44.0,,,1.0,1.12223,40000.0,-20000.0,-4.6,SLD,EUR,USD,20160521 08:51:07 EST,,-2.6,99337.4,1977992.4,99332.8,1.12223,99426.8,99429.4,-4.6
45,Paper,Paper,2.0,USD,IDEALPRO,45.0,,,1.0,1.12236,40000.0,20000.0,-4.6,BOT,EUR,USD,20160521 08:55:11 EST,,-2.6,99332.8,1977992.4,99328.2,1.12236,99424.2,99426.8,-4.6
46,Paper,Paper,2.0,USD,IDEALPRO,46.0,,,1.0,1.12223,40000.0,-20000.0,-4.6,SLD,EUR,USD,20160521 10:45:24 EST,,-2.6,99328.2,1977992.4,99323.6,1.12223,99421.6,99424.2,-4.6
47,Paper,Paper,2.0,USD,IDEALPRO,47.0,,,1.0,1.12236,40000.0,20000.0,-4.6,BOT,EUR,USD,20160521 11:12:09 EST,,-2.6,99323.6,1977992.4,99319.0,1.12236,99419.0,99421.6,-4.6
48,Paper,Paper,2.0,USD,IDEALPRO,48.0,,,1.0,1.12223,40000.0,-20000.0,-4.6,SLD,EUR,USD,20160521 11:18:22 EST,,-2.6,99319.0,1977992.4,99314.4,1.12223,99416.4,99419.0,-4.6
49,Paper,Paper,2.0,USD,IDEALPRO,49.0,,,1.0,1.12236,40000.0,20000.0,-4.6,BOT,EUR,USD,20160521 13:48:05 EST,,-2.6,99314.4,1977992.4,99309.8,1.12236,99413.8,99416.4,-4.6
50,Paper,Paper,2.0,USD,IDEALPRO,50.0,,,1.0,1.12236,40000.0,20000.0,-4.6,BOT,EUR,USD,20160521 23:19:59 EST,,-2.6,99305.2,1977992.4,99300.6,1.12236,99408.6,99411.2,-4.6
51,Paper,Paper,2.0,USD,IDEALPRO,51.0,,,1.0,1.12223,40000.0,-20000.0,-4.6,SLD,EUR,USD,20160522 09:18:45 EST,,-2.6,99300.6,1977992.4,99296.0,1.12223,99406.0,99408.6,-4.6
52,Paper,Paper,2.0,USD,IDEALPRO,52.0,,,1.0,1.12236,40000.0,20000.0,-4.6,BOT,EUR,USD,20160522 11:13:18 EST,,-2.6,99296.0,1977992.4,99291.4,1.12236,99403.4,99406.0,-4.6
53,Paper,Paper,2.0,USD,IDEALPRO,53.0,,,1.0,1.12293,20000.0,0.0,9.4,SLD,EUR,USD,20160522 20:33:43 EST,,11.4,99305.4,2000451.0,99305.4,1.12236,99417.4,99417.4,9.4
54,Paper,Paper,2.0,USD,IDEALPRO,54.0,,,1.0,1.12114,20000.0,-20000.0,-2.0,SLD,EUR,USD,20160523 07:42:13 EST,,0.0,99303.4,1978028.2,99301.0,1.12114,99417.0,99417.4,-2.0
55,Paper,Paper,2.0,USD,IDEALPRO,55.0,,,1.0,1.11914,20000.0,0.0,38.0,BOT,EUR,USD,20160523 09:23:04 EST,,40.0,99341.4,2000411.0,99341.4,1.12114,99457.4,99457.4,38.0
56,Paper,Paper,2.0,USD,IDEALPRO,56.0,,,1.0,1.12185,20000.0,0.0,-2.8,BOT,EUR,USD,20160523 18:14:41 EST,,-0.800000000001,99336.6,2000411.8,99336.6,1.12181,99456.6,99456.6,-2.8
57,Paper,Paper,2.0,USD,IDEALPRO,57.0,,,1.0,1.12091,20000.0,-20000.0,-2.0,SLD,EUR,USD,20160523 23:05:34 EST,,0.0,99334.6,1977993.6,99332.0,1.12091,99456.0,99456.6,-2.0
58,Paper,Paper,2.0,USD,IDEALPRO,58.0,,,1.0,1.12062,20000.0,0.0,3.8,BOT,EUR,USD,20160523 23:26:51 EST,,5.8,99338.4,2000406.0,99338.4,1.12091,99462.4,99462.4,3.8
59,Paper,Paper,2.0,USD,IDEALPRO,59.0,,,1.0,1.11814,20000.0,20000.0,-2.0,BOT,EUR,USD,20160524 05:05:47 EST,,0.0,99336.4,1978043.2,99334.0,1.11814,99462.0,99462.4,-2.0
60,Paper,Paper,2.0,USD,IDEALPRO,60.0,,,1.0,1.11595,40000.0,-20000.0,-45.8,SLD,EUR,USD,20160524 11:01:38 EST,,-43.8,99290.6,1978043.2,99288.2,1.11595,99418.2,99418.6,-45.8
61,Paper,Paper,2.0,USD,IDEALPRO,61.0,,,1.0,1.11465,40000.0,20000.0,24.0,BOT,EUR,USD,20160524 12:39:12 EST,,26.0,99314.6,1978043.2,99312.0,1.11465,99444.0,99444.6,24.0
62,Paper,Paper,2.0,USD,IDEALPRO,62.0,,,1.0,1.11389,40000.0,-20000.0,-17.2,SLD,EUR,USD,20160524 17:28:06 EST,,-15.2,99297.4,1978043.2,99293.2,1.11389,99427.2,99429.4,-17.2
63,Paper,Paper,2.0,USD,IDEALPRO,63.0,,,1.0,1.11392,40000.0,-20000.0,-5.4,SLD,EUR,USD,20160524 19:17:12 EST,,-3.4,99292.0,1978043.2,99289.4,1.11392,99425.4,99426.0,-5.4
64,Paper,Paper,2.0,USD,IDEALPRO,64.0,,,1.0,1.11405,40000.0,20000.0,-4.6,BOT,EUR,USD,20160524 20:49:42 EST,,-2.6,99287.4,1978043.2,99285.0,1.11405,99423.0,99423.4,-4.6
65,Paper,Paper,2.0,USD,IDEALPRO,65.0,,,1.0,1.11503,40000.0,-20000.0,17.6,SLD,EUR,USD,20160525 02:34:00 EST,,19.6,99305.0,1978043.2,99302.4,1.11503,99442.4,99443.0,17.6
66,Paper,Paper,2.0,USD,IDEALPRO,66.0,,,1.0,1.11443,40000.0,20000.0,10.0,BOT,EUR,USD,20160525 03:51:32 EST,,12.0,99315.0,1978043.2,99312.2,1.11443,99454.2,99455.0,10.0
67,Paper,Paper,2.0,USD,IDEALPRO,67.0,,,1.0,1.11489,40000.0,-20000.0,7.2,SLD,EUR,USD,20160525 08:05:35 EST,,9.2,99322.2,1978043.2,99319.8,1.11489,99463.8,99464.2,7.2
68,Paper,Paper,2.0,USD,IDEALPRO,68.0,,,1.0,1.11636,40000.0,20000.0,-31.4,BOT,EUR,USD,20160525 11:28:23 EST,,-29.4,99290.8,1978043.2,99288.6,1.11636,99434.6,99434.8,-31.4
69,Paper,Paper,2.0,USD,IDEALPRO,69.0,,,1.0,1.11614,40000.0,-20000.0,-6.4,SLD,EUR,USD,20160525 11:44:21 EST,,-4.4,99284.4,1978043.2,99281.8,1.11614,99429.8,99430.4,-6.4
70,Paper,Paper,2.0,USD,IDEALPRO,70.0,,,1.0,1.11623,20000.0,0.0,-3.8,BOT,EUR,USD,20160525 14:51:48 EST,,-1.8,99280.6,2000367.8,99280.6,1.11614,99428.6,99428.6,-3.8
71,Paper,Paper,2.0,USD,IDEALPRO,71.0,,,1.0,1.11813,20000.0,-20000.0,-2.0,SLD,EUR,USD,20160526 00:01:42 EST,,0.0,99278.6,1978005.2,99276.4,1.11813,99428.4,99428.6,-2.0
72,Paper,Paper,2.0,USD,IDEALPRO,72.0,,,1.0,1.11776,20000.0,0.0,5.4,BOT,EUR,USD,20160526 02:36:48 EST,,7.4,99284.0,2000360.4,99284.0,1.11813,99436.0,99436.0,5.4
73,Paper,Paper,2.0,USD,IDEALPRO,73.0,,,1.0,1.11769,20000.0,-20000.0,-2.0,SLD,EUR,USD,20160526 05:17:35 EST,,0.0,99282.0,1978006.6,99279.6,1.11769,99435.6,99436.0,-2.0
74,Paper,Paper,2.0,USD,IDEALPRO,74.0,,,1.0,1.11757,20000.0,0.0,0.399999999998,BOT,EUR,USD,20160526 08:44:47 EST,,2.4,99282.4,2000358.0,99282.4,1.11769,99438.4,99438.4,0.399999999998
75,Paper,Paper,2.0,USD,IDEALPRO,75.0,,,1.0,1.11848,20000.0,-20000.0,-2.0,SLD,EUR,USD,20160527 03:25:25 EST,,0.0,99280.4,1977988.4,99277.8,1.11848,99437.8,99438.4,-2.0
76,Paper,Paper,2.0,USD,IDEALPRO,76.0,,,1.0,1.11788,20000.0,0.0,10.0,BOT,EUR,USD,20160527 04:32:01 EST,,12.0,99290.4,2000346.0,99290.4,1.11848,99450.4,99450.4,10.0
