permid,account,clientid,commission,commission_currency,exchange,execid,expiry,level_0,orderid,price,qty,openqty,realized_PnL,side,symbol,symbol_currency,times,yield_redemption_date,PurePL,balance,margin_available,mark_to_mkt,openprice,pure_mark_to_mkt,purebalance,real_pnl
1,Paper,Paper,2.0,USD,IDEALPRO,1.0,,,1.0,0.6873,20000.0,20000.0,-2.0,BOT,NZD,USD,20160425 07:16:20 EST,,0.0,99998.0,1986254.0,99997.0,0.6873,100001.0,100000.0,-2.0
2,Paper,Paper,2.0,USD,IDEALPRO,2.0,,,1.0,0.68742,20000.0,0.0,0.4,SLD,NZD,USD,20160425 07:30:35 EST,,2.4,99998.4,2000002.4,99998.4,0.6873,100002.4,100002.4,0.4
3,Paper,Paper,2.0,USD,IDEALPRO,3.0,,,1.0,0.6856,20000.0,-20000.0,-2.0,SLD,NZD,USD,20160425 11:35:15 EST,,0.0,99996.4,1986290.4,99994.6,0.6856,100002.6,100002.4,-2.0
4,Paper,Paper,2.0,USD,IDEALPRO,4.0,,,1.0,0.69921,20000.0,0.0,-274.2,BOT,NZD,USD,20160502 10:40:54 EST,,-272.2,99722.2,2000274.6,99722.2,0.6856,99730.2,99730.2,-274.2
5,Paper,Paper,2.0,USD,IDEALPRO,5.0,,,1.0,0.69981,20000.0,-20000.0,-2.0,SLD,NZD,USD,20160502 10:58:16 EST,,0.0,99720.2,1986278.4,99712.2,0.69981,99724.2,99730.2,-2.0
6,Paper,Paper,2.0,USD,IDEALPRO,6.0,,,1.0,0.70006,40000.0,20000.0,-7.0,BOT,NZD,USD,20160502 11:21:10 EST,,-5.0,99713.2,1986278.4,99709.0,0.70006,99723.0,99725.2,-7.0
7,Paper,Paper,2.0,USD,IDEALPRO,7.0,,,1.0,0.70044,40000.0,-20000.0,5.6,SLD,NZD,USD,20160502 11:53:12 EST,,7.6,99718.8,1986278.4,99715.2,0.70044,99731.2,99732.8,5.6
8,Paper,Paper,2.0,USD,IDEALPRO,8.0,,,1.0,0.70153,40000.0,20000.0,-23.8,BOT,NZD,USD,20160502 12:38:43 EST,,-21.8,99695.0,1986278.4,99691.9,0.70153,99709.9,99711.0,-23.8
9,Paper,Paper,2.0,USD,IDEALPRO,9.0,,,1.0,0.70193,40000.0,-20000.0,6.0,SLD,NZD,USD,20160502 13:05:57 EST,,8.0,99701.0,1986278.4,99696.8,0.70193,99716.8,99719.0,6.0
10,Paper,Paper,2.0,USD,IDEALPRO,10.0,,,1.0,0.70192,20000.0,0.0,-1.8,BOT,NZD,USD,20160502 13:29:02 EST,,0.200000000001,99699.2,2000316.8,99699.2,0.70193,99719.2,99719.2,-1.8
11,Paper,Paper,2.0,USD,IDEALPRO,11.0,,,1.0,0.70175,20000.0,-20000.0,-2.0,SLD,NZD,USD,20160502 13:42:26 EST,,0.0,99697.2,1986281.8,99695.1,0.70175,99719.1,99719.2,-2.0
12,Paper,Paper,2.0,USD,IDEALPRO,12.0,,,1.0,0.70115,20000.0,0.0,10.0,BOT,NZD,USD,20160502 14:00:22 EST,,12.0,99707.2,2000304.8,99707.2,0.70175,99731.2,99731.2,10.0
13,Paper,Paper,2.0,USD,IDEALPRO,13.0,,,1.0,0.6807,20000.0,20000.0,-2.0,BOT,NZD,USD,20160511 06:34:15 EST,,0.0,99705.2,1986690.8,99699.4,0.6807,99727.4,99731.2,-2.0
14,Paper,Paper,2.0,USD,IDEALPRO,14.0,,,1.0,0.68208,40000.0,-20000.0,25.6,SLD,NZD,USD,20160511 11:03:15 EST,,27.6,99730.8,1986690.8,99723.4,0.68208,99753.4,99758.8,25.6
15,Paper,Paper,2.0,USD,IDEALPRO,15.0,,,1.0,0.68306,20000.0,0.0,-21.6,BOT,NZD,USD,20160511 15:00:10 EST,,-19.6,99709.2,2000352.0,99709.2,0.68208,99739.2,99739.2,-21.6
16,Paper,Paper,2.0,USD,IDEALPRO,16.0,,,1.0,0.683,20000.0,-20000.0,-2.0,SLD,NZD,USD,20160511 15:07:48 EST,,0.0,99707.2,1986692.0,99700.2,0.683,99734.2,99739.2,-2.0
17,Paper,Paper,2.0,USD,IDEALPRO,17.0,,,1.0,0.68314,20000.0,0.0,-4.8,BOT,NZD,USD,20160511 15:48:23 EST,,-2.8,99702.4,2000354.8,99702.4,0.683,99736.4,99736.4,-4.8
18,Paper,Paper,2.0,USD,IDEALPRO,18.0,,,1.0,0.68233,20000.0,-20000.0,-2.0,SLD,NZD,USD,20160511 16:15:29 EST,,0.0,99700.4,1986708.2,99690.8,0.68233,99728.8,99736.4,-2.0
19,Paper,Paper,2.0,USD,IDEALPRO,19.0,,,1.0,0.68271,20000.0,0.0,-9.6,BOT,NZD,USD,20160511 16:19:33 EST,,-7.6,99690.8,2000362.4,99690.8,0.68233,99728.8,99728.8,-9.6
20,Paper,Paper,2.0,USD,IDEALPRO,20.0,,,1.0,0.68153,20000.0,-20000.0,-2.0,SLD,NZD,USD,20160511 20:24:21 EST,,0.0,99688.8,1986731.8,99681.8,0.68153,99723.8,99728.8,-2.0
21,Paper,Paper,2.0,USD,IDEALPRO,21.0,,,1.0,0.68239,20000.0,0.0,-19.2,BOT,NZD,USD,20160511 22:22:31 EST,,-17.2,99669.6,2000379.6,99669.6,0.68153,99711.6,99711.6,-19.2
22,Paper,Paper,2.0,USD,IDEALPRO,22.0,,,1.0,0.68203,20000.0,-20000.0,-2.0,SLD,NZD,USD,20160511 22:43:16 EST,,0.0,99667.6,1986739.0,99661.0,0.68203,99707.0,99711.6,-2.0
23,Paper,Paper,2.0,USD,IDEALPRO,23.0,,,1.0,0.68274,40000.0,-20000.0,-2.6,SLD,NZD,USD,20160512 01:47:36 EST,,-0.599999999999,99665.0,1986739.0,99662.0,0.68274,99710.0,99711.0,-2.6
24,Paper,Paper,2.0,USD,IDEALPRO,24.0,,,1.0,0.6824,40000.0,20000.0,4.8,BOT,NZD,USD,20160512 03:12:14 EST,,6.8,99669.8,1986739.0,99663.0,0.6824,99713.0,99717.8,4.8
25,Paper,Paper,2.0,USD,IDEALPRO,25.0,,,1.0,0.68242,40000.0,-20000.0,-1.6,SLD,NZD,USD,20160512 05:29:13 EST,,0.4,99668.2,1986739.0,99661.6,0.68242,99713.6,99718.2,-1.6
26,Paper,Paper,2.0,USD,IDEALPRO,26.0,,,1.0,0.68215,40000.0,20000.0,3.4,BOT,NZD,USD,20160512 06:54:13 EST,,5.4,99671.6,1986739.0,99671.0,0.68215,99725.0,99723.6,3.4
27,Paper,Paper,2.0,USD,IDEALPRO,27.0,,,1.0,0.68074,20000.0,0.0,-30.2,SLD,NZD,USD,20160512 08:29:40 EST,,-28.2,99641.4,2000353.8,99641.4,0.68215,99695.4,99695.4,-30.2
28,Paper,Paper,2.0,USD,IDEALPRO,28.0,,,1.0,0.68335,20000.0,-20000.0,-2.0,SLD,NZD,USD,20160512 10:26:17 EST,,0.0,99639.4,1986686.8,99633.0,0.68335,99691.0,99695.4,-2.0
29,Paper,Paper,2.0,USD,IDEALPRO,29.0,,,1.0,0.68203,20000.0,0.0,24.4,BOT,NZD,USD,20160512 11:46:36 EST,,26.4,99663.8,2000327.4,99663.8,0.68335,99721.8,99721.8,24.4
30,Paper,Paper,2.0,USD,IDEALPRO,30.0,,,1.0,0.68183,20000.0,-20000.0,-2.0,SLD,NZD,USD,20160512 14:49:39 EST,,0.0,99661.8,1986690.8,99655.2,0.68183,99717.2,99721.8,-2.0
31,Paper,Paper,2.0,USD,IDEALPRO,31.0,,,1.0,0.68217,20000.0,0.0,-8.8,BOT,NZD,USD,20160512 15:08:45 EST,,-6.8,99653.0,2000334.2,99653.0,0.68183,99715.0,99715.0,-8.8
32,Paper,Paper,2.0,USD,IDEALPRO,32.0,,,1.0,0.68166,20000.0,20000.0,-2.0,BOT,NZD,USD,20160512 15:36:09 EST,,0.0,99651.0,1986701.0,99649.7,0.68166,99715.7,99715.0,-2.0
33,Paper,Paper,2.0,USD,IDEALPRO,33.0,,,1.0,0.68155,20000.0,0.0,-4.2,SLD,NZD,USD,20160512 15:47:21 EST,,-2.2,99646.8,2000332.0,99646.8,0.68166,99712.8,99712.8,-4.2
34,Paper,Paper,2.0,USD,IDEALPRO,34.0,,,1.0,0.68145,40000.0,-20000.0,-9.2,SLD,NZD,USD,20160512 18:34:08 EST,,-7.2,99637.6,2000332.0,99630.4,0.68145,99700.4,99705.6,-9.2
35,Paper,Paper,2.0,USD,IDEALPRO,35.0,,,1.0,0.68156,40000.0,-20000.0,-26.6,SLD,NZD,USD,20160512 19:54:05 EST,,-24.6,99611.0,2000332.0,99603.4,0.68156,99675.4,99681.0,-26.6
36,Paper,Paper,2.0,USD,IDEALPRO,36.0,,,1.0,0.68118,40000.0,-20000.0,-7.2,SLD,NZD,USD,20160512 22:28:06 EST,,-5.2,99603.8,2000332.0,99596.6,0.68118,99670.6,99675.8,-7.2
37,Paper,Paper,2.0,USD,IDEALPRO,37.0,,,1.0,0.68012,20000.0,0.0,19.2,BOT,NZD,USD,20160513 02:33:33 EST,,21.2,99623.0,2013934.4,99623.0,0.68118,99697.0,99697.0,19.2
38,Paper,Paper,2.0,USD,IDEALPRO,38.0,,,1.0,0.67915,20000.0,-20000.0,-2.0,SLD,NZD,USD,20160513 03:10:47 EST,,0.0,99621.0,2000351.4,99617.4,0.67915,99695.4,99697.0,-2.0
39,Paper,Paper,2.0,USD,IDEALPRO,39.0,,,1.0,0.68018,20000.0,0.0,-22.6,BOT,NZD,USD,20160513 04:26:08 EST,,-20.6,99598.4,2013955.0,99598.4,0.67915,99676.4,99676.4,-22.6
40,Paper,Paper,2.0,USD,IDEALPRO,40.0,,,1.0,0.67962,20000.0,-20000.0,-2.0,SLD,NZD,USD,20160513 05:23:43 EST,,0.0,99596.4,2000362.6,99590.6,0.67962,99672.6,99676.4,-2.0
41,Paper,Paper,2.0,USD,IDEALPRO,41.0,,,1.0,0.67948,40000.0,20000.0,0.800000000001,BOT,NZD,USD,20160513 06:57:55 EST,,2.8,99597.2,2000362.6,99590.6,0.67948,99674.6,99679.2,0.800000000001
42,Paper,Paper,2.0,USD,IDEALPRO,42.0,,,1.0,0.67756,40000.0,-20000.0,-40.4,SLD,NZD,USD,20160513 09:06:13 EST,,-38.4,99556.8,2000362.6,99550.2,0.67756,99636.2,99640.8,-40.4
43,Paper,Paper,2.0,USD,IDEALPRO,43.0,,,1.0,0.67665,40000.0,20000.0,16.2,BOT,NZD,USD,20160513 09:51:40 EST,,18.2,99573.0,2000362.6,99568.4,0.67665,99656.4,99659.0,16.2
44,Paper,Paper,2.0,USD,IDEALPRO,44.0,,,1.0,0.67686,20000.0,0.0,2.2,SLD,NZD,USD,20160513 11:10:14 EST,,4.2,99575.2,2013899.8,99575.2,0.67665,99663.2,99663.2,2.2
45,Paper,Paper,2.0,USD,IDEALPRO,45.0,,,1.0,0.67754,20000.0,20000.0,-2.0,BOT,NZD,USD,20160513 11:32:14 EST,,0.0,99573.2,2000349.0,99568.0,0.67754,99660.0,99663.2,-2.0
46,Paper,Paper,2.0,USD,IDEALPRO,46.0,,,1.0,0.67826,20000.0,0.0,12.4,SLD,NZD,USD,20160513 12:52:14 EST,,14.4,99585.6,2013914.2,99585.6,0.67754,99677.6,99677.6,12.4
47,Paper,Paper,2.0,USD,IDEALPRO,47.0,,,1.0,0.67873,20000.0,-20000.0,-2.0,SLD,NZD,USD,20160513 13:19:10 EST,,0.0,99583.6,2000339.6,99578.2,0.67873,99674.2,99677.6,-2.0
48,Paper,Paper,2.0,USD,IDEALPRO,48.0,,,1.0,0.67757,20000.0,0.0,21.2,BOT,NZD,USD,20160513 15:05:40 EST,,23.2,99604.8,2013891.0,99604.8,0.67873,99700.8,99700.8,21.2
49,Paper,Paper,2.0,USD,IDEALPRO,49.0,,,1.0,0.67744,20000.0,-20000.0,-2.0,SLD,NZD,USD,20160514 07:43:13 EST,,0.0,99602.8,2000342.2,99563.8,0.67744,99663.8,99700.8,-2.0
50,Paper,Paper,2.0,USD,IDEALPRO,50.0,,,1.0,0.6766,20000.0,0.0,14.8,BOT,NZD,USD,20160515 18:42:14 EST,,16.8,99617.6,2013874.2,99617.6,0.67744,99717.6,99717.6,14.8
51,Paper,Paper,2.0,USD,IDEALPRO,51.0,,,1.0,0.67679,20000.0,-20000.0,-2.0,SLD,NZD,USD,20160515 19:38:18 EST,,0.0,99615.6,2000338.4,99612.6,0.67679,99716.6,99717.6,-2.0
52,Paper,Paper,2.0,USD,IDEALPRO,52.0,,,1.0,0.67698,20000.0,0.0,-5.8,BOT,NZD,USD,20160515 23:29:09 EST,,-3.8,99609.8,2013878.0,99609.8,0.67679,99713.8,99713.8,-5.8
53,Paper,Paper,2.0,USD,IDEALPRO,53.0,,,1.0,0.67981,20000.0,20000.0,-2.0,BOT,NZD,USD,20160516 08:12:10 EST,,0.0,99607.8,2000281.8,99604.8,0.67981,99712.8,99713.8,-2.0
54,Paper,Paper,2.0,USD,IDEALPRO,54.0,,,1.0,0.67945,20000.0,0.0,-9.2,SLD,NZD,USD,20160516 08:18:12 EST,,-7.2,99598.6,2013870.8,99598.6,0.67981,99706.6,99706.6,-9.2
55,Paper,Paper,2.0,USD,IDEALPRO,55.0,,,1.0,0.67939,20000.0,20000.0,-2.0,BOT,NZD,USD,20160516 09:40:16 EST,,0.0,99596.6,2000283.0,99593.8,0.67939,99705.8,99706.6,-2.0
56,Paper,Paper,2.0,USD,IDEALPRO,56.0,,,1.0,0.68008,20000.0,0.0,11.8,SLD,NZD,USD,20160516 11:35:43 EST,,13.8,99608.4,2013884.6,99608.4,0.67939,99720.4,99720.4,11.8
57,Paper,Paper,2.0,USD,IDEALPRO,57.0,,,1.0,0.67971,20000.0,20000.0,-2.0,BOT,NZD,USD,20160516 13:10:13 EST,,0.0,99606.4,2000290.4,99603.4,0.67971,99719.4,99720.4,-2.0
58,Paper,Paper,2.0,USD,IDEALPRO,58.0,,,1.0,0.67939,20000.0,0.0,-8.4,SLD,NZD,USD,20160516 13:56:12 EST,,-6.4,99598.0,2013878.2,99598.0,0.67971,99714.0,99714.0,-8.4
59,Paper,Paper,2.0,USD,IDEALPRO,59.0,,,1.0,0.68071,20000.0,-20000.0,-2.0,SLD,NZD,USD,20160516 22:12:26 EST,,0.0,99596.0,2000264.0,99588.4,0.68071,99708.4,99714.0,-2.0
60,Paper,Paper,2.0,USD,IDEALPRO,60.0,,,1.0,0.68073,40000.0,20000.0,-2.4,BOT,NZD,USD,20160517 00:08:08 EST,,-0.4,99593.6,2000264.0,99590.8,0.68073,99712.8,99713.6,-2.4
61,Paper,Paper,2.0,USD,IDEALPRO,61.0,,,1.0,0.68142,20000.0,0.0,11.8,SLD,NZD,USD,20160517 03:08:53 EST,,13.8,99605.4,2013892.4,99605.4,0.68073,99727.4,99727.4,11.8
62,Paper,Paper,2.0,USD,IDEALPRO,62.0,,,1.0,0.68149,20000.0,20000.0,-2.0,BOT,NZD,USD,20160517 03:52:15 EST,,0.0,99603.4,2000262.6,99600.6,0.68149,99726.6,99727.4,-2.0
63,Paper,Paper,2.0,USD,IDEALPRO,63.0,,,1.0,0.68268,20000.0,0.0,21.8,SLD,NZD,USD,20160517 12:52:30 EST,,23.8,99625.2,2013916.2,99625.2,0.68149,99751.2,99751.2,21.8
64,Paper,Paper,2.0,USD,IDEALPRO,64.0,,,1.0,0.68154,20000.0,20000.0,-2.0,BOT,NZD,USD,20160517 17:20:54 EST,,0.0,99623.2,2000285.4,99609.2,0.68154,99739.2,99751.2,-2.0
65,Paper,Paper,2.0,USD,IDEALPRO,65.0,,,1.0,0.6807,40000.0,-20000.0,-18.8,SLD,NZD,USD,20160517 18:19:45 EST,,-16.8,99604.4,2000285.4,99600.0,0.6807,99732.0,99734.4,-18.8
66,Paper,Paper,2.0,USD,IDEALPRO,66.0,,,1.0,0.68075,20000.0,0.0,-3.0,BOT,NZD,USD,20160517 18:39:41 EST,,-1.0,99601.4,2013900.4,99601.4,0.6807,99733.4,99733.4,-3.0
67,Paper,Paper,2.0,USD,IDEALPRO,67.0,,,1.0,0.679,20000.0,-20000.0,-2.0,SLD,NZD,USD,20160517 20:32:03 EST,,0.0,99599.4,2000320.4,99595.8,0.679,99731.8,99733.4,-2.0
68,Paper,Paper,2.0,USD,IDEALPRO,68.0,,,1.0,0.67901,40000.0,20000.0,-2.2,BOT,NZD,USD,20160517 22:08:07 EST,,-0.199999999999,99597.2,2000320.4,99593.6,0.67901,99731.6,99733.2,-2.2
69,Paper,Paper,2.0,USD,IDEALPRO,69.0,,,1.0,0.67891,40000.0,-20000.0,-4.0,SLD,NZD,USD,20160517 23:45:06 EST,,-2.0,99593.2,2000320.4,99589.6,0.67891,99729.6,99731.2,-4.0
70,Paper,Paper,2.0,USD,IDEALPRO,70.0,,,1.0,0.67885,40000.0,20000.0,-0.799999999999,BOT,NZD,USD,20160518 00:10:12 EST,,1.2,99592.4,2000320.4,99589.6,0.67885,99731.6,99732.4,-0.799999999999
71,Paper,Paper,2.0,USD,IDEALPRO,71.0,,,1.0,0.67757,40000.0,-20000.0,-27.6,SLD,NZD,USD,20160518 02:18:34 EST,,-25.6,99564.8,2000320.4,99562.2,0.67757,99706.2,99706.8,-27.6
72,Paper,Paper,2.0,USD,IDEALPRO,72.0,,,1.0,0.67722,40000.0,20000.0,5.0,BOT,NZD,USD,20160518 03:52:13 EST,,7.0,99569.8,2000320.4,99567.0,0.67722,99713.0,99713.8,5.0
73,Paper,Paper,2.0,USD,IDEALPRO,73.0,,,1.0,0.67791,20000.0,0.0,11.8,SLD,NZD,USD,20160518 05:46:10 EST,,13.8,99581.6,2013878.6,99581.6,0.67722,99727.6,99727.6,11.8
74,Paper,Paper,2.0,USD,IDEALPRO,74.0,,,1.0,0.67686,20000.0,20000.0,-2.0,BOT,NZD,USD,20160518 08:27:54 EST,,0.0,99579.6,2000341.4,99571.4,0.67686,99721.4,99727.6,-2.0
75,Paper,Paper,2.0,USD,IDEALPRO,75.0,,,1.0,0.67495,20000.0,0.0,-40.2,SLD,NZD,USD,20160518 09:36:16 EST,,-38.2,99539.4,2013840.4,99539.4,0.67686,99689.4,99689.4,-40.2
76,Paper,Paper,2.0,USD,IDEALPRO,76.0,,,1.0,0.67593,20000.0,-20000.0,-2.0,SLD,NZD,USD,20160519 05:52:12 EST,,0.0,99537.4,2000321.8,99531.6,0.67593,99685.6,99689.4,-2.0
77,Paper,Paper,2.0,USD,IDEALPRO,77.0,,,1.0,0.67522,20000.0,0.0,12.2,BOT,NZD,USD,20160519 07:20:42 EST,,14.2,99549.6,2013826.2,99549.6,0.67593,99703.6,99703.6,12.2
78,Paper,Paper,2.0,USD,IDEALPRO,78.0,,,1.0,0.67662,20000.0,-20000.0,-2.0,SLD,NZD,USD,20160519 20:22:48 EST,,0.0,99547.6,2000293.8,99542.2,0.67662,99700.2,99703.6,-2.0
79,Paper,Paper,2.0,USD,IDEALPRO,79.0,,,1.0,0.67597,20000.0,0.0,11.0,BOT,NZD,USD,20160519 21:01:24 EST,,13.0,99558.6,2013813.2,99558.6,0.67662,99716.6,99716.6,11.0
80,Paper,Paper,2.0,USD,IDEALPRO,80.0,,,1.0,0.6757,20000.0,20000.0,-2.0,BOT,NZD,USD,20160520 05:34:23 EST,,0.0,99556.6,2000299.2,99553.6,0.6757,99715.6,99716.6,-2.0
81,Paper,Paper,2.0,USD,IDEALPRO,81.0,,,1.0,0.67613,20000.0,0.0,6.6,SLD,NZD,USD,20160520 06:08:48 EST,,8.6,99563.2,2013821.8,99563.2,0.6757,99725.2,99725.2,6.6
82,Paper,Paper,2.0,USD,IDEALPRO,82.0,,,1.0,0.676,20000.0,-20000.0,-2.0,SLD,NZD,USD,20160520 15:19:30 EST,,0.0,99561.2,2000301.8,99557.4,0.676,99723.4,99725.2,-2.0
83,Paper,Paper,2.0,USD,IDEALPRO,83.0,,,1.0,0.67615,20000.0,0.0,-5.0,BOT,NZD,USD,20160520 15:26:03 EST,,-3.0,99556.2,2013824.8,99556.2,0.676,99722.2,99722.2,-5.0
