permid,account,clientid,commission,commission_currency,exchange,execid,expiry,level_0,orderid,price,qty,openqty,realized_PnL,side,symbol,symbol_currency,times,yield_redemption_date,PurePL,balance,margin_available,mark_to_mkt,openprice,pure_mark_to_mkt,purebalance,real_pnl
1,Paper,Paper,2.0,USD,IDEALPRO,1.0,,,1.0,1.44565,20000.0,-20000.0,-2.0,SLD,GBP,USD,20160425 07:05:22 EST,,0.0,99998.0,1971087.0,99992.2,1.44565,99996.2,100000.0,-2.0
2,Paper,Paper,2.0,USD,IDEALPRO,2.0,,,1.0,1.44747,40000.0,20000.0,-38.4,BOT,GBP,USD,20160425 07:16:21 EST,,-36.4,99959.6,1971087.0,99956.6,1.44747,99962.6,99963.6,-38.4
3,Paper,Paper,2.0,USD,IDEALPRO,3.0,,,1.0,1.44833,40000.0,-20000.0,15.2,SLD,GBP,USD,20160425 07:30:56 EST,,17.2,99974.8,1971087.0,99968.4,1.44833,99976.4,99980.8,15.2
4,Paper,Paper,2.0,USD,IDEALPRO,4.0,,,1.0,1.45099,40000.0,20000.0,-55.2,BOT,GBP,USD,20160425 08:01:38 EST,,-53.2,99919.6,1971087.0,99908.8,1.45099,99918.8,99927.6,-55.2
5,Paper,Paper,2.0,USD,IDEALPRO,5.0,,,1.0,1.4506,40000.0,-20000.0,-9.8,SLD,GBP,USD,20160425 08:09:27 EST,,-7.8,99909.8,1971087.0,99909.4,1.4506,99921.4,99919.8,-9.8
6,Paper,Paper,2.0,USD,IDEALPRO,6.0,,,1.0,1.44701,40000.0,20000.0,69.8,BOT,GBP,USD,20160425 09:13:49 EST,,71.8,99979.6,1971087.0,99977.4,1.44701,99991.4,99991.6,69.8
7,Paper,Paper,2.0,USD,IDEALPRO,7.0,,,1.0,1.46585,20000.0,0.0,374.8,SLD,GBP,USD,20160502 09:42:30 EST,,376.8,100354.4,2000404.0,100354.4,1.44701,100368.4,100368.4,374.8
8,Paper,Paper,2.0,USD,IDEALPRO,8.0,,,1.0,1.46622,20000.0,-20000.0,-2.0,SLD,GBP,USD,20160502 12:25:44 EST,,0.0,100352.4,1971079.6,100351.2,1.46622,100369.2,100368.4,-2.0
9,Paper,Paper,2.0,USD,IDEALPRO,9.0,,,1.0,1.46699,20000.0,0.0,-17.4,BOT,GBP,USD,20160502 12:40:25 EST,,-15.4,100335.0,2000419.4,100335.0,1.46622,100353.0,100353.0,-17.4
10,Paper,Paper,2.0,USD,IDEALPRO,10.0,,,1.0,1.46838,20000.0,20000.0,-2.0,BOT,GBP,USD,20160502 23:01:52 EST,,0.0,100333.0,1971051.8,100328.4,1.46838,100350.4,100353.0,-2.0
11,Paper,Paper,2.0,USD,IDEALPRO,11.0,,,1.0,1.46812,20000.0,0.0,-7.2,SLD,GBP,USD,20160503 00:06:15 EST,,-5.2,100325.8,2000414.2,100325.8,1.46838,100347.8,100347.8,-7.2
12,Paper,Paper,2.0,USD,IDEALPRO,12.0,,,1.0,1.46815,20000.0,20000.0,-2.0,BOT,GBP,USD,20160503 01:58:38 EST,,0.0,100323.8,1971051.2,100327.2,1.46815,100353.2,100347.8,-2.0
13,Paper,Paper,2.0,USD,IDEALPRO,13.0,,,1.0,1.44497,40000.0,-20000.0,-465.6,SLD,GBP,USD,20160511 10:39:41 EST,,-463.6,99858.2,1971051.2,99851.4,1.44497,99879.4,99884.2,-465.6
14,Paper,Paper,2.0,USD,IDEALPRO,14.0,,,1.0,1.44591,40000.0,20000.0,-20.8,BOT,GBP,USD,20160511 14:21:20 EST,,-18.8,99837.4,1971051.2,99832.0,1.44591,99862.0,99865.4,-20.8
15,Paper,Paper,2.0,USD,IDEALPRO,15.0,,,1.0,1.44498,20000.0,0.0,-20.6,SLD,GBP,USD,20160511 15:09:42 EST,,-18.6,99816.8,1999950.8,99816.8,1.44591,99846.8,99846.8,-20.6
16,Paper,Paper,2.0,USD,IDEALPRO,16.0,,,1.0,1.44437,20000.0,20000.0,-2.0,BOT,GBP,USD,20160511 16:28:52 EST,,0.0,99814.8,1971063.4,99809.0,1.44437,99843.0,99846.8,-2.0
17,Paper,Paper,2.0,USD,IDEALPRO,17.0,,,1.0,1.44457,20000.0,0.0,2.0,SLD,GBP,USD,20160511 17:49:02 EST,,4.0,99816.8,1999954.8,99816.8,1.44437,99850.8,99850.8,2.0
18,Paper,Paper,2.0,USD,IDEALPRO,18.0,,,1.0,1.44377,20000.0,20000.0,-2.0,BOT,GBP,USD,20160511 20:59:54 EST,,0.0,99814.8,1971079.4,99808.8,1.44377,99846.8,99850.8,-2.0
19,Paper,Paper,2.0,USD,IDEALPRO,19.0,,,1.0,1.44418,20000.0,0.0,6.2,SLD,GBP,USD,20160512 00:11:34 EST,,8.2,99821.0,1999963.0,99821.0,1.44377,99859.0,99859.0,6.2
20,Paper,Paper,2.0,USD,IDEALPRO,20.0,,,1.0,1.44554,20000.0,20000.0,-2.0,BOT,GBP,USD,20160512 17:15:55 EST,,0.0,99819.0,1971052.2,99809.2,1.44554,99851.2,99859.0,-2.0
21,Paper,Paper,2.0,USD,IDEALPRO,21.0,,,1.0,1.44439,20000.0,0.0,-25.0,SLD,GBP,USD,20160512 18:20:48 EST,,-23.0,99794.0,1999940.0,99794.0,1.44554,99836.0,99836.0,-25.0
22,Paper,Paper,2.0,USD,IDEALPRO,22.0,,,1.0,1.43939,20000.0,-20000.0,-2.0,SLD,GBP,USD,20160513 02:50:39 EST,,0.0,99792.0,1971152.2,99786.4,1.43939,99832.4,99836.0,-2.0
23,Paper,Paper,2.0,USD,IDEALPRO,23.0,,,1.0,1.43988,20000.0,0.0,-11.8,BOT,GBP,USD,20160513 02:53:16 EST,,-9.8,99780.2,1999949.8,99780.2,1.43939,99826.2,99826.2,-11.8
24,Paper,Paper,2.0,USD,IDEALPRO,24.0,,,1.0,1.44015,20000.0,-20000.0,-2.0,SLD,GBP,USD,20160513 03:06:37 EST,,0.0,99778.2,1971146.8,99770.2,1.44015,99820.2,99826.2,-2.0
25,Paper,Paper,2.0,USD,IDEALPRO,25.0,,,1.0,1.4404,20000.0,0.0,-7.0,BOT,GBP,USD,20160513 03:22:02 EST,,-5.0,99771.2,1999954.8,99771.2,1.44015,99821.2,99821.2,-7.0
26,Paper,Paper,2.0,USD,IDEALPRO,26.0,,,1.0,1.44154,20000.0,20000.0,-2.0,BOT,GBP,USD,20160513 04:27:24 EST,,0.0,99769.2,1971124.0,99767.2,1.44154,99821.2,99821.2,-2.0
27,Paper,Paper,2.0,USD,IDEALPRO,27.0,,,1.0,1.44116,20000.0,0.0,-9.6,SLD,GBP,USD,20160513 05:13:55 EST,,-7.6,99759.6,1999947.2,99759.6,1.44154,99813.6,99813.6,-9.6
28,Paper,Paper,2.0,USD,IDEALPRO,28.0,,,1.0,1.44213,20000.0,20000.0,-2.0,BOT,GBP,USD,20160513 07:32:57 EST,,0.0,99757.6,1971104.6,99752.0,1.44213,99810.0,99813.6,-2.0
29,Paper,Paper,2.0,USD,IDEALPRO,29.0,,,1.0,1.44065,20000.0,0.0,-31.6,SLD,GBP,USD,20160513 08:12:39 EST,,-29.6,99726.0,1999917.6,99726.0,1.44213,99784.0,99784.0,-31.6
30,Paper,Paper,2.0,USD,IDEALPRO,30.0,,,1.0,1.43779,20000.0,-20000.0,-2.0,SLD,GBP,USD,20160513 09:10:24 EST,,0.0,99724.0,1971161.8,99717.6,1.43779,99779.6,99784.0,-2.0
31,Paper,Paper,2.0,USD,IDEALPRO,31.0,,,1.0,1.43445,20000.0,0.0,64.8,BOT,GBP,USD,20160513 10:53:37 EST,,66.8,99788.8,1999850.8,99788.8,1.43779,99850.8,99850.8,64.8
32,Paper,Paper,2.0,USD,IDEALPRO,32.0,,,1.0,1.43602,20000.0,20000.0,-2.0,BOT,GBP,USD,20160513 14:31:30 EST,,0.0,99786.8,1971130.4,99779.4,1.43602,99845.4,99850.8,-2.0
33,Paper,Paper,2.0,USD,IDEALPRO,33.0,,,1.0,1.43679,20000.0,0.0,13.4,SLD,GBP,USD,20160513 15:04:24 EST,,15.4,99800.2,1999866.2,99800.2,1.43602,99866.2,99866.2,13.4
34,Paper,Paper,2.0,USD,IDEALPRO,34.0,,,1.0,1.43671,20000.0,20000.0,-2.0,BOT,GBP,USD,20160513 16:40:50 EST,,0.0,99798.2,1971132.0,99791.2,1.43671,99861.2,99866.2,-2.0
35,Paper,Paper,2.0,USD,IDEALPRO,35.0,,,1.0,1.4371,40000.0,-20000.0,5.8,SLD,GBP,USD,20160513 17:29:59 EST,,7.8,99804.0,1971132.0,99769.0,1.4371,99841.0,99874.0,5.8
36,Paper,Paper,2.0,USD,IDEALPRO,36.0,,,1.0,1.43875,40000.0,20000.0,-35.0,BOT,GBP,USD,20160513 18:28:49 EST,,-33.0,99769.0,1971132.0,99734.0,1.43875,99808.0,99841.0,-35.0
37,Paper,Paper,2.0,USD,IDEALPRO,37.0,,,1.0,1.4371,40000.0,-20000.0,-35.0,SLD,GBP,USD,20160513 18:47:45 EST,,-33.0,99734.0,1971132.0,99699.0,1.4371,99775.0,99808.0,-35.0
38,Paper,Paper,2.0,USD,IDEALPRO,38.0,,,1.0,1.43875,40000.0,20000.0,-35.0,BOT,GBP,USD,20160513 20:05:53 EST,,-33.0,99699.0,1971132.0,99664.0,1.43875,99742.0,99775.0,-35.0
39,Paper,Paper,2.0,USD,IDEALPRO,39.0,,,1.0,1.4371,40000.0,-20000.0,-35.0,SLD,GBP,USD,20160513 21:14:08 EST,,-33.0,99664.0,1971132.0,99629.0,1.4371,99709.0,99742.0,-35.0
40,Paper,Paper,2.0,USD,IDEALPRO,40.0,,,1.0,1.43875,40000.0,20000.0,-35.0,BOT,GBP,USD,20160513 21:51:44 EST,,-33.0,99629.0,1971132.0,99594.0,1.43875,99676.0,99709.0,-35.0
41,Paper,Paper,2.0,USD,IDEALPRO,41.0,,,1.0,1.4371,40000.0,-20000.0,-35.0,SLD,GBP,USD,20160514 00:04:59 EST,,-33.0,99594.0,1971132.0,99559.0,1.4371,99643.0,99676.0,-35.0
42,Paper,Paper,2.0,USD,IDEALPRO,42.0,,,1.0,1.43875,20000.0,0.0,-35.0,BOT,GBP,USD,20160514 08:21:57 EST,,-33.0,99559.0,1999907.0,99559.0,1.4371,99643.0,99643.0,-35.0
43,Paper,Paper,2.0,USD,IDEALPRO,43.0,,,1.0,1.43668,20000.0,-20000.0,-2.0,SLD,GBP,USD,20160515 23:55:10 EST,,0.0,99557.0,1971173.4,99551.2,1.43668,99639.2,99643.0,-2.0
44,Paper,Paper,2.0,USD,IDEALPRO,44.0,,,1.0,1.43695,20000.0,0.0,-7.4,BOT,GBP,USD,20160516 00:10:08 EST,,-5.4,99549.6,1999912.4,99549.6,1.43668,99637.6,99637.6,-7.4
45,Paper,Paper,2.0,USD,IDEALPRO,45.0,,,1.0,1.43612,20000.0,-20000.0,-2.0,SLD,GBP,USD,20160516 01:33:24 EST,,0.0,99547.6,1971190.0,99544.2,1.43612,99636.2,99637.6,-2.0
46,Paper,Paper,2.0,USD,IDEALPRO,46.0,,,1.0,1.43468,40000.0,20000.0,26.8,BOT,GBP,USD,20160516 06:18:12 EST,,28.8,99574.4,1971190.0,99571.6,1.43468,99665.6,99666.4,26.8
47,Paper,Paper,2.0,USD,IDEALPRO,47.0,,,1.0,1.43776,40000.0,-20000.0,59.6,SLD,GBP,USD,20160516 08:10:52 EST,,61.6,99634.0,1971190.0,99631.2,1.43776,99727.2,99728.0,59.6
48,Paper,Paper,2.0,USD,IDEALPRO,48.0,,,1.0,1.43872,20000.0,0.0,-21.2,BOT,GBP,USD,20160516 09:35:29 EST,,-19.2,99612.8,1999964.4,99612.8,1.43776,99708.8,99708.8,-21.2
49,Paper,Paper,2.0,USD,IDEALPRO,49.0,,,1.0,1.441,20000.0,20000.0,-2.0,BOT,GBP,USD,20160516 12:22:09 EST,,0.0,99610.8,1971144.4,99607.8,1.441,99707.8,99708.8,-2.0
50,Paper,Paper,2.0,USD,IDEALPRO,50.0,,,1.0,1.43976,20000.0,0.0,-26.8,SLD,GBP,USD,20160516 13:55:01 EST,,-24.8,99584.0,1999939.6,99584.0,1.441,99684.0,99684.0,-26.8
51,Paper,Paper,2.0,USD,IDEALPRO,51.0,,,1.0,1.44169,20000.0,20000.0,-2.0,BOT,GBP,USD,20160516 19:11:46 EST,,0.0,99582.0,1971105.8,99578.4,1.44169,99682.4,99684.0,-2.0
52,Paper,Paper,2.0,USD,IDEALPRO,52.0,,,1.0,1.44632,20000.0,0.0,90.6,SLD,GBP,USD,20160516 22:08:04 EST,,92.6,99672.6,2000032.2,99672.6,1.44169,99776.6,99776.6,90.6
53,Paper,Paper,2.0,USD,IDEALPRO,53.0,,,1.0,1.4489,20000.0,20000.0,-2.0,BOT,GBP,USD,20160517 00:06:50 EST,,0.0,99670.6,1971054.2,99667.8,1.4489,99775.8,99776.6,-2.0
54,Paper,Paper,2.0,USD,IDEALPRO,54.0,,,1.0,1.44745,20000.0,0.0,-31.0,SLD,GBP,USD,20160517 04:54:42 EST,,-29.0,99639.6,2000003.2,99639.6,1.4489,99747.6,99747.6,-31.0
55,Paper,Paper,2.0,USD,IDEALPRO,55.0,,,1.0,1.44774,20000.0,-20000.0,-2.0,SLD,GBP,USD,20160517 07:02:12 EST,,0.0,99637.6,1971048.4,99635.4,1.44774,99747.4,99747.6,-2.0
56,Paper,Paper,2.0,USD,IDEALPRO,56.0,,,1.0,1.44628,20000.0,0.0,27.2,BOT,GBP,USD,20160517 08:38:35 EST,,29.2,99664.8,1999974.0,99664.8,1.44774,99776.8,99776.8,27.2
57,Paper,Paper,2.0,USD,IDEALPRO,57.0,,,1.0,1.44621,20000.0,20000.0,-2.0,BOT,GBP,USD,20160517 17:53:48 EST,,0.0,99662.8,1971049.8,99657.6,1.44621,99773.6,99776.8,-2.0
58,Paper,Paper,2.0,USD,IDEALPRO,58.0,,,1.0,1.44553,20000.0,0.0,-15.6,SLD,GBP,USD,20160517 18:41:27 EST,,-13.6,99647.2,1999960.4,99647.2,1.44621,99763.2,99763.2,-15.6
59,Paper,Paper,2.0,USD,IDEALPRO,59.0,,,1.0,1.44563,20000.0,20000.0,-2.0,BOT,GBP,USD,20160517 19:13:42 EST,,0.0,99645.2,1971047.8,99641.4,1.44563,99761.4,99763.2,-2.0
60,Paper,Paper,2.0,USD,IDEALPRO,60.0,,,1.0,1.44335,20000.0,0.0,-47.6,SLD,GBP,USD,20160518 03:49:20 EST,,-45.6,99597.6,1999914.8,99597.6,1.44563,99717.6,99717.6,-47.6
61,Paper,Paper,2.0,USD,IDEALPRO,61.0,,,1.0,1.45599,20000.0,20000.0,-2.0,BOT,GBP,USD,20160518 07:53:47 EST,,0.0,99595.6,1970795.0,99591.8,1.45599,99715.8,99717.6,-2.0
62,Paper,Paper,2.0,USD,IDEALPRO,62.0,,,1.0,1.45517,20000.0,0.0,-18.4,SLD,GBP,USD,20160518 08:43:56 EST,,-16.4,99577.2,1999898.4,99577.2,1.45599,99701.2,99701.2,-18.4
63,Paper,Paper,2.0,USD,IDEALPRO,63.0,,,1.0,1.45877,20000.0,-20000.0,-2.0,SLD,GBP,USD,20160518 09:30:17 EST,,0.0,99575.2,1970723.0,99569.2,1.45877,99697.2,99701.2,-2.0
64,Paper,Paper,2.0,USD,IDEALPRO,64.0,,,1.0,1.45901,20000.0,0.0,-6.8,BOT,GBP,USD,20160518 10:32:59 EST,,-4.8,99568.4,1999903.2,99568.4,1.45877,99696.4,99696.4,-6.8
65,Paper,Paper,2.0,USD,IDEALPRO,65.0,,,1.0,1.46102,20000.0,20000.0,-2.0,BOT,GBP,USD,20160518 12:41:21 EST,,0.0,99566.4,1970682.8,99559.4,1.46102,99691.4,99696.4,-2.0
66,Paper,Paper,2.0,USD,IDEALPRO,66.0,,,1.0,1.45979,20000.0,0.0,-26.6,SLD,GBP,USD,20160518 18:23:27 EST,,-24.6,99539.8,1999878.6,99539.8,1.46102,99671.8,99671.8,-26.6
67,Paper,Paper,2.0,USD,IDEALPRO,67.0,,,1.0,1.46026,20000.0,20000.0,-2.0,BOT,GBP,USD,20160518 18:46:27 EST,,0.0,99537.8,1970673.4,99528.8,1.46026,99664.8,99671.8,-2.0
68,Paper,Paper,2.0,USD,IDEALPRO,68.0,,,1.0,1.45833,20000.0,0.0,-40.6,SLD,GBP,USD,20160519 03:09:00 EST,,-38.6,99497.2,1999840.0,99497.2,1.46026,99633.2,99633.2,-40.6
69,Paper,Paper,2.0,USD,IDEALPRO,69.0,,,1.0,1.45955,20000.0,20000.0,-2.0,BOT,GBP,USD,20160519 09:13:28 EST,,0.0,99495.2,1970649.0,99492.6,1.45955,99632.6,99633.2,-2.0
70,Paper,Paper,2.0,USD,IDEALPRO,70.0,,,1.0,1.46063,20000.0,0.0,19.6,SLD,GBP,USD,20160519 11:57:08 EST,,21.6,99514.8,1999861.6,99514.8,1.45955,99654.8,99654.8,19.6
71,Paper,Paper,2.0,USD,IDEALPRO,71.0,,,1.0,1.46121,20000.0,20000.0,-2.0,BOT,GBP,USD,20160519 15:33:00 EST,,0.0,99512.8,1970637.4,99509.2,1.46121,99653.2,99654.8,-2.0
72,Paper,Paper,2.0,USD,IDEALPRO,72.0,,,1.0,1.46037,40000.0,-20000.0,-18.8,SLD,GBP,USD,20160519 16:35:03 EST,,-16.8,99494.0,1970637.4,99487.8,1.46037,99633.8,99638.0,-18.8
73,Paper,Paper,2.0,USD,IDEALPRO,73.0,,,1.0,1.46043,40000.0,20000.0,-3.19999999999,BOT,GBP,USD,20160519 18:10:15 EST,,-1.19999999999,99490.8,1970637.4,99486.8,1.46043,99634.8,99636.8,-3.19999999999
74,Paper,Paper,2.0,USD,IDEALPRO,74.0,,,1.0,1.45966,40000.0,-20000.0,-17.4,SLD,GBP,USD,20160519 21:06:10 EST,,-15.4,99473.4,1970637.4,99467.2,1.45966,99617.2,99621.4,-17.4
75,Paper,Paper,2.0,USD,IDEALPRO,75.0,,,1.0,1.45974,20000.0,0.0,-3.6,BOT,GBP,USD,20160519 21:31:34 EST,,-1.6,99469.8,1999832.2,99469.8,1.45966,99619.8,99619.8,-3.6
76,Paper,Paper,2.0,USD,IDEALPRO,76.0,,,1.0,1.45204,20000.0,20000.0,-2.0,BOT,GBP,USD,20160520 11:24:40 EST,,0.0,99467.8,1970791.4,99465.2,1.45204,99619.2,99619.8,-2.0
77,Paper,Paper,2.0,USD,IDEALPRO,77.0,,,1.0,1.44961,40000.0,-20000.0,-50.6,SLD,GBP,USD,20160520 15:06:08 EST,,-48.6,99417.2,1970791.4,99413.6,1.44961,99569.6,99571.2,-50.6
78,Paper,Paper,2.0,USD,IDEALPRO,78.0,,,1.0,1.4496,40000.0,20000.0,-1.8,BOT,GBP,USD,20160520 15:14:25 EST,,0.200000000001,99415.4,1970791.4,99412.0,1.4496,99570.0,99571.4,-1.8
79,Paper,Paper,2.0,USD,IDEALPRO,79.0,,,1.0,1.45129,20000.0,0.0,31.8,SLD,GBP,USD,20160520 17:59:57 EST,,33.8,99447.2,1999817.2,99447.2,1.4496,99605.2,99605.2,31.8
80,Paper,Paper,2.0,USD,IDEALPRO,80.0,,,1.0,1.45144,20000.0,20000.0,-2.0,BOT,GBP,USD,20160520 18:12:44 EST,,0.0,99445.2,1970788.4,99440.2,1.45144,99602.2,99605.2,-2.0
81,Paper,Paper,2.0,USD,IDEALPRO,81.0,,,1.0,1.44889,20000.0,0.0,-53.0,SLD,GBP,USD,20160522 19:56:55 EST,,-51.0,99392.2,1999766.2,99392.2,1.45144,99554.2,99554.2,-53.0
82,Paper,Paper,2.0,USD,IDEALPRO,82.0,,,1.0,1.46119,20000.0,20000.0,-2.0,BOT,GBP,USD,20160524 09:27:50 EST,,0.0,99390.2,1970542.4,99387.4,1.46119,99553.4,99554.2,-2.0
83,Paper,Paper,2.0,USD,IDEALPRO,83.0,,,1.0,1.46267,40000.0,-20000.0,27.6,SLD,GBP,USD,20160524 11:19:57 EST,,29.6,99417.8,1970542.4,99415.2,1.46267,99583.2,99583.8,27.6
84,Paper,Paper,2.0,USD,IDEALPRO,84.0,,,1.0,1.46245,40000.0,20000.0,2.4,BOT,GBP,USD,20160524 13:10:49 EST,,4.4,99420.2,1970542.4,99417.4,1.46245,99587.4,99588.2,2.4
85,Paper,Paper,2.0,USD,IDEALPRO,85.0,,,1.0,1.4615,40000.0,-20000.0,-21.0,SLD,GBP,USD,20160524 21:04:11 EST,,-19.0,99399.2,1970542.4,99395.6,1.4615,99567.6,99569.2,-21.0
86,Paper,Paper,2.0,USD,IDEALPRO,86.0,,,1.0,1.46262,40000.0,20000.0,-24.4,BOT,GBP,USD,20160525 05:48:05 EST,,-22.4,99374.8,1970542.4,99369.6,1.46262,99543.6,99546.8,-24.4
87,Paper,Paper,2.0,USD,IDEALPRO,87.0,,,1.0,1.46354,40000.0,-20000.0,16.4,SLD,GBP,USD,20160525 06:23:47 EST,,18.4,99391.2,1970542.4,99388.2,1.46354,99564.2,99565.2,16.4
88,Paper,Paper,2.0,USD,IDEALPRO,88.0,,,1.0,1.46876,40000.0,20000.0,-106.4,BOT,GBP,USD,20160525 08:25:03 EST,,-104.4,99284.8,1970542.4,99279.2,1.46876,99457.2,99460.8,-106.4
