permid,account,clientid,commission,commission_currency,exchange,execid,expiry,level_0,orderid,price,qty,openqty,realized_PnL,side,symbol,symbol_currency,times,yield_redemption_date,PurePL,balance,margin_available,mark_to_mkt,openprice,pure_mark_to_mkt,purebalance,real_pnl
1,Paper,Paper,21.6545,USD,BITCOIN,1.0,,,1.0,433.09,20.0,20.0,-21.6545,BOT,BTCUSD_coinbaseUSD,USD,20160416 07:01:08 EST,,0.0,99978.3455,1991338.2,99956.691,433.09,100000.0,100000.0,-21.6545
2,Paper,Paper,21.65,USD,BITCOIN,2.0,,,1.0,433.0,40.0,-20.0,-23.45,SLD,BTCUSD_coinbaseUSD,USD,20160416 07:49:42 EST,,-1.8,99954.8955,1991338.2,99933.2455,433.0,99998.2,99998.2,-23.45
3,Paper,Paper,21.629,USD,BITCOIN,3.0,,,1.0,432.58,40.0,20.0,-13.229,BOT,BTCUSD_coinbaseUSD,USD,20160416 08:14:54 EST,,8.4,99941.6665,1991338.2,99920.0375,432.58,100006.6,100006.6,-13.229
4,Paper,Paper,21.5535,USD,BITCOIN,4.0,,,1.0,431.07,40.0,-20.0,-51.7535,SLD,BTCUSD_coinbaseUSD,USD,20160416 08:52:45 EST,,-30.2,99889.913,1991338.2,99868.3595,431.07,99976.4,99976.4,-51.7535
5,Paper,Paper,21.5595,USD,BITCOIN,5.0,,,1.0,431.19,40.0,20.0,-23.9595,BOT,BTCUSD_coinbaseUSD,USD,20160416 09:03:49 EST,,-2.4,99865.9535,1991338.2,99844.394,431.19,99974.0,99974.0,-23.9595
6,Paper,Paper,21.5065,USD,BITCOIN,6.0,,,1.0,430.13,40.0,-20.0,-42.7065,SLD,BTCUSD_coinbaseUSD,USD,20160416 09:17:12 EST,,-21.2,99823.247,1991338.2,99801.7405,430.13,99952.8,99952.8,-42.7065
7,Paper,Paper,21.5385,USD,BITCOIN,7.0,,,1.0,430.77,40.0,20.0,-34.3385,BOT,BTCUSD_coinbaseUSD,USD,20160416 10:24:32 EST,,-12.8,99788.9085,1991338.2,99767.37,430.77,99940.0,99940.0,-34.3385
8,Paper,Paper,21.5715,USD,BITCOIN,8.0,,,1.0,431.43,40.0,-20.0,-8.3715,SLD,BTCUSD_coinbaseUSD,USD,20160416 11:14:04 EST,,13.2,99780.537,1991338.2,99758.9655,431.43,99953.2,99953.2,-8.3715
9,Paper,Paper,21.606,USD,BITCOIN,9.0,,,1.0,432.12,40.0,20.0,-35.406,BOT,BTCUSD_coinbaseUSD,USD,20160416 11:37:42 EST,,-13.8,99745.131,1991338.2,99723.525,432.12,99939.4,99939.4,-35.406
10,Paper,Paper,21.593,USD,BITCOIN,10.0,,,1.0,431.86,40.0,-20.0,-26.793,SLD,BTCUSD_coinbaseUSD,USD,20160416 11:50:43 EST,,-5.2,99718.338,1991338.2,99696.745,431.86,99934.2,99934.2,-26.793
11,Paper,Paper,21.591,USD,BITCOIN,11.0,,,1.0,431.82,40.0,20.0,-20.791,BOT,BTCUSD_coinbaseUSD,USD,20160416 12:03:22 EST,,0.8,99697.547,1991338.2,99675.956,431.82,99935.0,99935.0,-20.791
12,Paper,Paper,21.602,USD,BITCOIN,12.0,,,1.0,432.04,40.0,-20.0,-17.202,SLD,BTCUSD_coinbaseUSD,USD,20160416 13:03:35 EST,,4.4,99680.345,1991338.2,99658.743,432.04,99939.4,99939.4,-17.202
13,Paper,Paper,21.611,USD,BITCOIN,13.0,,,1.0,432.22,40.0,20.0,-25.211,BOT,BTCUSD_coinbaseUSD,USD,20160416 13:16:19 EST,,-3.6,99655.134,1991338.2,99633.523,432.22,99935.8,99935.8,-25.211
14,Paper,Paper,21.6175,USD,BITCOIN,14.0,,,1.0,432.35,40.0,-20.0,-19.0175,SLD,BTCUSD_coinbaseUSD,USD,20160416 13:27:55 EST,,2.6,99636.1165,1991338.2,99614.499,432.35,99938.4,99938.4,-19.0175
15,Paper,Paper,21.6005,USD,BITCOIN,15.0,,,1.0,432.01,40.0,20.0,-14.8005,BOT,BTCUSD_coinbaseUSD,USD,20160416 13:39:36 EST,,6.8,99621.316,1991338.2,99599.7155,432.01,99945.2,99945.2,-14.8005
16,Paper,Paper,21.61,USD,BITCOIN,16.0,,,1.0,432.2,40.0,-20.0,-17.81,SLD,BTCUSD_coinbaseUSD,USD,20160416 14:02:44 EST,,3.8,99603.506,1991338.2,99581.896,432.2,99949.0,99949.0,-17.81
17,Paper,Paper,21.6195,USD,BITCOIN,17.0,,,1.0,432.39,40.0,20.0,-25.4195,BOT,BTCUSD_coinbaseUSD,USD,20160416 14:15:32 EST,,-3.8,99578.0865,1991338.2,99556.467,432.39,99945.2,99945.2,-25.4195
18,Paper,Paper,21.6245,USD,BITCOIN,18.0,,,1.0,432.49,40.0,-20.0,-19.6245,SLD,BTCUSD_coinbaseUSD,USD,20160416 15:27:13 EST,,2.0,99558.462,1991338.2,99536.8375,432.49,99947.2,99947.2,-19.6245
19,Paper,Paper,21.6305,USD,BITCOIN,19.0,,,1.0,432.61,40.0,20.0,-24.0305,BOT,BTCUSD_coinbaseUSD,USD,20160416 15:48:28 EST,,-2.4,99534.4315,1991338.2,99512.801,432.61,99944.8,99944.8,-24.0305
20,Paper,Paper,21.6305,USD,BITCOIN,20.0,,,1.0,432.61,40.0,-20.0,-21.6305,SLD,BTCUSD_coinbaseUSD,USD,20160416 15:59:54 EST,,0.0,99512.801,1991338.2,99491.1705,432.61,99944.8,99944.8,-21.6305
21,Paper,Paper,21.632,USD,BITCOIN,21.0,,,1.0,432.64,40.0,20.0,-22.232,BOT,BTCUSD_coinbaseUSD,USD,20160416 16:09:57 EST,,-0.599999999999,99490.569,1991338.2,99468.937,432.64,99944.2,99944.2,-22.232
22,Paper,Paper,21.6695,USD,BITCOIN,22.0,,,1.0,433.39,40.0,-20.0,-6.6695,SLD,BTCUSD_coinbaseUSD,USD,20160416 17:21:48 EST,,15.0,99483.8995,1991338.2,99462.23,433.39,99959.2,99959.2,-6.6695
23,Paper,Paper,21.664,USD,BITCOIN,23.0,,,1.0,433.28,40.0,20.0,-19.464,BOT,BTCUSD_coinbaseUSD,USD,20160416 17:33:27 EST,,2.2,99464.4355,1991338.2,99442.7715,433.28,99961.4,99961.4,-19.464
24,Paper,Paper,21.676,USD,BITCOIN,24.0,,,1.0,433.52,40.0,-20.0,-16.876,SLD,BTCUSD_coinbaseUSD,USD,20160416 18:44:16 EST,,4.8,99447.5595,1991338.2,99425.8835,433.52,99966.2,99966.2,-16.876
25,Paper,Paper,21.674,USD,BITCOIN,25.0,,,1.0,433.48,40.0,20.0,-20.874,BOT,BTCUSD_coinbaseUSD,USD,20160416 18:55:35 EST,,0.799999999999,99426.6855,1991338.2,99405.0115,433.48,99967.0,99967.0,-20.874
26,Paper,Paper,21.684,USD,BITCOIN,26.0,,,1.0,433.68,40.0,-20.0,-17.684,SLD,BTCUSD_coinbaseUSD,USD,20160416 19:55:47 EST,,4.0,99409.0015,1991338.2,99387.3175,433.68,99971.0,99971.0,-17.684
27,Paper,Paper,21.689,USD,BITCOIN,27.0,,,1.0,433.78,40.0,20.0,-23.689,BOT,BTCUSD_coinbaseUSD,USD,20160416 20:07:52 EST,,-2.0,99385.3125,1991338.2,99363.6235,433.78,99969.0,99969.0,-23.689
28,Paper,Paper,21.6905,USD,BITCOIN,28.0,,,1.0,433.81,40.0,-20.0,-21.0905,SLD,BTCUSD_coinbaseUSD,USD,20160416 20:20:06 EST,,0.600000000001,99364.222,1991338.2,99342.5315,433.81,99969.6,99969.6,-21.0905
29,Paper,Paper,21.689,USD,BITCOIN,29.0,,,1.0,433.78,40.0,20.0,-21.089,BOT,BTCUSD_coinbaseUSD,USD,20160416 20:32:32 EST,,0.600000000001,99343.133,1991338.2,99321.444,433.78,99970.2,99970.2,-21.089
30,Paper,Paper,21.6775,USD,BITCOIN,30.0,,,1.0,433.55,20.0,0.0,-26.2775,SLD,BTCUSD_coinbaseUSD,USD,20160416 20:59:46 EST,,-4.6,99316.8555,2000009.2,99316.8555,433.78,99965.6,99965.6,-26.2775
31,Paper,Paper,21.6815,USD,BITCOIN,31.0,,,1.0,433.63,20.0,-20.0,-21.6815,SLD,BTCUSD_coinbaseUSD,USD,20160416 21:11:37 EST,,0.0,99295.174,1991336.6,99273.4925,433.63,99965.6,99965.6,-21.6815
32,Paper,Paper,21.691,USD,BITCOIN,32.0,,,1.0,433.82,40.0,20.0,-25.491,BOT,BTCUSD_coinbaseUSD,USD,20160416 21:24:32 EST,,-3.8,99269.683,1991336.6,99247.992,433.82,99961.8,99961.8,-25.491
33,Paper,Paper,21.694,USD,BITCOIN,33.0,,,1.0,433.88,40.0,-20.0,-20.494,SLD,BTCUSD_coinbaseUSD,USD,20160416 21:37:02 EST,,1.2,99249.189,1991336.6,99227.495,433.88,99963.0,99963.0,-20.494
34,Paper,Paper,21.6935,USD,BITCOIN,34.0,,,1.0,433.87,40.0,20.0,-21.4935,BOT,BTCUSD_coinbaseUSD,USD,20160416 21:50:21 EST,,0.2,99227.6955,1991336.6,99206.002,433.87,99963.2,99963.2,-21.4935
35,Paper,Paper,21.69,USD,BITCOIN,35.0,,,1.0,433.8,40.0,-20.0,-23.09,SLD,BTCUSD_coinbaseUSD,USD,20160416 23:18:27 EST,,-1.4,99204.6055,1991336.6,99182.9155,433.8,99961.8,99961.8,-23.09
36,Paper,Paper,21.695,USD,BITCOIN,36.0,,,1.0,433.9,40.0,20.0,-23.695,BOT,BTCUSD_coinbaseUSD,USD,20160416 23:42:31 EST,,-2.0,99180.9105,1991336.6,99159.2155,433.9,99959.8,99959.8,-23.695
37,Paper,Paper,21.689,USD,BITCOIN,37.0,,,1.0,433.78,40.0,-20.0,-24.089,SLD,BTCUSD_coinbaseUSD,USD,20160417 00:08:48 EST,,-2.4,99156.8215,1991336.6,99135.1325,433.78,99957.4,99957.4,-24.089
38,Paper,Paper,21.6875,USD,BITCOIN,38.0,,,1.0,433.75,40.0,20.0,-21.0875,BOT,BTCUSD_coinbaseUSD,USD,20160417 00:21:14 EST,,0.599999999999,99135.734,1991336.6,99114.0465,433.75,99958.0,99958.0,-21.0875
39,Paper,Paper,21.6845,USD,BITCOIN,39.0,,,1.0,433.69,40.0,-20.0,-22.8845,SLD,BTCUSD_coinbaseUSD,USD,20160417 00:59:43 EST,,-1.2,99112.8495,1991336.6,99091.165,433.69,99956.8,99956.8,-22.8845
40,Paper,Paper,21.6835,USD,BITCOIN,40.0,,,1.0,433.67,40.0,20.0,-21.2835,BOT,BTCUSD_coinbaseUSD,USD,20160417 01:51:29 EST,,0.4,99091.566,1991336.6,99069.8825,433.67,99957.2,99957.2,-21.2835
41,Paper,Paper,21.6945,USD,BITCOIN,41.0,,,1.0,433.89,40.0,-20.0,-17.2945,SLD,BTCUSD_coinbaseUSD,USD,20160417 02:26:33 EST,,4.4,99074.2715,1991336.6,99052.577,433.89,99961.6,99961.6,-17.2945
42,Paper,Paper,21.6995,USD,BITCOIN,42.0,,,1.0,433.99,40.0,20.0,-23.6995,BOT,BTCUSD_coinbaseUSD,USD,20160417 02:41:13 EST,,-2.0,99050.572,1991336.6,99028.8725,433.99,99959.6,99959.6,-23.6995
43,Paper,Paper,21.728,USD,BITCOIN,43.0,,,1.0,434.56,40.0,-20.0,-10.328,SLD,BTCUSD_coinbaseUSD,USD,20160417 04:01:54 EST,,11.4,99040.244,1991336.6,99018.516,434.56,99971.0,99971.0,-10.328
44,Paper,Paper,21.7345,USD,BITCOIN,44.0,,,1.0,434.69,40.0,20.0,-24.3345,BOT,BTCUSD_coinbaseUSD,USD,20160417 04:15:26 EST,,-2.6,99015.9095,1991336.6,98994.175,434.69,99968.4,99968.4,-24.3345
45,Paper,Paper,21.7355,USD,BITCOIN,45.0,,,1.0,434.71,40.0,-20.0,-21.3355,SLD,BTCUSD_coinbaseUSD,USD,20160417 05:33:58 EST,,0.4,98994.574,1991336.6,98972.8385,434.71,99968.8,99968.8,-21.3355
46,Paper,Paper,21.7045,USD,BITCOIN,46.0,,,1.0,434.09,20.0,0.0,-9.3045,BOT,BTCUSD_coinbaseUSD,USD,20160417 06:27:14 EST,,12.4,98985.2695,2000018.4,98985.2695,434.71,99981.2,99981.2,-9.3045
47,Paper,Paper,21.7175,USD,BITCOIN,47.0,,,1.0,434.35,20.0,-20.0,-21.7175,SLD,BTCUSD_coinbaseUSD,USD,20160417 06:40:59 EST,,0.0,98963.552,1991331.4,98941.8345,434.35,99981.2,99981.2,-21.7175
48,Paper,Paper,21.722,USD,BITCOIN,48.0,,,1.0,434.44,40.0,20.0,-23.522,BOT,BTCUSD_coinbaseUSD,USD,20160417 07:07:32 EST,,-1.8,98940.03,1991331.4,98918.308,434.44,99979.4,99979.4,-23.522
49,Paper,Paper,21.7295,USD,BITCOIN,49.0,,,1.0,434.59,40.0,-20.0,-18.7295,SLD,BTCUSD_coinbaseUSD,USD,20160417 07:21:00 EST,,3.0,98921.3005,1991331.4,98899.571,434.59,99982.4,99982.4,-18.7295
50,Paper,Paper,21.7075,USD,BITCOIN,50.0,,,1.0,434.15,40.0,20.0,-12.9075,BOT,BTCUSD_coinbaseUSD,USD,20160417 07:47:56 EST,,8.8,98908.393,1991331.4,98886.6855,434.15,99991.2,99991.2,-12.9075
51,Paper,Paper,21.7405,USD,BITCOIN,51.0,,,1.0,434.81,40.0,-20.0,-8.5405,SLD,BTCUSD_coinbaseUSD,USD,20160417 08:01:48 EST,,13.2,98899.8525,1991331.4,98878.112,434.81,100004.4,100004.4,-8.5405
52,Paper,Paper,21.725,USD,BITCOIN,52.0,,,1.0,434.5,40.0,20.0,-15.525,BOT,BTCUSD_coinbaseUSD,USD,20160417 08:13:44 EST,,6.2,98884.3275,1991331.4,98862.6025,434.5,100010.6,100010.6,-15.525
53,Paper,Paper,21.721,USD,BITCOIN,53.0,,,1.0,434.42,40.0,-20.0,-23.321,SLD,BTCUSD_coinbaseUSD,USD,20160417 08:27:09 EST,,-1.6,98861.0065,1991331.4,98839.2855,434.42,100009.0,100009.0,-23.321
54,Paper,Paper,21.6815,USD,BITCOIN,54.0,,,1.0,433.63,40.0,20.0,-5.8815,BOT,BTCUSD_coinbaseUSD,USD,20160417 08:40:17 EST,,15.8,98855.125,1991331.4,98833.4435,433.63,100024.8,100024.8,-5.8815
55,Paper,Paper,21.531,USD,BITCOIN,55.0,,,1.0,430.62,40.0,-20.0,-81.731,SLD,BTCUSD_coinbaseUSD,USD,20160417 10:04:16 EST,,-60.2,98773.394,1991331.4,98751.863,430.62,99964.6,99964.6,-81.731
56,Paper,Paper,21.6,USD,BITCOIN,56.0,,,1.0,432.0,40.0,20.0,-49.2,BOT,BTCUSD_coinbaseUSD,USD,20160417 10:44:32 EST,,-27.6,98724.194,1991331.4,98702.594,432.0,99937.0,99937.0,-49.2
57,Paper,Paper,21.591,USD,BITCOIN,57.0,,,1.0,431.82,40.0,-20.0,-25.191,SLD,BTCUSD_coinbaseUSD,USD,20160417 10:59:00 EST,,-3.6,98699.003,1991331.4,98677.412,431.82,99933.4,99933.4,-25.191
58,Paper,Paper,21.572,USD,BITCOIN,58.0,,,1.0,431.44,40.0,20.0,-13.972,BOT,BTCUSD_coinbaseUSD,USD,20160417 11:35:54 EST,,7.6,98685.031,1991331.4,98663.459,431.44,99941.0,99941.0,-13.972
59,Paper,Paper,21.5715,USD,BITCOIN,59.0,,,1.0,431.43,40.0,-20.0,-21.7715,SLD,BTCUSD_coinbaseUSD,USD,20160417 11:50:08 EST,,-0.2,98663.2595,1991331.4,98641.688,431.43,99940.8,99940.8,-21.7715
60,Paper,Paper,21.5695,USD,BITCOIN,60.0,,,1.0,431.39,40.0,20.0,-20.7695,BOT,BTCUSD_coinbaseUSD,USD,20160417 12:32:48 EST,,0.8,98642.49,1991331.4,98620.9205,431.39,99941.6,99941.6,-20.7695
61,Paper,Paper,21.5635,USD,BITCOIN,61.0,,,1.0,431.27,40.0,-20.0,-23.9635,SLD,BTCUSD_coinbaseUSD,USD,20160417 13:39:31 EST,,-2.4,98618.5265,1991331.4,98596.963,431.27,99939.2,99939.2,-23.9635
62,Paper,Paper,21.5345,USD,BITCOIN,62.0,,,1.0,430.69,40.0,20.0,-9.9345,BOT,BTCUSD_coinbaseUSD,USD,20160417 14:33:56 EST,,11.6,98608.592,1991331.4,98587.0575,430.69,99950.8,99950.8,-9.9345
63,Paper,Paper,21.562,USD,BITCOIN,63.0,,,1.0,431.24,40.0,-20.0,-10.562,SLD,BTCUSD_coinbaseUSD,USD,20160417 15:28:11 EST,,11.0,98598.03,1991331.4,98576.468,431.24,99961.8,99961.8,-10.562
64,Paper,Paper,21.5615,USD,BITCOIN,64.0,,,1.0,431.23,40.0,20.0,-21.3615,BOT,BTCUSD_coinbaseUSD,USD,20160417 15:40:14 EST,,0.2,98576.6685,1991331.4,98555.107,431.23,99962.0,99962.0,-21.3615
65,Paper,Paper,21.5715,USD,BITCOIN,65.0,,,1.0,431.43,40.0,-20.0,-17.5715,SLD,BTCUSD_coinbaseUSD,USD,20160417 16:08:01 EST,,4.0,98559.097,1991331.4,98537.5255,431.43,99966.0,99966.0,-17.5715
66,Paper,Paper,21.577,USD,BITCOIN,66.0,,,1.0,431.54,40.0,20.0,-23.777,BOT,BTCUSD_coinbaseUSD,USD,20160417 16:48:57 EST,,-2.2,98535.32,1991331.4,98513.743,431.54,99963.8,99963.8,-23.777
67,Paper,Paper,21.4655,USD,BITCOIN,67.0,,,1.0,429.31,40.0,-20.0,-66.0655,SLD,BTCUSD_coinbaseUSD,USD,20160417 18:40:12 EST,,-44.6,98469.2545,1991331.4,98447.789,429.31,99919.2,99919.2,-66.0655
