permid,account,clientid,commission,commission_currency,exchange,execid,expiry,level_0,orderid,price,qty,openqty,realized_PnL,side,symbol,symbol_currency,times,yield_redemption_date,PurePL,balance,margin_available,mark_to_mkt,openprice,pure_mark_to_mkt,purebalance,real_pnl
1,Paper,Paper,2.0,USD,IDEALPRO,1.0,,,1.0,1.25346,20000.0,-20000.0,-2.0,SLD,USD,CAD,20160502 10:01:09 EST,,0.0,99998.0,1980237.94964,99990.79722,1.25346,99994.79722,100000.0,-2.0
2,Paper,Paper,2.0,USD,IDEALPRO,2.0,,,1.0,1.25409,40000.0,20000.0,-11.93258,BOT,USD,CAD,20160502 10:16:00 EST,,-9.93258,99986.06742,1980237.94964,99989.11254,1.25409,99995.11254,99990.06742,-11.93258
3,Paper,Paper,2.0,USD,IDEALPRO,3.0,,,1.0,1.25545,20000.0,0.0,19.44176,SLD,USD,CAD,20160502 10:31:43 EST,,21.44176,100005.50918,2000031.37434,100005.50918,1.25409,100011.50918,100011.50918,19.44176
4,Paper,Paper,2.0,USD,IDEALPRO,4.0,,,1.0,1.25414,20000.0,20000.0,-2.0,BOT,USD,CAD,20160502 12:09:15 EST,,0.0,100003.50918,1980258.6031,100001.50918,1.25414,100011.50918,100011.50918,-2.0
5,Paper,Paper,2.0,USD,IDEALPRO,5.0,,,1.0,1.25449,20000.0,0.0,3.5181,SLD,USD,CAD,20160502 12:25:34 EST,,5.5181,100007.02728,2000036.89244,100007.02728,1.25414,100017.02728,100017.02728,3.5181
6,Paper,Paper,2.0,USD,IDEALPRO,6.0,,,1.0,1.29058,20000.0,-20000.0,-2.0,SLD,USD,CAD,20160511 10:06:38 EST,,0.0,100005.02728,1979689.60816,99999.55876,1.29058,100013.55876,100017.02728,-2.0
7,Paper,Paper,2.0,USD,IDEALPRO,7.0,,,1.0,1.28788,20000.0,0.0,40.5682,BOT,USD,CAD,20160511 10:39:47 EST,,42.5682,100045.59548,1999994.32424,100045.59548,1.29058,100059.59548,100059.59548,40.5682
8,Paper,Paper,2.0,USD,IDEALPRO,8.0,,,1.0,1.28381,20000.0,-20000.0,-2.0,SLD,USD,CAD,20160511 12:08:03 EST,,0.0,100043.59548,1979753.77578,100038.12696,1.28381,100056.12696,100059.59548,-2.0
9,Paper,Paper,2.0,USD,IDEALPRO,9.0,,,1.0,1.2841,20000.0,0.0,-6.57214,BOT,USD,CAD,20160511 14:35:39 EST,,-4.57214,100037.02334,1999998.89638,100037.02334,1.28381,100055.02334,100055.02334,-6.57214
10,Paper,Paper,2.0,USD,IDEALPRO,10.0,,,1.0,1.28447,20000.0,-20000.0,-2.0,SLD,USD,CAD,20160511 16:28:43 EST,,0.0,100035.02334,1979747.94236,100029.71248,1.28447,100051.71248,100055.02334,-2.0
11,Paper,Paper,2.0,USD,IDEALPRO,11.0,,,1.0,1.28568,20000.0,0.0,-21.07686,BOT,USD,CAD,20160511 22:04:34 EST,,-19.07686,100013.94648,2000017.97324,100013.94648,1.28447,100035.94648,100035.94648,-21.07686
12,Paper,Paper,2.0,USD,IDEALPRO,12.0,,,1.0,1.28557,20000.0,-20000.0,-2.0,SLD,USD,CAD,20160511 22:56:02 EST,,0.0,100011.94648,1979749.67662,100003.00944,1.28557,100029.00944,100035.94648,-2.0
13,Paper,Paper,2.0,USD,IDEALPRO,13.0,,,1.0,1.28648,20000.0,0.0,-16.34706,BOT,USD,CAD,20160512 03:40:53 EST,,-14.34706,99995.59942,2000032.3203,99995.59942,1.28557,100021.59942,100021.59942,-16.34706
14,Paper,Paper,2.0,USD,IDEALPRO,14.0,,,1.0,1.28281,20000.0,-20000.0,-2.0,SLD,USD,CAD,20160512 05:14:12 EST,,0.0,99993.59942,1979807.53784,99988.28856,1.28281,100018.28856,100021.59942,-2.0
15,Paper,Paper,2.0,USD,IDEALPRO,15.0,,,1.0,1.28437,20000.0,0.0,-26.59496,BOT,USD,CAD,20160512 05:32:52 EST,,-24.59496,99967.00446,2000056.91526,99967.00446,1.28281,99997.00446,99997.00446,-26.59496
16,Paper,Paper,2.0,USD,IDEALPRO,16.0,,,1.0,1.28274,20000.0,0.0,15.65792,BOT,USD,CAD,20160512 14:33:02 EST,,17.65792,99982.66238,2020280.5941,99982.66238,1.28386,100014.66238,100014.66238,15.65792
17,Paper,Paper,2.0,USD,IDEALPRO,17.0,,,1.0,1.28165,20000.0,-20000.0,-2.0,SLD,USD,CAD,20160512 14:51:08 EST,,0.0,99980.66238,2000074.1002,99975.50918,1.28165,100011.50918,100014.66238,-2.0
18,Paper,Paper,2.0,USD,IDEALPRO,18.0,,,1.0,1.2839,20000.0,0.0,-37.4735,BOT,USD,CAD,20160512 15:37:57 EST,,-35.4735,99943.18888,2020316.0676,99943.18888,1.28165,99979.18888,99979.18888,-37.4735
19,Paper,Paper,2.0,USD,IDEALPRO,19.0,,,1.0,1.28334,20000.0,-20000.0,-2.0,SLD,USD,CAD,20160512 15:55:27 EST,,0.0,99941.18888,2000082.92916,99935.24738,1.28334,99975.24738,99979.18888,-2.0
20,Paper,Paper,2.0,USD,IDEALPRO,20.0,,,1.0,1.28476,20000.0,0.0,-24.38772,BOT,USD,CAD,20160512 17:00:36 EST,,-22.38772,99916.80116,2020338.45532,99916.80116,1.28334,99956.80116,99956.80116,-24.38772
21,Paper,Paper,2.0,USD,IDEALPRO,21.0,,,1.0,1.28502,20000.0,-20000.0,-2.0,SLD,USD,CAD,20160512 23:44:55 EST,,0.0,99914.80116,2000078.83,99909.4903,1.28502,99953.4903,99956.80116,-2.0
22,Paper,Paper,2.0,USD,IDEALPRO,22.0,,,1.0,1.28501,20000.0,0.0,-1.84234,BOT,USD,CAD,20160513 00:41:32 EST,,0.157660000001,99912.95882,2020338.29766,99912.95882,1.28502,99956.95882,99956.95882,-1.84234
23,Paper,Paper,2.0,USD,IDEALPRO,23.0,,,1.0,1.28802,20000.0,-20000.0,-2.0,SLD,USD,CAD,20160513 03:06:45 EST,,0.0,99910.95882,2000031.37434,99906.75158,1.28802,99954.75158,99956.95882,-2.0
24,Paper,Paper,2.0,USD,IDEALPRO,24.0,,,1.0,1.288,20000.0,0.0,-1.68468,BOT,USD,CAD,20160513 03:08:51 EST,,0.315320000002,99909.27414,2020337.98234,99909.27414,1.28802,99957.27414,99957.27414,-1.68468
25,Paper,Paper,2.0,USD,IDEALPRO,25.0,,,1.0,1.28745,20000.0,-20000.0,-2.0,SLD,USD,CAD,20160513 03:20:41 EST,,0.0,99907.27414,2000040.04564,99901.64796,1.28745,99953.64796,99957.27414,-2.0
26,Paper,Paper,2.0,USD,IDEALPRO,26.0,,,1.0,1.286,20000.0,0.0,20.8607,BOT,USD,CAD,20160513 05:14:09 EST,,22.8607,99928.13484,2020315.12164,99928.13484,1.28745,99980.13484,99980.13484,20.8607
27,Paper,Paper,2.0,USD,IDEALPRO,27.0,,,1.0,1.2861,20000.0,-20000.0,-2.0,SLD,USD,CAD,20160513 07:24:33 EST,,0.0,99926.13484,2000038.46904,99920.50866,1.2861,99976.50866,99980.13484,-2.0
28,Paper,Paper,2.0,USD,IDEALPRO,28.0,,,1.0,1.28916,20000.0,0.0,-50.24396,BOT,USD,CAD,20160513 09:15:19 EST,,-48.24396,99875.89088,2020363.3656,99875.89088,1.2861,99931.89088,99931.89088,-50.24396
29,Paper,Paper,2.0,USD,IDEALPRO,29.0,,,1.0,1.29369,20000.0,-20000.0,-2.0,SLD,USD,CAD,20160513 11:03:58 EST,,0.0,99873.89088,1999967.04906,99870.15662,1.29369,99930.15662,99931.89088,-2.0
30,Paper,Paper,2.0,USD,IDEALPRO,30.0,,,1.0,1.29251,20000.0,0.0,16.60388,BOT,USD,CAD,20160513 13:18:36 EST,,18.60388,99890.49476,2020344.76172,99890.49476,1.29369,99950.49476,99950.49476,16.60388
31,Paper,Paper,2.0,USD,IDEALPRO,31.0,,,1.0,1.29604,20000.0,20000.0,-2.0,BOT,USD,CAD,20160515 20:15:04 EST,,0.0,99888.49476,1999911.39508,99883.1839,1.29604,99947.1839,99950.49476,-2.0
32,Paper,Paper,2.0,USD,IDEALPRO,32.0,,,1.0,1.2957,20000.0,0.0,-7.36044,SLD,USD,CAD,20160515 21:04:47 EST,,-5.36044,99881.13432,2020339.40128,99881.13432,1.29604,99945.13432,99945.13432,-7.36044
33,Paper,Paper,2.0,USD,IDEALPRO,33.0,,,1.0,1.29325,20000.0,20000.0,-2.0,BOT,USD,CAD,20160515 23:55:13 EST,,0.0,99879.13432,1999950.02178,99873.35048,1.29325,99941.35048,99945.13432,-2.0
34,Paper,Paper,2.0,USD,IDEALPRO,34.0,,,1.0,1.2936,20000.0,0.0,3.5181,SLD,USD,CAD,20160516 01:33:35 EST,,5.5181,99882.65242,2020344.91938,99882.65242,1.29325,99950.65242,99950.65242,3.5181
35,Paper,Paper,2.0,USD,IDEALPRO,35.0,,,1.0,1.29192,20000.0,20000.0,-2.0,BOT,USD,CAD,20160516 05:14:39 EST,,0.0,99880.65242,1999976.50866,99878.17944,1.29192,99950.17944,99950.65242,-2.0
36,Paper,Paper,2.0,USD,IDEALPRO,36.0,,,1.0,1.29168,40000.0,-20000.0,-5.78384,SLD,USD,CAD,20160516 06:01:47 EST,,-3.78384,99874.86858,1999976.50866,99871.76496,1.29168,99945.76496,99946.86858,-5.78384
37,Paper,Paper,2.0,USD,IDEALPRO,37.0,,,1.0,1.29169,20000.0,0.0,-2.15766,BOT,USD,CAD,20160516 08:11:15 EST,,-0.157660000001,99872.71092,2020341.2932,99872.71092,1.29168,99946.71092,99946.71092,-2.15766
38,Paper,Paper,2.0,USD,IDEALPRO,38.0,,,1.0,1.30861,20000.0,20000.0,-2.0,BOT,USD,CAD,20160519 22:49:14 EST,,0.0,99870.71092,1999709.74794,99867.44964,1.30861,99945.44964,99946.71092,-2.0
39,Paper,Paper,2.0,USD,IDEALPRO,39.0,,,1.0,1.30866,20000.0,0.0,-1.2117,SLD,USD,CAD,20160519 23:05:42 EST,,0.788299999998,99869.49922,2020342.0815,99869.49922,1.30861,99947.49922,99947.49922,-1.2117
40,Paper,Paper,2.0,USD,IDEALPRO,40.0,,,1.0,1.31019,20000.0,20000.0,-2.0,BOT,USD,CAD,20160520 08:20:52 EST,,0.0,99867.49922,1999685.62596,99865.1839,1.31019,99947.1839,99947.49922,-2.0
41,Paper,Paper,2.0,USD,IDEALPRO,41.0,,,1.0,1.30954,20000.0,0.0,-12.2479,SLD,USD,CAD,20160520 09:32:30 EST,,-10.2479,99855.25132,2020331.8336,99855.25132,1.31019,99937.25132,99937.25132,-12.2479
42,Paper,Paper,2.0,USD,IDEALPRO,42.0,,,1.0,1.31275,20000.0,20000.0,-2.0,BOT,USD,CAD,20160520 11:16:14 EST,,0.0,99853.25132,1999635.0171,99850.46302,1.31275,99936.46302,99937.25132,-2.0
43,Paper,Paper,2.0,USD,IDEALPRO,43.0,,,1.0,1.3122,40000.0,-20000.0,-10.6713,SLD,USD,CAD,20160520 11:39:22 EST,,-8.6713,99842.58002,1999635.0171,99840.2647,1.3122,99928.2647,99928.58002,-10.6713
44,Paper,Paper,2.0,USD,IDEALPRO,44.0,,,1.0,1.31274,40000.0,20000.0,-10.51364,BOT,USD,CAD,20160520 13:20:47 EST,,-8.51364,99832.06638,1999635.0171,99829.43574,1.31274,99919.43574,99920.06638,-10.51364
45,Paper,Paper,2.0,USD,IDEALPRO,45.0,,,1.0,1.31347,20000.0,0.0,9.50918,SLD,USD,CAD,20160520 15:06:10 EST,,11.50918,99841.57556,2020343.18512,99841.57556,1.31274,99931.57556,99931.57556,9.50918
46,Paper,Paper,2.0,USD,IDEALPRO,46.0,,,1.0,1.31257,20000.0,20000.0,-2.0,BOT,USD,CAD,20160522 19:56:57 EST,,0.0,99839.57556,1999649.2065,99836.15662,1.31257,99930.15662,99931.57556,-2.0
47,Paper,Paper,2.0,USD,IDEALPRO,47.0,,,1.0,1.31022,20000.0,0.0,-39.0501,SLD,USD,CAD,20160523 00:33:45 EST,,-37.0501,99800.52546,2020306.13502,99800.52546,1.31257,99894.52546,99894.52546,-39.0501
48,Paper,Paper,2.0,USD,IDEALPRO,48.0,,,1.0,1.3119,20000.0,20000.0,-2.0,BOT,USD,CAD,20160525 05:53:33 EST,,0.0,99798.52546,1999622.71962,99795.73716,1.3119,99893.73716,99894.52546,-2.0
49,Paper,Paper,2.0,USD,IDEALPRO,49.0,,,1.0,1.31228,20000.0,0.0,3.99108,SLD,USD,CAD,20160525 06:23:51 EST,,5.99108,99802.51654,2020312.1261,99802.51654,1.3119,99900.51654,99900.51654,3.99108
50,Paper,Paper,2.0,USD,IDEALPRO,50.0,,,1.0,1.29376,20000.0,20000.0,-2.0,BOT,USD,CAD,20160526 08:47:43 EST,,0.0,99800.51654,1999914.70594,99797.57058,1.29376,99899.57058,99900.51654,-2.0
51,Paper,Paper,2.0,USD,IDEALPRO,51.0,,,1.0,1.29803,20000.0,0.0,65.32082,SLD,USD,CAD,20160526 13:19:42 EST,,67.32082,99865.83736,2020379.44692,99865.83736,1.29376,99967.83736,99967.83736,65.32082
52,Paper,Paper,2.0,USD,IDEALPRO,52.0,,,1.0,1.2969,20000.0,20000.0,-2.0,BOT,USD,CAD,20160526 16:16:49 EST,,0.0,99863.83736,1999932.52152,99861.52204,1.2969,99967.52204,99967.83736,-2.0
53,Paper,Paper,2.0,USD,IDEALPRO,53.0,,,1.0,1.29768,20000.0,0.0,10.29748,SLD,USD,CAD,20160526 17:23:52 EST,,12.29748,99874.13484,2020391.7444,99874.13484,1.2969,99980.13484,99980.13484,10.29748
54,Paper,Paper,2.0,USD,IDEALPRO,54.0,,,1.0,1.29796,20000.0,20000.0,-2.0,BOT,USD,CAD,20160526 20:28:32 EST,,0.0,99872.13484,1999928.10704,99868.87356,1.29796,99978.87356,99980.13484,-2.0
55,Paper,Paper,2.0,USD,IDEALPRO,55.0,,,1.0,1.29772,20000.0,0.0,-5.78384,SLD,USD,CAD,20160526 20:42:48 EST,,-3.78384,99866.351,2020387.96056,99866.351,1.29796,99976.351,99976.351,-5.78384
56,Paper,Paper,2.0,USD,IDEALPRO,56.0,,,1.0,1.29748,20000.0,-20000.0,-2.0,SLD,USD,CAD,20160526 21:04:50 EST,,0.0,99864.351,1999931.89088,99861.24738,1.29748,99975.24738,99976.351,-2.0
57,Paper,Paper,2.0,USD,IDEALPRO,57.0,,,1.0,1.29847,20000.0,0.0,-17.60834,BOT,USD,CAD,20160526 21:40:54 EST,,-15.60834,99846.74266,2020403.5689,99846.74266,1.29748,99960.74266,99960.74266,-17.60834
58,Paper,Paper,2.0,USD,IDEALPRO,58.0,,,1.0,1.29893,20000.0,-20000.0,-2.0,SLD,USD,CAD,20160526 23:29:57 EST,,0.0,99844.74266,1999924.63852,99838.95882,1.29893,99956.95882,99960.74266,-2.0
59,Paper,Paper,2.0,USD,IDEALPRO,59.0,,,1.0,1.30433,40000.0,20000.0,-87.1364,BOT,USD,CAD,20160527 05:02:01 EST,,-85.1364,99757.60626,1999924.63852,99754.34498,1.30433,99874.34498,99875.60626,-87.1364
60,Paper,Paper,2.0,USD,IDEALPRO,60.0,,,1.0,1.3043,20000.0,0.0,-2.47298,SLD,USD,CAD,20160527 05:12:08 EST,,-0.47298,99755.13328,2020488.23232,99755.13328,1.30433,99875.13328,99875.13328,-2.47298
61,Paper,Paper,2.0,USD,IDEALPRO,61.0,,,1.0,1.30452,20000.0,20000.0,-2.0,BOT,USD,CAD,20160527 06:24:06 EST,,0.0,99753.13328,1999921.17,99750.97562,1.30452,99874.97562,99875.13328,-2.0
62,Paper,Paper,2.0,USD,IDEALPRO,62.0,,,1.0,1.30364,20000.0,0.0,-15.87408,SLD,USD,CAD,20160527 08:15:52 EST,,-13.87408,99737.2592,2020474.35824,99737.2592,1.30452,99861.2592,99861.2592,-15.87408
63,Paper,Paper,2.0,USD,IDEALPRO,63.0,,,1.0,1.30536,20000.0,20000.0,-2.0,BOT,USD,CAD,20160527 09:39:42 EST,,0.0,99735.2592,1999894.05248,99732.62856,1.30536,99860.62856,99861.2592,-2.0
64,Paper,Paper,2.0,USD,IDEALPRO,64.0,,,1.0,1.30042,40000.0,-20000.0,-79.88404,SLD,USD,CAD,20160527 12:08:41 EST,,-77.88404,99655.37516,1999894.05248,99652.74452,1.30042,99782.74452,99783.37516,-79.88404
65,Paper,Paper,2.0,USD,IDEALPRO,65.0,,,1.0,1.30371,40000.0,20000.0,-53.87014,BOT,USD,CAD,20160527 13:40:31 EST,,-51.87014,99601.50502,1999894.05248,99598.4014,1.30371,99730.4014,99731.50502,-53.87014
66,Paper,Paper,2.0,USD,IDEALPRO,66.0,,,1.0,1.30414,20000.0,0.0,4.77938,SLD,USD,CAD,20160527 16:13:43 EST,,6.77938,99606.2844,2020455.12372,99606.2844,1.30371,99738.2844,99738.2844,4.77938
67,Paper,Paper,2.0,USD,IDEALPRO,67.0,,,1.0,1.30711,20000.0,20000.0,-2.0,BOT,USD,CAD,20160530 10:13:23 EST,,0.0,99604.2844,1999847.22746,99600.7078,1.30711,99736.7078,99738.2844,-2.0
68,Paper,Paper,2.0,USD,IDEALPRO,68.0,,,1.0,1.30525,20000.0,0.0,-31.32476,SLD,USD,CAD,20160530 15:03:44 EST,,-29.32476,99572.95964,2020425.79896,99572.95964,1.30711,99708.95964,99708.95964,-31.32476
69,Paper,Paper,2.0,USD,IDEALPRO,69.0,,,1.0,1.30469,20000.0,-20000.0,-2.0,SLD,USD,CAD,20160530 17:12:06 EST,,0.0,99570.95964,1999856.05642,99563.75686,1.30469,99703.75686,99708.95964,-2.0
70,Paper,Paper,2.0,USD,IDEALPRO,70.0,,,1.0,1.31323,40000.0,20000.0,-136.64164,BOT,USD,CAD,20160531 14:43:37 EST,,-134.64164,99434.318,1999856.05642,99432.00268,1.31323,99574.00268,99574.318,-136.64164
71,Paper,Paper,2.0,USD,IDEALPRO,71.0,,,1.0,1.3082,40000.0,-20000.0,-81.30298,SLD,USD,CAD,20160531 18:56:19 EST,,-79.30298,99353.01502,1999856.05642,99349.59608,1.3082,99493.59608,99495.01502,-81.30298
72,Paper,Paper,2.0,USD,IDEALPRO,72.0,,,1.0,1.30719,40000.0,20000.0,13.92366,BOT,USD,CAD,20160531 21:21:02 EST,,15.92366,99366.93868,1999856.05642,99361.94314,1.30719,99507.94314,99510.93868,13.92366
73,Paper,Paper,2.0,USD,IDEALPRO,73.0,,,1.0,1.30919,20000.0,0.0,29.532,SLD,USD,CAD,20160601 05:20:00 EST,,31.532,99396.47068,2020496.74596,99396.47068,1.30719,99542.47068,99542.47068,29.532
74,Paper,Paper,2.0,USD,IDEALPRO,74.0,,,1.0,1.30526,20000.0,20000.0,-2.0,BOT,USD,CAD,20160601 08:07:03 EST,,0.0,99394.47068,1999918.0168,99388.8445,1.30526,99538.8445,99542.47068,-2.0
75,Paper,Paper,2.0,USD,IDEALPRO,75.0,,,1.0,1.30495,20000.0,0.0,-6.88746,SLD,USD,CAD,20160601 08:23:51 EST,,-4.88746,99387.58322,2020491.8585,99387.58322,1.30526,99537.58322,99537.58322,-6.88746
76,Paper,Paper,2.0,USD,IDEALPRO,76.0,,,1.0,1.3103,20000.0,20000.0,-2.0,BOT,USD,CAD,20160601 09:43:09 EST,,0.0,99385.58322,1999833.6687,99383.2679,1.3103,99537.2679,99537.58322,-2.0
77,Paper,Paper,2.0,USD,IDEALPRO,77.0,,,1.0,1.30792,20000.0,0.0,-39.52308,SLD,USD,CAD,20160601 19:10:59 EST,,-37.52308,99346.06014,2020454.33542,99346.06014,1.3103,99500.06014,99500.06014,-39.52308
78,Paper,Paper,2.0,USD,IDEALPRO,78.0,,,1.0,1.30796,20000.0,-20000.0,-2.0,SLD,USD,CAD,20160601 19:14:00 EST,,0.0,99344.06014,1999833.03806,99340.32588,1.30796,99498.32588,99500.06014,-2.0
79,Paper,Paper,2.0,USD,IDEALPRO,79.0,,,1.0,1.30762,40000.0,20000.0,3.36044,BOT,USD,CAD,20160601 23:48:56 EST,,5.36044,99347.42058,1999833.03806,99344.1593,1.30762,99504.1593,99505.42058,3.36044
