permid,account,clientid,commission,commission_currency,exchange,execid,expiry,level_0,orderid,price,qty,openqty,realized_PnL,side,symbol,symbol_currency,times,yield_redemption_date,balance,margin_available,openprice
1,Paper,Paper,2.0,USD,IDEALPRO,1.0,,,1.0,125.542,10000.0,-10000.0,-2.0,SLD,EUR,JPY,20160318 06:23:52 EST,,9998.0,18952.304,125.542
2,Paper,Paper,2.0,USD,IDEALPRO,2.0,,,1.0,1.1273,10000.0,-10000.0,-2.0,SLD,EUR,USD,20160318 06:23:53 EST,,9996.0,7679.304,1.1273
3,Paper,Paper,2.0,USD,IDEALPRO,3.0,,,1.0,1.44391,10000.0,-10000.0,-2.0,SLD,GBP,USD,20160318 06:23:53 EST,,9994.0,-6759.796,1.44391
4,Paper,Paper,2.0,USD,IDEALPRO,4.0,,,1.0,111.363,10000.0,-10000.0,-2.0,SLD,USD,JPY,20160318 06:23:53 EST,,9992.0,-16559.74,111.363
5,Paper,Paper,2.0,USD,IDEALPRO,5.0,,,1.0,1.30089,10000.0,10000.0,-2.0,BOT,USD,CAD,20160318 06:23:53 EST,,9990.0,-26282.59186,1.30089
6,Paper,Paper,2.0,USD,IDEALPRO,6.0,,,1.0,0.76338,10000.0,10000.0,-2.0,BOT,AUD,USD,20160318 07:13:33 EST,,9988.0,-33916.39186,0.76338
7,Paper,Paper,2.0,USD,IDEALPRO,7.0,,,1.0,1.44476,60000.0,50000.0,-10.5,BOT,GBP,USD,20160318 07:13:55 EST,,9977.5,-19468.79186,1.44391
8,Paper,Paper,2.0,USD,IDEALPRO,8.0,,,1.0,125.677,60000.0,50000.0,-13.88,BOT,EUR,JPY,20160318 07:17:01 EST,,9963.62,-8409.21586,125.542
9,Paper,Paper,2.0,USD,IDEALPRO,9.0,,,1.0,1.12789,20000.0,10000.0,-7.9,BOT,EUR,USD,20160318 07:17:45 EST,,9955.72,2869.68414,1.1273
10,Paper,Paper,2.0,USD,IDEALPRO,10.0,,,1.0,1.29972,60000.0,-50000.0,-10.74458,SLD,USD,CAD,20160318 07:27:40 EST,,9944.97542,12583.79142,1.30089
11,Paper,Paper,2.0,USD,IDEALPRO,11.0,,,1.0,111.402,20000.0,10000.0,-5.432,BOT,USD,JPY,20160318 07:40:17 EST,,9939.54342,22387.16742,111.363
12,Paper,Paper,2.0,USD,IDEALPRO,12.0,,,1.0,1.44881,40000.0,10000.0,194.0,SLD,GBP,USD,20160318 08:44:37 EST,,10133.54342,80339.56742,1.44391
13,Paper,Paper,2.0,USD,IDEALPRO,13.0,,,1.0,0.76336,10000.0,0.0,-2.2,SLD,AUD,USD,20160318 08:49:40 EST,,10131.34342,87973.16742,0.76338
14,Paper,Paper,2.0,USD,IDEALPRO,14.0,,,1.0,0.96761,10000.0,-10000.0,-2.0,SLD,USD,CHF,20160318 09:05:16 EST,,10129.34342,78179.019,0.96761
15,Paper,Paper,2.0,USD,IDEALPRO,15.0,,,1.0,111.516,20000.0,-10000.0,11.464,SLD,USD,JPY,20160318 09:07:51 EST,,10140.80742,87992.427,111.363
16,Paper,Paper,2.0,USD,IDEALPRO,16.0,,,1.0,1.29657,40000.0,-10000.0,127.15072,BOT,USD,CAD,20160318 09:09:11 EST,,10267.95814,126754.68372,1.30089
17,Paper,Paper,2.0,USD,IDEALPRO,17.0,,,1.0,1.29499,20000.0,10000.0,42.0966,BOT,USD,CAD,20160318 10:13:19 EST,,10310.05474,136433.43898,1.30089
18,Paper,Paper,2.0,USD,IDEALPRO,18.0,,,1.0,0.96711,10000.0,-0.0,3.061,BOT,USD,CHF,20160318 10:18:11 EST,,10313.11574,146222.5264,0.96761
19,Paper,Paper,2.0,USD,IDEALPRO,19.0,,,1.0,1.12899,20000.0,-10000.0,14.9,SLD,EUR,USD,20160318 10:32:01 EST,,10328.01574,157512.4264,1.1273
20,Paper,Paper,2.0,USD,IDEALPRO,20.0,,,1.0,111.452,20000.0,10000.0,-9.832,BOT,USD,JPY,20160318 10:35:22 EST,,10318.18374,167320.2024,111.363
21,Paper,Paper,2.0,USD,IDEALPRO,21.0,,,1.0,125.918,40000.0,10000.0,130.352,SLD,EUR,JPY,20160318 10:44:40 EST,,10448.53574,211643.3384,125.542
22,Paper,Paper,2.0,USD,IDEALPRO,22.0,,,1.0,125.821,20000.0,-10000.0,22.552,SLD,EUR,JPY,20160318 11:50:36 EST,,10471.08774,222715.5864,125.542
23,Paper,Paper,2.0,USD,IDEALPRO,23.0,,,1.0,111.475,10000.0,0.0,7.856,SLD,USD,JPY,20160318 11:55:56 EST,,10478.94374,232525.3864,111.363
24,Paper,Paper,2.0,USD,IDEALPRO,24.0,,,1.0,1.12897,20000.0,10000.0,-18.7,BOT,EUR,USD,20160318 12:08:54 EST,,10460.24374,243815.0864,1.1273
25,Paper,Paper,2.0,USD,IDEALPRO,25.0,,,1.0,0.96825,50000.0,50000.0,-2.0,BOT,USD,CHF,20160318 12:12:45 EST,,10458.24374,194811.9539,0.96825
26,Paper,Paper,2.0,USD,IDEALPRO,26.0,,,1.0,125.68,10000.0,-0.0,-14.144,BOT,EUR,JPY,20160318 13:16:23 EST,,10444.09974,205871.7939,125.542
27,Paper,Paper,2.0,USD,IDEALPRO,27.0,,,1.0,111.502,10000.0,10000.0,-2.0,BOT,USD,JPY,20160318 13:34:22 EST,,10442.09974,196059.6179,111.502
28,Paper,Paper,2.0,USD,IDEALPRO,28.0,,,1.0,0.75969,10000.0,10000.0,-2.0,BOT,AUD,USD,20160318 13:38:46 EST,,10440.09974,188462.7179,0.75969
29,Paper,Paper,2.0,USD,IDEALPRO,29.0,,,1.0,0.96954,60000.0,-10000.0,63.2869,SLD,USD,CHF,20160318 14:59:18 EST,,10503.38664,237531.1373,0.96825
30,Paper,Paper,2.0,USD,IDEALPRO,30.0,,,1.0,0.75977,10000.0,0.0,-1.2,SLD,AUD,USD,20160318 15:04:36 EST,,10502.18664,245128.8373,0.75969
31,Paper,Paper,2.0,USD,IDEALPRO,31.0,,,1.0,111.667,20000.0,-10000.0,12.52,SLD,USD,JPY,20160318 15:11:39 EST,,10514.70664,254955.5333,111.502
32,Paper,Paper,2.0,USD,IDEALPRO,32.0,,,1.0,1.44776,20000.0,-10000.0,36.5,SLD,GBP,USD,20160318 15:26:12 EST,,10551.20664,269433.1333,1.44391
33,Paper,Paper,2.0,USD,IDEALPRO,33.0,,,1.0,0.75971,10000.0,-10000.0,-2.0,SLD,AUD,USD,20160318 16:13:51 EST,,10549.20664,261836.0333,0.75971
34,Paper,Paper,2.0,USD,IDEALPRO,34.0,,,1.0,125.808,10000.0,-10000.0,-2.0,SLD,EUR,JPY,20160318 16:15:54 EST,,10547.20664,250764.9293,125.808
35,Paper,Paper,2.0,USD,IDEALPRO,35.0,,,1.0,1.12722,20000.0,-10000.0,-2.8,SLD,EUR,USD,20160318 16:27:54 EST,,10544.40664,262037.1293,1.1273
36,Paper,Paper,2.0,USD,IDEALPRO,36.0,,,1.0,0.96904,10000.0,-0.0,-9.99638,BOT,USD,CHF,20160318 16:47:09 EST,,10534.41026,271845.75218,0.96825
37,Paper,Paper,2.0,USD,IDEALPRO,37.0,,,1.0,1.12681,10000.0,-0.0,2.9,BOT,EUR,USD,20160320 17:15:11 EST,,10537.31026,283113.85218,1.1273
38,Paper,Paper,2.0,USD,IDEALPRO,38.0,,,1.0,1.4459,60000.0,50000.0,-21.9,BOT,GBP,USD,20160320 17:15:11 EST,,10515.41026,297572.85218,1.44391
39,Paper,Paper,2.0,USD,IDEALPRO,39.0,,,1.0,0.97012,40000.0,-40000.0,-2.0,SLD,USD,CHF,20160320 17:15:11 EST,,10513.41026,258294.63362,0.97012
40,Paper,Paper,2.0,USD,IDEALPRO,40.0,,,1.0,111.569,40000.0,-50000.0,-2.0,SLD,USD,JPY,20160320 17:15:12 EST,,10511.41026,219022.34562,111.5556
41,Paper,Paper,2.0,USD,IDEALPRO,41.0,,,1.0,1.30209,40000.0,-30000.0,6.9688,SLD,USD,CAD,20160320 17:15:12 EST,,10518.37906,228754.16628,1.30089
