permid,account,clientid,commission,commission_currency,exchange,execid,expiry,level_0,orderid,price,qty,openqty,realized_PnL,side,symbol,symbol_currency,times,yield_redemption_date,PurePL,balance,margin_available,openprice,purebalance,real_pnl
1,Paper,Paper,19.82728,USD,IDEALPRO,1.0,,,1.0,112.655,1000000.0,-1000000.0,-19.82728,SLD,USD,JPY,20160330 08:35:39 EST,,0.0,19980.17272,-591364.0,112.655,20000.0,-19.82728
2,Paper,Paper,19.790672,USD,IDEALPRO,2.0,,,1.0,112.447,1000000.0,0.0,1810.609328,BOT,USD,JPY,20160330 18:07:52 EST,,1830.4,21790.782048,398169.6,112.655,21830.4,1810.609328
3,Paper,Paper,19.79032,USD,IDEALPRO,3.0,,,1.0,112.445,1000000.0,-1000000.0,-19.79032,SLD,USD,JPY,20160330 18:08:23 EST,,0.0,21770.991728,-591346.4,112.445,21830.4,-19.79032
4,Paper,Paper,19.76656,USD,IDEALPRO,4.0,,,1.0,112.31,1000000.0,0.0,1168.23344,BOT,USD,JPY,20160330 20:46:43 EST,,1188.0,22939.225168,396981.6,112.445,23018.4,1168.23344
5,Paper,Paper,19.769728,USD,IDEALPRO,5.0,,,1.0,112.328,1000000.0,-1000000.0,-19.769728,SLD,USD,JPY,20160330 20:47:13 EST,,0.0,22919.45544,-591504.8,112.328,23018.4,-19.769728
6,Paper,Paper,19.779936,USD,IDEALPRO,6.0,,,1.0,112.386,2000000.0,1000000.0,-530.179936,BOT,USD,JPY,20160330 23:09:27 EST,,-510.4,22389.275504,-591504.8,112.386,22508.0,-530.179936
7,Paper,Paper,19.789968,USD,IDEALPRO,7.0,,,1.0,112.443,1000000.0,0.0,481.810032,SLD,USD,JPY,20160331 04:03:48 EST,,501.6,22871.085536,397993.6,112.386,23009.6,481.810032
8,Paper,Paper,19.790144,USD,IDEALPRO,8.0,,,1.0,112.444,1000000.0,-1000000.0,-19.790144,SLD,USD,JPY,20160331 04:04:18 EST,,0.0,22851.295392,-591513.6,112.444,23009.6,-19.790144
9,Paper,Paper,19.788384,USD,IDEALPRO,9.0,,,1.0,112.434,1000000.0,0.0,68.211616,BOT,USD,JPY,20160331 04:25:25 EST,,88.0,22919.507008,397905.6,112.444,23097.6,68.211616
10,Paper,Paper,19.789088,USD,IDEALPRO,10.0,,,1.0,112.438,1000000.0,-1000000.0,-19.789088,SLD,USD,JPY,20160331 04:25:56 EST,,0.0,22899.71792,-591548.8,112.438,23097.6,-19.789088
11,Paper,Paper,19.76568,USD,IDEALPRO,11.0,,,1.0,112.305,2000000.0,1000000.0,1150.63432,BOT,USD,JPY,20160331 11:55:13 EST,,1170.4,24050.35224,-591548.8,112.305,24268.0,1150.63432
12,Paper,Paper,19.765328,USD,IDEALPRO,12.0,,,1.0,112.303,2000000.0,-1000000.0,-37.3653280001,SLD,USD,JPY,20160331 14:27:15 EST,,-17.6000000001,24012.986912,-591548.8,112.303,24250.4,-37.3653280001
13,Paper,Paper,19.76568,USD,IDEALPRO,13.0,,,1.0,112.305,1000000.0,0.0,-37.3656800001,BOT,USD,JPY,20160331 16:43:39 EST,,-17.6000000001,23975.621232,396735.2,112.303,24232.8,-37.3656800001
14,Paper,Paper,19.765328,USD,IDEALPRO,14.0,,,1.0,112.303,1000000.0,-1000000.0,-19.765328,SLD,USD,JPY,20160331 16:44:09 EST,,0.0,23955.855904,-591531.2,112.303,24232.8,-19.765328
15,Paper,Paper,19.765328,USD,IDEALPRO,15.0,,,1.0,112.303,1000000.0,-2000000.0,-19.765328,SLD,USD,JPY,20160401 02:17:47 EST,,0.0,23936.090576,-1579797.6,112.303,24232.8,-19.765328
16,Paper,Paper,19.76568,USD,IDEALPRO,16.0,,,1.0,112.305,1000000.0,-1000000.0,-37.3656800001,BOT,USD,JPY,20160401 03:58:51 EST,,-17.6000000001,23898.724896,-591513.6,112.303,24215.2,-37.3656800001
17,Paper,Paper,19.76568,USD,IDEALPRO,17.0,,,1.0,112.305,2000000.0,1000000.0,-37.3656800001,BOT,USD,JPY,20160401 05:43:23 EST,,-17.6000000001,23861.359216,-591513.6,112.305,24197.6,-37.3656800001
18,Paper,Paper,19.765328,USD,IDEALPRO,18.0,,,1.0,112.303,1000000.0,0.0,-37.3653280001,SLD,USD,JPY,20160401 06:20:29 EST,,-17.6000000001,23823.993888,396752.8,112.305,24180.0,-37.3653280001
19,Paper,Paper,19.765328,USD,IDEALPRO,19.0,,,1.0,112.303,1000000.0,-1000000.0,-19.765328,SLD,USD,JPY,20160401 08:55:24 EST,,0.0,23804.22856,-591513.6,112.303,24180.0,-19.765328
20,Paper,Paper,19.76568,USD,IDEALPRO,20.0,,,1.0,112.305,1000000.0,0.0,-37.3656800001,BOT,USD,JPY,20160401 10:22:11 EST,,-17.6000000001,23766.86288,396770.4,112.303,24162.4,-37.3656800001
21,Paper,Paper,19.76568,USD,IDEALPRO,21.0,,,1.0,112.305,1000000.0,1000000.0,-19.76568,BOT,USD,JPY,20160401 10:22:42 EST,,0.0,23747.0972,-591513.6,112.305,24162.4,-19.76568
22,Paper,Paper,19.765328,USD,IDEALPRO,22.0,,,1.0,112.303,1000000.0,0.0,-37.3653280001,SLD,USD,JPY,20160401 11:02:06 EST,,-17.6000000001,23709.731872,396752.8,112.305,24144.8,-37.3653280001
23,Paper,Paper,19.765328,USD,IDEALPRO,23.0,,,1.0,112.303,1000000.0,-1000000.0,-19.765328,SLD,USD,JPY,20160401 12:37:49 EST,,0.0,23689.966544,-591513.6,112.303,24144.8,-19.765328
24,Paper,Paper,19.76568,USD,IDEALPRO,24.0,,,1.0,112.305,1000000.0,0.0,-37.3656800001,BOT,USD,JPY,20160401 13:53:29 EST,,-17.6000000001,23652.600864,396770.4,112.303,24127.2,-37.3656800001
25,Paper,Paper,19.765328,USD,IDEALPRO,25.0,,,1.0,112.303,1000000.0,-1000000.0,-19.765328,SLD,USD,JPY,20160402 01:56:37 EST,,0.0,23632.835536,-591496.0,112.303,24127.2,-19.765328
26,Paper,Paper,19.76568,USD,IDEALPRO,26.0,,,1.0,112.305,1000000.0,0.0,-37.3656800001,BOT,USD,JPY,20160402 06:31:22 EST,,-17.6000000001,23595.469856,396788.0,112.303,24109.6,-37.3656800001
27,Paper,Paper,19.765328,USD,IDEALPRO,27.0,,,1.0,112.303,1000000.0,-1000000.0,-19.765328,SLD,USD,JPY,20160402 10:05:17 EST,,0.0,23575.704528,-591478.4,112.303,24109.6,-19.765328
28,Paper,Paper,19.624528,USD,IDEALPRO,28.0,,,1.0,111.503,2000000.0,1000000.0,7020.375472,BOT,USD,JPY,20160404 00:46:21 EST,,7040.0,30596.08,-591478.4,111.503,31149.6,7020.375472
29,Paper,Paper,19.6064,USD,IDEALPRO,29.0,,,1.0,111.4,1000000.0,2000000.0,-19.6064,BOT,USD,JPY,20160404 01:52:18 EST,,0.0,30576.4736,-1571798.4,111.4515,31149.6,-19.6064
30,Paper,Paper,39.224416,USD,IDEALPRO,30.0,,,1.0,111.433,3000000.0,-1000000.0,-364.824416,SLD,USD,JPY,20160404 02:40:35 EST,,-325.6,30211.649184,-591188.0,111.433,30824.0,-364.824416
31,Paper,Paper,19.629808,USD,IDEALPRO,31.0,,,1.0,111.533,1000000.0,0.0,-899.629808,BOT,USD,JPY,20160404 03:40:00 EST,,-880.0,29312.019376,390302.4,111.433,29944.0,-899.629808
32,Paper,Paper,19.630336,USD,IDEALPRO,32.0,,,1.0,111.536,1000000.0,-1000000.0,-19.630336,SLD,USD,JPY,20160404 03:50:38 EST,,0.0,29292.38904,-591214.4,111.536,29944.0,-19.630336
33,Paper,Paper,19.649696,USD,IDEALPRO,33.0,,,1.0,111.646,1000000.0,0.0,-987.649696,BOT,USD,JPY,20160404 05:50:00 EST,,-968.0,28304.739344,391270.4,111.536,28976.0,-987.649696
34,Paper,Paper,19.65392,USD,IDEALPRO,34.0,,,1.0,111.67,1000000.0,-1000000.0,-19.65392,SLD,USD,JPY,20160404 07:12:45 EST,,0.0,28285.085424,-591425.6,111.67,28976.0,-19.65392
35,Paper,Paper,19.649344,USD,IDEALPRO,35.0,,,1.0,111.644,2000000.0,1000000.0,209.150656,BOT,USD,JPY,20160404 07:17:48 EST,,228.8,28494.23608,-591425.6,111.644,29204.8,209.150656
36,Paper,Paper,19.62752,USD,IDEALPRO,36.0,,,1.0,111.52,2000000.0,-1000000.0,-1110.82752,SLD,USD,JPY,20160404 08:22:56 EST,,-1091.2,27383.40856,-591425.6,111.52,28113.6,-1110.82752
37,Paper,Paper,19.599536,USD,IDEALPRO,37.0,,,1.0,111.361,1000000.0,-2000000.0,-19.599536,SLD,USD,JPY,20160404 09:33:30 EST,,0.0,27363.809024,-1571402.4,111.4405,28113.6,-19.599536
38,Paper,Paper,19.613088,USD,IDEALPRO,38.0,,,1.0,111.438,1000000.0,-1000000.0,2.38691199998,BOT,USD,JPY,20160404 10:34:55 EST,,22.0,27366.195936,-590748.0,111.4405,28135.6,2.38691199998
39,Paper,Paper,19.578064,USD,IDEALPRO,39.0,,,1.0,111.239,1000000.0,0.0,1753.621936,BOT,USD,JPY,20160404 11:02:16 EST,,1773.2,29119.817872,388155.2,111.4405,29908.8,1753.621936
40,Paper,Paper,19.566096,USD,IDEALPRO,40.0,,,1.0,111.171,1000000.0,-1000000.0,-19.566096,SLD,USD,JPY,20160404 12:45:48 EST,,0.0,29100.251776,-590149.6,111.171,29908.8,-19.566096
41,Paper,Paper,19.580528,USD,IDEALPRO,41.0,,,1.0,111.253,1000000.0,0.0,-741.180528,BOT,USD,JPY,20160404 14:46:50 EST,,-721.6,28359.071248,388876.8,111.171,29187.2,-741.180528
42,Paper,Paper,19.596544,USD,IDEALPRO,42.0,,,1.0,111.344,1000000.0,-1000000.0,-19.596544,SLD,USD,JPY,20160404 15:54:49 EST,,0.0,28339.474704,-590950.4,111.344,29187.2,-19.596544
43,Paper,Paper,19.57912,USD,IDEALPRO,43.0,,,1.0,111.245,1000000.0,-2000000.0,-19.57912,SLD,USD,JPY,20160404 19:18:40 EST,,0.0,28319.895584,-1569906.4,111.2945,29187.2,-19.57912
44,Paper,Paper,39.04912,USD,IDEALPRO,44.0,,,1.0,110.935,2000000.0,0.0,6288.15088,BOT,USD,JPY,20160404 21:50:37 EST,,6327.2,34608.046464,382549.6,111.2945,35514.4,6288.15088
45,Paper,Paper,19.514704,USD,IDEALPRO,45.0,,,1.0,110.879,1000000.0,-1000000.0,-19.514704,SLD,USD,JPY,20160405 00:44:45 EST,,0.0,34588.53176,-593185.6,110.879,35514.4,-19.514704
46,Paper,Paper,19.50256,USD,IDEALPRO,46.0,,,1.0,110.81,1000000.0,0.0,587.69744,BOT,USD,JPY,20160405 01:55:21 EST,,607.2,35176.2292,381942.4,110.879,36121.6,587.69744
47,Paper,Paper,19.438848,USD,IDEALPRO,47.0,,,1.0,110.448,1000000.0,-1000000.0,-19.438848,SLD,USD,JPY,20160405 05:08:07 EST,,0.0,35156.790352,-590000.0,110.448,36121.6,-19.438848
48,Paper,Paper,19.454864,USD,IDEALPRO,48.0,,,1.0,110.539,1000000.0,0.0,-820.254864,BOT,USD,JPY,20160405 20:43:46 EST,,-800.8,34336.535488,382743.2,110.448,35320.8,-820.254864
49,Paper,Paper,38.828768,USD,IDEALPRO,49.0,,,1.0,110.309,2000000.0,2000000.0,-38.828768,BOT,USD,JPY,20160405 21:04:59 EST,,0.0,34297.70672,-1558695.2,110.309,35320.8,-38.828768
50,Paper,Paper,38.841088,USD,IDEALPRO,50.0,,,1.0,110.344,3000000.0,-1000000.0,577.158912,SLD,USD,JPY,20160405 21:25:19 EST,,616.0,34874.865632,-587668.0,110.344,35936.8,577.158912
51,Paper,Paper,19.42512,USD,IDEALPRO,51.0,,,1.0,110.37,2000000.0,1000000.0,-248.22512,BOT,USD,JPY,20160405 21:46:08 EST,,-228.8,34626.640512,-587668.0,110.37,35708.0,-248.22512
52,Paper,Paper,19.437088,USD,IDEALPRO,52.0,,,1.0,110.438,2000000.0,-1000000.0,578.962912,SLD,USD,JPY,20160405 22:07:53 EST,,598.4,35205.603424,-587668.0,110.438,36306.4,578.962912
53,Paper,Paper,19.455216,USD,IDEALPRO,53.0,,,1.0,110.541,1000000.0,0.0,-925.855216,BOT,USD,JPY,20160405 22:26:33 EST,,-906.4,34279.748208,385092.8,110.438,35400.0,-925.855216
54,Paper,Paper,19.452048,USD,IDEALPRO,54.0,,,1.0,110.523,1000000.0,-1000000.0,-19.452048,SLD,USD,JPY,20160405 22:46:55 EST,,0.0,34260.29616,-587509.6,110.523,35400.0,-19.452048
55,Paper,Paper,19.444304,USD,IDEALPRO,55.0,,,1.0,110.479,2000000.0,1000000.0,367.755696,BOT,USD,JPY,20160405 23:06:49 EST,,387.2,34628.051856,-587509.6,110.479,35787.2,367.755696
56,Paper,Paper,19.446592,USD,IDEALPRO,56.0,,,1.0,110.492,2000000.0,-1000000.0,94.953408,SLD,USD,JPY,20160405 23:26:12 EST,,114.4,34723.005264,-587509.6,110.492,35901.6,94.953408
57,Paper,Paper,19.446768,USD,IDEALPRO,57.0,,,1.0,110.493,1000000.0,0.0,-28.2467679999,BOT,USD,JPY,20160405 23:44:59 EST,,-8.79999999992,34694.758496,384828.8,110.492,35892.8,-28.2467679999
58,Paper,Paper,19.431632,USD,IDEALPRO,58.0,,,1.0,110.407,1000000.0,1000000.0,-19.431632,BOT,USD,JPY,20160406 00:23:30 EST,,0.0,34675.326864,-586752.8,110.407,35892.8,-19.431632
59,Paper,Paper,19.41456,USD,IDEALPRO,59.0,,,1.0,110.31,1000000.0,0.0,-873.01456,SLD,USD,JPY,20160406 01:41:32 EST,,-853.6,33802.312304,383975.2,110.407,35039.2,-873.01456
60,Paper,Paper,19.419488,USD,IDEALPRO,60.0,,,1.0,110.338,1000000.0,-1000000.0,-19.419488,SLD,USD,JPY,20160406 02:01:23 EST,,0.0,33782.892816,-586999.2,110.338,35039.2,-19.419488
61,Paper,Paper,19.431632,USD,IDEALPRO,61.0,,,1.0,110.407,1000000.0,0.0,-626.631632,BOT,USD,JPY,20160406 02:21:43 EST,,-607.2,33156.261184,384582.4,110.338,34432.0,-626.631632
62,Paper,Paper,19.425296,USD,IDEALPRO,62.0,,,1.0,110.371,1000000.0,-1000000.0,-19.425296,SLD,USD,JPY,20160406 02:41:56 EST,,0.0,33136.835888,-586682.4,110.371,34432.0,-19.425296
63,Paper,Paper,19.429344,USD,IDEALPRO,63.0,,,1.0,110.394,1000000.0,0.0,-221.829344,BOT,USD,JPY,20160406 03:01:47 EST,,-202.4,32915.006544,384784.8,110.371,34229.6,-221.829344
64,Paper,Paper,19.441136,USD,IDEALPRO,64.0,,,1.0,110.461,1000000.0,-1000000.0,-19.441136,SLD,USD,JPY,20160406 03:41:14 EST,,0.0,32895.565408,-587272.0,110.461,34229.6,-19.441136
65,Paper,Paper,19.414384,USD,IDEALPRO,65.0,,,1.0,110.309,2000000.0,1000000.0,1318.185616,BOT,USD,JPY,20160406 04:19:50 EST,,1337.6,34213.751024,-587272.0,110.309,35567.2,1318.185616
66,Paper,Paper,19.427232,USD,IDEALPRO,66.0,,,1.0,110.382,3000000.0,-2000000.0,622.972768,SLD,USD,JPY,20160406 05:00:22 EST,,642.4,34836.723792,-1558633.6,110.382,36209.6,622.972768
67,Paper,Paper,19.440256,USD,IDEALPRO,67.0,,,1.0,110.456,1000000.0,-1000000.0,-670.640256,BOT,USD,JPY,20160406 05:21:12 EST,,-651.2,34166.083536,-586620.8,110.382,35558.4,-670.640256
68,Paper,Paper,19.421776,USD,IDEALPRO,68.0,,,1.0,110.351,1000000.0,0.0,253.378224,BOT,USD,JPY,20160406 06:03:19 EST,,272.8,34419.46176,384468.0,110.382,35831.2,253.378224
69,Paper,Paper,19.430752,USD,IDEALPRO,69.0,,,1.0,110.402,1000000.0,-1000000.0,-19.430752,SLD,USD,JPY,20160406 06:23:39 EST,,0.0,34400.031008,-587069.6,110.402,35831.2,-19.430752
70,Paper,Paper,19.419136,USD,IDEALPRO,70.0,,,1.0,110.336,3000000.0,2000000.0,561.380864,BOT,USD,JPY,20160406 06:46:26 EST,,580.8,34961.411872,-1558026.4,110.336,36412.0,561.380864
71,Paper,Paper,38.839328,USD,IDEALPRO,71.0,,,1.0,110.339,2000000.0,0.0,13.960672,SLD,USD,JPY,20160406 07:09:52 EST,,52.8,34975.372544,383940.0,110.336,36464.8,13.960672
72,Paper,Paper,19.427936,USD,IDEALPRO,72.0,,,1.0,110.386,1000000.0,-1000000.0,-19.427936,SLD,USD,JPY,20160406 07:31:42 EST,,0.0,34955.944608,-587456.8,110.386,36464.8,-19.427936
73,Paper,Paper,19.434272,USD,IDEALPRO,73.0,,,1.0,110.422,2000000.0,1000000.0,-336.234272,BOT,USD,JPY,20160406 07:52:31 EST,,-316.8,34619.710336,-587456.8,110.422,36148.0,-336.234272
74,Paper,Paper,19.418256,USD,IDEALPRO,74.0,,,1.0,110.331,3000000.0,-2000000.0,-820.218256,SLD,USD,JPY,20160406 09:05:37 EST,,-800.8,33799.49208,-1558369.6,110.331,35347.2,-820.218256
75,Paper,Paper,38.755904,USD,IDEALPRO,75.0,,,1.0,110.102,4000000.0,2000000.0,3991.644096,BOT,USD,JPY,20160406 09:24:53 EST,,4030.4,37791.136176,-1558369.6,110.102,39377.6,3991.644096
76,Paper,Paper,38.730208,USD,IDEALPRO,76.0,,,1.0,110.029,3000000.0,-1000000.0,-1323.530208,SLD,USD,JPY,20160406 09:45:14 EST,,-1284.8,36467.605968,-590114.4,110.029,38092.8,-1323.530208
77,Paper,Paper,19.364752,USD,IDEALPRO,77.0,,,1.0,110.027,1000000.0,0.0,-1.76475200004,BOT,USD,JPY,20160406 10:04:59 EST,,17.6,36465.841216,378123.2,110.029,38110.4,-1.76475200004
78,Paper,Paper,38.764352,USD,IDEALPRO,78.0,,,1.0,110.126,2000000.0,-2000000.0,-38.764352,SLD,USD,JPY,20160406 10:24:16 EST,,0.0,36427.076864,-1560094.4,110.126,38110.4,-38.764352
79,Paper,Paper,19.389568,USD,IDEALPRO,79.0,,,1.0,110.168,1000000.0,-1000000.0,-388.989568,BOT,USD,JPY,20160406 10:44:07 EST,,-369.6,36038.087296,-590616.0,110.126,37740.8,-388.989568
80,Paper,Paper,19.308784,USD,IDEALPRO,80.0,,,1.0,109.709,1000000.0,0.0,3650.291216,BOT,USD,JPY,20160406 13:17:13 EST,,3669.6,39688.378512,374823.2,110.126,41410.4,3650.291216
81,Paper,Paper,19.303504,USD,IDEALPRO,81.0,,,1.0,109.679,1000000.0,-1000000.0,-19.303504,SLD,USD,JPY,20160406 13:35:27 EST,,0.0,39669.075008,-590352.0,109.679,41410.4,-19.303504
82,Paper,Paper,19.294704,USD,IDEALPRO,82.0,,,1.0,109.629,1000000.0,0.0,420.705296,BOT,USD,JPY,20160406 13:56:12 EST,,440.0,40089.780304,374383.2,109.679,41850.4,420.705296
83,Paper,Paper,19.313536,USD,IDEALPRO,83.0,,,1.0,109.736,1000000.0,-1000000.0,-19.313536,SLD,USD,JPY,20160406 15:14:39 EST,,0.0,40070.466768,-591293.6,109.736,41850.4,-19.313536
84,Paper,Paper,19.308608,USD,IDEALPRO,84.0,,,1.0,109.708,1000000.0,0.0,227.091392,BOT,USD,JPY,20160406 15:52:33 EST,,246.4,40297.55816,374136.8,109.736,42096.8,227.091392
85,Paper,Paper,19.319696,USD,IDEALPRO,85.0,,,1.0,109.771,1000000.0,-1000000.0,-19.319696,SLD,USD,JPY,20160406 16:12:48 EST,,0.0,40278.238464,-591848.0,109.771,42096.8,-19.319696
86,Paper,Paper,19.320224,USD,IDEALPRO,86.0,,,1.0,109.774,2000000.0,1000000.0,-45.720224,BOT,USD,JPY,20160406 16:52:43 EST,,-26.4,40232.51824,-591848.0,109.774,42070.4,-45.720224
