permid,account,clientid,commission,commission_currency,exchange,execid,expiry,level_0,orderid,price,qty,openqty,realized_PnL,side,symbol,symbol_currency,times,yield_redemption_date,PurePL,balance,margin_available,openprice,purebalance,real_pnl
1,Paper,Paper,2.0,USD,IDEALPRO,1.0,,,1.0,1.11902,10000.0,-10000.0,-2.0,SLD,EUR,USD,20160323 05:41:16 EST,,0.0,19998.0,388809.8,1.11902,20000.0,-2.0
2,Paper,Paper,2.0,USD,IDEALPRO,2.0,,,1.0,1.11939,20000.0,10000.0,-5.7,BOT,EUR,USD,20160323 09:39:43 EST,,-3.7,19992.3,388809.8,1.11939,19996.3,-5.7
3,Paper,Paper,2.0,USD,IDEALPRO,3.0,,,1.0,1.11805,20000.0,-10000.0,-15.4,SLD,EUR,USD,20160323 10:03:37 EST,,-13.4,19976.9,388809.8,1.11805,19982.9,-15.4
4,Paper,Paper,2.0,USD,IDEALPRO,4.0,,,1.0,1.11736,20000.0,10000.0,4.9,BOT,EUR,USD,20160323 10:28:47 EST,,6.9,19981.8,388809.8,1.11736,19989.8,4.9
5,Paper,Paper,2.0,USD,IDEALPRO,5.0,,,1.0,1.11809,20000.0,-10000.0,5.3,SLD,EUR,USD,20160323 10:54:58 EST,,7.3,19987.1,388809.8,1.11809,19997.1,5.3
6,Paper,Paper,2.0,USD,IDEALPRO,6.0,,,1.0,1.11795,20000.0,10000.0,-0.6,BOT,EUR,USD,20160323 13:25:30 EST,,1.4,19986.5,388809.8,1.11795,19998.5,-0.6
7,Paper,Paper,2.0,USD,IDEALPRO,7.0,,,1.0,1.11803,20000.0,-10000.0,-1.2,SLD,EUR,USD,20160323 13:53:18 EST,,0.800000000001,19985.3,388809.8,1.11803,19999.3,-1.2
8,Paper,Paper,2.0,USD,IDEALPRO,8.0,,,1.0,1.11838,20000.0,10000.0,-5.5,BOT,EUR,USD,20160323 14:54:00 EST,,-3.5,19979.8,388809.8,1.11838,19995.8,-5.5
9,Paper,Paper,2.0,USD,IDEALPRO,9.0,,,1.0,1.11825,20000.0,-10000.0,-3.3,SLD,EUR,USD,20160323 15:22:48 EST,,-1.3,19976.5,388809.8,1.11825,19994.5,-3.3
10,Paper,Paper,2.0,USD,IDEALPRO,10.0,,,1.0,1.1179,20000.0,10000.0,1.5,BOT,EUR,USD,20160323 15:47:16 EST,,3.5,19978.0,388809.8,1.1179,19998.0,1.5
11,Paper,Paper,2.0,USD,IDEALPRO,11.0,,,1.0,1.1177,20000.0,-10000.0,-4.0,SLD,EUR,USD,20160323 16:11:03 EST,,-2.0,19974.0,388809.8,1.1177,19996.0,-4.0
12,Paper,Paper,2.0,USD,IDEALPRO,12.0,,,1.0,1.1182,20000.0,10000.0,-7.0,BOT,EUR,USD,20160323 16:36:57 EST,,-5.0,19967.0,388809.8,1.1182,19991.0,-7.0
13,Paper,Paper,2.0,USD,IDEALPRO,13.0,,,1.0,1.1178,20000.0,-10000.0,-6.0,SLD,EUR,USD,20160323 17:15:06 EST,,-4.0,19961.0,388809.8,1.1178,19987.0,-6.0
14,Paper,Paper,2.0,USD,IDEALPRO,14.0,,,1.0,1.11805,20000.0,10000.0,-4.5,BOT,EUR,USD,20160323 17:29:56 EST,,-2.5,19956.5,388809.8,1.11805,19984.5,-4.5
15,Paper,Paper,2.0,USD,IDEALPRO,15.0,,,1.0,1.11828,20000.0,-10000.0,0.3,SLD,EUR,USD,20160323 18:46:51 EST,,2.3,19956.8,388809.8,1.11828,19986.8,0.3
16,Paper,Paper,2.0,USD,IDEALPRO,16.0,,,1.0,1.11818,20000.0,10000.0,-1.0,BOT,EUR,USD,20160323 20:48:44 EST,,1.0,19955.8,388809.8,1.11818,19987.8,-1.0
17,Paper,Paper,2.0,USD,IDEALPRO,17.0,,,1.0,1.11669,20000.0,-10000.0,-16.9,SLD,EUR,USD,20160323 21:22:32 EST,,-14.9,19938.9,388809.8,1.11669,19972.9,-16.9
18,Paper,Paper,2.0,USD,IDEALPRO,18.0,,,1.0,1.11722,20000.0,10000.0,-7.3,BOT,EUR,USD,20160323 22:25:31 EST,,-5.3,19931.6,388809.8,1.11722,19967.6,-7.3
19,Paper,Paper,2.0,USD,IDEALPRO,19.0,,,1.0,1.11699,20000.0,-10000.0,-4.3,SLD,EUR,USD,20160323 23:04:39 EST,,-2.3,19927.3,388809.8,1.11699,19965.3,-4.3
20,Paper,Paper,2.0,USD,IDEALPRO,20.0,,,1.0,1.11713,20000.0,10000.0,-3.4,BOT,EUR,USD,20160324 01:04:40 EST,,-1.4,19923.9,388809.8,1.11713,19963.9,-3.4
21,Paper,Paper,2.0,USD,IDEALPRO,21.0,,,1.0,1.11694,20000.0,-10000.0,-3.9,SLD,EUR,USD,20160324 01:31:07 EST,,-1.9,19920.0,388809.8,1.11694,19962.0,-3.9
22,Paper,Paper,2.0,USD,IDEALPRO,22.0,,,1.0,1.11777,20000.0,10000.0,-10.3,BOT,EUR,USD,20160324 02:36:37 EST,,-8.3,19909.7,388809.8,1.11777,19953.7,-10.3
23,Paper,Paper,2.0,USD,IDEALPRO,23.0,,,1.0,1.11643,20000.0,-10000.0,-15.4,SLD,EUR,USD,20160324 03:00:33 EST,,-13.4,19894.3,388809.8,1.11643,19940.3,-15.4
24,Paper,Paper,2.0,USD,IDEALPRO,24.0,,,1.0,1.11581,20000.0,10000.0,4.2,BOT,EUR,USD,20160324 03:29:26 EST,,6.2,19898.5,388809.8,1.11581,19946.5,4.2
25,Paper,Paper,2.0,USD,IDEALPRO,25.0,,,1.0,1.11652,20000.0,-10000.0,5.1,SLD,EUR,USD,20160324 03:54:16 EST,,7.1,19903.6,388809.8,1.11652,19953.6,5.1
26,Paper,Paper,2.0,USD,IDEALPRO,26.0,,,1.0,1.11566,20000.0,10000.0,6.6,BOT,EUR,USD,20160324 04:19:07 EST,,8.6,19910.2,388809.8,1.11566,19962.2,6.6
27,Paper,Paper,2.0,USD,IDEALPRO,27.0,,,1.0,1.1163,20000.0,-10000.0,4.4,SLD,EUR,USD,20160324 05:13:43 EST,,6.4,19914.6,388809.8,1.1163,19968.6,4.4
28,Paper,Paper,2.0,USD,IDEALPRO,28.0,,,1.0,1.1169,20000.0,10000.0,-8.0,BOT,EUR,USD,20160324 06:06:07 EST,,-6.0,19906.6,388809.8,1.1169,19962.6,-8.0
29,Paper,Paper,2.0,USD,IDEALPRO,29.0,,,1.0,1.11626,20000.0,-10000.0,-8.4,SLD,EUR,USD,20160324 07:31:06 EST,,-6.4,19898.2,388809.8,1.11626,19956.2,-8.4
30,Paper,Paper,2.0,USD,IDEALPRO,30.0,,,1.0,1.11551,20000.0,10000.0,5.5,BOT,EUR,USD,20160324 07:55:16 EST,,7.5,19903.7,388809.8,1.11551,19963.7,5.5
31,Paper,Paper,2.0,USD,IDEALPRO,31.0,,,1.0,1.11566,20000.0,-10000.0,-0.499999999999,SLD,EUR,USD,20160324 09:17:04 EST,,1.5,19903.2,388809.8,1.11566,19965.2,-0.499999999999
32,Paper,Paper,2.0,USD,IDEALPRO,32.0,,,1.0,1.11592,20000.0,10000.0,-4.6,BOT,EUR,USD,20160324 09:44:18 EST,,-2.6,19898.6,388809.8,1.11592,19962.6,-4.6
33,Paper,Paper,2.0,USD,IDEALPRO,33.0,,,1.0,1.1157,20000.0,-10000.0,-4.2,SLD,EUR,USD,20160324 10:58:04 EST,,-2.2,19894.4,388809.8,1.1157,19960.4,-4.2
34,Paper,Paper,2.0,USD,IDEALPRO,34.0,,,1.0,1.11592,20000.0,10000.0,-4.2,BOT,EUR,USD,20160324 11:24:10 EST,,-2.2,19890.2,388809.8,1.11592,19958.2,-4.2
35,Paper,Paper,2.0,USD,IDEALPRO,35.0,,,1.0,1.11717,20000.0,-10000.0,10.5,SLD,EUR,USD,20160324 12:17:34 EST,,12.5,19900.7,388809.8,1.11717,19970.7,10.5
36,Paper,Paper,2.0,USD,IDEALPRO,36.0,,,1.0,1.11706,20000.0,10000.0,-0.899999999999,BOT,EUR,USD,20160324 12:42:12 EST,,1.1,19899.8,388809.8,1.11706,19971.8,-0.899999999999
37,Paper,Paper,2.0,USD,IDEALPRO,37.0,,,1.0,1.11723,20000.0,-10000.0,-0.3,SLD,EUR,USD,20160324 13:08:18 EST,,1.7,19899.5,388809.8,1.11723,19973.5,-0.3
38,Paper,Paper,2.0,USD,IDEALPRO,38.0,,,1.0,1.11829,20000.0,10000.0,-12.6,BOT,EUR,USD,20160324 14:02:52 EST,,-10.6,19886.9,388809.8,1.11829,19962.9,-12.6
39,Paper,Paper,2.0,USD,IDEALPRO,39.0,,,1.0,1.11814,20000.0,-10000.0,-3.5,SLD,EUR,USD,20160324 14:26:54 EST,,-1.5,19883.4,388809.8,1.11814,19961.4,-3.5
40,Paper,Paper,2.0,USD,IDEALPRO,40.0,,,1.0,1.11744,20000.0,10000.0,5.0,BOT,EUR,USD,20160324 15:20:33 EST,,7.0,19888.4,388809.8,1.11744,19968.4,5.0
41,Paper,Paper,2.0,USD,IDEALPRO,41.0,,,1.0,1.11771,20000.0,-10000.0,0.7,SLD,EUR,USD,20160324 15:46:09 EST,,2.7,19889.1,388809.8,1.11771,19971.1,0.7
42,Paper,Paper,2.0,USD,IDEALPRO,42.0,,,1.0,1.118,20000.0,10000.0,-4.9,BOT,EUR,USD,20160324 16:12:50 EST,,-2.9,19884.2,388809.8,1.118,19968.2,-4.9
43,Paper,Paper,2.0,USD,IDEALPRO,43.0,,,1.0,1.11783,20000.0,-10000.0,-3.7,SLD,EUR,USD,20160324 16:43:50 EST,,-1.7,19880.5,388809.8,1.11783,19966.5,-3.7
44,Paper,Paper,2.0,USD,IDEALPRO,44.0,,,1.0,1.11787,20000.0,10000.0,-2.4,BOT,EUR,USD,20160324 19:41:10 EST,,-0.4,19878.1,388809.8,1.11787,19966.1,-2.4
45,Paper,Paper,2.0,USD,IDEALPRO,45.0,,,1.0,1.11642,20000.0,-10000.0,-16.5,SLD,EUR,USD,20160324 20:10:51 EST,,-14.5,19861.6,388809.8,1.11642,19951.6,-16.5
46,Paper,Paper,2.0,USD,IDEALPRO,46.0,,,1.0,1.11654,20000.0,10000.0,-3.2,BOT,EUR,USD,20160324 20:39:37 EST,,-1.2,19858.4,388809.8,1.11654,19950.4,-3.2
47,Paper,Paper,2.0,USD,IDEALPRO,47.0,,,1.0,1.1166,20000.0,-10000.0,-1.4,SLD,EUR,USD,20160324 21:09:51 EST,,0.600000000002,19857.0,388809.8,1.1166,19951.0,-1.4
48,Paper,Paper,2.0,USD,IDEALPRO,48.0,,,1.0,1.11595,20000.0,10000.0,4.5,BOT,EUR,USD,20160325 00:34:15 EST,,6.5,19861.5,388809.8,1.11595,19957.5,4.5
49,Paper,Paper,2.0,USD,IDEALPRO,49.0,,,1.0,1.1163,20000.0,-10000.0,1.5,SLD,EUR,USD,20160325 03:29:56 EST,,3.5,19863.0,388809.8,1.1163,19961.0,1.5
50,Paper,Paper,2.0,USD,IDEALPRO,50.0,,,1.0,1.11634,20000.0,10000.0,-2.4,BOT,EUR,USD,20160325 04:15:46 EST,,-0.4,19860.6,388809.8,1.11634,19960.6,-2.4
51,Paper,Paper,2.0,USD,IDEALPRO,51.0,,,1.0,1.1166,20000.0,-10000.0,0.600000000001,SLD,EUR,USD,20160325 04:37:24 EST,,2.6,19861.2,388809.8,1.1166,19963.2,0.600000000001
52,Paper,Paper,2.0,USD,IDEALPRO,52.0,,,1.0,1.11666,20000.0,10000.0,-2.6,BOT,EUR,USD,20160325 05:18:43 EST,,-0.599999999999,19858.6,388809.8,1.11666,19962.6,-2.6
53,Paper,Paper,2.0,USD,IDEALPRO,53.0,,,1.0,1.11664,20000.0,-10000.0,-2.2,SLD,EUR,USD,20160325 05:26:52 EST,,-0.199999999999,19856.4,388809.8,1.11664,19962.4,-2.2
54,Paper,Paper,2.0,USD,IDEALPRO,54.0,,,1.0,1.11707,20000.0,10000.0,-6.3,BOT,EUR,USD,20160325 07:34:35 EST,,-4.3,19850.1,388809.8,1.11707,19958.1,-6.3
55,Paper,Paper,2.0,USD,IDEALPRO,55.0,,,1.0,1.11681,20000.0,-10000.0,-4.6,SLD,EUR,USD,20160325 07:48:40 EST,,-2.6,19845.5,388809.8,1.11681,19955.5,-4.6
56,Paper,Paper,2.0,USD,IDEALPRO,56.0,,,1.0,1.11657,20000.0,10000.0,0.4,BOT,EUR,USD,20160325 08:42:31 EST,,2.4,19845.9,388809.8,1.11657,19957.9,0.4
57,Paper,Paper,2.0,USD,IDEALPRO,57.0,,,1.0,1.1165,20000.0,-10000.0,-2.7,SLD,EUR,USD,20160325 08:58:40 EST,,-0.7,19843.2,388809.8,1.1165,19957.2,-2.7
58,Paper,Paper,2.0,USD,IDEALPRO,58.0,,,1.0,1.11674,20000.0,10000.0,-4.4,BOT,EUR,USD,20160325 09:43:53 EST,,-2.4,19838.8,388809.8,1.11674,19954.8,-4.4
59,Paper,Paper,2.0,USD,IDEALPRO,59.0,,,1.0,1.11699,20000.0,-10000.0,0.499999999999,SLD,EUR,USD,20160325 09:57:01 EST,,2.5,19839.3,388809.8,1.11699,19957.3,0.499999999999
60,Paper,Paper,2.0,USD,IDEALPRO,60.0,,,1.0,1.11676,20000.0,10000.0,0.3,BOT,EUR,USD,20160325 10:12:08 EST,,2.3,19839.6,388809.8,1.11676,19959.6,0.3
61,Paper,Paper,2.0,USD,IDEALPRO,61.0,,,1.0,1.11655,20000.0,-10000.0,-4.1,SLD,EUR,USD,20160325 10:59:00 EST,,-2.1,19835.5,388809.8,1.11655,19957.5,-4.1
62,Paper,Paper,2.0,USD,IDEALPRO,62.0,,,1.0,1.11628,20000.0,10000.0,0.7,BOT,EUR,USD,20160325 12:27:36 EST,,2.7,19836.2,388809.8,1.11628,19960.2,0.7
63,Paper,Paper,2.0,USD,IDEALPRO,63.0,,,1.0,1.11652,20000.0,-10000.0,0.4,SLD,EUR,USD,20160325 13:03:20 EST,,2.4,19836.6,388809.8,1.11652,19962.6,0.4
64,Paper,Paper,2.0,USD,IDEALPRO,64.0,,,1.0,1.11667,20000.0,10000.0,-3.5,BOT,EUR,USD,20160325 13:55:45 EST,,-1.5,19833.1,388809.8,1.11667,19961.1,-3.5
65,Paper,Paper,2.0,USD,IDEALPRO,65.0,,,1.0,1.11679,20000.0,-10000.0,-0.800000000001,SLD,EUR,USD,20160325 14:13:57 EST,,1.2,19832.3,388809.8,1.11679,19962.3,-0.800000000001
66,Paper,Paper,2.0,USD,IDEALPRO,66.0,,,1.0,1.11662,20000.0,10000.0,-0.3,BOT,EUR,USD,20160325 15:13:22 EST,,1.7,19832.0,388809.8,1.11662,19964.0,-0.3
67,Paper,Paper,2.0,USD,IDEALPRO,67.0,,,1.0,1.11669,20000.0,-10000.0,-1.3,SLD,EUR,USD,20160325 15:28:29 EST,,0.699999999998,19830.7,388809.8,1.11669,19964.7,-1.3
68,Paper,Paper,2.0,USD,IDEALPRO,68.0,,,1.0,1.1168,20000.0,10000.0,-3.1,BOT,EUR,USD,20160325 16:28:59 EST,,-1.1,19827.6,388809.8,1.1168,19963.6,-3.1
69,Paper,Paper,2.0,USD,IDEALPRO,69.0,,,1.0,1.11664,20000.0,-10000.0,-3.6,SLD,EUR,USD,20160325 16:57:09 EST,,-1.6,19824.0,388809.8,1.11664,19962.0,-3.6
70,Paper,Paper,2.0,USD,IDEALPRO,70.0,,,1.0,1.11604,20000.0,10000.0,4.0,BOT,EUR,USD,20160327 19:00:09 EST,,6.0,19828.0,388809.8,1.11604,19968.0,4.0
71,Paper,Paper,2.0,USD,IDEALPRO,71.0,,,1.0,1.11573,20000.0,-10000.0,-5.1,SLD,EUR,USD,20160327 19:45:45 EST,,-3.1,19822.9,388809.8,1.11573,19964.9,-5.1
72,Paper,Paper,2.0,USD,IDEALPRO,72.0,,,1.0,1.11576,20000.0,10000.0,-2.3,BOT,EUR,USD,20160327 19:56:52 EST,,-0.300000000002,19820.6,388809.8,1.11576,19964.6,-2.3
73,Paper,Paper,2.0,USD,IDEALPRO,73.0,,,1.0,1.11559,20000.0,-10000.0,-3.7,SLD,EUR,USD,20160327 22:03:42 EST,,-1.7,19816.9,388809.8,1.11559,19962.9,-3.7
74,Paper,Paper,2.0,USD,IDEALPRO,74.0,,,1.0,1.11631,20000.0,10000.0,-9.2,BOT,EUR,USD,20160328 02:32:44 EST,,-7.2,19807.7,388809.8,1.11631,19955.7,-9.2
75,Paper,Paper,2.0,USD,IDEALPRO,75.0,,,1.0,1.11684,20000.0,-10000.0,3.3,SLD,EUR,USD,20160328 03:46:15 EST,,5.3,19811.0,388809.8,1.11684,19961.0,3.3
76,Paper,Paper,2.0,USD,IDEALPRO,76.0,,,1.0,1.11695,20000.0,10000.0,-3.1,BOT,EUR,USD,20160328 04:10:06 EST,,-1.1,19807.9,388809.8,1.11695,19959.9,-3.1
77,Paper,Paper,2.0,USD,IDEALPRO,77.0,,,1.0,1.11699,20000.0,-10000.0,-1.6,SLD,EUR,USD,20160328 05:13:12 EST,,0.399999999998,19806.3,388809.8,1.11699,19960.3,-1.6
78,Paper,Paper,2.0,USD,IDEALPRO,78.0,,,1.0,1.12075,20000.0,10000.0,-39.6,BOT,EUR,USD,20160328 12:04:44 EST,,-37.6,19766.7,388809.8,1.12075,19922.7,-39.6
79,Paper,Paper,2.0,USD,IDEALPRO,79.0,,,1.0,1.12003,20000.0,-10000.0,-9.2,SLD,EUR,USD,20160328 12:35:00 EST,,-7.2,19757.5,388809.8,1.12003,19915.5,-9.2
80,Paper,Paper,2.0,USD,IDEALPRO,80.0,,,1.0,1.12013,20000.0,10000.0,-3.0,BOT,EUR,USD,20160328 13:37:33 EST,,-1.0,19754.5,388809.8,1.12013,19914.5,-3.0
81,Paper,Paper,2.0,USD,IDEALPRO,81.0,,,1.0,1.12047,20000.0,-10000.0,1.4,SLD,EUR,USD,20160328 14:50:04 EST,,3.4,19755.9,388809.8,1.12047,19917.9,1.4
82,Paper,Paper,2.0,USD,IDEALPRO,82.0,,,1.0,1.11987,20000.0,10000.0,4.0,BOT,EUR,USD,20160328 18:09:57 EST,,6.0,19759.9,388809.8,1.11987,19923.9,4.0
83,Paper,Paper,2.0,USD,IDEALPRO,83.0,,,1.0,1.11994,20000.0,-10000.0,-1.3,SLD,EUR,USD,20160328 19:15:57 EST,,0.699999999998,19758.6,388809.8,1.11994,19924.6,-1.3
84,Paper,Paper,2.0,USD,IDEALPRO,84.0,,,1.0,1.11963,20000.0,10000.0,1.1,BOT,EUR,USD,20160328 20:06:31 EST,,3.1,19759.7,388809.8,1.11963,19927.7,1.1
85,Paper,Paper,2.0,USD,IDEALPRO,85.0,,,1.0,1.11999,20000.0,-10000.0,1.6,SLD,EUR,USD,20160328 20:54:19 EST,,3.6,19761.3,388809.8,1.11999,19931.3,1.6
86,Paper,Paper,2.0,USD,IDEALPRO,86.0,,,1.0,1.11984,20000.0,10000.0,-0.499999999999,BOT,EUR,USD,20160328 23:31:35 EST,,1.5,19760.8,388809.8,1.11984,19932.8,-0.499999999999
87,Paper,Paper,2.0,USD,IDEALPRO,87.0,,,1.0,1.11891,20000.0,-10000.0,-11.3,SLD,EUR,USD,20160329 00:32:43 EST,,-9.3,19749.5,388809.8,1.11891,19923.5,-11.3
