permid,account,clientid,commission,commission_currency,exchange,execid,expiry,level_0,orderid,price,qty,openqty,realized_PnL,side,symbol,symbol_currency,times,yield_redemption_date,PurePL,balance,margin_available,openprice,purebalance,real_pnl,mark_to_mkt,pure_mark_to_mkt
1,Paper,Paper,20.554512,USD,IDEALPRO,1.0,,,1.0,116.787,1000000.0,1000000.0,-20.554512,BOT,CHF,JPY,20160330 08:35:56 EST,,0.0,19979.445488,-627725.6,116.787,20000.0,-20.554512,,
2,Paper,Paper,20.558384,USD,IDEALPRO,2.0,,,1.0,116.809,4000000.0,-3000000.0,173.041616,SLD,CHF,JPY,20160330 09:10:10 EST,,193.6,20152.487104,-2683564.0,116.809,20193.6,173.041616,,
3,Paper,Paper,61.677792,USD,IDEALPRO,3.0,,,1.0,116.814,4000000.0,1000000.0,-193.677792,BOT,CHF,JPY,20160330 09:10:40 EST,,-132.0,19958.809312,-627637.6,116.814,20061.6,-193.677792,,
4,Paper,Paper,20.507344,USD,IDEALPRO,4.0,,,1.0,116.519,2000000.0,-1000000.0,-2616.507344,SLD,CHF,JPY,20160330 16:48:45 EST,,-2596.0,17342.301968,-627637.6,116.519,17465.6,-2616.507344,,
5,Paper,Paper,20.501536,USD,IDEALPRO,5.0,,,1.0,116.486,2000000.0,1000000.0,269.898464,BOT,CHF,JPY,20160330 19:46:35 EST,,290.4,17612.200432,-627637.6,116.486,17756.0,269.898464,,
6,Paper,Paper,20.472672,USD,IDEALPRO,6.0,,,1.0,116.322,2000000.0,-1000000.0,-1463.672672,SLD,CHF,JPY,20160330 22:13:28 EST,,-1443.2,16148.52776,-627637.6,116.322,16312.8,-1463.672672,,
7,Paper,Paper,20.474608,USD,IDEALPRO,7.0,,,1.0,116.333,2000000.0,1000000.0,-117.274608,BOT,CHF,JPY,20160330 22:25:02 EST,,-96.8,16031.253152,-627637.6,116.333,16216.0,-117.274608,,
8,Paper,Paper,20.513152,USD,IDEALPRO,8.0,,,1.0,116.552,2000000.0,-1000000.0,1906.686848,SLD,CHF,JPY,20160331 03:16:16 EST,,1927.2,17937.94,-627637.6,116.552,18143.2,1906.686848,,
9,Paper,Paper,20.550816,USD,IDEALPRO,9.0,,,1.0,116.766,2000000.0,1000000.0,-1903.750816,BOT,CHF,JPY,20160331 06:10:03 EST,,-1883.2,16034.189184,-627637.6,116.766,16260.0,-1903.750816,,
10,Paper,Paper,20.558912,USD,IDEALPRO,10.0,,,1.0,116.812,1000000.0,0.0,384.241088,SLD,CHF,JPY,20160331 11:23:15 EST,,404.8,16418.430272,400308.0,116.766,16664.8,384.241088,,
11,Paper,Paper,20.56032,USD,IDEALPRO,11.0,,,1.0,116.82,1000000.0,1000000.0,-20.56032,BOT,CHF,JPY,20160331 11:23:45 EST,,0.0,16397.869952,-627708.0,116.82,16664.8,-20.56032,,
12,Paper,Paper,20.558912,USD,IDEALPRO,12.0,,,1.0,116.812,1000000.0,0.0,-90.958912,SLD,CHF,JPY,20160401 04:09:36 EST,,-70.4,16306.91104,400237.6,116.82,16594.4,-90.958912,,
13,Paper,Paper,20.56032,USD,IDEALPRO,13.0,,,1.0,116.82,1000000.0,1000000.0,-20.56032,BOT,CHF,JPY,20160401 05:42:51 EST,,0.0,16286.35072,-627778.4,116.82,16594.4,-20.56032,,
14,Paper,Paper,20.558912,USD,IDEALPRO,14.0,,,1.0,116.812,1000000.0,0.0,-90.958912,SLD,CHF,JPY,20160401 06:02:11 EST,,-70.4,16195.391808,400167.2,116.82,16524.0,-90.958912,,
15,Paper,Paper,20.558912,USD,IDEALPRO,15.0,,,1.0,116.812,1000000.0,-1000000.0,-20.558912,SLD,CHF,JPY,20160401 10:05:11 EST,,0.0,16174.832896,-627778.4,116.812,16524.0,-20.558912,,
16,Paper,Paper,20.56032,USD,IDEALPRO,16.0,,,1.0,116.82,2000000.0,1000000.0,-90.9603199998,BOT,CHF,JPY,20160401 10:24:22 EST,,-70.3999999998,16083.872576,-627778.4,116.82,16453.6,-90.9603199998,,
17,Paper,Paper,20.558912,USD,IDEALPRO,17.0,,,1.0,116.812,2000000.0,-1000000.0,-90.958912,SLD,CHF,JPY,20160401 11:32:32 EST,,-70.4,15992.913664,-627778.4,116.812,16383.2,-90.958912,,
18,Paper,Paper,20.56032,USD,IDEALPRO,18.0,,,1.0,116.82,1000000.0,0.0,-90.9603199998,BOT,CHF,JPY,20160401 12:50:09 EST,,-70.3999999998,15901.953344,400237.6,116.812,16312.8,-90.9603199998,,
19,Paper,Paper,20.56032,USD,IDEALPRO,19.0,,,1.0,116.82,1000000.0,1000000.0,-20.56032,BOT,CHF,JPY,20160401 14:18:25 EST,,0.0,15881.393024,-627778.4,116.82,16312.8,-20.56032,,
20,Paper,Paper,20.558912,USD,IDEALPRO,20.0,,,1.0,116.812,2000000.0,-1000000.0,-90.958912,SLD,CHF,JPY,20160401 14:57:26 EST,,-70.4,15790.434112,-627778.4,116.812,16242.4,-90.958912,,
21,Paper,Paper,20.56032,USD,IDEALPRO,21.0,,,1.0,116.82,2000000.0,1000000.0,-90.9603199998,BOT,CHF,JPY,20160401 16:27:58 EST,,-70.3999999998,15699.473792,-627778.4,116.82,16172.0,-90.9603199998,,
22,Paper,Paper,20.558912,USD,IDEALPRO,22.0,,,1.0,116.812,2000000.0,-1000000.0,-90.958912,SLD,CHF,JPY,20160401 17:21:27 EST,,-70.4,15608.51488,-627778.4,116.812,16101.6,-90.958912,,
23,Paper,Paper,20.56032,USD,IDEALPRO,23.0,,,1.0,116.82,2000000.0,1000000.0,-90.9603199998,BOT,CHF,JPY,20160401 22:34:50 EST,,-70.3999999998,15517.55456,-627778.4,116.82,16031.2,-90.9603199998,,
24,Paper,Paper,20.558912,USD,IDEALPRO,24.0,,,1.0,116.812,2000000.0,-1000000.0,-90.958912,SLD,CHF,JPY,20160402 06:09:49 EST,,-70.4,15426.595648,-627778.4,116.812,15960.8,-90.958912,,
25,Paper,Paper,20.433952,USD,IDEALPRO,25.0,,,1.0,116.102,2000000.0,1000000.0,6227.566048,BOT,CHF,JPY,20160404 03:00:11 EST,,6248.0,21654.161696,-627778.4,116.102,22208.8,6227.566048,,
26,Paper,Paper,20.484288,USD,IDEALPRO,26.0,,,1.0,116.388,2000000.0,-1000000.0,2496.315712,SLD,CHF,JPY,20160404 04:11:14 EST,,2516.8,24150.477408,-627778.4,116.388,24725.6,2496.315712,,
27,Paper,Paper,20.468976,USD,IDEALPRO,27.0,,,1.0,116.301,3000000.0,2000000.0,745.131024,BOT,CHF,JPY,20160404 09:22:03 EST,,765.6,24895.608432,-1651227.2,116.301,25491.2,745.131024,,
28,Paper,Paper,20.407552,USD,IDEALPRO,28.0,,,1.0,115.952,1000000.0,1000000.0,-3091.607552,SLD,CHF,JPY,20160404 12:40:52 EST,,-3071.2,21804.00088,-630849.6,116.301,22420.0,-3091.607552,,
29,Paper,Paper,20.425504,USD,IDEALPRO,29.0,,,1.0,116.054,3000000.0,-2000000.0,-2194.025504,SLD,CHF,JPY,20160404 15:59:24 EST,,-2173.6,19609.975376,-1652124.8,116.054,20246.4,-2194.025504,,
30,Paper,Paper,40.854528,USD,IDEALPRO,30.0,,,1.0,116.064,2000000.0,0.0,-216.854528,BOT,CHF,JPY,20160404 16:04:01 EST,,-176.0,19393.120848,390601.6,116.054,20070.4,-216.854528,,
31,Paper,Paper,20.43096,USD,IDEALPRO,31.0,,,1.0,116.085,1000000.0,1000000.0,-20.43096,BOT,CHF,JPY,20160404 17:15:24 EST,,0.0,19372.689888,-630946.4,116.085,20070.4,-20.43096,,
32,Paper,Paper,20.42568,USD,IDEALPRO,32.0,,,1.0,116.055,1000000.0,0.0,-284.42568,SLD,CHF,JPY,20160404 18:20:51 EST,,-264.0,19088.264208,390337.6,116.085,19806.4,-284.42568,,
33,Paper,Paper,20.422864,USD,IDEALPRO,33.0,,,1.0,116.039,1000000.0,1000000.0,-20.422864,BOT,CHF,JPY,20160404 19:30:06 EST,,0.0,19067.841344,-630805.6,116.039,19806.4,-20.422864,,
34,Paper,Paper,20.41424,USD,IDEALPRO,34.0,,,1.0,115.99,1000000.0,0.0,-451.61424,SLD,CHF,JPY,20160404 19:38:47 EST,,-431.2,18616.227104,389906.4,116.039,19375.2,-451.61424,,
35,Paper,Paper,20.379392,USD,IDEALPRO,35.0,,,1.0,115.792,1000000.0,1000000.0,-20.379392,BOT,CHF,JPY,20160404 21:12:43 EST,,0.0,18595.847712,-629063.2,115.792,19375.2,-20.379392,,
36,Paper,Paper,20.375872,USD,IDEALPRO,36.0,,,1.0,115.772,1000000.0,0.0,-196.375872,SLD,CHF,JPY,20160404 21:21:51 EST,,-176.0,18399.47184,389730.4,115.792,19199.2,-196.375872,,
37,Paper,Paper,20.3588,USD,IDEALPRO,37.0,,,1.0,115.675,1000000.0,-1000000.0,-20.3588,SLD,CHF,JPY,20160404 22:19:20 EST,,0.0,18379.11304,-628209.6,115.675,19199.2,-20.3588,,
38,Paper,Paper,20.371824,USD,IDEALPRO,38.0,,,1.0,115.749,1000000.0,0.0,-671.571824,BOT,CHF,JPY,20160405 00:19:29 EST,,-651.2,17707.541216,390381.6,115.675,18548.0,-671.571824,,
39,Paper,Paper,20.332576,USD,IDEALPRO,39.0,,,1.0,115.526,1000000.0,-1000000.0,-20.332576,SLD,CHF,JPY,20160405 01:17:25 EST,,0.0,17687.20864,-626247.2,115.526,18548.0,-20.332576,,
40,Paper,Paper,20.29104,USD,IDEALPRO,40.0,,,1.0,115.29,1000000.0,0.0,2056.50896,BOT,CHF,JPY,20160405 13:55:07 EST,,2076.8,19743.7176,388304.8,115.526,20624.8,2056.50896,,
41,Paper,Paper,20.311984,USD,IDEALPRO,41.0,,,1.0,115.409,1000000.0,-1000000.0,-20.311984,SLD,CHF,JPY,20160405 15:29:04 EST,,0.0,19723.405616,-627294.4,115.409,20624.8,-20.311984,,
42,Paper,Paper,20.312688,USD,IDEALPRO,42.0,,,1.0,115.413,2000000.0,1000000.0,-55.512688,BOT,CHF,JPY,20160405 18:48:14 EST,,-35.2,19667.892928,-627294.4,115.413,20589.6,-55.512688,,
43,Paper,Paper,20.309168,USD,IDEALPRO,43.0,,,1.0,115.393,2000000.0,-1000000.0,-196.309168,SLD,CHF,JPY,20160405 20:05:49 EST,,-176.0,19471.58376,-627294.4,115.393,20413.6,-196.309168,,
44,Paper,Paper,20.329408,USD,IDEALPRO,44.0,,,1.0,115.508,1000000.0,0.0,-1032.329408,BOT,CHF,JPY,20160405 20:46:51 EST,,-1012.0,18439.254352,389176.0,115.393,19401.6,-1032.329408,,
45,Paper,Paper,20.30072,USD,IDEALPRO,45.0,,,1.0,115.345,1000000.0,-1000000.0,-20.30072,SLD,CHF,JPY,20160405 21:08:07 EST,,0.0,18418.953632,-625860.0,115.345,19401.6,-20.30072,,
46,Paper,Paper,20.308464,USD,IDEALPRO,46.0,,,1.0,115.389,1000000.0,0.0,-407.508464,BOT,CHF,JPY,20160405 22:09:36 EST,,-387.2,18011.445168,389563.2,115.345,19014.4,-407.508464,,
47,Paper,Paper,40.653888,USD,IDEALPRO,47.0,,,1.0,115.494,2000000.0,-2000000.0,-40.653888,SLD,CHF,JPY,20160405 22:29:40 EST,,0.0,17970.79128,-1643131.2,115.494,19014.4,-40.653888,,
48,Paper,Paper,20.3368,USD,IDEALPRO,48.0,,,1.0,115.55,1000000.0,-1000000.0,-513.1368,BOT,CHF,JPY,20160405 22:49:29 EST,,-492.8,17457.65448,-626291.2,115.494,18521.6,-513.1368,,
49,Paper,Paper,20.323248,USD,IDEALPRO,49.0,,,1.0,115.473,3000000.0,2000000.0,164.476752,BOT,CHF,JPY,20160405 23:08:52 EST,,184.8,17622.131232,-1642453.6,115.473,18706.4,164.476752,,
50,Paper,Paper,40.632768,USD,IDEALPRO,50.0,,,1.0,115.434,3000000.0,-1000000.0,-727.032768,SLD,CHF,JPY,20160405 23:47:00 EST,,-686.4,16895.098464,-626634.4,115.434,18020.0,-727.032768,,
51,Paper,Paper,20.30248,USD,IDEALPRO,51.0,,,1.0,115.355,1000000.0,0.0,674.89752,BOT,CHF,JPY,20160406 01:03:05 EST,,695.2,17569.995984,388489.6,115.434,18715.2,674.89752,,
52,Paper,Paper,20.285936,USD,IDEALPRO,52.0,,,1.0,115.261,1000000.0,-1000000.0,-20.285936,SLD,CHF,JPY,20160406 01:23:19 EST,,0.0,17549.710048,-625807.2,115.261,18715.2,-20.285936,,
53,Paper,Paper,20.280832,USD,IDEALPRO,53.0,,,1.0,115.232,1000000.0,0.0,234.919168,BOT,CHF,JPY,20160406 01:42:34 EST,,255.2,17784.629216,388234.4,115.261,18970.4,234.919168,,
54,Paper,Paper,40.554976,USD,IDEALPRO,54.0,,,1.0,115.213,2000000.0,-2000000.0,-40.554976,SLD,CHF,JPY,20160406 02:23:12 EST,,0.0,17744.07424,-1639514.4,115.213,18970.4,-40.554976,,
55,Paper,Paper,40.510272,USD,IDEALPRO,55.0,,,1.0,115.086,2000000.0,0.0,2194.689728,BOT,CHF,JPY,20160406 02:43:01 EST,,2235.2,19938.763968,385999.2,115.213,21205.6,2194.689728,,
56,Paper,Paper,20.2312,USD,IDEALPRO,56.0,,,1.0,114.95,1000000.0,1000000.0,-20.2312,BOT,CHF,JPY,20160406 03:42:25 EST,,0.0,19918.532768,-625560.8,114.95,21205.6,-20.2312,,
57,Paper,Paper,20.234192,USD,IDEALPRO,57.0,,,1.0,114.967,1000000.0,0.0,129.365808,SLD,CHF,JPY,20160406 04:01:14 EST,,149.6,20047.898576,386148.8,114.95,21355.2,129.365808,,
58,Paper,Paper,20.213072,USD,IDEALPRO,58.0,,,1.0,114.847,1000000.0,1000000.0,-20.213072,BOT,CHF,JPY,20160406 04:20:28 EST,,0.0,20027.685504,-624504.8,114.847,21355.2,-20.213072,,
59,Paper,Paper,20.207968,USD,IDEALPRO,59.0,,,1.0,114.818,2000000.0,-1000000.0,-275.407968,SLD,CHF,JPY,20160406 04:40:41 EST,,-255.2,19752.277536,-624504.8,114.818,21100.0,-275.407968,,
60,Paper,Paper,20.245984,USD,IDEALPRO,60.0,,,1.0,115.034,2000000.0,1000000.0,-1921.045984,BOT,CHF,JPY,20160406 05:42:07 EST,,-1900.8,17831.231552,-624504.8,115.034,19199.2,-1921.045984,,
61,Paper,Paper,20.236128,USD,IDEALPRO,61.0,,,1.0,114.978,2000000.0,-1000000.0,-513.036128,SLD,CHF,JPY,20160406 07:52:29 EST,,-492.8,17318.195424,-624504.8,114.978,18706.4,-513.036128,,
62,Paper,Paper,20.227152,USD,IDEALPRO,62.0,,,1.0,114.927,2000000.0,1000000.0,428.572848,BOT,CHF,JPY,20160406 08:12:25 EST,,448.8,17746.768272,-624504.8,114.927,19155.2,428.572848,,
63,Paper,Paper,20.24088,USD,IDEALPRO,63.0,,,1.0,115.005,2000000.0,-1000000.0,666.15912,SLD,CHF,JPY,20160406 08:46:18 EST,,686.4,18412.927392,-624504.8,115.005,19841.6,666.15912,,
64,Paper,Paper,20.260944,USD,IDEALPRO,64.0,,,1.0,115.119,2000000.0,1000000.0,-1023.460944,BOT,CHF,JPY,20160406 09:05:03 EST,,-1003.2,17389.466448,-624504.8,115.119,18838.4,-1023.460944,,
65,Paper,Paper,20.23736,USD,IDEALPRO,65.0,,,1.0,114.985,1000000.0,0.0,-1199.43736,SLD,CHF,JPY,20160406 09:24:17 EST,,-1179.2,16190.029088,387363.2,115.119,17659.2,-1199.43736,,
66,Paper,Paper,20.246688,USD,IDEALPRO,66.0,,,1.0,115.038,1000000.0,-1000000.0,-20.246688,SLD,CHF,JPY,20160406 10:03:50 EST,,0.0,16169.7824,-624971.2,115.038,17659.2,-20.246688,,
67,Paper,Paper,20.267632,USD,IDEALPRO,67.0,,,1.0,115.157,1000000.0,0.0,-1067.467632,BOT,CHF,JPY,20160406 10:42:53 EST,,-1047.2,15102.314768,388410.4,115.038,16612.0,-1067.467632,,
68,Paper,Paper,20.233488,USD,IDEALPRO,68.0,,,1.0,114.963,1000000.0,1000000.0,-20.233488,BOT,CHF,JPY,20160406 11:02:09 EST,,0.0,15082.08128,-623264.0,114.963,16612.0,-20.233488,,
69,Paper,Paper,20.23384,USD,IDEALPRO,69.0,,,1.0,114.965,2000000.0,-1000000.0,-2.63383999992,SLD,CHF,JPY,20160406 11:20:23 EST,,17.6000000001,15079.44744,-623264.0,114.965,16629.6,-2.63383999992,,
70,Paper,Paper,20.2048,USD,IDEALPRO,70.0,,,1.0,114.8,1000000.0,-2000000.0,-20.2048,SLD,CHF,JPY,20160406 18:50:11 EST,,0.0,15059.24264,-1633504.0,114.8825,16629.6,-20.2048,,
71,Paper,Paper,40.395872,USD,IDEALPRO,71.0,,,1.0,114.761,2000000.0,0.0,2098.004128,BOT,CHF,JPY,20160406 19:10:28 EST,,2138.4,17157.246768,386289.6,114.8825,18768.0,2098.004128,,
72,Paper,Paper,20.20392,USD,IDEALPRO,72.0,,,1.0,114.795,1000000.0,-1000000.0,-20.20392,SLD,CHF,JPY,20160406 19:33:50 EST,,0.0,17137.042848,-623906.4,114.795,18768.0,-20.20392,,
73,Paper,Paper,20.2048,USD,IDEALPRO,73.0,,,1.0,114.8,1000000.0,0.0,-64.2048,BOT,CHF,JPY,20160406 19:34:21 EST,,-44.0,17072.838048,386333.6,114.795,18724.0,-64.2048,,
74,Paper,Paper,40.375104,USD,IDEALPRO,74.0,,,1.0,114.702,2000000.0,-2000000.0,-40.375104,SLD,CHF,JPY,20160406 20:14:28 EST,,0.0,17032.462944,-1632421.6,114.702,18724.0,-40.375104,,
75,Paper,Paper,40.394464,USD,IDEALPRO,75.0,,,1.0,114.757,3000000.0,1000000.0,-1008.394464,BOT,CHF,JPY,20160406 20:22:37 EST,,-968.0,16024.06848,-622560.0,114.757,17756.0,-1008.394464,,
76,Paper,Paper,20.19424,USD,IDEALPRO,76.0,,,1.0,114.74,1000000.0,0.0,-169.79424,SLD,CHF,JPY,20160406 20:34:49 EST,,-149.6,15854.27424,387152.0,114.757,17606.4,-169.79424,,
77,Paper,Paper,20.19424,USD,IDEALPRO,77.0,,,1.0,114.74,1000000.0,1000000.0,-20.19424,BOT,CHF,JPY,20160406 20:55:19 EST,,0.0,15834.08,-622560.0,114.74,17606.4,-20.19424,,
78,Paper,Paper,20.15816,USD,IDEALPRO,78.0,,,1.0,114.535,2000000.0,-1000000.0,-1824.15816,SLD,CHF,JPY,20160406 21:15:48 EST,,-1804.0,14009.92184,-622560.0,114.535,15802.4,-1824.15816,,
79,Paper,Paper,20.172064,USD,IDEALPRO,79.0,,,1.0,114.614,1000000.0,0.0,-715.372064,BOT,CHF,JPY,20160406 21:35:15 EST,,-695.2,13294.549776,386043.2,114.535,15107.2,-715.372064,,
80,Paper,Paper,20.152528,USD,IDEALPRO,80.0,,,1.0,114.503,1000000.0,-1000000.0,-20.152528,SLD,CHF,JPY,20160406 21:54:36 EST,,0.0,13274.397248,-621583.2,114.503,15107.2,-20.152528,,
81,Paper,Paper,20.119264,USD,IDEALPRO,81.0,,,1.0,114.314,1000000.0,0.0,1643.080736,BOT,CHF,JPY,20160407 00:16:34 EST,,1663.2,14917.477984,384380.0,114.503,16770.4,1643.080736,14917.477984,16770.4
82,Paper,Paper,20.09744,USD,IDEALPRO,82.0,,,1.0,114.19,1000000.0,-1000000.0,-20.09744,SLD,CHF,JPY,20160407 00:55:11 EST,,0.0,14897.380544,-620492.0,114.19,16770.4,-20.09744,-18138436.0595,-17935229.6
83,Paper,Paper,20.080016,USD,IDEALPRO,83.0,,,1.0,114.091,1000000.0,0.0,851.119984,BOT,CHF,JPY,20160407 01:54:23 EST,,871.2,15748.500528,383508.8,114.19,17641.6,851.119984,15748.500528,17641.6
84,Paper,Paper,20.096736,USD,IDEALPRO,84.0,,,1.0,114.186,1000000.0,-1000000.0,-20.096736,SLD,CHF,JPY,20160407 02:13:04 EST,,0.0,15728.403792,-621328.0,114.186,17641.6,-20.096736,-18489605.0362,-18286358.4
85,Paper,Paper,20.105536,USD,IDEALPRO,85.0,,,1.0,114.236,1000000.0,0.0,-460.105536,BOT,CHF,JPY,20160407 02:52:04 EST,,-440.0,15268.298256,383948.8,114.186,17201.6,-460.105536,15268.298256,17201.6
86,Paper,Paper,20.0596,USD,IDEALPRO,86.0,,,1.0,113.975,1000000.0,-1000000.0,-20.0596,SLD,CHF,JPY,20160407 03:30:54 EST,,0.0,15248.238656,-619031.2,113.975,17201.6,-20.0596,-37058085.2013,-36854798.4
87,Paper,Paper,19.955056,USD,IDEALPRO,87.0,,,1.0,113.381,2000000.0,1000000.0,5207.244944,BOT,CHF,JPY,20160407 08:44:20 EST,,5227.2,20455.4836,-619031.2,113.381,22428.8,5207.244944,87731146.6836,87934428.8
88,Paper,Paper,19.933408,USD,IDEALPRO,88.0,,,1.0,113.258,2000000.0,-1000000.0,-1102.333408,SLD,CHF,JPY,20160407 09:03:03 EST,,-1082.4,19353.150192,-619031.2,113.258,21346.4,-1102.333408,-100149980.29,-99946653.6
89,Paper,Paper,19.934464,USD,IDEALPRO,89.0,,,1.0,113.264,2000000.0,1000000.0,-72.734464,BOT,CHF,JPY,20160407 18:10:27 EST,,-52.8,19280.415728,-619031.2,113.264,21293.6,-72.734464,98025971.6157,98229293.6
90,Paper,Paper,19.933056,USD,IDEALPRO,90.0,,,1.0,113.256,2000000.0,-1000000.0,-90.333056,SLD,CHF,JPY,20160407 18:33:17 EST,,-70.4,19190.082672,-619031.2,113.256,21223.2,-90.333056,-100326143.357,-100122776.8
91,Paper,Paper,20.030912,USD,IDEALPRO,91.0,,,1.0,113.812,2000000.0,1000000.0,-4912.830912,BOT,CHF,JPY,20160407 22:00:17 EST,,-4892.8,14277.25176,-619031.2,113.812,16330.4,-4912.830912,49796968.4518,50000330.4
92,Paper,Paper,20.000816,USD,IDEALPRO,92.0,,,1.0,113.641,2000000.0,-1000000.0,-1524.800816,SLD,CHF,JPY,20160407 22:21:35 EST,,-1504.8,12752.450944,-619031.2,113.641,14825.6,-1524.800816,-66452580.9891,-66249174.4
93,Paper,Paper,20.022992,USD,IDEALPRO,93.0,,,1.0,113.767,1000000.0,0.0,-1128.822992,BOT,CHF,JPY,20160408 01:48:29 EST,,-1108.8,11623.627952,382118.4,113.641,13716.8,-1128.822992,11623.627952,13716.8
94,Paper,Paper,19.989024,USD,IDEALPRO,94.0,,,1.0,113.574,1000000.0,-1000000.0,-19.989024,SLD,CHF,JPY,20160408 02:12:23 EST,,0.0,11603.638928,-617332.8,113.574,13716.8,-19.989024,-72349729.8011,-72146283.2
