permid,account,clientid,commission,commission_currency,exchange,execid,expiry,level_0,orderid,price,qty,openqty,realized_PnL,side,symbol,symbol_currency,times,yield_redemption_date,PurePL,balance,margin_available,openprice,purebalance,real_pnl
1,Paper,Paper,2.0,USD,IDEALPRO,1.0,,,1.0,86.258,10000.0,-10000.0,-2.0,SLD,CAD,JPY,20160323 05:41:05 EST,,0.0,19998.0,392409.296,86.258,20000.0,-2.0
2,Paper,Paper,2.0,USD,IDEALPRO,2.0,,,1.0,86.162,20000.0,10000.0,6.448,BOT,CAD,JPY,20160323 06:27:24 EST,,8.448,20004.448,392409.296,86.162,20008.448,6.448
3,Paper,Paper,2.0,USD,IDEALPRO,3.0,,,1.0,86.192,20000.0,-10000.0,0.639999999999,SLD,CAD,JPY,20160323 08:22:06 EST,,2.64,20005.088,392409.296,86.192,20011.088,0.639999999999
4,Paper,Paper,2.0,USD,IDEALPRO,4.0,,,1.0,86.161,20000.0,10000.0,0.728000000001,BOT,CAD,JPY,20160323 08:34:24 EST,,2.728,20005.816,392409.296,86.161,20013.816,0.728000000001
5,Paper,Paper,2.0,USD,IDEALPRO,5.0,,,1.0,86.114,20000.0,-10000.0,-6.136,SLD,CAD,JPY,20160323 08:49:44 EST,,-4.136,19999.68,392409.296,86.114,20009.68,-6.136
6,Paper,Paper,2.0,USD,IDEALPRO,6.0,,,1.0,85.934,20000.0,10000.0,13.84,BOT,CAD,JPY,20160323 09:08:43 EST,,15.84,20013.52,392409.296,85.934,20025.52,13.84
7,Paper,Paper,2.0,USD,IDEALPRO,7.0,,,1.0,85.638,20000.0,-10000.0,-28.048,SLD,CAD,JPY,20160323 09:53:00 EST,,-26.048,19985.472,392409.296,85.638,19999.472,-28.048
8,Paper,Paper,2.0,USD,IDEALPRO,8.0,,,1.0,85.369,20000.0,10000.0,21.672,BOT,CAD,JPY,20160323 11:28:54 EST,,23.672,20007.144,392409.296,85.369,20023.144,21.672
9,Paper,Paper,2.0,USD,IDEALPRO,9.0,,,1.0,85.05,20000.0,-10000.0,-30.072,SLD,CAD,JPY,20160323 15:08:49 EST,,-28.072,19977.072,392409.296,85.05,19995.072,-30.072
10,Paper,Paper,2.0,USD,IDEALPRO,10.0,,,1.0,85.125,20000.0,10000.0,-8.6,BOT,CAD,JPY,20160323 15:59:07 EST,,-6.6,19968.472,392409.296,85.125,19988.472,-8.6
11,Paper,Paper,2.0,USD,IDEALPRO,11.0,,,1.0,85.053,20000.0,-10000.0,-8.336,SLD,CAD,JPY,20160323 16:24:54 EST,,-6.336,19960.136,392409.296,85.053,19982.136,-8.336
12,Paper,Paper,2.0,USD,IDEALPRO,12.0,,,1.0,85.113,20000.0,10000.0,-7.28,BOT,CAD,JPY,20160323 16:54:02 EST,,-5.28,19952.856,392409.296,85.113,19976.856,-7.28
13,Paper,Paper,2.0,USD,IDEALPRO,13.0,,,1.0,85.08,20000.0,-10000.0,-4.904,SLD,CAD,JPY,20160323 17:45:40 EST,,-2.904,19947.952,392409.296,85.08,19973.952,-4.904
14,Paper,Paper,2.0,USD,IDEALPRO,14.0,,,1.0,85.124,20000.0,10000.0,-5.872,BOT,CAD,JPY,20160323 18:35:24 EST,,-3.872,19942.08,392409.296,85.124,19970.08,-5.872
15,Paper,Paper,2.0,USD,IDEALPRO,15.0,,,1.0,85.14,20000.0,-10000.0,-0.592,SLD,CAD,JPY,20160323 21:03:19 EST,,1.408,19941.488,392409.296,85.14,19971.488,-0.592
16,Paper,Paper,2.0,USD,IDEALPRO,16.0,,,1.0,85.21,20000.0,10000.0,-8.16,BOT,CAD,JPY,20160323 23:20:56 EST,,-6.16,19933.328,392409.296,85.21,19965.328,-8.16
17,Paper,Paper,2.0,USD,IDEALPRO,17.0,,,1.0,85.279,20000.0,-10000.0,4.072,SLD,CAD,JPY,20160324 00:50:42 EST,,6.072,19937.4,392409.296,85.279,19971.4,4.072
18,Paper,Paper,2.0,USD,IDEALPRO,18.0,,,1.0,85.309,20000.0,10000.0,-4.64,BOT,CAD,JPY,20160324 01:17:52 EST,,-2.64,19932.76,392409.296,85.309,19968.76,-4.64
19,Paper,Paper,2.0,USD,IDEALPRO,19.0,,,1.0,85.301,20000.0,-10000.0,-2.704,SLD,CAD,JPY,20160324 01:44:06 EST,,-0.704,19930.056,392409.296,85.301,19968.056,-2.704
20,Paper,Paper,2.0,USD,IDEALPRO,20.0,,,1.0,85.206,20000.0,10000.0,6.36,BOT,CAD,JPY,20160324 02:24:04 EST,,8.36,19936.416,392409.296,85.206,19976.416,6.36
21,Paper,Paper,2.0,USD,IDEALPRO,21.0,,,1.0,85.23,20000.0,-10000.0,0.112,SLD,CAD,JPY,20160324 03:15:31 EST,,2.112,19936.528,392409.296,85.23,19978.528,0.112
22,Paper,Paper,2.0,USD,IDEALPRO,22.0,,,1.0,85.168,20000.0,10000.0,3.456,BOT,CAD,JPY,20160324 04:59:25 EST,,5.456,19939.984,392409.296,85.168,19983.984,3.456
23,Paper,Paper,2.0,USD,IDEALPRO,23.0,,,1.0,85.114,20000.0,-10000.0,-6.752,SLD,CAD,JPY,20160324 05:26:54 EST,,-4.752,19933.232,392409.296,85.114,19979.232,-6.752
24,Paper,Paper,2.0,USD,IDEALPRO,24.0,,,1.0,85.085,20000.0,10000.0,0.552,BOT,CAD,JPY,20160324 06:19:36 EST,,2.552,19933.784,392409.296,85.085,19981.784,0.552
25,Paper,Paper,2.0,USD,IDEALPRO,25.0,,,1.0,85.042,20000.0,-10000.0,-5.784,SLD,CAD,JPY,20160324 06:50:31 EST,,-3.784,19928.0,392409.296,85.042,19978.0,-5.784
26,Paper,Paper,2.0,USD,IDEALPRO,26.0,,,1.0,84.945,20000.0,10000.0,6.536,BOT,CAD,JPY,20160324 07:18:31 EST,,8.536,19934.536,392409.296,84.945,19986.536,6.536
27,Paper,Paper,2.0,USD,IDEALPRO,27.0,,,1.0,85.004,20000.0,-10000.0,3.192,SLD,CAD,JPY,20160324 07:43:56 EST,,5.192,19937.728,392409.296,85.004,19991.728,3.192
28,Paper,Paper,2.0,USD,IDEALPRO,28.0,,,1.0,84.728,20000.0,10000.0,22.288,BOT,CAD,JPY,20160324 09:02:54 EST,,24.288,19960.016,392409.296,84.728,20016.016,22.288
29,Paper,Paper,2.0,USD,IDEALPRO,29.0,,,1.0,84.657,20000.0,-10000.0,-8.248,SLD,CAD,JPY,20160324 09:29:41 EST,,-6.248,19951.768,392409.296,84.657,20009.768,-8.248
30,Paper,Paper,2.0,USD,IDEALPRO,30.0,,,1.0,84.803,20000.0,10000.0,-14.848,BOT,CAD,JPY,20160324 11:36:23 EST,,-12.848,19936.92,392409.296,84.803,19996.92,-14.848
31,Paper,Paper,2.0,USD,IDEALPRO,31.0,,,1.0,84.908,20000.0,-10000.0,7.24,SLD,CAD,JPY,20160324 12:03:25 EST,,9.24,19944.16,392409.296,84.908,20006.16,7.24
32,Paper,Paper,2.0,USD,IDEALPRO,32.0,,,1.0,85.08,20000.0,10000.0,-17.136,BOT,CAD,JPY,20160324 14:15:53 EST,,-15.136,19927.024,392409.296,85.08,19991.024,-17.136
33,Paper,Paper,2.0,USD,IDEALPRO,33.0,,,1.0,85.183,20000.0,-10000.0,7.064,SLD,CAD,JPY,20160324 18:35:04 EST,,9.064,19934.088,392409.296,85.183,20000.088,7.064
34,Paper,Paper,2.0,USD,IDEALPRO,34.0,,,1.0,85.214,20000.0,10000.0,-4.728,BOT,CAD,JPY,20160324 19:28:00 EST,,-2.728,19929.36,392409.296,85.214,19997.36,-4.728
35,Paper,Paper,2.0,USD,IDEALPRO,35.0,,,1.0,85.127,20000.0,-10000.0,-9.656,SLD,CAD,JPY,20160324 19:55:10 EST,,-7.656,19919.704,392409.296,85.127,19989.704,-9.656
36,Paper,Paper,2.0,USD,IDEALPRO,36.0,,,1.0,85.565,20000.0,10000.0,-40.544,BOT,CAD,JPY,20160324 20:55:42 EST,,-38.544,19879.16,392409.296,85.565,19951.16,-40.544
37,Paper,Paper,2.0,USD,IDEALPRO,37.0,,,1.0,85.246,20000.0,-10000.0,-30.072,SLD,CAD,JPY,20160324 22:48:30 EST,,-28.072,19849.088,392409.296,85.246,19923.088,-30.072
38,Paper,Paper,2.0,USD,IDEALPRO,38.0,,,1.0,85.331,20000.0,10000.0,-9.48,BOT,CAD,JPY,20160325 00:11:34 EST,,-7.48,19839.608,392409.296,85.331,19915.608,-9.48
39,Paper,Paper,2.0,USD,IDEALPRO,39.0,,,1.0,85.322,20000.0,-10000.0,-2.792,SLD,CAD,JPY,20160325 02:30:01 EST,,-0.792,19836.816,392409.296,85.322,19914.816,-2.792
40,Paper,Paper,2.0,USD,IDEALPRO,40.0,,,1.0,85.35,20000.0,10000.0,-4.464,BOT,CAD,JPY,20160325 03:52:03 EST,,-2.464,19832.352,392409.296,85.35,19912.352,-4.464
41,Paper,Paper,2.0,USD,IDEALPRO,41.0,,,1.0,85.302,20000.0,-10000.0,-6.224,SLD,CAD,JPY,20160325 04:28:20 EST,,-4.224,19826.128,392409.296,85.302,19908.128,-6.224
42,Paper,Paper,2.0,USD,IDEALPRO,42.0,,,1.0,85.332,20000.0,10000.0,-4.64,BOT,CAD,JPY,20160325 05:15:01 EST,,-2.64,19821.488,392409.296,85.332,19905.488,-4.64
43,Paper,Paper,2.0,USD,IDEALPRO,43.0,,,1.0,85.34,20000.0,-10000.0,-1.296,SLD,CAD,JPY,20160325 05:23:05 EST,,0.704,19820.192,392409.296,85.34,19906.192,-1.296
44,Paper,Paper,2.0,USD,IDEALPRO,44.0,,,1.0,85.336,20000.0,10000.0,-1.648,BOT,CAD,JPY,20160325 06:46:05 EST,,0.352,19818.544,392409.296,85.336,19906.544,-1.648
45,Paper,Paper,2.0,USD,IDEALPRO,45.0,,,1.0,85.367,20000.0,-10000.0,0.728000000001,SLD,CAD,JPY,20160325 07:28:20 EST,,2.728,19819.272,392409.296,85.367,19909.272,0.728000000001
46,Paper,Paper,2.0,USD,IDEALPRO,46.0,,,1.0,85.409,20000.0,10000.0,-5.696,BOT,CAD,JPY,20160325 07:42:24 EST,,-3.696,19813.576,392409.296,85.409,19905.576,-5.696
47,Paper,Paper,2.0,USD,IDEALPRO,47.0,,,1.0,85.41,20000.0,-10000.0,-1.912,SLD,CAD,JPY,20160325 07:54:28 EST,,0.0880000000004,19811.664,392409.296,85.41,19905.664,-1.912
48,Paper,Paper,2.0,USD,IDEALPRO,48.0,,,1.0,85.439,20000.0,10000.0,-4.552,BOT,CAD,JPY,20160325 08:35:43 EST,,-2.552,19807.112,392409.296,85.439,19903.112,-4.552
49,Paper,Paper,2.0,USD,IDEALPRO,49.0,,,1.0,85.413,20000.0,-10000.0,-4.288,SLD,CAD,JPY,20160325 08:52:19 EST,,-2.288,19802.824,392409.296,85.413,19900.824,-4.288
50,Paper,Paper,2.0,USD,IDEALPRO,50.0,,,1.0,85.424,20000.0,10000.0,-2.968,BOT,CAD,JPY,20160325 10:19:58 EST,,-0.968000000001,19799.856,392409.296,85.424,19899.856,-2.968
51,Paper,Paper,2.0,USD,IDEALPRO,51.0,,,1.0,85.396,20000.0,-10000.0,-4.464,SLD,CAD,JPY,20160325 10:51:09 EST,,-2.464,19795.392,392409.296,85.396,19897.392,-4.464
52,Paper,Paper,2.0,USD,IDEALPRO,52.0,,,1.0,85.38,20000.0,10000.0,-0.592,BOT,CAD,JPY,20160325 11:08:14 EST,,1.408,19794.8,392409.296,85.38,19898.8,-0.592
53,Paper,Paper,2.0,USD,IDEALPRO,53.0,,,1.0,85.258,20000.0,-10000.0,-12.736,SLD,CAD,JPY,20160325 11:52:29 EST,,-10.736,19782.064,392409.296,85.258,19888.064,-12.736
54,Paper,Paper,2.0,USD,IDEALPRO,54.0,,,1.0,85.273,20000.0,10000.0,-3.32,BOT,CAD,JPY,20160325 12:20:07 EST,,-1.32,19778.744,392409.296,85.273,19886.744,-3.32
55,Paper,Paper,2.0,USD,IDEALPRO,55.0,,,1.0,85.19,20000.0,-10000.0,-9.304,SLD,CAD,JPY,20160325 13:22:00 EST,,-7.304,19769.44,392409.296,85.19,19879.44,-9.304
56,Paper,Paper,2.0,USD,IDEALPRO,56.0,,,1.0,85.208,20000.0,10000.0,-3.584,BOT,CAD,JPY,20160325 13:36:05 EST,,-1.584,19765.856,392409.296,85.208,19877.856,-3.584
57,Paper,Paper,2.0,USD,IDEALPRO,57.0,,,1.0,85.187,20000.0,-10000.0,-3.848,SLD,CAD,JPY,20160325 13:48:10 EST,,-1.848,19762.008,392409.296,85.187,19876.008,-3.848
58,Paper,Paper,2.0,USD,IDEALPRO,58.0,,,1.0,85.228,20000.0,10000.0,-5.608,BOT,CAD,JPY,20160325 14:05:49 EST,,-3.608,19756.4,392409.296,85.228,19872.4,-5.608
59,Paper,Paper,2.0,USD,IDEALPRO,59.0,,,1.0,85.206,20000.0,-10000.0,-3.936,SLD,CAD,JPY,20160325 14:22:27 EST,,-1.936,19752.464,392409.296,85.206,19870.464,-3.936
60,Paper,Paper,2.0,USD,IDEALPRO,60.0,,,1.0,85.233,20000.0,10000.0,-4.376,BOT,CAD,JPY,20160325 15:20:48 EST,,-2.376,19748.088,392409.296,85.233,19868.088,-4.376
61,Paper,Paper,2.0,USD,IDEALPRO,61.0,,,1.0,85.208,20000.0,-10000.0,-4.2,SLD,CAD,JPY,20160325 15:36:25 EST,,-2.2,19743.888,392409.296,85.208,19865.888,-4.2
62,Paper,Paper,2.0,USD,IDEALPRO,62.0,,,1.0,85.21,20000.0,10000.0,-2.176,BOT,CAD,JPY,20160325 15:52:01 EST,,-0.176,19741.712,392409.296,85.21,19865.712,-2.176
63,Paper,Paper,2.0,USD,IDEALPRO,63.0,,,1.0,85.173,20000.0,-10000.0,-5.256,SLD,CAD,JPY,20160325 16:07:06 EST,,-3.256,19736.456,392409.296,85.173,19862.456,-5.256
64,Paper,Paper,2.0,USD,IDEALPRO,64.0,,,1.0,85.436,20000.0,10000.0,-25.144,BOT,CAD,JPY,20160327 19:36:33 EST,,-23.144,19711.312,392409.296,85.436,19839.312,-25.144
65,Paper,Paper,2.0,USD,IDEALPRO,65.0,,,1.0,85.68,20000.0,-10000.0,19.472,SLD,CAD,JPY,20160327 22:38:27 EST,,21.472,19730.784,392409.296,85.68,19860.784,19.472
66,Paper,Paper,2.0,USD,IDEALPRO,66.0,,,1.0,85.777,20000.0,10000.0,-10.536,BOT,CAD,JPY,20160328 03:10:59 EST,,-8.536,19720.248,392409.296,85.777,19852.248,-10.536
67,Paper,Paper,2.0,USD,IDEALPRO,67.0,,,1.0,85.793,20000.0,-10000.0,-0.592,SLD,CAD,JPY,20160328 06:11:07 EST,,1.408,19719.656,392409.296,85.793,19853.656,-0.592
68,Paper,Paper,2.0,USD,IDEALPRO,68.0,,,1.0,85.849,20000.0,10000.0,-6.928,BOT,CAD,JPY,20160328 10:07:58 EST,,-4.928,19712.728,392409.296,85.849,19848.728,-6.928
69,Paper,Paper,2.0,USD,IDEALPRO,69.0,,,1.0,85.786,20000.0,-10000.0,-7.544,SLD,CAD,JPY,20160328 10:34:36 EST,,-5.544,19705.184,392409.296,85.786,19843.184,-7.544
70,Paper,Paper,2.0,USD,IDEALPRO,70.0,,,1.0,85.972,20000.0,10000.0,-18.368,BOT,CAD,JPY,20160328 13:33:56 EST,,-16.368,19686.816,392409.296,85.972,19826.816,-18.368
71,Paper,Paper,2.0,USD,IDEALPRO,71.0,,,1.0,85.925,20000.0,-10000.0,-6.136,SLD,CAD,JPY,20160328 15:10:48 EST,,-4.136,19680.68,392409.296,85.925,19822.68,-6.136
72,Paper,Paper,2.0,USD,IDEALPRO,72.0,,,1.0,86.026,20000.0,10000.0,-10.888,BOT,CAD,JPY,20160328 15:33:54 EST,,-8.888,19669.792,392409.296,86.026,19813.792,-10.888
73,Paper,Paper,2.0,USD,IDEALPRO,73.0,,,1.0,86.014,20000.0,-10000.0,-3.056,SLD,CAD,JPY,20160328 18:08:02 EST,,-1.056,19666.736,392409.296,86.014,19812.736,-3.056
74,Paper,Paper,2.0,USD,IDEALPRO,74.0,,,1.0,86.026,20000.0,10000.0,-3.056,BOT,CAD,JPY,20160328 19:14:52 EST,,-1.056,19663.68,392409.296,86.026,19811.68,-3.056
75,Paper,Paper,2.0,USD,IDEALPRO,75.0,,,1.0,86.069,20000.0,-10000.0,1.784,SLD,CAD,JPY,20160328 19:43:34 EST,,3.784,19665.464,392409.296,86.069,19815.464,1.784
76,Paper,Paper,2.0,USD,IDEALPRO,76.0,,,1.0,86.028,20000.0,10000.0,1.608,BOT,CAD,JPY,20160328 20:07:10 EST,,3.608,19667.072,392409.296,86.028,19819.072,1.608
77,Paper,Paper,2.0,USD,IDEALPRO,77.0,,,1.0,85.96,20000.0,-10000.0,-7.984,SLD,CAD,JPY,20160328 20:40:19 EST,,-5.984,19659.088,392409.296,85.96,19813.088,-7.984
78,Paper,Paper,2.0,USD,IDEALPRO,78.0,,,1.0,86.085,20000.0,10000.0,-13.0,BOT,CAD,JPY,20160328 21:42:04 EST,,-11.0,19646.088,392409.296,86.085,19802.088,-13.0
79,Paper,Paper,2.0,USD,IDEALPRO,79.0,,,1.0,86.123,20000.0,-10000.0,1.344,SLD,CAD,JPY,20160328 22:41:17 EST,,3.344,19647.432,392409.296,86.123,19805.432,1.344
80,Paper,Paper,2.0,USD,IDEALPRO,80.0,,,1.0,86.09,20000.0,10000.0,0.903999999999,BOT,CAD,JPY,20160328 23:08:26 EST,,2.904,19648.336,392409.296,86.09,19808.336,0.903999999999
81,Paper,Paper,2.0,USD,IDEALPRO,81.0,,,1.0,86.145,20000.0,-10000.0,2.84,SLD,CAD,JPY,20160329 01:19:54 EST,,4.84,19651.176,392409.296,86.145,19813.176,2.84
82,Paper,Paper,2.0,USD,IDEALPRO,82.0,,,1.0,86.331,20000.0,10000.0,-18.368,BOT,CAD,JPY,20160329 08:04:44 EST,,-16.368,19632.808,392409.296,86.331,19796.808,-18.368
