permid,account,clientid,commission,commission_currency,exchange,execid,expiry,level_0,orderid,price,qty,openqty,realized_PnL,side,symbol,symbol_currency,times,yield_redemption_date,PurePL,balance,margin_available,openprice,purebalance,real_pnl
1,Paper,Paper,13.8572,USD,IDEALPRO,1.0,,,1.0,0.69286,1000000.0,1000000.0,-13.8572,BOT,NZD,USD,20160330 08:35:27 EST,,0.0,19986.1428,-292860.0,0.69286,20000.0,-13.8572
2,Paper,Paper,13.8228,USD,IDEALPRO,2.0,,,1.0,0.69114,2000000.0,-1000000.0,-1733.8228,SLD,NZD,USD,20160330 11:58:33 EST,,-1720.0,18252.32,-292860.0,0.69114,18280.0,-1733.8228
3,Paper,Paper,13.8578,USD,IDEALPRO,3.0,,,1.0,0.69289,2000000.0,1000000.0,-1763.8578,BOT,NZD,USD,20160330 14:30:12 EST,,-1750.0,16488.4622,-292860.0,0.69289,16530.0,-1763.8578
4,Paper,Paper,13.8372,USD,IDEALPRO,4.0,,,1.0,0.69186,2000000.0,-1000000.0,-1043.8372,SLD,NZD,USD,20160331 06:07:29 EST,,-1030.0,15444.625,-292860.0,0.69186,15500.0,-1043.8372
5,Paper,Paper,13.876,USD,IDEALPRO,5.0,,,1.0,0.6938,2000000.0,1000000.0,-1953.876,BOT,NZD,USD,20160331 08:05:51 EST,,-1940.0,13490.749,-292860.0,0.6938,13560.0,-1953.876
6,Paper,Paper,13.8754,USD,IDEALPRO,6.0,,,1.0,0.69377,1000000.0,0.0,-43.8754,SLD,NZD,USD,20160331 13:38:17 EST,,-30.0,13446.8736,400910.0,0.6938,13530.0,-43.8754
7,Paper,Paper,13.876,USD,IDEALPRO,7.0,,,1.0,0.6938,1000000.0,1000000.0,-13.876,BOT,NZD,USD,20160331 13:38:48 EST,,0.0,13432.9976,-292890.0,0.6938,13530.0,-13.876
8,Paper,Paper,13.8754,USD,IDEALPRO,8.0,,,1.0,0.69377,2000000.0,-1000000.0,-43.8754,SLD,NZD,USD,20160331 16:34:47 EST,,-30.0,13389.1222,-292890.0,0.69377,13500.0,-43.8754
9,Paper,Paper,13.876,USD,IDEALPRO,9.0,,,1.0,0.6938,2000000.0,1000000.0,-43.876,BOT,NZD,USD,20160331 19:35:00 EST,,-30.0,13345.2462,-292890.0,0.6938,13470.0,-43.876
10,Paper,Paper,13.8754,USD,IDEALPRO,10.0,,,1.0,0.69377,2000000.0,-1000000.0,-43.8754,SLD,NZD,USD,20160401 02:02:04 EST,,-30.0,13301.3708,-292890.0,0.69377,13440.0,-43.8754
11,Paper,Paper,13.876,USD,IDEALPRO,11.0,,,1.0,0.6938,1000000.0,0.0,-43.876,BOT,NZD,USD,20160401 02:31:51 EST,,-30.0,13257.4948,400910.0,0.69377,13410.0,-43.876
12,Paper,Paper,13.8754,USD,IDEALPRO,12.0,,,1.0,0.69377,1000000.0,-1000000.0,-13.8754,SLD,NZD,USD,20160401 04:09:54 EST,,0.0,13243.6194,-292860.0,0.69377,13410.0,-13.8754
13,Paper,Paper,13.876,USD,IDEALPRO,13.0,,,1.0,0.6938,1000000.0,0.0,-43.876,BOT,NZD,USD,20160401 06:20:18 EST,,-30.0,13199.7434,400940.0,0.69377,13380.0,-43.876
14,Paper,Paper,13.876,USD,IDEALPRO,14.0,,,1.0,0.6938,1000000.0,1000000.0,-13.876,BOT,NZD,USD,20160401 10:20:30 EST,,0.0,13185.8674,-292860.0,0.6938,13380.0,-13.876
15,Paper,Paper,13.8754,USD,IDEALPRO,15.0,,,1.0,0.69377,2000000.0,-1000000.0,-43.8754,SLD,NZD,USD,20160401 10:44:13 EST,,-30.0,13141.992,-292860.0,0.69377,13350.0,-43.8754
16,Paper,Paper,13.876,USD,IDEALPRO,16.0,,,1.0,0.6938,2000000.0,1000000.0,-43.876,BOT,NZD,USD,20160401 11:44:51 EST,,-30.0,13098.116,-292860.0,0.6938,13320.0,-43.876
17,Paper,Paper,13.8754,USD,IDEALPRO,17.0,,,1.0,0.69377,2000000.0,-1000000.0,-43.8754,SLD,NZD,USD,20160401 13:05:37 EST,,-30.0,13054.2406,-292860.0,0.69377,13290.0,-43.8754
18,Paper,Paper,13.876,USD,IDEALPRO,18.0,,,1.0,0.6938,1000000.0,0.0,-43.876,BOT,NZD,USD,20160401 16:20:43 EST,,-30.0,13010.3646,400940.0,0.69377,13260.0,-43.876
19,Paper,Paper,13.876,USD,IDEALPRO,19.0,,,1.0,0.6938,1000000.0,1000000.0,-13.876,BOT,NZD,USD,20160401 17:23:12 EST,,0.0,12996.4886,-292860.0,0.6938,13260.0,-13.876
20,Paper,Paper,13.8754,USD,IDEALPRO,20.0,,,1.0,0.69377,2000000.0,-1000000.0,-43.8754,SLD,NZD,USD,20160401 22:37:35 EST,,-30.0,12952.6132,-292860.0,0.69377,13230.0,-43.8754
21,Paper,Paper,13.876,USD,IDEALPRO,21.0,,,1.0,0.6938,2000000.0,1000000.0,-43.876,BOT,NZD,USD,20160402 09:43:08 EST,,-30.0,12908.7372,-292860.0,0.6938,13200.0,-43.876
22,Paper,Paper,13.7356,USD,IDEALPRO,22.0,,,1.0,0.68678,2000000.0,-1000000.0,-7033.7356,SLD,NZD,USD,20160404 02:43:34 EST,,-7020.0,5875.0016,-292860.0,0.68678,6180.0,-7033.7356
23,Paper,Paper,13.7318,USD,IDEALPRO,23.0,,,1.0,0.68659,1000000.0,0.0,176.2682,BOT,NZD,USD,20160404 03:40:23 EST,,190.0,6051.2698,393730.0,0.68678,6370.0,176.2682
24,Paper,Paper,13.7184,USD,IDEALPRO,24.0,,,1.0,0.68592,1000000.0,-1000000.0,-13.7184,SLD,NZD,USD,20160404 03:47:59 EST,,0.0,6037.5514,-292190.0,0.68592,6370.0,-13.7184
25,Paper,Paper,13.71,USD,IDEALPRO,25.0,,,1.0,0.6855,1000000.0,0.0,406.29,BOT,NZD,USD,20160404 06:13:25 EST,,420.0,6443.8414,393310.0,0.68592,6790.0,406.29
26,Paper,Paper,13.7026,USD,IDEALPRO,26.0,,,1.0,0.68513,1000000.0,-1000000.0,-13.7026,SLD,NZD,USD,20160404 08:36:26 EST,,0.0,6430.1388,-291820.0,0.68513,6790.0,-13.7026
27,Paper,Paper,13.711,USD,IDEALPRO,27.0,,,1.0,0.68555,1000000.0,0.0,-433.711,BOT,NZD,USD,20160404 09:26:59 EST,,-420.0,5996.4278,393730.0,0.68513,6370.0,-433.711
28,Paper,Paper,13.6812,USD,IDEALPRO,28.0,,,1.0,0.68406,1000000.0,-1000000.0,-13.6812,SLD,NZD,USD,20160404 10:27:06 EST,,0.0,5982.7466,-290330.0,0.68406,6370.0,-13.6812
29,Paper,Paper,13.662,USD,IDEALPRO,29.0,,,1.0,0.6831,1000000.0,0.0,946.338,BOT,NZD,USD,20160404 17:54:15 EST,,960.0,6929.0846,392770.0,0.68406,7330.0,946.338
30,Paper,Paper,27.2244,USD,IDEALPRO,30.0,,,1.0,0.68061,2000000.0,-2000000.0,-27.2244,SLD,NZD,USD,20160404 19:01:17 EST,,0.0,6901.8602,-968450.0,0.68061,7330.0,-27.2244
31,Paper,Paper,13.6116,USD,IDEALPRO,31.0,,,1.0,0.68058,1000000.0,-1000000.0,16.3884000001,BOT,NZD,USD,20160404 20:16:31 EST,,30.0000000001,6918.2486,-287870.0,0.68061,7360.0,16.3884000001
32,Paper,Paper,13.6108,USD,IDEALPRO,32.0,,,1.0,0.68054,2000000.0,1000000.0,56.3892,BOT,NZD,USD,20160404 20:45:59 EST,,70.0,6974.6378,-287870.0,0.68054,7430.0,56.3892
33,Paper,Paper,13.6244,USD,IDEALPRO,33.0,,,1.0,0.68122,2000000.0,-1000000.0,666.3756,SLD,NZD,USD,20160404 22:06:08 EST,,680.0,7641.0134,-287870.0,0.68122,8110.0,666.3756
34,Paper,Paper,13.6238,USD,IDEALPRO,34.0,,,1.0,0.68119,1000000.0,0.0,16.3762,BOT,NZD,USD,20160404 23:09:09 EST,,30.0,7657.3896,393320.0,0.68122,8140.0,16.3762
35,Paper,Paper,13.6228,USD,IDEALPRO,35.0,,,1.0,0.68114,1000000.0,-1000000.0,-13.6228,SLD,NZD,USD,20160404 23:58:00 EST,,0.0,7643.7668,-287820.0,0.68114,8140.0,-13.6228
36,Paper,Paper,13.5598,USD,IDEALPRO,36.0,,,1.0,0.67799,2000000.0,1000000.0,3136.4402,BOT,NZD,USD,20160405 05:00:35 EST,,3150.0,10780.207,-287820.0,0.67799,11290.0,3136.4402
37,Paper,Paper,13.566,USD,IDEALPRO,37.0,,,1.0,0.6783,2000000.0,-1000000.0,296.434,SLD,NZD,USD,20160405 05:05:15 EST,,310.0,11076.641,-287820.0,0.6783,11600.0,296.434
38,Paper,Paper,13.531,USD,IDEALPRO,38.0,,,1.0,0.67655,1000000.0,0.0,1736.469,BOT,NZD,USD,20160405 06:02:38 EST,,1750.0,12813.11,388730.0,0.6783,13350.0,1736.469
39,Paper,Paper,13.5288,USD,IDEALPRO,39.0,,,1.0,0.67644,1000000.0,-1000000.0,-13.5288,SLD,NZD,USD,20160405 06:07:10 EST,,0.0,12799.5812,-287710.0,0.67644,13350.0,-13.5288
40,Paper,Paper,13.5824,USD,IDEALPRO,40.0,,,1.0,0.67912,2000000.0,1000000.0,-2693.5824,BOT,NZD,USD,20160405 13:31:24 EST,,-2680.0,10105.9988,-287710.0,0.67912,10670.0,-2693.5824
41,Paper,Paper,13.6234,USD,IDEALPRO,41.0,,,1.0,0.68117,1000000.0,0.0,2036.3766,SLD,NZD,USD,20160405 20:32:06 EST,,2050.0,12142.3754,393460.0,0.67912,12720.0,2036.3766
42,Paper,Paper,13.6122,USD,IDEALPRO,42.0,,,1.0,0.68061,1000000.0,1000000.0,-13.6122,BOT,NZD,USD,20160405 20:52:13 EST,,0.0,12128.7632,-287150.0,0.68061,12720.0,-13.6122
43,Paper,Paper,13.5928,USD,IDEALPRO,43.0,,,1.0,0.67964,2000000.0,-1000000.0,-983.5928,SLD,NZD,USD,20160405 21:13:28 EST,,-970.0,11145.1704,-287150.0,0.67964,11750.0,-983.5928
44,Paper,Paper,13.6056,USD,IDEALPRO,44.0,,,1.0,0.68028,3000000.0,2000000.0,-653.6056,BOT,NZD,USD,20160405 21:34:18 EST,,-640.0,10491.5648,-967430.0,0.68028,11110.0,-653.6056
45,Paper,Paper,27.2164,USD,IDEALPRO,45.0,,,1.0,0.68041,3000000.0,-1000000.0,232.7836,SLD,NZD,USD,20160405 21:54:10 EST,,260.0,10724.3484,-287020.0,0.68041,11370.0,232.7836
46,Paper,Paper,13.6158,USD,IDEALPRO,46.0,,,1.0,0.68079,3000000.0,2000000.0,-393.6158,BOT,NZD,USD,20160405 22:14:43 EST,,-380.0,10330.7326,-967810.0,0.68079,10990.0,-393.6158
47,Paper,Paper,27.234,USD,IDEALPRO,47.0,,,1.0,0.68085,2000000.0,0.0,92.7659999999,SLD,NZD,USD,20160405 22:35:43 EST,,120.0,10423.4986,393890.0,0.68079,11110.0,92.7659999999
48,Paper,Paper,13.6188,USD,IDEALPRO,48.0,,,1.0,0.68094,1000000.0,-1000000.0,-13.6188,SLD,NZD,USD,20160405 23:14:13 EST,,0.0,10409.8798,-287050.0,0.68094,11110.0,-13.6188
49,Paper,Paper,13.6236,USD,IDEALPRO,49.0,,,1.0,0.68118,2000000.0,1000000.0,-253.6236,BOT,NZD,USD,20160405 23:52:17 EST,,-240.0,10156.2562,-287050.0,0.68118,10870.0,-253.6236
50,Paper,Paper,13.6224,USD,IDEALPRO,50.0,,,1.0,0.68112,1000000.0,0.0,-73.6224000001,SLD,NZD,USD,20160406 00:12:34 EST,,-60.0000000001,10082.6338,394070.0,0.68118,10810.0,-73.6224000001
51,Paper,Paper,27.24,USD,IDEALPRO,51.0,,,1.0,0.681,2000000.0,2000000.0,-27.24,BOT,NZD,USD,20160406 00:30:48 EST,,0.0,10055.3938,-967930.0,0.681,10810.0,-27.24
52,Paper,Paper,27.238,USD,IDEALPRO,52.0,,,1.0,0.68095,3000000.0,-1000000.0,-127.238,SLD,NZD,USD,20160406 00:50:05 EST,,-99.9999999998,9928.1558,-286980.0,0.68095,10710.0,-127.238
53,Paper,Paper,13.63,USD,IDEALPRO,53.0,,,1.0,0.6815,2000000.0,1000000.0,-563.63,BOT,NZD,USD,20160406 01:29:40 EST,,-550.0,9364.5258,-286980.0,0.6815,10160.0,-563.63
54,Paper,Paper,13.6312,USD,IDEALPRO,54.0,,,1.0,0.68156,2000000.0,-1000000.0,46.3688000001,SLD,NZD,USD,20160406 01:48:56 EST,,60.0000000001,9410.8946,-286980.0,0.68156,10220.0,46.3688000001
55,Paper,Paper,13.6276,USD,IDEALPRO,55.0,,,1.0,0.68138,3000000.0,2000000.0,166.3724,BOT,NZD,USD,20160406 02:09:13 EST,,180.0,9577.267,-968360.0,0.68138,10400.0,166.3724
56,Paper,Paper,27.232,USD,IDEALPRO,56.0,,,1.0,0.6808,2000000.0,0.0,-1187.232,SLD,NZD,USD,20160406 02:30:06 EST,,-1160.0,8390.035,393240.0,0.68138,9240.0,-1187.232
57,Paper,Paper,13.6148,USD,IDEALPRO,57.0,,,1.0,0.68074,1000000.0,-1000000.0,-13.6148,SLD,NZD,USD,20160406 02:50:26 EST,,0.0,8376.4202,-287500.0,0.68074,9240.0,-13.6148
58,Paper,Paper,13.6136,USD,IDEALPRO,58.0,,,1.0,0.68068,1000000.0,0.0,46.3864000001,BOT,NZD,USD,20160406 03:48:46 EST,,60.0000000001,8422.8066,393180.0,0.68074,9300.0,46.3864000001
59,Paper,Paper,13.5896,USD,IDEALPRO,59.0,,,1.0,0.67948,1000000.0,1000000.0,-13.5896,BOT,NZD,USD,20160406 04:08:03 EST,,0.0,8409.217,-286300.0,0.67948,9300.0,-13.5896
60,Paper,Paper,13.5728,USD,IDEALPRO,60.0,,,1.0,0.67864,2000000.0,-1000000.0,-853.5728,SLD,NZD,USD,20160406 04:47:29 EST,,-840.0,7555.6442,-286300.0,0.67864,8460.0,-853.5728
61,Paper,Paper,13.5808,USD,IDEALPRO,61.0,,,1.0,0.67904,2000000.0,1000000.0,-413.5808,BOT,NZD,USD,20160406 05:08:46 EST,,-400.0,7142.0634,-286300.0,0.67904,8060.0,-413.5808
62,Paper,Paper,13.5756,USD,IDEALPRO,62.0,,,1.0,0.67878,1000000.0,0.0,-273.5756,SLD,NZD,USD,20160406 05:29:36 EST,,-260.0,6868.4878,392480.0,0.67904,7800.0,-273.5756
63,Paper,Paper,13.5696,USD,IDEALPRO,63.0,,,1.0,0.67848,1000000.0,1000000.0,-13.5696,BOT,NZD,USD,20160406 07:18:41 EST,,0.0,6854.9182,-286000.0,0.67848,7800.0,-13.5696
64,Paper,Paper,13.5638,USD,IDEALPRO,64.0,,,1.0,0.67819,1000000.0,0.0,-303.5638,SLD,NZD,USD,20160406 07:40:30 EST,,-290.0,6551.3544,392190.0,0.67848,7510.0,-303.5638
65,Paper,Paper,13.549,USD,IDEALPRO,65.0,,,1.0,0.67745,1000000.0,-1000000.0,-13.549,SLD,NZD,USD,20160406 08:00:48 EST,,0.0,6537.8054,-285260.0,0.67745,7510.0,-13.549
66,Paper,Paper,13.573,USD,IDEALPRO,66.0,,,1.0,0.67865,1000000.0,0.0,-1213.573,BOT,NZD,USD,20160406 09:13:11 EST,,-1200.0,5324.2324,393390.0,0.67745,6310.0,-1213.573
67,Paper,Paper,13.6172,USD,IDEALPRO,67.0,,,1.0,0.68086,1000000.0,1000000.0,-13.6172,BOT,NZD,USD,20160406 09:53:14 EST,,0.0,5310.6152,-287470.0,0.68086,6310.0,-13.6172
68,Paper,Paper,13.597,USD,IDEALPRO,68.0,,,1.0,0.67985,2000000.0,-1000000.0,-1023.597,SLD,NZD,USD,20160406 10:32:47 EST,,-1010.0,4287.0182,-287470.0,0.67985,5300.0,-1023.597
69,Paper,Paper,13.6092,USD,IDEALPRO,69.0,,,1.0,0.68046,1000000.0,0.0,-623.6092,BOT,NZD,USD,20160406 10:51:32 EST,,-610.0,3663.409,392990.0,0.67985,4690.0,-623.6092
70,Paper,Paper,13.6118,USD,IDEALPRO,70.0,,,1.0,0.68059,1000000.0,-1000000.0,-13.6118,SLD,NZD,USD,20160406 11:10:48 EST,,0.0,3649.7972,-287600.0,0.68059,4690.0,-13.6118
71,Paper,Paper,13.6566,USD,IDEALPRO,71.0,,,1.0,0.68283,2000000.0,1000000.0,-2253.6566,BOT,NZD,USD,20160406 11:48:55 EST,,-2240.0,1396.1406,-287600.0,0.68283,2450.0,-2253.6566
72,Paper,Paper,13.6422,USD,IDEALPRO,72.0,,,1.0,0.68211,2000000.0,-1000000.0,-733.6422,SLD,NZD,USD,20160406 12:46:37 EST,,-720.0,662.4984,-287600.0,0.68211,1730.0,-733.6422
73,Paper,Paper,13.6436,USD,IDEALPRO,73.0,,,1.0,0.68218,1000000.0,0.0,-83.6436,BOT,NZD,USD,20160406 14:42:41 EST,,-70.0,578.8548,394580.0,0.68211,1660.0,-83.6436
74,Paper,Paper,13.6396,USD,IDEALPRO,74.0,,,1.0,0.68198,1000000.0,-1000000.0,-13.6396,SLD,NZD,USD,20160406 15:15:33 EST,,0.0,565.2152,-287400.0,0.68198,1660.0,-13.6396
75,Paper,Paper,13.6548,USD,IDEALPRO,75.0,,,1.0,0.68274,2000000.0,1000000.0,-773.6548,BOT,NZD,USD,20160406 15:41:17 EST,,-760.0,-208.4396,-287400.0,0.68274,900.0,-773.6548
76,Paper,Paper,13.653,USD,IDEALPRO,76.0,,,1.0,0.68265,2000000.0,-1000000.0,-103.653,SLD,NZD,USD,20160406 16:20:46 EST,,-90.0,-312.0926,-287400.0,0.68265,810.0,-103.653
77,Paper,Paper,13.6586,USD,IDEALPRO,77.0,,,1.0,0.68293,1000000.0,0.0,-293.6586,BOT,NZD,USD,20160406 17:00:42 EST,,-280.0,-605.7512,395530.0,0.68265,530.0,-293.6586
78,Paper,Paper,13.6466,USD,IDEALPRO,78.0,,,1.0,0.68233,1000000.0,1000000.0,-13.6466,BOT,NZD,USD,20160406 17:22:20 EST,,0.0,-619.3978,-286800.0,0.68233,530.0,-13.6466
79,Paper,Paper,13.6454,USD,IDEALPRO,79.0,,,1.0,0.68227,2000000.0,-1000000.0,-73.6453999999,SLD,NZD,USD,20160406 17:43:05 EST,,-59.9999999999,-693.0432,-286800.0,0.68227,470.0,-73.6453999999
