permid,account,clientid,commission,commission_currency,exchange,execid,expiry,level_0,orderid,price,qty,openqty,realized_PnL,side,symbol,symbol_currency,times,yield_redemption_date,PurePL,balance,margin_available,openprice,purebalance,real_pnl,mark_to_mkt,pure_mark_to_mkt
1,Paper,Paper,15.3558,USD,IDEALPRO,1.0,,,1.0,0.76779,1000000.0,1000000.0,-15.3558,BOT,AUD,USD,20160330 08:36:11 EST,,0.0,19984.6442,-367790.0,0.76779,20000.0,-15.3558,,
2,Paper,Paper,15.3454,USD,IDEALPRO,2.0,,,1.0,0.76727,2000000.0,-1000000.0,-535.3454,SLD,AUD,USD,20160330 16:43:19 EST,,-520.0,19449.2988,-367790.0,0.76727,19480.0,-535.3454,,
3,Paper,Paper,15.3294,USD,IDEALPRO,3.0,,,1.0,0.76647,2000000.0,1000000.0,784.6706,BOT,AUD,USD,20160330 20:30:00 EST,,800.0,20233.9694,-367790.0,0.76647,20280.0,784.6706,,
4,Paper,Paper,15.3024,USD,IDEALPRO,4.0,,,1.0,0.76512,2000000.0,-1000000.0,-1365.3024,SLD,AUD,USD,20160330 21:24:46 EST,,-1350.0,18868.667,-367790.0,0.76512,18930.0,-1365.3024,,
5,Paper,Paper,15.3898,USD,IDEALPRO,5.0,,,1.0,0.76949,2000000.0,1000000.0,-4385.3898,BOT,AUD,USD,20160331 10:36:19 EST,,-4370.0,14483.2772,-367790.0,0.76949,14560.0,-4385.3898,,
6,Paper,Paper,15.389,USD,IDEALPRO,6.0,,,1.0,0.76945,2000000.0,-1000000.0,-55.389,SLD,AUD,USD,20160331 13:28:09 EST,,-40.0,14427.8882,-367790.0,0.76945,14520.0,-55.389,,
7,Paper,Paper,15.3898,USD,IDEALPRO,7.0,,,1.0,0.76949,2000000.0,1000000.0,-55.3898,BOT,AUD,USD,20160331 20:42:43 EST,,-40.0,14372.4984,-367790.0,0.76949,14480.0,-55.3898,,
8,Paper,Paper,15.389,USD,IDEALPRO,8.0,,,1.0,0.76945,2000000.0,-1000000.0,-55.389,SLD,AUD,USD,20160331 23:49:53 EST,,-40.0,14317.1094,-367790.0,0.76945,14440.0,-55.389,,
9,Paper,Paper,15.3898,USD,IDEALPRO,9.0,,,1.0,0.76949,2000000.0,1000000.0,-55.3898,BOT,AUD,USD,20160401 04:37:52 EST,,-40.0,14261.7196,-367790.0,0.76949,14400.0,-55.3898,,
10,Paper,Paper,15.389,USD,IDEALPRO,10.0,,,1.0,0.76945,2000000.0,-1000000.0,-55.389,SLD,AUD,USD,20160401 10:05:53 EST,,-40.0,14206.3306,-367790.0,0.76945,14360.0,-55.389,,
11,Paper,Paper,15.3898,USD,IDEALPRO,11.0,,,1.0,0.76949,2000000.0,1000000.0,-55.3898,BOT,AUD,USD,20160401 10:17:59 EST,,-40.0,14150.9408,-367790.0,0.76949,14320.0,-55.3898,,
12,Paper,Paper,15.389,USD,IDEALPRO,12.0,,,1.0,0.76945,2000000.0,-1000000.0,-55.389,SLD,AUD,USD,20160401 10:34:11 EST,,-40.0,14095.5518,-367790.0,0.76945,14280.0,-55.389,,
13,Paper,Paper,15.3898,USD,IDEALPRO,13.0,,,1.0,0.76949,2000000.0,1000000.0,-55.3898,BOT,AUD,USD,20160401 10:36:14 EST,,-40.0,14040.162,-367790.0,0.76949,14240.0,-55.3898,,
14,Paper,Paper,15.389,USD,IDEALPRO,14.0,,,1.0,0.76945,2000000.0,-1000000.0,-55.389,SLD,AUD,USD,20160401 10:46:19 EST,,-40.0,13984.773,-367790.0,0.76945,14200.0,-55.389,,
15,Paper,Paper,15.3898,USD,IDEALPRO,15.0,,,1.0,0.76949,2000000.0,1000000.0,-55.3898,BOT,AUD,USD,20160401 11:02:56 EST,,-40.0,13929.3832,-367790.0,0.76949,14160.0,-55.3898,,
16,Paper,Paper,15.389,USD,IDEALPRO,16.0,,,1.0,0.76945,2000000.0,-1000000.0,-55.389,SLD,AUD,USD,20160401 11:05:01 EST,,-40.0,13873.9942,-367790.0,0.76945,14120.0,-55.389,,
17,Paper,Paper,15.3898,USD,IDEALPRO,17.0,,,1.0,0.76949,2000000.0,1000000.0,-55.3898,BOT,AUD,USD,20160401 14:44:00 EST,,-40.0,13818.6044,-367790.0,0.76949,14080.0,-55.3898,,
18,Paper,Paper,15.389,USD,IDEALPRO,18.0,,,1.0,0.76945,2000000.0,-1000000.0,-55.389,SLD,AUD,USD,20160401 15:15:19 EST,,-40.0,13763.2154,-367790.0,0.76945,14040.0,-55.389,,
19,Paper,Paper,15.3898,USD,IDEALPRO,19.0,,,1.0,0.76949,2000000.0,1000000.0,-55.3898,BOT,AUD,USD,20160401 15:32:58 EST,,-40.0,13707.8256,-367790.0,0.76949,14000.0,-55.3898,,
20,Paper,Paper,15.389,USD,IDEALPRO,20.0,,,1.0,0.76945,2000000.0,-1000000.0,-55.389,SLD,AUD,USD,20160401 15:35:33 EST,,-40.0,13652.4366,-367790.0,0.76945,13960.0,-55.389,,
21,Paper,Paper,15.3898,USD,IDEALPRO,21.0,,,1.0,0.76949,2000000.0,1000000.0,-55.3898,BOT,AUD,USD,20160401 17:21:27 EST,,-40.0,13597.0468,-367790.0,0.76949,13920.0,-55.3898,,
22,Paper,Paper,15.389,USD,IDEALPRO,22.0,,,1.0,0.76945,2000000.0,-1000000.0,-55.389,SLD,AUD,USD,20160401 17:45:08 EST,,-40.0,13541.6578,-367790.0,0.76945,13880.0,-55.389,,
23,Paper,Paper,15.2876,USD,IDEALPRO,23.0,,,1.0,0.76438,2000000.0,1000000.0,5054.7124,BOT,AUD,USD,20160403 21:55:22 EST,,5070.0,18596.3702,-367790.0,0.76438,18950.0,5054.7124,,
24,Paper,Paper,15.2378,USD,IDEALPRO,24.0,,,1.0,0.76189,2000000.0,-1000000.0,-2505.2378,SLD,AUD,USD,20160404 10:21:04 EST,,-2490.0,16091.1324,-367790.0,0.76189,16460.0,-2505.2378,,
25,Paper,Paper,15.215,USD,IDEALPRO,25.0,,,1.0,0.76075,2000000.0,1000000.0,1124.785,BOT,AUD,USD,20160404 19:35:13 EST,,1140.0,17215.9174,-367790.0,0.76075,17600.0,1124.785,,
26,Paper,Paper,15.1882,USD,IDEALPRO,26.0,,,1.0,0.75941,2000000.0,-1000000.0,-1355.1882,SLD,AUD,USD,20160404 20:05:15 EST,,-1340.0,15860.7292,-367790.0,0.75941,16260.0,-1355.1882,,
27,Paper,Paper,15.0834,USD,IDEALPRO,27.0,,,1.0,0.75417,2000000.0,1000000.0,5224.9166,BOT,AUD,USD,20160405 17:44:05 EST,,5240.0,21085.6458,-367790.0,0.75417,21500.0,5224.9166,,
28,Paper,Paper,15.0852,USD,IDEALPRO,28.0,,,1.0,0.75426,2000000.0,-1000000.0,74.9148,SLD,AUD,USD,20160405 19:05:41 EST,,90.0,21160.5606,-367790.0,0.75426,21590.0,74.9148,,
29,Paper,Paper,15.1086,USD,IDEALPRO,29.0,,,1.0,0.75543,2000000.0,1000000.0,-1185.1086,BOT,AUD,USD,20160405 20:36:28 EST,,-1170.0,19975.452,-367790.0,0.75543,20420.0,-1185.1086,,
30,Paper,Paper,15.0878,USD,IDEALPRO,30.0,,,1.0,0.75439,2000000.0,-1000000.0,-1055.0878,SLD,AUD,USD,20160405 21:36:13 EST,,-1040.0,18920.3642,-367790.0,0.75439,19380.0,-1055.0878,,
31,Paper,Paper,15.124,USD,IDEALPRO,31.0,,,1.0,0.7562,2000000.0,1000000.0,-1825.124,BOT,AUD,USD,20160405 22:36:06 EST,,-1810.0,17095.2402,-367790.0,0.7562,17570.0,-1825.124,,
32,Paper,Paper,15.0974,USD,IDEALPRO,32.0,,,1.0,0.75487,2000000.0,-1000000.0,-1345.0974,SLD,AUD,USD,20160406 05:37:57 EST,,-1330.0,15750.1428,-367790.0,0.75487,16240.0,-1345.0974,,
33,Paper,Paper,15.146,USD,IDEALPRO,33.0,,,1.0,0.7573,2000000.0,1000000.0,-2445.146,BOT,AUD,USD,20160406 10:04:34 EST,,-2430.0,13304.9968,-367790.0,0.7573,13810.0,-2445.146,,
34,Paper,Paper,15.1164,USD,IDEALPRO,34.0,,,1.0,0.75582,2000000.0,-1000000.0,-1495.1164,SLD,AUD,USD,20160406 10:35:33 EST,,-1480.0,11809.8804,-367790.0,0.75582,12330.0,-1495.1164,,
35,Paper,Paper,15.1376,USD,IDEALPRO,35.0,,,1.0,0.75688,2000000.0,1000000.0,-1075.1376,BOT,AUD,USD,20160406 11:05:29 EST,,-1060.0,10734.7428,-367790.0,0.75688,11270.0,-1075.1376,,
36,Paper,Paper,15.1636,USD,IDEALPRO,36.0,,,1.0,0.75818,2000000.0,-1000000.0,1284.8364,SLD,AUD,USD,20160406 11:35:31 EST,,1300.0,12019.5792,-367790.0,0.75818,12570.0,1284.8364,,
37,Paper,Paper,15.2116,USD,IDEALPRO,37.0,,,1.0,0.76058,2000000.0,1000000.0,-2415.2116,BOT,AUD,USD,20160406 12:35:16 EST,,-2400.0,9604.3676,-367790.0,0.76058,10170.0,-2415.2116,,
38,Paper,Paper,15.1914,USD,IDEALPRO,38.0,,,1.0,0.75957,2000000.0,-1000000.0,-1025.1914,SLD,AUD,USD,20160406 13:34:02 EST,,-1010.0,8579.1762,-367790.0,0.75957,9160.0,-1025.1914,,
39,Paper,Paper,15.1764,USD,IDEALPRO,39.0,,,1.0,0.75882,2000000.0,1000000.0,734.8236,BOT,AUD,USD,20160406 14:05:31 EST,,750.0,9313.9998,-367790.0,0.75882,9910.0,734.8236,,
40,Paper,Paper,15.1968,USD,IDEALPRO,40.0,,,1.0,0.75984,2000000.0,-1000000.0,1004.8032,SLD,AUD,USD,20160406 17:34:49 EST,,1020.0,10318.803,-367790.0,0.75984,10930.0,1004.8032,,
41,Paper,Paper,15.2022,USD,IDEALPRO,41.0,,,1.0,0.76011,2000000.0,1000000.0,-285.2022,BOT,AUD,USD,20160406 18:04:43 EST,,-270.0,10033.6008,-367790.0,0.76011,10660.0,-285.2022,,
42,Paper,Paper,15.2064,USD,IDEALPRO,42.0,,,1.0,0.76032,2000000.0,-1000000.0,194.7936,SLD,AUD,USD,20160406 18:29:02 EST,,210.0,10228.3944,-367790.0,0.76032,10870.0,194.7936,,
43,Paper,Paper,15.2522,USD,IDEALPRO,43.0,,,1.0,0.76261,2000000.0,1000000.0,-2305.2522,BOT,AUD,USD,20160406 20:39:21 EST,,-2290.0,7923.1422,-367790.0,0.76261,8580.0,-2305.2522,,
44,Paper,Paper,15.1896,USD,IDEALPRO,44.0,,,1.0,0.75948,2000000.0,-1000000.0,-3145.1896,SLD,AUD,USD,20160406 23:36:22 EST,,-3130.0,4777.9526,-367790.0,0.75948,5450.0,-3145.1896,-6347242.0474,-6194550.0
45,Paper,Paper,15.2444,USD,IDEALPRO,45.0,,,1.0,0.76222,2000000.0,1000000.0,-2755.2444,BOT,AUD,USD,20160407 01:06:36 EST,,-2740.0,2022.7082,-367790.0,0.76222,2710.0,-2755.2444,-21649991.2918,-21497290.0
46,Paper,Paper,15.159,USD,IDEALPRO,46.0,,,1.0,0.75795,2000000.0,-1000000.0,-4285.159,SLD,AUD,USD,20160407 03:37:46 EST,,-4270.0,-2262.4508,-367790.0,0.75795,-1560.0,-4285.159,-21654282.4508,-21501560.0
47,Paper,Paper,15.169,USD,IDEALPRO,47.0,,,1.0,0.75845,2000000.0,1000000.0,-515.169,BOT,AUD,USD,20160407 04:35:37 EST,,-500.0,-2777.6198,-367790.0,0.75845,-2060.0,-515.169,16045208.3802,16197940.0
48,Paper,Paper,15.0846,USD,IDEALPRO,48.0,,,1.0,0.75423,2000000.0,-1000000.0,-4235.0846,SLD,AUD,USD,20160407 06:05:29 EST,,-4220.0,-7012.7044,-367790.0,0.75423,-6280.0,-4235.0846,-58859032.7044,-58706280.0
49,Paper,Paper,15.1014,USD,IDEALPRO,49.0,,,1.0,0.75507,2000000.0,1000000.0,-855.1014,BOT,AUD,USD,20160407 06:35:54 EST,,-840.0,-7867.8058,-367790.0,0.75507,-7120.0,-855.1014,49840118.1942,49992880.0
50,Paper,Paper,15.097,USD,IDEALPRO,50.0,,,1.0,0.75485,2000000.0,-1000000.0,-235.097,SLD,AUD,USD,20160407 07:04:48 EST,,-220.0,-8102.9028,-367790.0,0.75485,-7340.0,-235.097,-52660122.9028,-52507340.0
51,Paper,Paper,15.046,USD,IDEALPRO,51.0,,,1.0,0.7523,2000000.0,1000000.0,2534.954,BOT,AUD,USD,20160407 08:05:05 EST,,2550.0,-5567.9488,-367790.0,0.7523,-4790.0,2534.954,77542418.0512,77695210.0
52,Paper,Paper,15.0792,USD,IDEALPRO,52.0,,,1.0,0.75396,2000000.0,-1000000.0,1644.9208,SLD,AUD,USD,20160407 08:36:28 EST,,1660.0,-3923.028,-367790.0,0.75396,-3130.0,1644.9208,-61555943.028,-61403130.0
53,Paper,Paper,15.0196,USD,IDEALPRO,53.0,,,1.0,0.75098,2000000.0,1000000.0,2964.9804,BOT,AUD,USD,20160407 10:34:11 EST,,2980.0,-958.0476,-367790.0,0.75098,-150.0,2964.9804,90747027.9524,90899850.0
54,Paper,Paper,15.0118,USD,IDEALPRO,54.0,,,1.0,0.75059,2000000.0,-1000000.0,-405.0118,SLD,AUD,USD,20160407 11:05:04 EST,,-390.0,-1363.0594,-367790.0,0.75059,-540.0,-405.0118,-95253383.0594,-95100540.0
55,Paper,Paper,15.0094,USD,IDEALPRO,55.0,,,1.0,0.75047,2000000.0,1000000.0,104.9906,BOT,AUD,USD,20160407 12:08:23 EST,,120.0,-1258.0688,-367790.0,0.75047,-420.0,104.9906,95846727.9312,95999580.0
56,Paper,Paper,15.015,USD,IDEALPRO,56.0,,,1.0,0.75075,2000000.0,-1000000.0,264.985,SLD,AUD,USD,20160407 13:35:21 EST,,280.0,-993.0838,-367790.0,0.75075,-140.0,264.985,-93653013.0838,-93500140.0
