permid,account,clientid,commission,commission_currency,exchange,execid,expiry,level_0,orderid,price,qty,openqty,realized_PnL,side,symbol,symbol_currency,times,yield_redemption_date,PurePL,balance,margin_available,openprice,purebalance,real_pnl
1,Paper,Paper,2.0,USD,IDEALPRO,1.0,,,1.0,0.67046,10000.0,10000.0,-2.0,BOT,NZD,USD,20160323 05:41:09 EST,,0.0,19998.0,393295.4,0.67046,20000.0,-2.0
2,Paper,Paper,2.0,USD,IDEALPRO,2.0,,,1.0,0.67041,20000.0,-10000.0,-2.5,SLD,NZD,USD,20160323 05:48:06 EST,,-0.500000000001,19995.5,393295.4,0.67041,19999.5,-2.5
3,Paper,Paper,2.0,USD,IDEALPRO,3.0,,,1.0,0.6699,20000.0,10000.0,3.1,BOT,NZD,USD,20160323 06:24:52 EST,,5.1,19998.6,393295.4,0.6699,20004.6,3.1
4,Paper,Paper,2.0,USD,IDEALPRO,4.0,,,1.0,0.67032,20000.0,-10000.0,2.2,SLD,NZD,USD,20160323 06:46:36 EST,,4.2,20000.8,393295.4,0.67032,20008.8,2.2
5,Paper,Paper,2.0,USD,IDEALPRO,5.0,,,1.0,0.67122,20000.0,10000.0,-11.0,BOT,NZD,USD,20160323 07:14:01 EST,,-9.0,19989.8,393295.4,0.67122,19999.8,-11.0
6,Paper,Paper,2.0,USD,IDEALPRO,6.0,,,1.0,0.67148,20000.0,-10000.0,0.6,SLD,NZD,USD,20160323 08:04:07 EST,,2.6,19990.4,393295.4,0.67148,20002.4,0.6
7,Paper,Paper,2.0,USD,IDEALPRO,7.0,,,1.0,0.6699,20000.0,10000.0,13.8,BOT,NZD,USD,20160323 09:02:07 EST,,15.8,20004.2,393295.4,0.6699,20018.2,13.8
8,Paper,Paper,2.0,USD,IDEALPRO,8.0,,,1.0,0.67078,20000.0,-10000.0,6.8,SLD,NZD,USD,20160323 11:00:19 EST,,8.8,20011.0,393295.4,0.67078,20027.0,6.8
9,Paper,Paper,2.0,USD,IDEALPRO,9.0,,,1.0,0.66966,20000.0,10000.0,9.2,BOT,NZD,USD,20160323 11:48:37 EST,,11.2,20020.2,393295.4,0.66966,20038.2,9.2
10,Paper,Paper,2.0,USD,IDEALPRO,10.0,,,1.0,0.66939,20000.0,-10000.0,-4.7,SLD,NZD,USD,20160323 12:15:55 EST,,-2.7,20015.5,393295.4,0.66939,20035.5,-4.7
11,Paper,Paper,2.0,USD,IDEALPRO,11.0,,,1.0,0.66926,20000.0,10000.0,-0.7,BOT,NZD,USD,20160323 12:41:40 EST,,1.3,20014.8,393295.4,0.66926,20036.8,-0.7
12,Paper,Paper,2.0,USD,IDEALPRO,12.0,,,1.0,0.67031,20000.0,-10000.0,8.5,SLD,NZD,USD,20160323 13:06:15 EST,,10.5,20023.3,393295.4,0.67031,20047.3,8.5
13,Paper,Paper,2.0,USD,IDEALPRO,13.0,,,1.0,0.67105,20000.0,10000.0,-9.4,BOT,NZD,USD,20160323 13:32:34 EST,,-7.4,20013.9,393295.4,0.67105,20039.9,-9.4
14,Paper,Paper,2.0,USD,IDEALPRO,14.0,,,1.0,0.67114,20000.0,-10000.0,-1.1,SLD,NZD,USD,20160323 14:31:22 EST,,0.899999999999,20012.8,393295.4,0.67114,20040.8,-1.1
15,Paper,Paper,2.0,USD,IDEALPRO,15.0,,,1.0,0.67075,20000.0,10000.0,1.9,BOT,NZD,USD,20160323 15:29:28 EST,,3.9,20014.7,393295.4,0.67075,20044.7,1.9
16,Paper,Paper,2.0,USD,IDEALPRO,16.0,,,1.0,0.67024,20000.0,-10000.0,-7.1,SLD,NZD,USD,20160323 15:52:44 EST,,-5.1,20007.6,393295.4,0.67024,20039.6,-7.1
17,Paper,Paper,2.0,USD,IDEALPRO,17.0,,,1.0,0.67045,20000.0,10000.0,-4.1,BOT,NZD,USD,20160323 17:37:56 EST,,-2.1,20003.5,393295.4,0.67045,20037.5,-4.1
18,Paper,Paper,2.0,USD,IDEALPRO,18.0,,,1.0,0.67078,20000.0,-10000.0,1.3,SLD,NZD,USD,20160323 18:03:33 EST,,3.3,20004.8,393295.4,0.67078,20040.8,1.3
19,Paper,Paper,2.0,USD,IDEALPRO,19.0,,,1.0,0.67163,20000.0,10000.0,-10.5,BOT,NZD,USD,20160323 18:28:39 EST,,-8.5,19994.3,393295.4,0.67163,20032.3,-10.5
20,Paper,Paper,2.0,USD,IDEALPRO,20.0,,,1.0,0.67143,20000.0,-10000.0,-4.0,SLD,NZD,USD,20160323 19:28:32 EST,,-2.0,19990.3,393295.4,0.67143,20030.3,-4.0
21,Paper,Paper,2.0,USD,IDEALPRO,21.0,,,1.0,0.67207,20000.0,10000.0,-8.4,BOT,NZD,USD,20160323 19:57:08 EST,,-6.4,19981.9,393295.4,0.67207,20023.9,-8.4
22,Paper,Paper,2.0,USD,IDEALPRO,22.0,,,1.0,0.67099,20000.0,-10000.0,-12.8,SLD,NZD,USD,20160323 20:29:52 EST,,-10.8,19969.1,393295.4,0.67099,20013.1,-12.8
23,Paper,Paper,2.0,USD,IDEALPRO,23.0,,,1.0,0.67,20000.0,10000.0,7.9,BOT,NZD,USD,20160323 21:29:44 EST,,9.9,19977.0,393295.4,0.67,20023.0,7.9
24,Paper,Paper,2.0,USD,IDEALPRO,24.0,,,1.0,0.66974,20000.0,-10000.0,-4.6,SLD,NZD,USD,20160323 23:12:26 EST,,-2.6,19972.4,393295.4,0.66974,20020.4,-4.6
25,Paper,Paper,2.0,USD,IDEALPRO,25.0,,,1.0,0.66983,20000.0,10000.0,-2.9,BOT,NZD,USD,20160323 23:45:39 EST,,-0.9,19969.5,393295.4,0.66983,20019.5,-2.9
26,Paper,Paper,2.0,USD,IDEALPRO,26.0,,,1.0,0.66953,20000.0,-10000.0,-5.0,SLD,NZD,USD,20160324 00:44:05 EST,,-3.0,19964.5,393295.4,0.66953,20016.5,-5.0
27,Paper,Paper,2.0,USD,IDEALPRO,27.0,,,1.0,0.66954,20000.0,10000.0,-2.1,BOT,NZD,USD,20160324 01:11:14 EST,,-0.0999999999995,19962.4,393295.4,0.66954,20016.4,-2.1
28,Paper,Paper,2.0,USD,IDEALPRO,28.0,,,1.0,0.66933,20000.0,-10000.0,-4.1,SLD,NZD,USD,20160324 01:36:49 EST,,-2.1,19958.3,393295.4,0.66933,20014.3,-4.1
29,Paper,Paper,2.0,USD,IDEALPRO,29.0,,,1.0,0.66917,20000.0,10000.0,-0.400000000001,BOT,NZD,USD,20160324 02:02:28 EST,,1.6,19957.9,393295.4,0.66917,20015.9,-0.400000000001
30,Paper,Paper,2.0,USD,IDEALPRO,30.0,,,1.0,0.66923,20000.0,-10000.0,-1.4,SLD,NZD,USD,20160324 02:43:13 EST,,0.600000000001,19956.5,393295.4,0.66923,20016.5,-1.4
31,Paper,Paper,2.0,USD,IDEALPRO,31.0,,,1.0,0.66772,20000.0,10000.0,13.1,BOT,NZD,USD,20160324 04:00:42 EST,,15.1,19969.6,393295.4,0.66772,20031.6,13.1
32,Paper,Paper,2.0,USD,IDEALPRO,32.0,,,1.0,0.66887,20000.0,-10000.0,9.5,SLD,NZD,USD,20160324 04:27:40 EST,,11.5,19979.1,393295.4,0.66887,20043.1,9.5
33,Paper,Paper,2.0,USD,IDEALPRO,33.0,,,1.0,0.66845,20000.0,10000.0,2.2,BOT,NZD,USD,20160324 04:53:10 EST,,4.2,19981.3,393295.4,0.66845,20047.3,2.2
34,Paper,Paper,2.0,USD,IDEALPRO,34.0,,,1.0,0.66778,20000.0,-10000.0,-8.7,SLD,NZD,USD,20160324 05:20:39 EST,,-6.7,19972.6,393295.4,0.66778,20040.6,-8.7
35,Paper,Paper,2.0,USD,IDEALPRO,35.0,,,1.0,0.66852,20000.0,10000.0,-9.4,BOT,NZD,USD,20160324 06:13:09 EST,,-7.4,19963.2,393295.4,0.66852,20033.2,-9.4
36,Paper,Paper,2.0,USD,IDEALPRO,36.0,,,1.0,0.66964,20000.0,-10000.0,9.2,SLD,NZD,USD,20160324 06:42:45 EST,,11.2,19972.4,393295.4,0.66964,20044.4,9.2
37,Paper,Paper,2.0,USD,IDEALPRO,37.0,,,1.0,0.66893,20000.0,10000.0,5.1,BOT,NZD,USD,20160324 07:37:50 EST,,7.1,19977.5,393295.4,0.66893,20051.5,5.1
38,Paper,Paper,2.0,USD,IDEALPRO,38.0,,,1.0,0.6688,20000.0,-10000.0,-3.3,SLD,NZD,USD,20160324 08:02:07 EST,,-1.3,19974.2,393295.4,0.6688,20050.2,-3.3
39,Paper,Paper,2.0,USD,IDEALPRO,39.0,,,1.0,0.67049,20000.0,10000.0,-18.9,BOT,NZD,USD,20160324 08:56:16 EST,,-16.9,19955.3,393295.4,0.67049,20033.3,-18.9
40,Paper,Paper,2.0,USD,IDEALPRO,40.0,,,1.0,0.67034,20000.0,-10000.0,-3.5,SLD,NZD,USD,20160324 09:51:03 EST,,-1.5,19951.8,393295.4,0.67034,20031.8,-3.5
41,Paper,Paper,2.0,USD,IDEALPRO,41.0,,,1.0,0.66966,20000.0,10000.0,4.8,BOT,NZD,USD,20160324 11:30:34 EST,,6.8,19956.6,393295.4,0.66966,20038.6,4.8
42,Paper,Paper,2.0,USD,IDEALPRO,42.0,,,1.0,0.66932,20000.0,-10000.0,-5.4,SLD,NZD,USD,20160324 11:55:51 EST,,-3.4,19951.2,393295.4,0.66932,20035.2,-5.4
43,Paper,Paper,2.0,USD,IDEALPRO,43.0,,,1.0,0.66973,20000.0,10000.0,-6.1,BOT,NZD,USD,20160324 12:23:36 EST,,-4.1,19945.1,393295.4,0.66973,20031.1,-6.1
44,Paper,Paper,2.0,USD,IDEALPRO,44.0,,,1.0,0.66961,20000.0,-10000.0,-3.2,SLD,NZD,USD,20160324 12:48:44 EST,,-1.2,19941.9,393295.4,0.66961,20029.9,-3.2
45,Paper,Paper,2.0,USD,IDEALPRO,45.0,,,1.0,0.67028,20000.0,10000.0,-8.7,BOT,NZD,USD,20160324 14:32:33 EST,,-6.7,19933.2,393295.4,0.67028,20023.2,-8.7
46,Paper,Paper,2.0,USD,IDEALPRO,46.0,,,1.0,0.6702,20000.0,-10000.0,-2.8,SLD,NZD,USD,20160324 14:57:50 EST,,-0.8,19930.4,393295.4,0.6702,20022.4,-2.8
47,Paper,Paper,2.0,USD,IDEALPRO,47.0,,,1.0,0.67036,20000.0,10000.0,-3.6,BOT,NZD,USD,20160324 15:53:00 EST,,-1.6,19926.8,393295.4,0.67036,20020.8,-3.6
48,Paper,Paper,2.0,USD,IDEALPRO,48.0,,,1.0,0.67008,20000.0,-10000.0,-4.8,SLD,NZD,USD,20160324 16:51:20 EST,,-2.8,19922.0,393295.4,0.67008,20018.0,-4.8
49,Paper,Paper,2.0,USD,IDEALPRO,49.0,,,1.0,0.66943,20000.0,10000.0,4.5,BOT,NZD,USD,20160324 18:57:11 EST,,6.5,19926.5,393295.4,0.66943,20024.5,4.5
50,Paper,Paper,2.0,USD,IDEALPRO,50.0,,,1.0,0.6702,20000.0,-10000.0,5.7,SLD,NZD,USD,20160324 19:22:22 EST,,7.7,19932.2,393295.4,0.6702,20032.2,5.7
51,Paper,Paper,2.0,USD,IDEALPRO,51.0,,,1.0,0.6689,20000.0,10000.0,11.0,BOT,NZD,USD,20160324 21:17:54 EST,,13.0,19943.2,393295.4,0.6689,20045.2,11.0
52,Paper,Paper,2.0,USD,IDEALPRO,52.0,,,1.0,0.66835,20000.0,-10000.0,-7.5,SLD,NZD,USD,20160324 21:54:11 EST,,-5.5,19935.7,393295.4,0.66835,20039.7,-7.5
53,Paper,Paper,2.0,USD,IDEALPRO,53.0,,,1.0,0.6693,20000.0,10000.0,-11.5,BOT,NZD,USD,20160324 23:20:19 EST,,-9.5,19924.2,393295.4,0.6693,20030.2,-11.5
54,Paper,Paper,2.0,USD,IDEALPRO,54.0,,,1.0,0.66914,20000.0,-10000.0,-3.6,SLD,NZD,USD,20160325 01:34:12 EST,,-1.6,19920.6,393295.4,0.66914,20028.6,-3.6
55,Paper,Paper,2.0,USD,IDEALPRO,55.0,,,1.0,0.66958,20000.0,10000.0,-6.4,BOT,NZD,USD,20160325 02:21:01 EST,,-4.4,19914.2,393295.4,0.66958,20024.2,-6.4
56,Paper,Paper,2.0,USD,IDEALPRO,56.0,,,1.0,0.66964,20000.0,-10000.0,-1.4,SLD,NZD,USD,20160325 04:09:21 EST,,0.599999999999,19912.8,393295.4,0.66964,20024.8,-1.4
57,Paper,Paper,2.0,USD,IDEALPRO,57.0,,,1.0,0.6702,20000.0,10000.0,-7.6,BOT,NZD,USD,20160325 04:56:39 EST,,-5.6,19905.2,393295.4,0.6702,20019.2,-7.6
58,Paper,Paper,2.0,USD,IDEALPRO,58.0,,,1.0,0.6697,20000.0,-10000.0,-7.0,SLD,NZD,USD,20160325 05:04:47 EST,,-5.0,19898.2,393295.4,0.6697,20014.2,-7.0
59,Paper,Paper,2.0,USD,IDEALPRO,59.0,,,1.0,0.67071,20000.0,10000.0,-12.1,BOT,NZD,USD,20160325 07:24:57 EST,,-10.1,19886.1,393295.4,0.67071,20004.1,-12.1
60,Paper,Paper,2.0,USD,IDEALPRO,60.0,,,1.0,0.66984,20000.0,-10000.0,-10.7,SLD,NZD,USD,20160325 07:52:07 EST,,-8.7,19875.4,393295.4,0.66984,19995.4,-10.7
61,Paper,Paper,2.0,USD,IDEALPRO,61.0,,,1.0,0.67025,20000.0,10000.0,-6.1,BOT,NZD,USD,20160325 08:17:17 EST,,-4.1,19869.3,393295.4,0.67025,19991.3,-6.1
62,Paper,Paper,2.0,USD,IDEALPRO,62.0,,,1.0,0.66965,20000.0,-10000.0,-8.0,SLD,NZD,USD,20160325 08:31:23 EST,,-6.0,19861.3,393295.4,0.66965,19985.3,-8.0
63,Paper,Paper,2.0,USD,IDEALPRO,63.0,,,1.0,0.66987,20000.0,10000.0,-4.2,BOT,NZD,USD,20160325 09:47:21 EST,,-2.2,19857.1,393295.4,0.66987,19983.1,-4.2
64,Paper,Paper,2.0,USD,IDEALPRO,64.0,,,1.0,0.66932,20000.0,-10000.0,-7.5,SLD,NZD,USD,20160325 10:00:26 EST,,-5.5,19849.6,393295.4,0.66932,19977.6,-7.5
65,Paper,Paper,2.0,USD,IDEALPRO,65.0,,,1.0,0.66972,20000.0,10000.0,-6.0,BOT,NZD,USD,20160325 10:45:53 EST,,-4.0,19843.6,393295.4,0.66972,19973.6,-6.0
66,Paper,Paper,2.0,USD,IDEALPRO,66.0,,,1.0,0.66815,20000.0,-10000.0,-17.7,SLD,NZD,USD,20160325 11:30:38 EST,,-15.7,19825.9,393295.4,0.66815,19957.9,-17.7
67,Paper,Paper,2.0,USD,IDEALPRO,67.0,,,1.0,0.66874,20000.0,10000.0,-7.9,BOT,NZD,USD,20160325 16:32:26 EST,,-5.9,19818.0,393295.4,0.66874,19952.0,-7.9
68,Paper,Paper,2.0,USD,IDEALPRO,68.0,,,1.0,0.66829,20000.0,-10000.0,-6.5,SLD,NZD,USD,20160325 16:46:33 EST,,-4.5,19811.5,393295.4,0.66829,19947.5,-6.5
69,Paper,Paper,2.0,USD,IDEALPRO,69.0,,,1.0,0.67327,20000.0,10000.0,-51.8,BOT,NZD,USD,20160328 09:41:55 EST,,-49.8,19759.7,393295.4,0.67327,19897.7,-51.8
70,Paper,Paper,2.0,USD,IDEALPRO,70.0,,,1.0,0.67267,20000.0,-10000.0,-8.0,SLD,NZD,USD,20160328 10:10:02 EST,,-6.0,19751.7,393295.4,0.67267,19891.7,-8.0
71,Paper,Paper,2.0,USD,IDEALPRO,71.0,,,1.0,0.67275,20000.0,10000.0,-2.8,BOT,NZD,USD,20160328 10:36:17 EST,,-0.8,19748.9,393295.4,0.67275,19890.9,-2.8
72,Paper,Paper,2.0,USD,IDEALPRO,72.0,,,1.0,0.67294,20000.0,-10000.0,-0.0999999999998,SLD,NZD,USD,20160328 15:48:57 EST,,1.9,19748.8,393295.4,0.67294,19892.8,-0.0999999999998
73,Paper,Paper,2.0,USD,IDEALPRO,73.0,,,1.0,0.67246,20000.0,10000.0,2.8,BOT,NZD,USD,20160328 18:39:32 EST,,4.8,19751.6,393295.4,0.67246,19897.6,2.8
74,Paper,Paper,2.0,USD,IDEALPRO,74.0,,,1.0,0.67372,20000.0,-10000.0,10.6,SLD,NZD,USD,20160328 20:13:57 EST,,12.6,19762.2,393295.4,0.67372,19910.2,10.6
75,Paper,Paper,2.0,USD,IDEALPRO,75.0,,,1.0,0.67374,20000.0,10000.0,-2.2,BOT,NZD,USD,20160328 20:44:37 EST,,-0.2,19760.0,393295.4,0.67374,19910.0,-2.2
76,Paper,Paper,2.0,USD,IDEALPRO,76.0,,,1.0,0.6845,20000.0,-10000.0,105.6,SLD,NZD,USD,20160329 12:32:20 EST,,107.6,19865.6,393295.4,0.6845,20017.6,105.6
77,Paper,Paper,2.0,USD,IDEALPRO,77.0,,,1.0,0.68493,20000.0,10000.0,-6.3,BOT,NZD,USD,20160329 13:09:54 EST,,-4.3,19859.3,393295.4,0.68493,20013.3,-6.3
