trade_id,PL,closeVWAP_timestamp,closedWhen,closedWhenUnixTimeStamp,closing_price_VWAP,expir,instrument,long_or_short,markToMarket_time,openVWAP_timestamp,open_or_closed,openedWhen,opening_price_VWAP,ptValue,putcall,quant_closed,quant_opened,strike,symbol,symbol_description,PurePL,qty,balance,commission,margin_available,purebalance,currency,mark_to_mkt,pure_mark_to_mkt,pure_unr_pnl,unr_pnl
1.0,-0.215999999999,20160406 03:19:25 EST,20160406 03:19:25 EST,20160406 03:19:25 EST,125.363,,EURJPY,short,,20160406 03:18:19 EST,closed,20160406 03:18:19 EST,125.406,,,1.0,1.0,,EURJPY,,3.784,1.0,19997.784,4.0,389860.904,20003.784,,,,,
2.0,-9.632,20160406 03:19:55 EST,20160406 03:19:55 EST,20160406 03:19:55 EST,115.11,,CHFJPY,long,,20160406 03:18:20 EST,closed,20160406 03:18:20 EST,115.174,,,1.0,1.0,,CHFJPY,,-5.632,-1.0,19990.152,4.0,399990.584,19998.152,,,,,
3.0,6.648,20160406 06:10:36 EST,20160406 06:10:36 EST,20160406 06:10:36 EST,125.205,,EURJPY,short,,20160406 03:20:28 EST,closed,20160406 03:20:28 EST,125.326,,,1.0,1.0,,EURJPY,,10.648,1.0,19994.8,4.0,389853.776,20008.8,,,,,
4.0,-18.784,20160406 06:10:38 EST,20160406 06:10:38 EST,20160406 06:10:38 EST,114.902,,CHFJPY,long,,20160406 03:21:02 EST,closed,20160406 03:21:02 EST,115.07,,,1.0,1.0,,CHFJPY,,-14.784,-1.0,19978.016,4.0,399965.152,19994.016,,,,,
6.0,-4.0,20160406 06:46:16 EST,20160406 06:46:16 EST,20160406 06:46:16 EST,114.906,,CHFJPY,long,,20160406 06:14:18 EST,closed,20160406 06:14:18 EST,114.906,,,1.0,1.0,,CHFJPY,,0.0,-1.0,19972.016,4.0,388947.904,19994.016,,,,,
5.0,-4.528,20160406 06:46:50 EST,20160406 06:46:50 EST,20160406 06:46:50 EST,125.202,,EURJPY,short,,20160406 06:14:13 EST,closed,20160406 06:14:13 EST,125.196,,,1.0,1.0,,EURJPY,,-0.528,1.0,19969.488,4.0,399965.68,19993.488,,,,,
8.0,-4.44,20160406 06:59:46 EST,20160406 06:59:46 EST,20160406 06:59:46 EST,114.913,,CHFJPY,long,,20160406 06:50:02 EST,closed,20160406 06:50:02 EST,114.918,,,1.0,1.0,,CHFJPY,,-0.44,-1.0,19963.048,4.0,388943.504,19993.048,,,,,
7.0,0.224000000001,20160406 07:00:20 EST,20160406 07:00:20 EST,20160406 07:00:20 EST,125.199,,EURJPY,short,,20160406 06:49:59 EST,closed,20160406 06:49:59 EST,125.247,,,1.0,1.0,,EURJPY,,4.224,1.0,19965.272,4.0,399961.016,19997.272,,,,,
9.0,1.632,20160406 07:30:53 EST,20160406 07:30:53 EST,20160406 07:30:53 EST,125.149,,EURJPY,short,,20160406 07:03:26 EST,closed,20160406 07:03:26 EST,125.213,,,1.0,1.0,,EURJPY,,5.632,1.0,19964.904,4.0,389845.152,20002.904,,,,,
10.0,-7.52,20160406 07:31:28 EST,20160406 07:31:28 EST,20160406 07:31:28 EST,114.849,,CHFJPY,long,,20160406 07:03:27 EST,closed,20160406 07:03:27 EST,114.889,,,1.0,1.0,,CHFJPY,,-3.52,-1.0,19959.384,4.0,399951.864,19999.384,,,,,
12.0,-24.064,20160406 14:29:09 EST,20160406 14:29:09 EST,20160406 14:29:09 EST,114.716,,CHFJPY,long,,20160406 12:39:50 EST,closed,20160406 12:39:50 EST,114.944,,,1.0,1.0,,CHFJPY,,-20.064,-1.0,19933.32,4.0,388905.136,19979.32,,,,,
11.0,24.248,20160406 14:47:24 EST,20160406 14:47:24 EST,20160406 14:47:24 EST,124.982,,EURJPY,short,,20160406 12:39:20 EST,closed,20160406 12:39:20 EST,125.303,,,1.0,1.0,,EURJPY,,28.248,1.0,19957.568,4.0,389807.664,20007.568,,,,,
13.0,-12.536,20160406 14:47:25 EST,20160406 14:47:25 EST,20160406 14:47:25 EST,114.629,,CHFJPY,long,,20160406 14:30:10 EST,closed,20160406 14:30:10 EST,114.726,,,1.0,1.0,,CHFJPY,,-8.536,-1.0,19947.032,4.0,399895.016,19999.032,,,,,
14.0,-2.768,20160407 02:55:10 EST,20160407 02:55:10 EST,20160407 02:55:10 EST,124.527,,EURJPY,short,,20160407 02:54:08 EST,closed,20160407 02:54:08 EST,124.541,,,1.0,1.0,,EURJPY,,1.232,1.0,19942.264,4.0,389840.84,20000.264,JPY,19952.76,20012.76,9.68,7.68
15.0,-6.552,20160407 02:55:12 EST,20160407 02:55:12 EST,20160407 02:55:12 EST,114.209,,CHFJPY,long,,20160407 02:54:09 EST,closed,20160407 02:54:09 EST,114.238,,,1.0,1.0,,CHFJPY,,-2.552,-1.0,19937.712,4.0,399891.232,19997.712,JPY,19937.712,19997.712,12.496,10.496
17.0,-4.264,20160407 02:58:15 EST,20160407 02:58:15 EST,20160407 02:58:15 EST,124.538,,EURJPY,short,,20160407 02:57:14 EST,closed,20160407 02:57:14 EST,124.535,,,1.0,1.0,,EURJPY,,-0.264,1.0,19931.448,4.0,389841.72,19997.448,JPY,19945.112,20013.112,10.208,8.208
16.0,-0.832000000001,20160407 02:58:48 EST,20160407 02:58:48 EST,20160407 02:58:48 EST,114.238,,CHFJPY,long,,20160407 02:56:43 EST,closed,20160407 02:56:43 EST,114.202,,,1.0,1.0,,CHFJPY,,3.168,-1.0,19932.616,4.0,399894.664,20000.616,JPY,19932.616,20000.616,15.664,13.664
18.0,4.272,20160408 03:01:42 EST,20160408 03:01:42 EST,20160408 03:01:42 EST,123.522,,EURJPY,short,,20160408 02:50:33 EST,closed,20160408 02:50:33 EST,123.616,,,1.0,1.0,,EURJPY,,8.272,1.0,19934.888,4.0,389885.192,20008.888,JPY,19997.128,20073.128,91.08,89.08
19.0,-5.76,20160408 03:02:13 EST,20160408 03:02:13 EST,20160408 03:02:13 EST,113.63,,CHFJPY,long,,20160408 02:50:33 EST,closed,20160408 02:50:33 EST,113.65,,,1.0,1.0,,CHFJPY,,-1.76,-1.0,19931.128,4.0,399884.632,20007.128,JPY,19931.128,20007.128,64.24,62.24
20.0,18.704,20160408 05:12:37 EST,20160408 05:12:37 EST,20160408 05:12:37 EST,123.895,,EURJPY,short,,20160408 03:58:31 EST,closed,20160408 03:58:31 EST,124.153,,,1.0,1.0,,EURJPY,,22.704,1.0,19947.832,4.0,389820.776,20029.832,JPY,19970.12,20054.12,43.824,41.824
21.0,-31.632,20160408 05:12:40 EST,20160408 05:12:40 EST,20160408 05:12:40 EST,113.79,,CHFJPY,long,,20160408 03:59:02 EST,closed,20160408 03:59:02 EST,114.104,,,1.0,1.0,,CHFJPY,,-27.632,-1.0,19918.2,4.0,399834.296,20002.2,JPY,19918.2,20002.2,24.288,22.288
22.0,5.416,20160408 05:55:26 EST,20160408 05:55:26 EST,20160408 05:55:26 EST,123.723,,EURJPY,short,,20160408 05:16:43 EST,closed,20160408 05:16:43 EST,123.83,,,1.0,1.0,,EURJPY,,9.416,1.0,19921.616,4.0,389814.0,20011.616,JPY,19974.176,20066.176,72.248,70.248
23.0,-9.808,20160408 05:55:37 EST,20160408 05:55:37 EST,20160408 05:55:37 EST,113.694,,CHFJPY,long,,20160408 05:16:48 EST,closed,20160408 05:16:48 EST,113.76,,,1.0,1.0,,CHFJPY,,-5.808,-1.0,19913.808,4.0,399819.072,20005.808,JPY,19913.808,20005.808,54.56,52.56
24.0,-5.408,20160408 05:57:48 EST,20160408 05:57:48 EST,20160408 05:57:48 EST,123.695,,EURJPY,short,,20160408 05:56:43 EST,closed,20160408 05:56:43 EST,123.679,,,1.0,1.0,,EURJPY,,-1.408,1.0,19906.4,4.0,389816.904,20004.4,JPY,19966.264,20066.264,85.536,83.536
25.0,-3.472,20160408 05:57:54 EST,20160408 05:57:54 EST,20160408 05:57:54 EST,113.683,,CHFJPY,long,,20160408 05:56:46 EST,closed,20160408 05:56:46 EST,113.677,,,1.0,1.0,,CHFJPY,,0.528,-1.0,19904.928,4.0,399821.008,20004.928,JPY,19904.928,20004.928,61.864,59.864
26.0,-4.88,20160408 06:00:34 EST,20160408 06:00:34 EST,20160408 06:00:34 EST,113.697,,CHFJPY,long,,20160408 05:59:25 EST,closed,20160408 05:59:25 EST,113.707,,,1.0,1.0,,CHFJPY,,-0.88,-1.0,19898.048,4.0,388934.088,20004.048,JPY,19979.296,20087.296,59.224,57.224
27.0,-5.76,20160408 06:01:14 EST,20160408 06:01:14 EST,20160408 06:01:14 EST,123.725,,EURJPY,short,,20160408 05:59:56 EST,closed,20160408 05:59:56 EST,123.705,,,1.0,1.0,,EURJPY,,-1.76,1.0,19894.288,4.0,399821.888,20002.288,JPY,19894.288,20002.288,83.248,81.248
28.0,11.576,20160408 07:17:10 EST,20160408 07:17:10 EST,20160408 07:17:10 EST,123.487,,EURJPY,short,,20160408 06:06:47 EST,closed,20160408 06:06:47 EST,123.664,,,1.0,1.0,,EURJPY,,15.576,1.0,19903.864,4.0,389803.264,20017.864,JPY,19964.256,20080.256,86.856,84.856
29.0,-21.424,20160408 07:17:10 EST,20160408 07:17:10 EST,20160408 07:17:10 EST,113.473,,CHFJPY,long,,20160408 06:06:52 EST,closed,20160408 06:06:52 EST,113.671,,,1.0,1.0,,CHFJPY,,-17.424,-1.0,19884.44,4.0,399788.888,20000.44,JPY,19884.44,20000.44,62.392,60.392
31.0,-3.472,20160408 07:22:15 EST,20160408 07:22:15 EST,20160408 07:22:15 EST,113.511,,CHFJPY,long,,20160408 07:18:12 EST,closed,20160408 07:18:12 EST,113.505,,,1.0,1.0,,CHFJPY,,0.528,-1.0,19878.968,4.0,388920.976,20000.968,JPY,19977.816,20101.816,77.0,75.0
30.0,-6.992,20160408 07:22:52 EST,20160408 07:22:52 EST,20160408 07:22:52 EST,123.539,,EURJPY,short,,20160408 07:18:11 EST,closed,20160408 07:18:11 EST,123.505,,,1.0,1.0,,EURJPY,,-2.992,1.0,19873.976,4.0,399792.408,19997.976,JPY,19873.976,19997.976,100.848,98.848
