permid,account,clientid,commission,commission_currency,exchange,execid,expiry,level_0,orderid,price,qty,openqty,realized_PnL,side,symbol,symbol_currency,times,yield_redemption_date,PurePL,balance,margin_available,openprice,purebalance,real_pnl,mark_to_mkt,pure_mark_to_mkt
1,Paper,Paper,19.52756484,USD,IDEALPRO,1.0,,,1.0,0.96461,1000000.0,-1000000.0,-19.52756484,SLD,USD,CHF,20160330 08:35:27 EST,,0.0,19980.4724352,-576378.242,0.96461,20000.0,-19.52756484,,
2,Paper,Paper,19.50732084,USD,IDEALPRO,2.0,,,1.0,0.96361,2000000.0,1000000.0,992.69267916,BOT,USD,CHF,20160330 12:30:39 EST,,1012.2,20973.1651144,-576378.242,0.96361,21012.2,992.69267916,,
3,Paper,Paper,19.50570132,USD,IDEALPRO,3.0,,,1.0,0.96353,2000000.0,-1000000.0,-100.48170132,SLD,USD,CHF,20160330 13:09:28 EST,,-80.9760000001,20872.6834131,-576378.242,0.96353,20931.224,-100.48170132,,
4,Paper,Paper,19.54112832,USD,IDEALPRO,4.0,,,1.0,0.96528,2000000.0,1000000.0,-1790.89112832,BOT,USD,CHF,20160330 18:59:10 EST,,-1771.35,19081.7922848,-576378.242,0.96528,19159.874,-1790.89112832,,
5,Paper,Paper,19.53606732,USD,IDEALPRO,5.0,,,1.0,0.96503,2000000.0,-1000000.0,-272.58606732,SLD,USD,CHF,20160330 19:07:44 EST,,-253.05,18809.2062175,-576378.242,0.96503,18906.824,-272.58606732,,
6,Paper,Paper,19.5283746,USD,IDEALPRO,6.0,,,1.0,0.96465,2000000.0,1000000.0,365.1076254,BOT,USD,CHF,20160330 20:27:21 EST,,384.636,19174.3138429,-576378.242,0.96465,19291.46,365.1076254,,
7,Paper,Paper,19.5192648,USD,IDEALPRO,7.0,,,1.0,0.9642,2000000.0,-1000000.0,-475.0092648,SLD,USD,CHF,20160331 04:10:21 EST,,-455.49,18699.3045781,-576378.242,0.9642,18835.97,-475.0092648,,
8,Paper,Paper,19.49274516,USD,IDEALPRO,8.0,,,1.0,0.96289,2000000.0,1000000.0,1306.48925484,BOT,USD,CHF,20160331 05:52:26 EST,,1325.982,20005.7938329,-576378.242,0.96289,20161.952,1306.48925484,,
9,Paper,Paper,19.46197428,USD,IDEALPRO,9.0,,,1.0,0.96137,2000000.0,-1000000.0,-1558.00597428,SLD,USD,CHF,20160331 07:44:40 EST,,-1538.544,18447.7878586,-576378.242,0.96137,18623.408,-1558.00597428,,
10,Paper,Paper,19.46318892,USD,IDEALPRO,10.0,,,1.0,0.96143,2000000.0,1000000.0,-80.1951889199,BOT,USD,CHF,20160401 10:33:07 EST,,-60.7319999999,18367.5926697,-576378.242,0.96143,18562.676,-80.1951889199,,
11,Paper,Paper,19.46197428,USD,IDEALPRO,11.0,,,1.0,0.96137,2000000.0,-1000000.0,-80.1939742799,SLD,USD,CHF,20160401 11:06:04 EST,,-60.7319999999,18287.3986954,-576378.242,0.96137,18501.944,-80.1939742799,,
12,Paper,Paper,19.46318892,USD,IDEALPRO,12.0,,,1.0,0.96143,2000000.0,1000000.0,-80.1951889199,BOT,USD,CHF,20160401 11:08:36 EST,,-60.7319999999,18207.2035065,-576378.242,0.96143,18441.212,-80.1951889199,,
13,Paper,Paper,19.46197428,USD,IDEALPRO,13.0,,,1.0,0.96137,2000000.0,-1000000.0,-80.1939742799,SLD,USD,CHF,20160401 11:33:51 EST,,-60.7319999999,18127.0095322,-576378.242,0.96137,18380.48,-80.1939742799,,
14,Paper,Paper,19.46318892,USD,IDEALPRO,14.0,,,1.0,0.96143,2000000.0,1000000.0,-80.1951889199,BOT,USD,CHF,20160401 11:46:31 EST,,-60.7319999999,18046.8143433,-576378.242,0.96143,18319.748,-80.1951889199,,
15,Paper,Paper,19.46197428,USD,IDEALPRO,15.0,,,1.0,0.96137,2000000.0,-1000000.0,-80.1939742799,SLD,USD,CHF,20160401 12:03:15 EST,,-60.7319999999,17966.620369,-576378.242,0.96137,18259.016,-80.1939742799,,
16,Paper,Paper,19.46318892,USD,IDEALPRO,16.0,,,1.0,0.96143,2000000.0,1000000.0,-80.1951889199,BOT,USD,CHF,20160401 14:16:46 EST,,-60.7319999999,17886.4251801,-576378.242,0.96143,18198.284,-80.1951889199,,
17,Paper,Paper,19.46197428,USD,IDEALPRO,17.0,,,1.0,0.96137,2000000.0,-1000000.0,-80.1939742799,SLD,USD,CHF,20160401 14:34:33 EST,,-60.7319999999,17806.2312058,-576378.242,0.96137,18137.552,-80.1939742799,,
18,Paper,Paper,19.46318892,USD,IDEALPRO,18.0,,,1.0,0.96143,2000000.0,1000000.0,-80.1951889199,BOT,USD,CHF,20160401 14:56:31 EST,,-60.7319999999,17726.0360169,-576378.242,0.96143,18076.82,-80.1951889199,,
19,Paper,Paper,19.46197428,USD,IDEALPRO,19.0,,,1.0,0.96137,2000000.0,-1000000.0,-80.1939742799,SLD,USD,CHF,20160401 14:59:03 EST,,-60.7319999999,17645.8420426,-576378.242,0.96137,18016.088,-80.1939742799,,
20,Paper,Paper,19.46318892,USD,IDEALPRO,20.0,,,1.0,0.96143,2000000.0,1000000.0,-80.1951889199,BOT,USD,CHF,20160401 17:26:14 EST,,-60.7319999999,17565.6468537,-576378.242,0.96143,17955.356,-80.1951889199,,
21,Paper,Paper,19.44901812,USD,IDEALPRO,21.0,,,1.0,0.96073,2000000.0,-1000000.0,-727.98901812,SLD,USD,CHF,20160404 05:34:56 EST,,-708.54,16837.6578356,-576378.242,0.96073,17246.816,-727.98901812,,
22,Paper,Paper,19.45286448,USD,IDEALPRO,22.0,,,1.0,0.96092,2000000.0,1000000.0,-211.77086448,BOT,USD,CHF,20160404 06:04:42 EST,,-192.318,16625.8869711,-576378.242,0.96092,17054.498,-211.77086448,,
23,Paper,Paper,19.40954232,USD,IDEALPRO,23.0,,,1.0,0.95878,2000000.0,-1000000.0,-2185.51754232,SLD,USD,CHF,20160404 19:36:52 EST,,-2166.108,14440.3694288,-576378.242,0.95878,14888.39,-2185.51754232,,
24,Paper,Paper,19.40164716,USD,IDEALPRO,24.0,,,1.0,0.95839,2000000.0,1000000.0,375.35635284,BOT,USD,CHF,20160404 20:35:51 EST,,394.758,14815.7257816,-576378.242,0.95839,15283.148,375.35635284,,
25,Paper,Paper,19.39942032,USD,IDEALPRO,25.0,,,1.0,0.95828,2000000.0,-1000000.0,-130.74142032,SLD,USD,CHF,20160404 21:06:49 EST,,-111.342,14684.9843613,-576378.242,0.95828,15171.806,-130.74142032,,
26,Paper,Paper,19.40002764,USD,IDEALPRO,26.0,,,1.0,0.95831,2000000.0,1000000.0,-49.7660276401,BOT,USD,CHF,20160404 22:06:43 EST,,-30.3660000001,14635.2183337,-576378.242,0.95831,15141.44,-49.7660276401,,
27,Paper,Paper,19.40144472,USD,IDEALPRO,27.0,,,1.0,0.95838,2000000.0,-1000000.0,51.45255528,SLD,USD,CHF,20160404 23:07:11 EST,,70.854,14686.670889,-576378.242,0.95838,15212.294,51.45255528,,
28,Paper,Paper,19.41581796,USD,IDEALPRO,28.0,,,1.0,0.95909,2000000.0,1000000.0,-738.07781796,BOT,USD,CHF,20160405 00:36:29 EST,,-718.662,13948.593071,-576378.242,0.95909,14493.632,-738.07781796,,
29,Paper,Paper,19.41480576,USD,IDEALPRO,29.0,,,1.0,0.95904,2000000.0,-1000000.0,-70.02480576,SLD,USD,CHF,20160405 01:06:29 EST,,-50.61,13878.5682652,-576378.242,0.95904,14443.022,-70.02480576,,
30,Paper,Paper,19.41136428,USD,IDEALPRO,30.0,,,1.0,0.95887,2000000.0,1000000.0,152.66263572,BOT,USD,CHF,20160405 01:35:28 EST,,172.074,14031.2309009,-576378.242,0.95887,14615.096,152.66263572,,
31,Paper,Paper,19.41925944,USD,IDEALPRO,31.0,,,1.0,0.95926,2000000.0,-1000000.0,375.33874056,SLD,USD,CHF,20160405 04:06:15 EST,,394.758,14406.5696415,-576378.242,0.95926,15009.854,375.33874056,,
32,Paper,Paper,19.4210814,USD,IDEALPRO,32.0,,,1.0,0.95935,2000000.0,1000000.0,-110.5190814,BOT,USD,CHF,20160405 06:06:25 EST,,-91.098,14296.0505601,-576378.242,0.95935,14918.756,-110.5190814,,
33,Paper,Paper,19.35204936,USD,IDEALPRO,33.0,,,1.0,0.95594,2000000.0,-1000000.0,-3470.95404936,SLD,USD,CHF,20160405 14:07:02 EST,,-3451.602,10825.0965107,-576378.242,0.95594,11467.154,-3470.95404936,,
34,Paper,Paper,19.35893232,USD,IDEALPRO,34.0,,,1.0,0.95628,2000000.0,1000000.0,-363.50693232,BOT,USD,CHF,20160405 14:36:52 EST,,-344.148,10461.5895784,-576378.242,0.95628,11123.006,-363.50693232,,
35,Paper,Paper,19.36905432,USD,IDEALPRO,35.0,,,1.0,0.95678,2000000.0,-1000000.0,486.73094568,SLD,USD,CHF,20160405 15:18:38 EST,,506.1,10948.3205241,-576378.242,0.95678,11629.106,486.73094568,,
36,Paper,Paper,19.36763724,USD,IDEALPRO,36.0,,,1.0,0.95671,2000000.0,1000000.0,51.48636276,BOT,USD,CHF,20160405 20:38:36 EST,,70.854,10999.8068869,-576378.242,0.95671,11699.96,51.48636276,,
37,Paper,Paper,19.37978364,USD,IDEALPRO,37.0,,,1.0,0.95731,2000000.0,-1000000.0,587.94021636,SLD,USD,CHF,20160405 22:08:28 EST,,607.32,11587.7471033,-576378.242,0.95731,12307.28,587.94021636,,
38,Paper,Paper,19.36804212,USD,IDEALPRO,38.0,,,1.0,0.95673,2000000.0,1000000.0,567.70795788,BOT,USD,CHF,20160405 22:39:03 EST,,587.076,12155.4550612,-576378.242,0.95673,12894.356,567.70795788,,
39,Paper,Paper,19.3674348,USD,IDEALPRO,39.0,,,1.0,0.9567,2000000.0,-1000000.0,-49.7334348,SLD,USD,CHF,20160405 23:08:26 EST,,-30.366,12105.7216264,-576378.242,0.9567,12863.99,-49.7334348,,
40,Paper,Paper,19.37775924,USD,IDEALPRO,40.0,,,1.0,0.95721,2000000.0,1000000.0,-535.59975924,BOT,USD,CHF,20160405 23:37:55 EST,,-516.222,11570.1218672,-576378.242,0.95721,12347.768,-535.59975924,,
41,Paper,Paper,19.40569596,USD,IDEALPRO,41.0,,,1.0,0.95859,2000000.0,-1000000.0,1377.43030404,SLD,USD,CHF,20160406 02:38:18 EST,,1396.836,12947.5521712,-576378.242,0.95859,13744.604,1377.43030404,,
42,Paper,Paper,19.39658616,USD,IDEALPRO,42.0,,,1.0,0.95814,2000000.0,1000000.0,436.09341384,BOT,USD,CHF,20160406 03:08:16 EST,,455.49,13383.645585,-576378.242,0.95814,14200.094,436.09341384,,
43,Paper,Paper,19.44982788,USD,IDEALPRO,43.0,,,1.0,0.96077,2000000.0,-1000000.0,2642.63617212,SLD,USD,CHF,20160406 04:37:28 EST,,2662.086,16026.2817571,-576378.242,0.96077,16862.18,2642.63617212,,
44,Paper,Paper,19.45731816,USD,IDEALPRO,44.0,,,1.0,0.96114,2000000.0,1000000.0,-393.97131816,BOT,USD,CHF,20160406 05:08:53 EST,,-374.514,15632.3104389,-576378.242,0.96114,16487.666,-393.97131816,,
45,Paper,Paper,19.43849124,USD,IDEALPRO,45.0,,,1.0,0.96021,2000000.0,-1000000.0,-960.78449124,SLD,USD,CHF,20160406 07:08:12 EST,,-941.346,14671.5259477,-576378.242,0.96021,15546.32,-960.78449124,,
46,Paper,Paper,19.44577908,USD,IDEALPRO,46.0,,,1.0,0.96057,2000000.0,1000000.0,-383.83777908,BOT,USD,CHF,20160406 08:07:37 EST,,-364.392,14287.6881686,-576378.242,0.96057,15181.928,-383.83777908,,
47,Paper,Paper,19.419057,USD,IDEALPRO,47.0,,,1.0,0.95925,2000000.0,-1000000.0,-1355.523057,SLD,USD,CHF,20160406 08:25:52 EST,,-1336.104,12932.1651116,-576378.242,0.95925,13845.824,-1355.523057,,
48,Paper,Paper,19.39456176,USD,IDEALPRO,48.0,,,1.0,0.95804,2000000.0,1000000.0,1205.36743824,BOT,USD,CHF,20160406 09:06:49 EST,,1224.762,14137.5325498,-576378.242,0.95804,15070.586,1205.36743824,,
49,Paper,Paper,19.36156404,USD,IDEALPRO,49.0,,,1.0,0.95641,2000000.0,-1000000.0,-1669.24756404,SLD,USD,CHF,20160406 09:37:15 EST,,-1649.886,12468.2849858,-576378.242,0.95641,13420.7,-1669.24756404,,
50,Paper,Paper,19.368447,USD,IDEALPRO,50.0,,,1.0,0.95675,2000000.0,1000000.0,-363.516447,BOT,USD,CHF,20160406 10:08:39 EST,,-344.148,12104.7685388,-576378.242,0.95675,13076.552,-363.516447,,
51,Paper,Paper,19.36723236,USD,IDEALPRO,51.0,,,1.0,0.95669,2000000.0,-1000000.0,-80.0992323599,SLD,USD,CHF,20160406 10:37:08 EST,,-60.7319999999,12024.6693064,-576378.242,0.95669,13015.82,-80.0992323599,,
52,Paper,Paper,19.35549084,USD,IDEALPRO,52.0,,,1.0,0.95611,2000000.0,1000000.0,567.72050916,BOT,USD,CHF,20160406 17:22:00 EST,,587.076,12592.3898156,-576378.242,0.95611,13602.896,567.72050916,,
53,Paper,Paper,19.3573128,USD,IDEALPRO,53.0,,,1.0,0.9562,2000000.0,-1000000.0,71.7406872,SLD,USD,CHF,20160406 17:36:13 EST,,91.098,12664.1305028,-576378.242,0.9562,13693.994,71.7406872,,
54,Paper,Paper,19.358325,USD,IDEALPRO,54.0,,,1.0,0.95625,2000000.0,1000000.0,-69.968325,BOT,USD,CHF,20160406 19:07:20 EST,,-50.61,12594.1621778,-576378.242,0.95625,13643.384,-69.968325,,
55,Paper,Paper,19.34840544,USD,IDEALPRO,55.0,,,1.0,0.95576,2000000.0,-1000000.0,-515.32640544,SLD,USD,CHF,20160406 20:41:14 EST,,-495.978,12078.8357724,-576378.242,0.95576,13147.406,-515.32640544,,
56,Paper,Paper,19.3421298,USD,IDEALPRO,56.0,,,1.0,0.95545,2000000.0,1000000.0,294.4398702,BOT,USD,CHF,20160406 22:36:46 EST,,313.782,12373.2756426,-576378.242,0.95545,13461.188,294.4398702,4981068.73324,5175681.188
57,Paper,Paper,19.34293956,USD,IDEALPRO,57.0,,,1.0,0.95549,2000000.0,-1000000.0,21.1450604399,SLD,USD,CHF,20160407 00:08:07 EST,,40.4879999999,12394.420703,-576378.242,0.95549,13501.676,21.1450604399,-5849468.3413,-5654818.324
58,Paper,Paper,19.28605392,USD,IDEALPRO,58.0,,,1.0,0.95268,2000000.0,1000000.0,2824.99594608,BOT,USD,CHF,20160407 02:35:09 EST,,2844.282,15219.4166491,-576378.242,0.95268,16345.958,2824.99594608,33021854.8742,33216505.958
59,Paper,Paper,19.3158126,USD,IDEALPRO,59.0,,,1.0,0.95415,2000000.0,-1000000.0,1468.6181874,SLD,USD,CHF,20160407 03:35:53 EST,,1487.934,16688.0348365,-576378.242,0.95415,17833.892,1468.6181874,-19408654.7272,-19213966.108
60,Paper,Paper,19.37087628,USD,IDEALPRO,60.0,,,1.0,0.95687,2000000.0,1000000.0,-2772.55487628,BOT,USD,CHF,20160407 04:37:56 EST,,-2753.184,13915.4799602,-576378.242,0.95687,15080.708,-2772.55487628,-9390629.06244,-9195939.292
61,Paper,Paper,19.3664226,USD,IDEALPRO,61.0,,,1.0,0.95665,2000000.0,-1000000.0,-242.0504226,SLD,USD,CHF,20160407 05:07:53 EST,,-222.684,13673.4295376,-576378.242,0.95665,14858.024,-242.0504226,5893330.66754,6088058.024
62,Paper,Paper,19.37391288,USD,IDEALPRO,62.0,,,1.0,0.95702,2000000.0,1000000.0,-393.88791288,BOT,USD,CHF,20160407 06:38:01 EST,,-374.514,13279.5416247,-576378.242,0.95702,14483.51,-393.88791288,-10909565.0008,-10714836.49
63,Paper,Paper,19.35974208,USD,IDEALPRO,63.0,,,1.0,0.95632,2000000.0,-1000000.0,-727.89974208,SLD,USD,CHF,20160407 07:05:56 EST,,-708.54,12551.6418826,-576378.242,0.95632,13774.97,-727.89974208,2551948.87988,2746714.97
64,Paper,Paper,19.3674348,USD,IDEALPRO,64.0,,,1.0,0.9567,2000000.0,1000000.0,-404.0034348,BOT,USD,CHF,20160407 08:37:01 EST,,-384.636,12147.6384478,-576378.242,0.9567,13390.334,-404.0034348,-7671656.90395,-7476889.666
65,Paper,Paper,19.368447,USD,IDEALPRO,65.0,,,1.0,0.95675,2000000.0,-1000000.0,31.241553,SLD,USD,CHF,20160407 09:06:51 EST,,50.61,12178.8800008,-576378.242,0.95675,13440.944,31.241553,6904036.118,7098840.944
66,Paper,Paper,19.34334444,USD,IDEALPRO,66.0,,,1.0,0.95551,2000000.0,1000000.0,1235.78465556,BOT,USD,CHF,20160407 11:07:06 EST,,1255.128,13414.6646564,-576378.242,0.95551,14696.072,1235.78465556,4374790.12226,4569596.072
67,Paper,Paper,19.34192736,USD,IDEALPRO,67.0,,,1.0,0.95544,2000000.0,-1000000.0,-90.1959273601,SLD,USD,CHF,20160407 13:07:30 EST,,-70.8540000001,13324.468729,-576378.242,0.95544,14625.218,-90.1959273601,-6354638.29327,-6159794.782
68,Paper,Paper,19.34132004,USD,IDEALPRO,68.0,,,1.0,0.95541,2000000.0,1000000.0,11.02467996,BOT,USD,CHF,20160407 15:21:07 EST,,30.366,13335.493409,-576378.242,0.95541,14655.584,11.02467996,5386910.95101,5581755.584
69,Paper,Paper,19.34536884,USD,IDEALPRO,69.0,,,1.0,0.95561,2000000.0,-1000000.0,183.09463116,SLD,USD,CHF,20160407 17:23:12 EST,,202.44,13518.5880402,-576378.242,0.95561,14858.024,183.09463116,-4633704.17396,-4438821.976
70,Paper,Paper,19.36095672,USD,IDEALPRO,70.0,,,1.0,0.95638,2000000.0,1000000.0,-798.75495672,BOT,USD,CHF,20160407 18:07:52 EST,,-779.394,12719.8330835,-576378.242,0.95638,14078.63,-798.75495672,-4432044.70932,-4237161.37
71,Paper,Paper,19.35690792,USD,IDEALPRO,71.0,,,1.0,0.95618,2000000.0,-1000000.0,-221.79690792,SLD,USD,CHF,20160407 18:38:20 EST,,-202.44,12498.0361756,-576378.242,0.95618,13876.19,-221.79690792,1134815.27418,1329736.19
72,Paper,Paper,19.37087628,USD,IDEALPRO,72.0,,,1.0,0.95687,2000000.0,1000000.0,-717.78887628,BOT,USD,CHF,20160407 20:08:35 EST,,-698.418,11780.2472993,-576378.242,0.95687,13177.772,-717.78887628,-9392764.2951,-9197842.228
73,Paper,Paper,19.36702992,USD,IDEALPRO,73.0,,,1.0,0.95668,2000000.0,-1000000.0,-211.68502992,SLD,USD,CHF,20160407 20:39:02 EST,,-192.318,11568.5622694,-576378.242,0.95668,12985.454,-211.68502992,6194885.80027,6389845.454
74,Paper,Paper,19.36217136,USD,IDEALPRO,74.0,,,1.0,0.95644,2000000.0,1000000.0,223.56582864,BOT,USD,CHF,20160407 21:08:28 EST,,242.928,11792.128098,-576378.242,0.95644,13228.382,223.56582864,-5040292.4143,-4845331.618
75,Paper,Paper,19.363386,USD,IDEALPRO,75.0,,,1.0,0.9565,2000000.0,-1000000.0,41.3686140001,SLD,USD,CHF,20160407 22:07:58 EST,,60.7320000001,11833.496712,-576378.242,0.9565,13289.114,41.3686140001,4373190.73471,4568189.114
76,Paper,Paper,19.363386,USD,IDEALPRO,76.0,,,1.0,0.9565,2000000.0,1000000.0,-19.363386,BOT,USD,CHF,20160407 23:37:38 EST,,0.0,11814.133326,-576378.242,0.9565,13289.114,-19.363386,-5647590.40907,-5452590.886
77,Paper,Paper,19.36500552,USD,IDEALPRO,77.0,,,1.0,0.95658,2000000.0,-1000000.0,61.61099448,SLD,USD,CHF,20160408 00:07:34 EST,,80.976,11875.7443205,-576378.242,0.95658,13370.09,61.61099448,5182992.98232,5378030.09
78,Paper,Paper,19.37573484,USD,IDEALPRO,78.0,,,1.0,0.95711,2000000.0,1000000.0,-555.84173484,BOT,USD,CHF,20160408 01:07:51 EST,,-536.466,11319.9025857,-576378.242,0.95711,12833.624,-555.84173484,-11822504.6398,-11627466.376
79,Paper,Paper,19.29617592,USD,IDEALPRO,79.0,,,1.0,0.95318,2000000.0,-1000000.0,-3997.24217592,SLD,USD,CHF,20160408 11:36:04 EST,,-3977.946,7322.66040978,-576378.242,0.95318,8855.678,-3997.24217592,-29236360.1016,-29041284.322
80,Paper,Paper,18.9229494384,USD,IDEALPRO,80.0,,,1.0,0.95382,980000.0,-20000.0,-653.774789438,BOT,USD,CHF,20160408 15:06:43 EST,,-634.85184,6668.88562034,369769.22992,0.95318,8220.82616,-653.774789438,-578204.76962,-572781.97384
