permid,account,clientid,commission,commission_currency,exchange,execid,expiry,level_0,orderid,price,qty,openqty,realized_PnL,side,symbol,symbol_currency,times,yield_redemption_date,PurePL,balance,margin_available,openprice,purebalance,real_pnl,mark_to_mkt,pure_mark_to_mkt
1,Paper,Paper,28.561984,USD,IDEALPRO,1.0,,,1.0,162.284,1000000.0,-1000000.0,-28.561984,SLD,GBP,JPY,20160330 08:35:47 EST,,0.0,19971.438016,-1028099.2,162.284,20000.0,-28.561984,,
2,Paper,Paper,28.565856,USD,IDEALPRO,2.0,,,1.0,162.306,2000000.0,1000000.0,-222.165856,BOT,GBP,JPY,20160330 09:43:47 EST,,-193.6,19749.27216,-1028099.2,162.306,19806.4,-222.165856,,
3,Paper,Paper,28.49,USD,IDEALPRO,3.0,,,1.0,161.875,2000000.0,-1000000.0,-3821.29,SLD,GBP,JPY,20160330 12:50:19 EST,,-3792.8,15927.98216,-1028099.2,161.875,16013.6,-3821.29,,
4,Paper,Paper,28.46712,USD,IDEALPRO,4.0,,,1.0,161.745,2000000.0,1000000.0,1115.53288,BOT,GBP,JPY,20160330 13:40:07 EST,,1144.0,17043.51504,-1028099.2,161.745,17157.6,1115.53288,,
5,Paper,Paper,28.453568,USD,IDEALPRO,5.0,,,1.0,161.668,2000000.0,-1000000.0,-706.053568,SLD,GBP,JPY,20160330 14:44:30 EST,,-677.6,16337.461472,-1028099.2,161.668,16480.0,-706.053568,,
6,Paper,Paper,28.458496,USD,IDEALPRO,6.0,,,1.0,161.696,2000000.0,1000000.0,-274.858496,BOT,GBP,JPY,20160330 15:10:10 EST,,-246.4,16062.602976,-1028099.2,161.696,16233.6,-274.858496,,
7,Paper,Paper,28.406576,USD,IDEALPRO,7.0,,,1.0,161.401,2000000.0,-1000000.0,-2624.406576,SLD,GBP,JPY,20160330 20:44:31 EST,,-2596.0,13438.1964,-1028099.2,161.401,13637.6,-2624.406576,,
8,Paper,Paper,28.488768,USD,IDEALPRO,8.0,,,1.0,161.868,2000000.0,1000000.0,-4138.088768,BOT,GBP,JPY,20160401 04:35:11 EST,,-4109.6,9300.107632,-1028099.2,161.868,9528.0,-4138.088768,,
9,Paper,Paper,28.487712,USD,IDEALPRO,9.0,,,1.0,161.862,2000000.0,-1000000.0,-81.287712,SLD,GBP,JPY,20160401 05:32:49 EST,,-52.8,9218.81992,-1028099.2,161.862,9475.2,-81.287712,,
10,Paper,Paper,28.488768,USD,IDEALPRO,10.0,,,1.0,161.868,2000000.0,1000000.0,-81.288768,BOT,GBP,JPY,20160401 10:33:20 EST,,-52.8,9137.531152,-1028099.2,161.868,9422.4,-81.288768,,
11,Paper,Paper,28.487712,USD,IDEALPRO,11.0,,,1.0,161.862,2000000.0,-1000000.0,-81.287712,SLD,GBP,JPY,20160401 10:35:24 EST,,-52.8,9056.24344,-1028099.2,161.862,9369.6,-81.287712,,
12,Paper,Paper,27.9092,USD,IDEALPRO,12.0,,,1.0,158.575,2000000.0,1000000.0,28897.6908,BOT,GBP,JPY,20160403 21:54:29 EST,,28925.6,37953.93424,-1028099.2,158.575,38295.2,28897.6908,,
13,Paper,Paper,27.935072,USD,IDEALPRO,13.0,,,1.0,158.722,2000000.0,-1000000.0,1265.664928,SLD,GBP,JPY,20160404 05:33:15 EST,,1293.6,39219.599168,-1028099.2,158.722,39588.8,1265.664928,,
14,Paper,Paper,28.029584,USD,IDEALPRO,14.0,,,1.0,159.259,2000000.0,1000000.0,-4753.629584,BOT,GBP,JPY,20160404 10:20:03 EST,,-4725.6,34465.969584,-1028099.2,159.259,34863.2,-4753.629584,,
15,Paper,Paper,27.948448,USD,IDEALPRO,15.0,,,1.0,158.798,2000000.0,-1000000.0,-4084.748448,SLD,GBP,JPY,20160404 17:57:26 EST,,-4056.8,30381.221136,-1028099.2,158.798,30806.4,-4084.748448,,
16,Paper,Paper,27.848128,USD,IDEALPRO,16.0,,,1.0,158.228,2000000.0,1000000.0,4988.151872,BOT,GBP,JPY,20160404 23:33:45 EST,,5016.0,35369.373008,-1028099.2,158.228,35822.4,4988.151872,,
17,Paper,Paper,27.838624,USD,IDEALPRO,17.0,,,1.0,158.174,2000000.0,-1000000.0,-503.038624,SLD,GBP,JPY,20160405 00:03:13 EST,,-475.2,34866.334384,-1028099.2,158.174,35347.2,-503.038624,,
18,Paper,Paper,27.79304,USD,IDEALPRO,18.0,,,1.0,157.915,2000000.0,1000000.0,2251.40696,BOT,GBP,JPY,20160405 01:03:41 EST,,2279.2,37117.741344,-1028099.2,157.915,37626.4,2251.40696,,
19,Paper,Paper,27.78072,USD,IDEALPRO,19.0,,,1.0,157.845,2000000.0,-1000000.0,-643.78072,SLD,GBP,JPY,20160405 01:33:08 EST,,-616.0,36473.960624,-1028099.2,157.845,37010.4,-643.78072,,
20,Paper,Paper,27.77984,USD,IDEALPRO,20.0,,,1.0,157.84,2000000.0,1000000.0,16.22016,BOT,GBP,JPY,20160405 02:03:35 EST,,44.0,36490.180784,-1028099.2,157.84,37054.4,16.22016,,
21,Paper,Paper,27.69096,USD,IDEALPRO,21.0,,,1.0,157.335,2000000.0,-1000000.0,-4471.69096,SLD,GBP,JPY,20160405 03:33:30 EST,,-4444.0,32018.489824,-1028099.2,157.335,32610.4,-4471.69096,,
22,Paper,Paper,27.6232,USD,IDEALPRO,22.0,,,1.0,156.95,2000000.0,1000000.0,3360.3768,BOT,GBP,JPY,20160405 09:03:04 EST,,3388.0,35378.866624,-1028099.2,156.95,35998.4,3360.3768,,
23,Paper,Paper,27.594336,USD,IDEALPRO,23.0,,,1.0,156.786,2000000.0,-1000000.0,-1470.794336,SLD,GBP,JPY,20160405 09:33:34 EST,,-1443.2,33908.072288,-1028099.2,156.786,34555.2,-1470.794336,,
24,Paper,Paper,27.477648,USD,IDEALPRO,24.0,,,1.0,156.123,2000000.0,1000000.0,5806.922352,BOT,GBP,JPY,20160405 11:03:54 EST,,5834.4,39714.99464,-1028099.2,156.123,40389.6,5806.922352,,
25,Paper,Paper,27.481872,USD,IDEALPRO,25.0,,,1.0,156.147,2000000.0,-1000000.0,183.718128,SLD,GBP,JPY,20160405 11:35:15 EST,,211.2,39898.712768,-1028099.2,156.147,40600.8,183.718128,,
26,Paper,Paper,27.476064,USD,IDEALPRO,26.0,,,1.0,156.114,2000000.0,1000000.0,262.923936,BOT,GBP,JPY,20160405 13:03:44 EST,,290.4,40161.636704,-1028099.2,156.114,40891.2,262.923936,,
27,Paper,Paper,27.467792,USD,IDEALPRO,27.0,,,1.0,156.067,2000000.0,-1000000.0,-441.067792,SLD,GBP,JPY,20160405 13:33:44 EST,,-413.6,39720.568912,-1028099.2,156.067,40477.6,-441.067792,,
28,Paper,Paper,27.497184,USD,IDEALPRO,28.0,,,1.0,156.234,2000000.0,1000000.0,-1497.097184,BOT,GBP,JPY,20160405 17:15:29 EST,,-1469.6,38223.471728,-1028099.2,156.234,39008.0,-1497.097184,,
29,Paper,Paper,27.491728,USD,IDEALPRO,29.0,,,1.0,156.203,2000000.0,-1000000.0,-300.291728,SLD,GBP,JPY,20160405 17:17:56 EST,,-272.8,37923.18,-1028099.2,156.203,38735.2,-300.291728,,
30,Paper,Paper,27.499296,USD,IDEALPRO,30.0,,,1.0,156.246,2000000.0,1000000.0,-405.899296,BOT,GBP,JPY,20160405 17:42:14 EST,,-378.4,37517.280704,-1028099.2,156.246,38356.8,-405.899296,,
31,Paper,Paper,27.4868,USD,IDEALPRO,31.0,,,1.0,156.175,2000000.0,-1000000.0,-652.2868,SLD,GBP,JPY,20160405 21:34:30 EST,,-624.8,36864.993904,-1028099.2,156.175,37732.0,-652.2868,,
32,Paper,Paper,27.53344,USD,IDEALPRO,32.0,,,1.0,156.44,2000000.0,1000000.0,-2359.53344,BOT,GBP,JPY,20160405 22:34:08 EST,,-2332.0,34505.460464,-1028099.2,156.44,35400.0,-2359.53344,,
33,Paper,Paper,27.504576,USD,IDEALPRO,33.0,,,1.0,156.276,2000000.0,-1000000.0,-1470.704576,SLD,GBP,JPY,20160406 00:34:19 EST,,-1443.2,33034.755888,-1028099.2,156.276,33956.8,-1470.704576,,
34,Paper,Paper,27.287568,USD,IDEALPRO,34.0,,,1.0,155.043,2000000.0,1000000.0,10823.112432,BOT,GBP,JPY,20160406 11:34:25 EST,,10850.4,43857.86832,-1028099.2,155.043,44807.2,10823.112432,,
35,Paper,Paper,27.3328,USD,IDEALPRO,35.0,,,1.0,155.3,2000000.0,-1000000.0,2234.2672,SLD,GBP,JPY,20160406 12:33:39 EST,,2261.6,46092.13552,-1028099.2,155.3,47068.8,2234.2672,,
36,Paper,Paper,27.274016,USD,IDEALPRO,36.0,,,1.0,154.966,2000000.0,1000000.0,2911.925984,BOT,GBP,JPY,20160406 16:04:13 EST,,2939.2,49004.061504,-1028099.2,154.966,50008.0,2911.925984,,
37,Paper,Paper,27.291088,USD,IDEALPRO,37.0,,,1.0,155.063,2000000.0,-1000000.0,826.308912,SLD,GBP,JPY,20160406 16:34:04 EST,,853.6,49830.370416,-1028099.2,155.063,50861.6,826.308912,,
38,Paper,Paper,27.2932,USD,IDEALPRO,38.0,,,1.0,155.075,2000000.0,1000000.0,-132.8932,BOT,GBP,JPY,20160406 18:27:41 EST,,-105.6,49697.477216,-1028099.2,155.075,50756.0,-132.8932,,
39,Paper,Paper,27.293024,USD,IDEALPRO,39.0,,,1.0,155.074,2000000.0,-1000000.0,-36.0930239998,SLD,GBP,JPY,20160406 18:35:21 EST,,-8.79999999979,49661.384192,-1028099.2,155.074,50747.2,-36.0930239998,,
40,Paper,Paper,27.284224,USD,IDEALPRO,40.0,,,1.0,155.024,2000000.0,1000000.0,412.715776,BOT,GBP,JPY,20160406 19:05:48 EST,,440.0,50074.099968,-1028099.2,155.024,51187.2,412.715776,,
41,Paper,Paper,27.30728,USD,IDEALPRO,41.0,,,1.0,155.155,2000000.0,-1000000.0,1125.49272,SLD,GBP,JPY,20160406 20:38:08 EST,,1152.8,51199.592688,-1028099.2,155.155,52340.0,1125.49272,,
42,Paper,Paper,26.8752,USD,IDEALPRO,42.0,,,1.0,152.7,2000000.0,1000000.0,21577.1248,BOT,GBP,JPY,20160407 20:34:58 EST,,21604.0,72776.717488,-1028099.2,152.7,73944.0,21577.1248,142449171.757,142721944.0
43,Paper,Paper,26.924656,USD,IDEALPRO,43.0,,,1.0,152.981,2000000.0,-1000000.0,2445.875344,SLD,GBP,JPY,20160407 21:04:23 EST,,2472.8,75222.592832,-1028099.2,152.981,76416.8,2445.875344,-119612412.287,-119339583.2
44,Paper,Paper,26.939088,USD,IDEALPRO,44.0,,,1.0,153.063,2000000.0,1000000.0,-748.539088,BOT,GBP,JPY,20160407 22:04:24 EST,,-721.6,74474.053744,-1028099.2,153.063,75695.2,-748.539088,110506869.094,110779695.2
45,Paper,Paper,26.916384,USD,IDEALPRO,45.0,,,1.0,152.934,2000000.0,-1000000.0,-1162.116384,SLD,GBP,JPY,20160407 22:34:20 EST,,-1135.2,73311.93736,-1028099.2,152.934,74560.0,-1162.116384,-123750322.943,-123477440.0
46,Paper,Paper,26.895968,USD,IDEALPRO,46.0,,,1.0,152.818,2000000.0,1000000.0,993.904032,BOT,GBP,JPY,20160408 00:04:02 EST,,1020.8,74305.841392,-1028099.2,152.818,75580.8,993.904032,132066700.881,132339580.8
47,Paper,Paper,26.929056,USD,IDEALPRO,47.0,,,1.0,153.006,2000000.0,-1000000.0,1627.470944,SLD,GBP,JPY,20160408 00:35:26 EST,,1654.4,75933.312336,-1028099.2,153.006,77235.2,1627.470944,-117411701.568,-117138764.8
48,Paper,Paper,27.031488,USD,IDEALPRO,48.0,,,1.0,153.588,2000000.0,1000000.0,-5148.631488,BOT,GBP,JPY,20160408 05:04:09 EST,,-5121.6,70784.680848,-1028099.2,153.588,72113.6,-5148.631488,64303179.7208,64576113.6
49,Paper,Paper,26.952816,USD,IDEALPRO,49.0,,,1.0,153.141,2000000.0,-1000000.0,-3960.552816,SLD,GBP,JPY,20160408 06:34:00 EST,,-3933.6,66824.128032,-1028099.2,153.141,68180.0,-3960.552816,-105540810.752,-105267820.0
50,Paper,Paper,26.92888,USD,IDEALPRO,50.0,,,1.0,153.005,2000000.0,1000000.0,1169.87112,BOT,GBP,JPY,20160408 07:34:12 EST,,1196.8,67993.999152,-1028099.2,153.005,69376.8,1169.87112,115604389.039,115877376.8
51,Paper,Paper,26.934864,USD,IDEALPRO,51.0,,,1.0,153.039,2000000.0,-1000000.0,272.265136,SLD,GBP,JPY,20160408 08:03:15 EST,,299.2,68266.264288,-1028099.2,153.039,69676.0,272.265136,-114515368.616,-114242324.0
52,Paper,Paper,26.955632,USD,IDEALPRO,52.0,,,1.0,153.157,2000000.0,1000000.0,-1065.355632,BOT,GBP,JPY,20160408 09:04:14 EST,,-1038.4,67200.908656,-1028099.2,153.157,68637.6,-1065.355632,102227595.949,102500637.6
53,Paper,Paper,26.931344,USD,IDEALPRO,53.0,,,1.0,153.019,2000000.0,-1000000.0,-1241.331344,SLD,GBP,JPY,20160408 12:34:06 EST,,-1214.4,65959.577312,-1028099.2,153.019,67423.2,-1241.331344,-116277675.303,-116004576.8
54,Paper,Paper,26.919904,USD,IDEALPRO,54.0,,,1.0,152.954,2000000.0,1000000.0,545.080096,BOT,GBP,JPY,20160408 14:03:52 EST,,572.0,66504.657408,-1028099.2,152.954,67995.2,545.080096,120090899.697,120363995.2
55,Paper,Paper,26.3903024,USD,IDEALPRO,55.0,,,1.0,153.005,980000.0,20000.0,413.4336976,SLD,GBP,JPY,20160408 15:06:14 EST,,439.824,66918.0911056,291415.92,152.954,68435.024,413.4336976,2467405.99191,2474355.024
