,price_diff,profit,total,returns,accuracy,equity
2016-05-24 23:30:00,0.00013,2.6,2.6,,1.0,2.6
2016-05-25 00:00:00,-0.00029,-5.8,-3.2,-2.23076923077,0.5,-3.2
2016-05-25 00:30:00,7.99999999999e-05,1.6,-1.60000000001,-0.499999999999,0.833333333333,-1.60000000001
2016-05-25 01:00:00,6.99999999999e-05,1.4,-0.200000000008,-0.874999999995,0.833333333333,-0.200000000008
2016-05-25 01:30:00,6.99999999999e-05,-1.4,-1.60000000001,6.99999999971,0.633333333333,-1.60000000001
2016-05-25 02:00:00,0.0001,-2.0,-3.60000000001,1.25,0.633333333333,-3.60000000001
2016-05-25 02:30:00,-7.00000000001e-05,-1.4,-5.00000000001,0.388888888889,0.633333333333,-5.00000000001
2016-05-25 03:00:00,-0.00028,-5.6,-10.6,1.12,0.633333333333,-10.6
2016-05-25 03:30:00,-8.00000000001e-05,-1.6,-12.2,0.150943396226,0.633333333333,-12.2
2016-05-25 04:00:00,-0.00032,-6.4,-18.6,0.524590163934,0.633333333333,-18.6
2016-05-25 04:30:00,0.00018,3.6,-15.0,-0.193548387097,0.724242424242,-15.0
2016-05-25 05:00:00,0.00014,-2.8,-17.8,0.186666666667,0.640909090909,-17.8
2016-05-25 05:30:00,-0.00038,7.6,-10.2,-0.426966292135,0.717832167832,-10.2
2016-05-25 06:00:00,-0.00018,-3.6,-13.8,0.35294117647,0.646403596404,-13.8
2016-05-25 06:30:00,0.0001,-2.0,-15.8,0.144927536232,0.646403596404,-15.8
2016-05-25 07:00:00,-0.00071,14.2,-1.60000000001,-0.898734177215,0.708903596404,-1.60000000001
2016-05-25 07:30:00,-0.00044,-8.8,-10.4,5.49999999996,0.650080066992,-10.4
2016-05-25 08:00:00,0.00026,5.2,-5.20000000001,-0.5,0.705635622547,-5.20000000001
2016-05-25 08:30:00,0.00036,7.2,1.99999999999,-1.38461538461,0.705635622547,1.99999999999
2016-05-25 09:00:00,-0.00034,-6.8,-4.80000000001,-3.40000000002,0.655635622547,-4.80000000001
2016-05-25 09:30:00,-0.00023,-4.6,-9.40000000001,0.95833333333,0.655635622547,-9.40000000001
2016-05-25 10:00:00,0.00074,14.8,5.39999999999,-1.5744680851,0.701090168002,5.39999999999
2016-05-25 10:30:00,-1.00000000001e-05,0.200000000001,5.59999999999,0.0370370370374,0.701090168002,5.59999999999
2016-05-25 11:00:00,0.00043,8.6,14.2,1.53571428572,0.701090168002,14.2
2016-05-25 11:30:00,-0.00019,-3.8,10.4,-0.267605633803,0.661090168002,10.4
2016-05-25 12:00:00,0.00043,8.6,19.0,0.826923076924,0.699551706463,19.0
2016-05-25 12:30:00,0.0001,-2.0,17.0,-0.105263157895,0.662514669426,17.0
2016-05-25 13:00:00,-0.00056,11.2,28.2,0.658823529412,0.698228955141,28.2
2016-05-25 13:30:00,-0.00033,-6.6,21.6,-0.234042553192,0.66374619652,21.6
2016-05-25 14:00:00,-0.00032,-6.4,15.2,-0.296296296296,0.66374619652,15.2
2016-05-25 14:30:00,-3.99999999999e-05,0.799999999999,16.0,0.0526315789473,0.696004261036,16.0
2016-05-25 15:00:00,9.00000000001e-05,1.8,17.8,0.1125,0.696004261036,17.8
2016-05-25 15:30:00,-0.00081,-16.2,1.59999999999,-0.910112359551,0.665701230733,1.59999999999
2016-05-25 16:00:00,-0.00011,-2.2,-0.600000000011,-1.37500000001,0.665701230733,-0.600000000011
2016-05-25 16:30:00,0.00061,12.2,11.6,-20.333333333,0.694272659305,11.6
2016-05-25 17:00:00,-0.0005,10.0,21.6,0.862068965518,0.694272659305,21.6
2016-05-25 17:30:00,-3.99999999999e-05,0.799999999999,22.4,0.037037037037,0.694272659305,22.4
2016-05-25 18:00:00,0.00112,-22.4,-1.11022302463e-11,-1.0,0.667956869831,-1.11022302463e-11
2016-05-25 18:30:00,-0.00109,21.8,21.8,-1.96356943753e+12,0.693597895472,21.8
2016-05-25 19:00:00,-0.00142,-28.4,-6.60000000001,-1.30275229358,0.668597895472,-6.60000000001
2016-05-25 19:30:00,0.00075,15.0,8.39999999999,-2.27272727272,0.692988139374,8.39999999999
2016-05-25 20:00:00,0.00037,7.4,15.8,0.880952380953,0.692988139374,15.8
2016-05-25 20:30:00,-0.00011,2.2,18.0,0.139240506329,0.692988139374,18.0
2016-05-25 21:00:00,-0.00036,-7.2,10.8,-0.4,0.670260866647,10.8
2016-05-25 21:30:00,0.00011,2.2,13.0,0.203703703704,0.692483088869,13.0
2016-05-25 22:00:00,-8.99999999999e-05,-1.8,11.2,-0.138461538462,0.670743958435,11.2
2016-05-25 22:30:00,-0.00019,3.8,15.0,0.339285714286,0.692020554179,15.0
2016-05-25 23:00:00,-0.00016,3.2,18.2,0.213333333334,0.692020554179,18.2
2016-05-25 23:30:00,0.00053,10.6,28.8,0.582417582418,0.692020554179,28.8
2016-05-26 00:00:00,0.00018,-3.6,25.2,-0.125,0.672020554179,25.2
2016-05-26 00:30:00,-0.00014,2.8,28.0,0.111111111111,0.691628397316,28.0
2016-05-26 01:00:00,-2.99999999999e-05,-0.599999999997,27.4,-0.0214285714285,0.672397628086,27.4
2016-05-26 01:30:00,-2.00000000001e-05,-0.400000000003,27.0,-0.0145985401461,0.672397628086,27.0
2016-05-26 02:00:00,0.00016,-3.2,23.8,-0.118518518518,0.672397628086,23.8
2016-05-26 02:30:00,-8.00000000001e-05,1.6,25.4,0.0672268907564,0.690579446267,25.4
2016-05-26 03:00:00,0.00031,-6.2,19.2,-0.244094488189,0.67272230341,19.2
2016-05-26 03:30:00,-0.00046,9.2,28.4,0.479166666667,0.690266163059,28.4
2016-05-26 04:00:00,-0.00084,16.8,45.2,0.591549295775,0.690266163059,45.2
2016-05-26 04:30:00,-0.00084,-16.8,28.4,-0.371681415929,0.673317010517,28.4
2016-05-26 05:00:00,7.00000000001e-05,1.4,29.8,0.049295774648,0.689983677184,29.8
2016-05-26 05:30:00,0.00054,10.8,40.6,0.362416107383,0.689983677184,40.6
2016-05-26 06:00:00,-0.00058,-11.6,29.0,-0.285714285714,0.673854644926,29.0
2016-05-26 06:30:00,0.00022,-4.4,24.6,-0.151724137931,0.673854644926,24.6
2016-05-26 07:00:00,-0.00041,8.2,32.8,0.333333333333,0.689479644926,32.8
2016-05-26 07:30:00,0.00013,-2.6,30.2,-0.0792682926829,0.674095029541,30.2
2016-05-26 08:00:00,-0.00017,-3.4,26.8,-0.112582781457,0.674095029541,26.8
2016-05-26 08:30:00,0.00017,-3.4,23.4,-0.126865671642,0.674095029541,23.4
2016-05-26 09:00:00,-0.00069,-13.8,9.6,-0.589743589744,0.674095029541,9.6
2016-05-26 09:30:00,0.00037,7.4,17.0,0.770833333333,0.688587783164,17.0
2016-05-26 10:00:00,0.00038,7.6,24.6,0.447058823529,0.688587783164,24.6
2016-05-26 10:30:00,0.00101,-20.2,4.4,-0.821138211382,0.674503276122,4.4
2016-05-26 11:00:00,0.00108,21.6,26.0,4.90909090909,0.688392165011,26.0
2016-05-26 11:30:00,0.00057,-11.4,14.6,-0.438461538462,0.674693534874,14.6
2016-05-26 12:00:00,5e-05,1.0,15.6,0.0684931506849,0.688207048387,15.6
2016-05-26 12:30:00,-0.00072,-14.4,1.2,-0.923076923077,0.674873715054,1.2
2016-05-26 13:00:00,-0.00024,-4.8,-3.6,-3.99999999999,0.674873715054,-3.6
2016-05-26 13:30:00,-0.00046,9.2,5.6,-2.55555555556,0.687860728041,5.6
2016-05-26 14:00:00,8.99999999999e-05,1.8,7.4,0.321428571428,0.687860728041,7.4
2016-05-26 14:30:00,0.00058,11.6,19.0,1.56756756757,0.687860728041,19.0
2016-05-26 15:00:00,-0.00055,-11.0,8.0,-0.578947368421,0.675360728041,8.0
2016-05-26 15:30:00,0.00113,22.6,30.6,2.825,0.687706407053,30.6
2016-05-26 16:00:00,0.00042,-8.4,22.2,-0.274509803922,0.675511285102,22.2
2016-05-26 16:30:00,-0.00098,19.6,41.8,0.882882882883,0.687559477873,41.8
2016-05-26 17:00:00,-0.00056,-11.2,30.6,-0.267942583732,0.675654715969,30.6
2016-05-26 17:30:00,0.00054,10.8,41.4,0.352941176471,0.687419421851,41.4
2016-05-26 18:00:00,0.00088,17.6,59.0,0.425120772947,0.687419421851,59.0
2016-05-26 18:30:00,-0.00011,-2.2,56.8,-0.0372881355932,0.675925168977,56.8
2016-05-26 19:00:00,0.00054,10.8,67.6,0.19014084507,0.687288805341,67.6
2016-05-26 19:30:00,-0.00018,-3.6,64.0,-0.0532544378699,0.676052850285,64.0
2016-05-26 20:00:00,0.00086,17.2,81.2,0.26875,0.687163961396,81.2
2016-05-26 20:30:00,-0.00072,14.4,95.6,0.177339901478,0.687163961396,95.6
2016-05-26 21:00:00,-0.00075,15.0,110.6,0.15690376569,0.687163961396,110.6
2016-05-26 21:30:00,0.00053,-10.6,100.0,-0.0958408679927,0.676411273224,100.0
2016-05-26 22:00:00,-0.0003,6.0,106.0,0.06,0.687049571096,106.0
2016-05-26 22:30:00,-0.0002,-4.0,102.0,-0.0377358490566,0.676523255307,102.0
2016-05-26 23:00:00,-0.00022,4.4,106.4,0.043137254902,0.686939921973,106.4
2016-05-26 23:30:00,6.99999999999e-05,-1.4,105.0,-0.0131578947368,0.676630643623,105.0
2016-05-27 00:00:00,-0.00014,-2.8,102.2,-0.0266666666667,0.676630643623,102.2
2016-05-27 00:30:00,-0.00023,-4.6,97.6,-0.0450097847358,0.676630643623,97.6
2016-05-27 01:00:00,0.00021,4.2,101.8,0.0430327868852,0.686630643623,101.8
2016-05-27 01:30:00,-0.00014,-2.8,99.0,-0.0275049115914,0.676729653524,99.0
2016-05-27 02:00:00,-2.99999999999e-05,-0.599999999997,98.4,-0.00606060606058,0.676729653524,98.4
2016-05-27 02:30:00,5e-05,-1.0,97.4,-0.010162601626,0.676729653524,97.4
2016-05-27 03:00:00,-0.00017,-3.4,94.0,-0.034907597536,0.676729653524,94.0
2016-05-27 03:30:00,0.0,0.0,94.0,0.0,0.676729653524,94.0
2016-05-27 04:00:00,0.00017,3.4,97.4,0.0361702127659,0.686163615788,97.4
2016-05-27 04:30:00,0.00016,3.2,100.6,0.0328542094456,0.686163615788,100.6
2016-05-27 05:00:00,1.00000000001e-05,-0.200000000001,100.4,-0.00198807157059,0.676904356529,100.4
2016-05-27 05:30:00,0.00021,4.2,104.6,0.0418326693227,0.686078668455,104.6
2016-05-27 06:00:00,0.00017,3.4,108.0,0.0325047801147,0.686078668455,108.0
2016-05-27 06:30:00,0.0002,-4.0,104.0,-0.037037037037,0.677069659446,104.0
2016-05-27 07:00:00,-9.99999999995e-06,0.199999999999,104.2,0.00192307692307,0.685998230875,104.2
2016-05-27 07:30:00,5e-05,-1.0,103.2,-0.00959692898272,0.677148673353,103.2
2016-05-27 08:00:00,5e-05,-1.0,102.2,-0.00968992248062,0.677148673353,102.2
2016-05-27 08:30:00,-3e-05,0.599999999999,102.8,0.00587084148728,0.685844325527,102.8
2016-05-27 09:00:00,-0.00037,-7.4,95.4,-0.0719844357977,0.677223635872,95.4
2016-05-27 09:30:00,0.00019,3.8,99.2,0.0398322851153,0.685770644419,99.2
2016-05-27 10:00:00,-0.00015,3.0,102.2,0.0302419354839,0.685770644419,102.2
2016-05-27 10:30:00,-0.00042,-8.4,93.8,-0.0821917808219,0.677367283074,93.8
2016-05-27 11:00:00,0.00044,8.8,102.6,0.0938166311301,0.685700616407,102.6
2016-05-27 11:30:00,0.0009,18.0,120.6,0.175438596491,0.685700616407,120.6
2016-05-27 12:00:00,-0.00052,10.4,131.0,0.0862354892206,0.685700616407,131.0
2016-05-27 12:30:00,0.00023,-4.6,126.4,-0.0351145038168,0.677570535107,126.4
2016-05-27 13:00:00,0.00033,6.6,133.0,0.0522151898734,0.685635051236,133.0
2016-05-27 13:30:00,0.00022,-4.4,128.6,-0.0330827067669,0.677635051236,128.6
2016-05-27 14:00:00,-0.00028,5.6,134.2,0.0435458786936,0.685571559172,134.2
2016-05-27 14:30:00,0.00025,-5.0,129.2,-0.0372578241431,0.677697543424,129.2
2016-05-27 15:00:00,-0.00023,-4.6,124.6,-0.0356037151703,0.677697543424,124.6
2016-05-27 15:30:00,0.00046,9.2,133.8,0.0738362760835,0.685449481409,133.8
2016-05-27 16:00:00,-0.00015,3.0,136.8,0.0224215246637,0.685449481409,136.8
2016-05-27 16:30:00,0.00016,-3.2,133.6,-0.0233918128655,0.677815893622,133.6
2016-05-27 17:00:00,0.0002,-4.0,129.6,-0.0299401197605,0.677815893622,129.6
2016-05-27 17:30:00,0.00032,-6.4,123.2,-0.0493827160494,0.677815893622,123.2
2016-05-27 18:00:00,-5e-05,1.0,124.2,0.00811688311688,0.685278580189,124.2
2016-05-27 18:30:00,0.00052,10.4,134.6,0.0837359098228,0.685278580189,134.6
2016-05-27 19:00:00,-0.00017,3.4,138.0,0.0252600297177,0.685278580189,138.0
2016-05-27 19:30:00,-0.00072,-14.4,123.6,-0.104347826087,0.677979310116,123.6
2016-05-27 20:00:00,0.0006,12.0,135.6,0.0970873786408,0.685225686928,135.6
2016-05-27 20:30:00,-0.00022,4.4,140.0,0.0324483775811,0.685225686928,140.0
2016-05-27 21:00:00,-0.00049,-9.8,130.2,-0.07,0.678082829785,130.2
2016-05-27 21:30:00,0.00225,45.0,175.2,0.345622119816,0.685175028367,175.2
2016-05-27 22:00:00,0.00017,-3.4,171.8,-0.0194063926941,0.678132774846,171.8
2016-05-27 22:30:00,-0.00043,8.6,180.4,0.0500582072177,0.685125781839,180.4
2016-05-27 23:00:00,0.00033,-6.6,173.8,-0.0365853658537,0.678181337394,173.8
2016-05-27 23:30:00,0.00024,4.8,178.6,0.0276179516686,0.685077889118,178.6
2016-05-28 00:00:00,-1.99999999999e-05,-0.399999999998,178.2,-0.00223964165732,0.67822857405,178.2
