,price_diff,profit,total,returns,accuracy,equity
2016-04-18 16:00:00,-0.000305,6.1,6.1,,1.0,6.1
2016-04-18 16:30:00,-0.001115,-22.3,-16.2,-3.65573770492,0.5,-16.2
2016-04-18 17:00:00,0.000375,7.5,-8.7,-0.462962962963,0.833333333333,-8.7
2016-04-18 17:30:00,-0.001485,-29.7,-38.4,3.41379310345,0.583333333333,-38.4
2016-04-18 18:00:00,0.00038,-7.6,-46.0,0.197916666667,0.583333333333,-46.0
2016-04-18 18:30:00,0.0,0.0,-46.0,0.0,0.583333333333,-46.0
2016-04-18 19:00:00,0.00017,3.4,-42.6,-0.0739130434783,0.72619047619,-42.6
2016-04-18 19:30:00,2.00000000001e-05,-0.400000000003,-43.0,0.00938967136156,0.60119047619,-43.0
2016-04-18 20:00:00,-0.00045,-9.0,-52.0,0.209302325581,0.60119047619,-52.0
2016-04-18 20:30:00,-0.00157,31.4,-20.6,-0.603846153846,0.70119047619,-20.6
2016-04-18 21:00:00,0.000975,-19.5,-40.1,0.946601941747,0.610281385281,-40.1
2016-04-18 21:30:00,-0.000875,17.5,-22.6,-0.436408977556,0.693614718615,-22.6
2016-04-18 22:00:00,-0.00086,17.2,-5.4,-0.761061946903,0.693614718615,-5.4
2016-04-18 22:30:00,0.000605,12.1,6.7,-2.24074074074,0.693614718615,6.7
2016-04-18 23:00:00,0.00048,9.6,16.3,1.43283582089,0.693614718615,16.3
2016-04-18 23:30:00,-0.000405,-8.1,8.2,-0.496932515337,0.631114718615,8.2
2016-04-19 00:00:00,0.00021,-4.2,4.00000000001,-0.51219512195,0.631114718615,4.00000000001
2016-04-19 00:30:00,-0.000745,-14.9,-10.9,-3.72499999999,0.631114718615,-10.9
2016-04-19 01:00:00,0.00104,20.8,9.90000000001,-1.90825688074,0.683746297562,9.90000000001
2016-04-19 01:30:00,-0.0006,12.0,21.9,1.21212121212,0.683746297562,21.9
2016-04-19 02:00:00,0.000225,-4.5,17.4,-0.205479452055,0.636127249943,17.4
2016-04-19 02:30:00,-0.00133,26.6,44.0,1.52873563218,0.681581795398,44.0
2016-04-19 03:00:00,-0.00096,19.2,63.2,0.436363636364,0.681581795398,63.2
2016-04-19 03:30:00,-0.000265,5.3,68.5,0.0838607594936,0.681581795398,68.5
2016-04-19 04:00:00,0.00181,36.2,104.7,0.528467153285,0.681581795398,104.7
2016-04-19 04:30:00,-6.5e-05,1.3,106.0,0.0124164278892,0.681581795398,106.0
2016-04-19 05:00:00,0.00104,-20.8,85.2,-0.196226415094,0.644544758361,85.2
2016-04-19 05:30:00,-0.000515,-10.3,74.9,-0.120892018779,0.644544758361,74.9
2016-04-19 06:00:00,0.00013,2.59999999999,77.5,0.0347129506007,0.679027516981,77.5
2016-04-19 06:30:00,-0.00275,55.0,132.5,0.709677419355,0.679027516981,132.5
2016-04-19 07:00:00,-0.00188,37.6,170.1,0.283773584906,0.679027516981,170.1
2016-04-19 07:30:00,7.5e-05,-1.5,168.6,-0.00881834215168,0.647777516981,168.6
2016-04-19 08:00:00,-0.000905,-18.1,150.5,-0.107354685647,0.647777516981,150.5
2016-04-19 08:30:00,-0.000905,-18.1,132.4,-0.120265780731,0.647777516981,132.4
2016-04-19 09:00:00,0.0002,4.0,136.4,0.0302114803625,0.676348945553,136.4
2016-04-19 09:30:00,0.00049,-9.8,126.6,-0.0718475073314,0.648571167775,126.6
2016-04-19 10:00:00,-0.001285,-25.7,100.9,-0.203001579779,0.648571167775,100.9
2016-04-19 10:30:00,-0.0037,74.0,174.9,0.733399405352,0.674886957249,174.9
2016-04-19 11:00:00,-5.00000000001e-05,1.0,175.9,0.00571755288738,0.674886957249,175.9
2016-04-19 11:30:00,-0.001635,32.7,208.6,0.185901080159,0.674886957249,208.6
2016-04-19 12:00:00,-0.00062,12.4,221.0,0.0594439117929,0.674886957249,221.0
2016-04-19 12:30:00,0.00132,26.4,247.4,0.119457013575,0.674886957249,247.4
2016-04-19 13:00:00,0.000785,15.7,263.1,0.0634599838319,0.674886957249,263.1
2016-04-19 13:30:00,0.000665,13.3,276.4,0.0505511212467,0.674886957249,276.4
2016-04-19 14:00:00,-0.00064,12.8,289.2,0.0463096960926,0.674886957249,289.2
2016-04-19 14:30:00,-0.00191,38.2,327.4,0.132088520055,0.674886957249,327.4
2016-04-19 15:00:00,0.00017,3.4,330.8,0.010384850336,0.674886957249,330.8
2016-04-19 15:30:00,-0.000525,10.5,341.3,0.0317412333736,0.674886957249,341.3
2016-04-19 16:00:00,0.00037,-7.4,333.9,-0.0216818048638,0.654478793983,333.9
2016-04-19 16:30:00,0.001425,-28.5,305.4,-0.0853548966757,0.654478793983,305.4
2016-04-19 17:00:00,-0.000295,5.9,311.3,0.0193189259987,0.674086637121,311.3
2016-04-19 17:30:00,0.001415,28.3,339.6,0.0909090909091,0.674086637121,339.6
2016-04-19 18:00:00,0.00021,4.2,343.8,0.0123674911661,0.674086637121,343.8
2016-04-19 18:30:00,0.000545,-10.9,332.9,-0.0317044793484,0.655568118602,332.9
2016-04-19 19:00:00,0.00082,16.4,349.3,0.0492640432562,0.673749936784,349.3
2016-04-19 19:30:00,0.00139,27.8,377.1,0.0795877469224,0.673749936784,377.1
2016-04-19 20:00:00,-0.00011,2.2,379.3,0.00583399628745,0.673749936784,379.3
2016-04-19 20:30:00,0.000565,11.3,390.6,0.0297917215924,0.673749936784,390.6
2016-04-19 21:00:00,0.00012,2.39999999999,393.0,0.00614439324115,0.673749936784,393.0
2016-04-19 21:30:00,2.00000000001e-05,-0.400000000003,392.6,-0.00101781170484,0.657083270117,392.6
2016-04-19 22:00:00,-0.0006,12.0,404.6,0.030565461029,0.67347671274,404.6
2016-04-19 22:30:00,-5.50000000001e-05,-1.1,403.5,-0.00271873455265,0.657347680482,403.5
2016-04-19 23:00:00,0.00109,21.8,425.3,0.0540272614622,0.673220696355,425.3
2016-04-19 23:30:00,-0.0004,8.0,433.3,0.0188102515871,0.673220696355,433.3
2016-04-20 00:00:00,0.000865,17.3,450.6,0.0399261481652,0.673220696355,450.6
2016-04-20 00:30:00,0.001015,20.3,470.9,0.0450510430537,0.673220696355,470.9
2016-04-20 01:00:00,-0.00091,18.2,489.1,0.038649394776,0.673220696355,489.1
2016-04-20 01:30:00,1.00000000001e-05,-0.200000000001,488.9,-0.00040891433245,0.658514814002,488.9
2016-04-20 02:00:00,0.000645,-12.9,476.0,-0.0263857639599,0.658514814002,476.0
2016-04-20 02:30:00,0.00023,4.59999999999,480.6,0.00966386554621,0.672800528288,480.6
2016-04-20 03:00:00,-0.001355,27.1,507.7,0.0563878485227,0.672800528288,507.7
2016-04-20 03:30:00,-0.00034,6.8,514.5,0.0133937364585,0.672800528288,514.5
2016-04-20 04:00:00,-7.99999999999e-05,1.6,516.1,0.00310981535471,0.672800528288,516.1
2016-04-20 04:30:00,-0.000395,-7.9,508.2,-0.015307111025,0.659287014774,508.2
2016-04-20 05:00:00,-0.00094,18.8,527.0,0.0369933097206,0.672620348108,527.0
2016-04-20 05:30:00,-0.00095,19.0,546.0,0.0360531309298,0.672620348108,546.0
2016-04-20 06:00:00,-0.000505,10.1,556.1,0.0184981684982,0.672620348108,556.1
2016-04-20 06:30:00,-0.00143,28.6,584.7,0.051429598993,0.672620348108,584.7
2016-04-20 07:00:00,-0.000425,8.5,593.2,0.0145373695912,0.672620348108,593.2
2016-04-20 07:30:00,0.00136,27.2,620.4,0.0458530006743,0.672620348108,620.4
2016-04-20 08:00:00,-0.000855,17.1,637.5,0.0275628626692,0.672620348108,637.5
2016-04-20 08:30:00,-6.99999999998e-05,-1.4,636.1,-0.00219607843137,0.660425226156,636.1
2016-04-20 09:00:00,0.000155,3.1,639.2,0.00487344757113,0.672473418928,639.2
2016-04-20 09:30:00,0.002135,42.7,681.9,0.066802252816,0.672473418928,681.9
2016-04-20 10:00:00,0.000365,-7.3,674.6,-0.0107053820208,0.660708713045,674.6
2016-04-20 10:30:00,-0.00195,39.0,713.6,0.0578120367625,0.672336620022,713.6
2016-04-20 11:00:00,0.002035,-40.7,672.9,-0.0570347533632,0.660842367148,672.9
2016-04-20 11:30:00,-0.003195,63.9,736.8,0.0949621043246,0.672206003512,736.8
2016-04-20 12:00:00,-0.005135,102.7,839.5,0.139386536374,0.672206003512,839.5
2016-04-20 12:30:00,0.001485,29.7,869.2,0.0353782013103,0.672206003512,869.2
2016-04-20 13:00:00,0.00026,-5.2,864.0,-0.00598251265532,0.661216992523,864.0
2016-04-20 13:30:00,-0.00012,-2.4,861.6,-0.00277777777778,0.661216992523,861.6
2016-04-20 14:00:00,-0.00017,3.4,865.0,0.00394614670381,0.671969680695,865.0
2016-04-20 14:30:00,0.00051,10.2,875.2,0.0117919075145,0.671969680695,875.2
2016-04-20 15:00:00,-0.00157,-31.4,843.8,-0.0358775137112,0.661443364906,843.8
2016-04-20 15:30:00,0.00161,32.2,876.0,0.0381607015881,0.671860031572,876.0
2016-04-20 16:00:00,0.001205,24.1,900.1,0.0275114155251,0.671860031572,900.1
2016-04-20 16:30:00,0.00077,15.4,915.5,0.0171092100878,0.671860031572,915.5
2016-04-20 17:00:00,0.000515,10.3,925.8,0.0112506826871,0.671860031572,925.8
2016-04-20 17:30:00,9.99999999984e-06,0.199999999997,926.0,0.000216029379992,0.671860031572,926.0
2016-04-20 18:00:00,-0.000195,3.9,929.9,0.00421166306696,0.671860031572,929.9
2016-04-20 18:30:00,0.00027,5.4,935.3,0.00580707602968,0.671860031572,935.3
2016-04-20 19:00:00,-0.000125,2.5,937.8,0.0026729391639,0.671860031572,937.8
2016-04-20 19:30:00,-1.00000000001e-05,0.200000000001,938.0,0.000213265088506,0.671860031572,938.0
2016-04-20 20:00:00,-0.00075,15.0,953.0,0.0159914712154,0.671860031572,953.0
2016-04-20 20:30:00,-5.00000000003e-06,0.100000000001,953.1,0.000104931794334,0.671860031572,953.1
2016-04-20 21:00:00,0.00062,12.4,965.5,0.0130101773161,0.671860031572,965.5
2016-04-20 21:30:00,0.0007,14.0,979.5,0.0145002589332,0.671860031572,979.5
2016-04-20 22:00:00,-0.00082,16.4,995.9,0.0167432363451,0.671860031572,995.9
2016-04-20 22:30:00,0.00018,-3.6,992.3,-0.00361482076514,0.662769122481,992.3
2016-04-20 23:00:00,0.00014,-2.8,989.5,-0.00282172730021,0.662769122481,989.5
2016-04-20 23:30:00,-0.00093,-18.6,970.9,-0.0187973724103,0.662769122481,970.9
2016-04-21 00:00:00,-0.00111,22.2,993.1,0.0228653826347,0.671618680003,993.1
2016-04-21 00:30:00,0.000215,-4.3,988.8,-0.0043298761454,0.662846750179,988.8
2016-04-21 01:00:00,0.00086,17.2,1006.0,0.0173948220065,0.671542402353,1006.0
2016-04-21 01:30:00,-0.00029,-5.8,1000.2,-0.00576540755467,0.662921712698,1000.2
2016-04-21 02:00:00,0.00026,5.19999999999,1005.4,0.00519896020795,0.671468721245,1005.4
2016-04-21 02:30:00,-0.000315,6.3,1011.7,0.00626616272131,0.671468721245,1011.7
2016-04-21 03:00:00,1.00000000001e-05,-0.200000000001,1011.5,-0.000197687061383,0.6630653599,1011.5
2016-04-21 03:30:00,0.00051,10.2,1021.7,0.0100840336134,0.671398693233,1021.7
2016-04-21 04:00:00,0.000525,10.5,1032.2,0.0102769893315,0.671398693233,1032.2
2016-04-21 04:30:00,0.00098,19.6,1051.8,0.018988568107,0.671398693233,1051.8
2016-04-21 05:00:00,0.000905,18.1,1069.9,0.0172085947899,0.671398693233,1069.9
2016-04-21 05:30:00,0.00042,-8.4,1061.5,-0.00785120104682,0.663334177104,1061.5
2016-04-21 06:00:00,0.000215,-4.3,1057.2,-0.00405087140838,0.663334177104,1057.2
2016-04-21 06:30:00,-0.000805,16.1,1073.3,0.0152289065456,0.671270685041,1073.3
2016-04-21 07:00:00,-0.00017,3.4,1076.7,0.00316780024224,0.671270685041,1076.7
2016-04-21 07:30:00,-0.00065,-13.0,1063.7,-0.0120739295997,0.663458185041,1063.7
2016-04-21 08:00:00,0.000115,-2.30000000001,1061.4,-0.00216226379619,0.663458185041,1061.4
2016-04-21 09:30:00,0.001035,20.7,1082.1,0.0195025438101,0.671150492733,1082.1
2016-04-21 10:00:00,0.00364,-72.8,1009.3,-0.0672765918122,0.663516904947,1009.3
2016-04-21 10:30:00,0.00135,27.0,1036.3,0.0267512137125,0.671092662523,1036.3
2016-04-21 11:00:00,-0.000475,-9.5,1026.8,-0.00916722956673,0.66357386553,1026.8
2016-04-21 11:30:00,0.001305,26.1,1052.9,0.0254187767822,0.671036552097,1052.9
2016-04-21 12:00:00,-0.000945,18.9,1071.8,0.0179504226422,0.671036552097,1071.8
2016-04-21 12:30:00,0.001055,-21.1,1050.7,-0.019686508677,0.663683610921,1050.7
2016-04-21 13:00:00,-0.000295,5.9,1056.6,0.00561530408299,0.670982880994,1056.6
2016-04-21 13:30:00,0.001305,26.1,1082.7,0.0247018739353,0.670982880994,1082.7
2016-04-21 14:00:00,0.00027,5.4,1088.1,0.00498753117207,0.670982880994,1088.1
2016-04-21 14:30:00,0.000885,17.7,1105.8,0.0162668872346,0.670982880994,1105.8
2016-04-21 15:00:00,0.001575,31.5,1137.3,0.0284861638633,0.670982880994,1137.3
2016-04-21 15:30:00,-0.001945,38.9,1176.2,0.0342038160556,0.670982880994,1176.2
