,price_diff,profit,total,returns,accuracy,equity
2016-05-31 05:30:00,0.00063,12.6,12.6,,1.0,12.6
2016-05-31 06:00:00,7.99999999999e-05,1.6,14.2,0.126984126984,1.0,14.2
2016-05-31 06:30:00,-2.00000000001e-05,-0.400000000003,13.8,-0.0281690140847,0.666666666667,13.8
2016-05-31 07:00:00,0.00012,2.4,16.2,0.173913043478,0.916666666667,16.2
2016-05-31 07:30:00,4e-05,0.800000000001,17.0,0.0493827160494,0.916666666667,17.0
2016-05-31 08:00:00,-0.00134,-26.8,-9.80000000001,-1.57647058824,0.75,-9.80000000001
2016-05-31 08:30:00,-1.00000000001e-05,0.200000000001,-9.60000000001,-0.0204081632654,0.892857142857,-9.60000000001
2016-05-31 09:00:00,8.99999999999e-05,1.8,-7.80000000001,-0.1875,0.892857142857,-7.80000000001
2016-05-31 09:30:00,-0.00016,3.2,-4.60000000001,-0.410256410256,0.892857142857,-4.60000000001
2016-05-31 10:00:00,-0.00038,7.6,2.99999999999,-1.65217391304,0.892857142857,2.99999999999
2016-05-31 10:30:00,1.00000000001e-05,-0.200000000001,2.79999999999,-0.0666666666673,0.801948051948,2.79999999999
2016-05-31 11:00:00,-0.00023,4.6,7.39999999999,1.64285714286,0.885281385281,7.39999999999
2016-05-31 11:30:00,-0.00039,7.8,15.2,1.05405405406,0.885281385281,15.2
2016-05-31 12:00:00,-8.99999999999e-05,-1.8,13.4,-0.118421052632,0.813852813853,13.4
2016-05-31 12:30:00,0.00058,11.6,25.0,0.865671641791,0.880519480519,25.0
2016-05-31 13:00:00,0.00012,-2.4,22.6,-0.0959999999999,0.818019480519,22.6
2016-05-31 13:30:00,0.00057,-11.4,11.2,-0.504424778761,0.818019480519,11.2
2016-05-31 14:00:00,0.00087,-17.4,-6.20000000001,-1.55357142857,0.818019480519,-6.20000000001
2016-05-31 14:30:00,-0.0002,4.0,-2.20000000001,-0.645161290322,0.870651059467,-2.20000000001
2016-05-31 15:00:00,0.00096,-19.2,-21.4,8.72727272725,0.820651059467,-21.4
2016-05-31 15:30:00,-0.00026,5.2,-16.2,-0.242990654206,0.868270107086,-16.2
2016-05-31 16:00:00,-0.00109,21.8,5.6,-1.34567901235,0.868270107086,5.6
2016-05-31 16:30:00,-0.00015,3.0,8.6,0.535714285715,0.868270107086,8.6
2016-05-31 17:00:00,4.99999999999e-05,-0.999999999998,7.6,-0.116279069767,0.826603440419,7.6
2016-05-31 17:30:00,0.00089,-17.8,-10.2,-2.34210526316,0.826603440419,-10.2
2016-05-31 18:00:00,0.00084,-16.8,-27.0,1.64705882353,0.826603440419,-27.0
2016-05-31 18:30:00,0.0,-0.0,-27.0,0.0,0.826603440419,-27.0
2016-05-31 19:00:00,-0.00018,3.6,-23.4,-0.133333333333,0.862317726134,-23.4
2016-05-31 19:30:00,0.00012,-2.4,-25.8,0.102564102564,0.827834967513,-25.8
2016-05-31 20:00:00,0.0007,14.0,-11.8,-0.542635658915,0.861168300846,-11.8
2016-05-31 20:30:00,-0.00034,-6.8,-18.6,0.576271186441,0.82891023633,-18.6
2016-05-31 21:00:00,-0.00024,4.8,-13.8,-0.258064516129,0.86016023633,-13.8
2016-05-31 21:30:00,1.00000000001e-05,0.200000000001,-13.6,-0.0144927536233,0.86016023633,-13.6
2016-05-31 22:00:00,0.00032,6.4,-7.19999999999,-0.470588235294,0.86016023633,-7.19999999999
2016-05-31 22:30:00,-0.00113,-22.6,-29.8,3.13888888889,0.831588807759,-29.8
2016-05-31 23:00:00,0.00078,15.6,-14.2,-0.523489932886,0.859366585536,-14.2
2016-05-31 23:30:00,-0.00082,16.4,2.20000000001,-1.15492957747,0.859366585536,2.20000000001
2016-06-01 00:00:00,0.00031,-6.2,-4.0,-2.81818181818,0.833050796063,-4.0
2016-06-01 00:30:00,-0.0001,-2.0,-5.99999999999,0.500000000001,0.833050796063,-5.99999999999
2016-06-01 01:00:00,-0.00014,2.8,-3.2,-0.466666666666,0.858050796063,-3.2
2016-06-01 01:30:00,0.00013,-2.6,-5.8,0.8125,0.83366055216,-5.8
2016-06-01 02:00:00,0.00023,4.6,-1.2,-0.793103448276,0.85747007597,-1.2
2016-06-01 02:30:00,4e-05,-0.800000000001,-2.0,0.666666666668,0.834214262016,-2.0
2016-06-01 03:00:00,-1.00000000001e-05,0.200000000001,-1.8,-0.100000000001,0.856941534744,-1.8
2016-06-01 03:30:00,0.00016,-3.2,-5.0,1.77777777778,0.834719312521,-5.0
2016-06-01 04:00:00,-0.00051,10.2,5.2,-2.04,0.856458442956,5.2
2016-06-01 04:30:00,-0.00026,5.2,10.4,1.0,0.856458442956,10.4
2016-06-01 05:00:00,1.99999999999e-05,-0.399999999998,10.0,-0.0384615384614,0.835625109623,10.0
2016-06-01 05:30:00,-0.00065,13.0,23.0,1.3,0.856033272888,23.0
2016-06-01 06:00:00,0.0001,2.0,25.0,0.0869565217391,0.856033272888,25.0
2016-06-01 06:30:00,0.00037,7.4,32.4,0.296,0.856033272888,32.4
2016-06-01 07:00:00,-0.00023,-4.6,27.8,-0.141975308642,0.836802503657,27.8
2016-06-01 07:30:00,0.00021,4.2,32.0,0.151079136691,0.855670428186,32.0
2016-06-01 08:00:00,-0.00026,5.19999999999,37.2,0.1625,0.855670428186,37.2
2016-06-01 08:30:00,0.00024,4.8,42.0,0.129032258065,0.855670428186,42.0
2016-06-01 09:00:00,-4e-05,0.800000000001,42.8,0.0190476190476,0.855670428186,42.8
2016-06-01 09:30:00,0.00058,-11.6,31.2,-0.271028037383,0.838126568537,31.2
2016-06-01 10:00:00,0.00017,-3.4,27.8,-0.108974358974,0.838126568537,27.8
2016-06-01 10:30:00,0.00027,-5.4,22.4,-0.194244604317,0.838126568537,22.4
2016-06-01 11:00:00,0.00024,-4.8,17.6,-0.214285714286,0.838126568537,17.6
2016-06-01 11:30:00,0.00249,49.8,67.4,2.82954545455,0.854520011159,67.4
2016-06-01 12:00:00,-3.00000000002e-05,0.600000000004,68.0,0.0089020771514,0.854520011159,68.0
2016-06-01 12:30:00,0.00019,-3.8,64.2,-0.0558823529412,0.838646995286,64.2
2016-06-01 13:00:00,0.00048,-9.6,54.6,-0.14953271028,0.838646995286,54.6
2016-06-01 13:30:00,-0.00032,6.4,61.0,0.117216117216,0.854031610671,61.0
2016-06-01 14:00:00,0.00036,7.2,68.2,0.118032786885,0.854031610671,68.2
2016-06-01 14:30:00,-0.00074,14.8,83.0,0.217008797654,0.854031610671,83.0
2016-06-01 15:00:00,0.00039,7.8,90.8,0.0939759036145,0.854031610671,90.8
2016-06-01 15:30:00,0.00128,25.6,116.4,0.281938325991,0.854031610671,116.4
2016-06-01 16:00:00,0.00087,17.4,133.8,0.149484536082,0.854031610671,133.8
2016-06-01 16:30:00,0.00042,-8.4,125.4,-0.0627802690583,0.839947103629,125.4
2016-06-01 17:00:00,-0.0005,-10.0,115.4,-0.0797448165869,0.839947103629,115.4
2016-06-01 17:30:00,0.00063,12.6,128.0,0.109185441941,0.853645733766,128.0
2016-06-01 18:00:00,0.00044,-8.8,119.2,-0.06875,0.840132220252,119.2
2016-06-01 18:30:00,-0.0001,-2.0,117.2,-0.0167785234899,0.840132220252,117.2
2016-06-01 19:00:00,-0.00019,-3.8,113.4,-0.0324232081912,0.840132220252,113.4
2016-06-01 19:30:00,-0.00061,12.2,125.6,0.10758377425,0.853119233239,125.6
2016-06-01 20:00:00,0.0,-0.0,125.6,0.0,0.840298720419,125.6
2016-06-01 20:30:00,0.00031,6.2,131.8,0.0493630573248,0.852956948267,131.8
2016-06-01 21:00:00,-0.00046,9.2,141.0,0.0698027314113,0.852956948267,141.0
2016-06-01 21:30:00,0.00055,-11.0,130.0,-0.0780141843972,0.840611269255,130.0
2016-06-01 22:00:00,0.00012,-2.4,127.6,-0.0184615384615,0.840611269255,127.6
2016-06-01 22:30:00,-0.00012,2.4,130.0,0.0188087774295,0.852659462026,130.0
2016-06-01 23:00:00,0.00071,-14.2,115.8,-0.109230769231,0.840754700121,115.8
2016-06-01 23:30:00,-0.00043,8.6,124.4,0.0742659758204,0.852519406003,124.4
2016-06-02 00:00:00,-0.00025,5.0,129.4,0.040192926045,0.852519406003,129.4
2016-06-02 00:30:00,-6.00000000002e-05,1.2,130.6,0.0092735703246,0.852519406003,130.6
2016-06-02 01:00:00,-8.00000000003e-05,1.60000000001,132.2,0.0122511485452,0.852519406003,132.2
2016-06-02 01:30:00,-0.00024,4.8,137.0,0.036308623298,0.852519406003,137.0
2016-06-02 02:00:00,-1.00000000001e-05,0.200000000001,137.2,0.00145985401461,0.852519406003,137.2
2016-06-02 02:30:00,0.00012,2.4,139.6,0.0174927113703,0.852519406003,139.6
2016-06-02 03:00:00,-5.00000000001e-05,1.0,140.6,0.00716332378225,0.852519406003,140.6
2016-06-02 03:30:00,9.99999999984e-06,0.199999999997,140.8,0.00142247510666,0.852519406003,140.8
2016-06-02 04:00:00,0.00066,13.2,154.0,0.09375,0.852519406003,154.0
2016-06-02 04:30:00,3.99999999998e-05,0.799999999996,154.8,0.00519480519478,0.852519406003,154.8
2016-06-02 05:00:00,-0.00038,-7.6,147.2,-0.0490956072351,0.842102739337,147.2
2016-06-02 05:30:00,0.00116,-23.2,124.0,-0.157608695652,0.842102739337,124.0
2016-06-02 06:00:00,0.00011,2.2,126.2,0.0177419354838,0.852306820969,126.2
2016-06-02 06:30:00,0.00038,-7.6,118.6,-0.0602218700475,0.842205810868,118.6
2016-06-02 07:00:00,0.00026,5.2,123.8,0.0438448566611,0.852205810868,123.8
2016-06-02 07:30:00,0.00017,-3.4,120.4,-0.0274636510501,0.842304820769,120.4
2016-06-02 08:00:00,-0.00041,8.2,128.6,0.0681063122923,0.852108742338,128.6
2016-06-02 08:30:00,-8.99999999999e-05,1.8,130.4,0.0139968895801,0.852108742338,130.4
2016-06-02 09:00:00,-5.00000000001e-05,-1.0,129.4,-0.00766871165646,0.842493357722,129.4
2016-06-02 09:30:00,-0.00064,-12.8,116.6,-0.0989180834621,0.842493357722,116.6
2016-06-02 10:00:00,-0.00021,4.2,120.8,0.0360205831904,0.851927319987,120.8
2016-06-02 10:30:00,-0.00013,-2.6,118.2,-0.0215231788079,0.842581525594,118.2
2016-06-02 11:00:00,0.00183,-36.6,81.6,-0.309644670051,0.842581525594,81.6
2016-06-02 11:30:00,-1.00000000001e-05,0.200000000001,81.8,0.00245098039217,0.851755837521,81.8
2016-06-02 12:00:00,-0.00027,-5.4,76.4,-0.0660146699267,0.84266492843,76.4
2016-06-02 12:30:00,-9.99999999984e-06,0.199999999997,76.6,0.00261780104708,0.851673937439,76.6
2016-06-02 13:00:00,-0.00113,22.6,99.2,0.295039164491,0.851673937439,99.2
2016-06-02 13:30:00,0.00048,9.6,108.8,0.0967741935484,0.851673937439,108.8
2016-06-02 14:00:00,-0.00039,7.8,116.6,0.0716911764706,0.851673937439,116.6
2016-06-02 14:30:00,-0.00013,2.6,119.2,0.0222984562607,0.851673937439,119.2
2016-06-02 15:00:00,-0.00065,13.0,132.2,0.109060402685,0.851673937439,132.2
2016-06-02 15:30:00,-0.00066,13.2,145.4,0.0998487140696,0.851673937439,145.4
2016-06-02 16:00:00,-0.00059,-11.8,133.6,-0.0811554332875,0.843199361168,133.6
2016-06-02 16:30:00,0.00038,7.6,141.2,0.0568862275449,0.851602722512,141.2
2016-06-02 17:00:00,-0.0002,4.0,145.2,0.028328611898,0.851602722512,145.2
2016-06-02 17:30:00,-0.00268,53.6,198.8,0.36914600551,0.851602722512,198.8
2016-06-02 18:00:00,0.00087,17.4,216.2,0.0875251509055,0.851602722512,216.2
2016-06-02 18:30:00,-0.00111,22.2,238.4,0.102682701203,0.851602722512,238.4
2016-06-02 19:00:00,-0.00029,-5.8,232.6,-0.0243288590604,0.843538206383,232.6
2016-06-02 19:30:00,-2.99999999998e-05,-0.599999999995,232.0,-0.00257953568356,0.843538206383,232.0
2016-06-02 20:00:00,-0.00011,-2.2,229.8,-0.00948275862069,0.843538206383,229.8
2016-06-02 20:30:00,5.99999999999e-05,1.2,231.0,0.00522193211488,0.851412222131,231.0
2016-06-02 21:00:00,0.00012,2.4,233.4,0.0103896103896,0.851412222131,233.4
2016-06-02 21:30:00,0.00011,2.2,235.6,0.00942587832048,0.851412222131,235.6
2016-06-02 22:00:00,-0.00063,12.6,248.2,0.053480475382,0.851412222131,248.2
2016-06-02 22:30:00,-0.00028,5.6,253.8,0.0225624496374,0.851412222131,253.8
2016-06-02 23:00:00,0.00013,2.6,256.4,0.01024428684,0.851412222131,256.4
2016-06-02 23:30:00,0.00025,-5.0,251.4,-0.0195007800312,0.843893425139,251.4
2016-06-03 00:00:00,-0.0001,-2.0,249.4,-0.00795544948289,0.843893425139,249.4
2016-06-03 00:30:00,-0.00011,2.2,251.6,0.00882117080995,0.851300832546,251.6
2016-06-03 01:00:00,0.0003,6.0,257.6,0.0238473767886,0.851300832546,257.6
2016-06-03 01:30:00,-0.00015,3.0,260.6,0.0116459627329,0.851300832546,260.6
2016-06-03 02:00:00,-4.99999999999e-05,0.999999999998,261.6,0.00383729854182,0.851300832546,261.6
2016-06-03 02:30:00,1.00000000001e-05,0.200000000001,261.8,0.000764525993889,0.851300832546,261.8
2016-06-03 03:00:00,3.99999999998e-05,-0.799999999996,261.0,-0.00305576776164,0.844157975403,261.0
2016-06-03 03:30:00,-0.00011,2.2,263.2,0.00842911877395,0.851250173985,263.2
2016-06-03 04:00:00,0.00022,-4.4,258.8,-0.016717325228,0.844207920464,258.8
2016-06-03 04:30:00,-0.00098,19.6,278.4,0.0757341576507,0.851200927457,278.4
2016-06-03 05:00:00,0.00024,4.8,283.2,0.0172413793103,0.851200927457,283.2
2016-06-03 05:30:00,0.00031,-6.2,277.0,-0.0218926553672,0.844304375732,277.0
2016-06-03 06:00:00,0.00017,-3.4,273.6,-0.012274368231,0.844304375732,273.6
