,price_diff,profit,total,returns,accuracy,equity
2016-05-31 01:30:00,-0.002,39.9999999999,39.9999999999,,1.0,39.9999999999
2016-05-31 02:00:00,-0.00800000000001,160.0,200.0,4.00000000001,1.0,200.0
2016-05-31 02:30:00,-0.041,820.0,1020.0,4.1,1.0,1020.0
2016-05-31 03:00:00,0.054,-1080.0,-59.9999999997,-1.05882352941,0.75,-59.9999999997
2016-05-31 03:30:00,-0.032,640.0,580.0,-10.6666666667,0.95,580.0
2016-05-31 04:00:00,0.003,-60.0,520.0,-0.103448275862,0.783333333333,520.0
2016-05-31 04:30:00,0.012,-240.0,280.0,-0.461538461538,0.783333333333,280.0
2016-05-31 05:00:00,0.071,-1420.0,-1140.0,-5.07142857142,0.783333333333,-1140.0
2016-05-31 05:30:00,0.381,-7620.0,-8760.0,6.68421052632,0.783333333333,-8760.0
2016-05-31 06:00:00,0.05,-1000.0,-9760.0,0.114155251142,0.783333333333,-9760.0
2016-05-31 06:30:00,-0.000999999999991,19.9999999998,-9740.0,-0.00204918032785,0.874242424242,-9740.0
2016-05-31 07:00:00,0.041,-820.0,-10560.0,0.0841889117043,0.790909090909,-10560.0
2016-05-31 07:30:00,0.229,-4580.0,-15140.0,0.433712121212,0.790909090909,-15140.0
2016-05-31 08:00:00,-0.11,2200.0,-12940.0,-0.145310435931,0.862337662338,-12940.0
2016-05-31 08:30:00,-0.00999999999999,200.0,-12740.0,-0.0154559505409,0.862337662338,-12740.0
2016-05-31 09:00:00,0.014,-280.0,-13020.0,0.021978021978,0.799837662338,-13020.0
2016-05-31 09:30:00,0.00699999999999,-140.0,-13160.0,0.010752688172,0.799837662338,-13160.0
2016-05-31 10:00:00,-0.03,600.0,-12560.0,-0.0455927051672,0.855393217893,-12560.0
2016-05-31 10:30:00,-0.221,4420.0,-8140.0,-0.351910828025,0.855393217893,-8140.0
2016-05-31 11:00:00,0.001,-20.0000000001,-8160.0,0.00245700245701,0.805393217893,-8160.0
2016-05-31 11:30:00,-0.067,1340.0,-6820.0,-0.164215686275,0.853012265512,-6820.0
2016-05-31 12:00:00,-0.112,2240.0,-4580.0,-0.328445747801,0.853012265512,-4580.0
2016-05-31 12:30:00,-0.002,39.9999999999,-4540.0,-0.00873362445413,0.853012265512,-4540.0
2016-05-31 13:00:00,0.062,-1240.0,-5780.0,0.273127753304,0.811345598846,-5780.0
2016-05-31 13:30:00,0.014,-280.0,-6060.0,0.0484429065744,0.811345598846,-6060.0
2016-05-31 14:00:00,-0.009,180.0,-5880.0,-0.029702970297,0.849807137307,-5880.0
2016-05-31 14:30:00,-0.024,480.0,-5400.0,-0.0816326530612,0.849807137307,-5400.0
2016-05-31 15:00:00,0.15,-3000.0,-8400.0,0.555555555556,0.814092851593,-8400.0
2016-05-31 15:30:00,0.015,-300.0,-8700.0,0.0357142857143,0.814092851593,-8700.0
2016-05-31 16:00:00,0.018,-360.0,-9060.0,0.0413793103448,0.814092851593,-9060.0
2016-05-31 16:30:00,-0.088,1760.0,-7300.0,-0.194260485651,0.846350916109,-7300.0
2016-05-31 17:00:00,0.001,-20.0000000001,-7320.0,0.00273972602741,0.815100916109,-7320.0
2016-05-31 17:30:00,0.055,-1100.0,-8420.0,0.150273224044,0.815100916109,-8420.0
2016-05-31 18:00:00,0.01,-200.0,-8620.0,0.0237529691212,0.815100916109,-8620.0
2016-05-31 18:30:00,-0.061,1220.0,-7400.0,-0.141531322506,0.84367234468,-7400.0
2016-05-31 19:00:00,-0.052,1040.0,-6360.0,-0.140540540541,0.84367234468,-6360.0
2016-05-31 19:30:00,0.006,-120.0,-6480.0,0.0188679245283,0.816645317653,-6480.0
2016-05-31 20:00:00,-0.047,940.0,-5540.0,-0.145061728395,0.842961107127,-5540.0
2016-05-31 20:30:00,-0.061,1220.0,-4320.0,-0.220216606498,0.842961107127,-4320.0
2016-05-31 21:00:00,0.032,-640.0,-4960.0,0.148148148148,0.817961107127,-4960.0
2016-05-31 21:30:00,-0.042,840.0,-4120.0,-0.16935483871,0.84235135103,-4120.0
2016-05-31 22:00:00,-0.128,2560.0,-1560.0,-0.621359223301,0.84235135103,-1560.0
2016-05-31 22:30:00,-0.096,1920.0,360.0,-1.23076923077,0.84235135103,360.0
2016-05-31 23:00:00,0.151,-3020.0,-2660.0,-8.38888888889,0.819624078302,-2660.0
2016-05-31 23:30:00,0.095,-1900.0,-4560.0,0.714285714286,0.819624078302,-4560.0
2016-06-01 00:00:00,-0.008,160.0,-4400.0,-0.0350877192982,0.841363208737,-4400.0
2016-06-01 00:30:00,0.018,-360.0,-4760.0,0.0818181818181,0.820086612992,-4760.0
2016-06-01 01:00:00,-0.005,99.9999999999,-4660.0,-0.0210084033613,0.840919946326,-4660.0
2016-06-01 01:30:00,0.012,-240.0,-4900.0,0.0515021459227,0.82051178306,-4900.0
2016-06-01 02:00:00,-0.021,420.0,-4480.0,-0.0857142857143,0.84051178306,-4480.0
2016-06-01 02:30:00,0.092,-1840.0,-6320.0,0.410714285714,0.820903939923,-6320.0
2016-06-01 03:00:00,-0.058,1160.0,-5160.0,-0.183544303797,0.840134709154,-5160.0
2016-06-01 03:30:00,-0.097,1940.0,-3220.0,-0.375968992248,0.840134709154,-3220.0
2016-06-01 04:00:00,-0.031,620.0,-2600.0,-0.192546583851,0.840134709154,-2600.0
2016-06-01 04:30:00,0.029,-580.0,-3180.0,0.223076923077,0.821952890972,-3180.0
2016-06-01 05:00:00,0.065,-1300.0,-4480.0,0.408805031446,0.821952890972,-4480.0
2016-06-01 05:30:00,0.52,-10400.0,-14880.0,2.32142857143,0.821952890972,-14880.0
2016-06-01 06:00:00,0.05,-1000.0,-15880.0,0.0672043010753,0.821952890972,-15880.0
2016-06-01 06:30:00,-0.041,820.0,-15060.0,-0.051637279597,0.838902043514,-15060.0
2016-06-01 07:00:00,-0.205,4100.0,-10960.0,-0.27224435591,0.838902043514,-10960.0
2016-06-01 07:30:00,0.024,-480.0,-11440.0,0.043795620438,0.822508600891,-11440.0
2016-06-01 08:00:00,0.00800000000001,-160.0,-11600.0,0.013986013986,0.822508600891,-11600.0
2016-06-01 08:30:00,-0.109,2180.0,-9420.0,-0.187931034483,0.838381616764,-9420.0
2016-06-01 09:00:00,-0.535,10700.0,1280.0,-1.13588110403,0.838381616764,1280.0
2016-06-01 09:30:00,0.09,-1800.0,-520.000000001,-1.40625,0.82299700138,-520.000000001
2016-06-01 10:00:00,-0.064,1280.0,759.999999999,-2.46153846154,0.838148516531,759.999999999
2016-06-01 10:30:00,-0.02,400.0,1160.0,0.526315789474,0.838148516531,1160.0
2016-06-01 11:00:00,-0.096,1920.0,3080.0,1.65517241379,0.838148516531,3080.0
2016-06-01 11:30:00,0.133,-2660.0,419.999999999,-0.863636363637,0.823655762908,419.999999999
2016-06-01 12:00:00,-0.095,1900.0,2320.0,4.52380952382,0.837941477194,2320.0
2016-06-01 12:30:00,-0.079,1580.0,3900.0,0.681034482759,0.837941477194,3900.0
2016-06-01 13:00:00,-0.198,3960.0,7860.0,1.01538461538,0.837941477194,7860.0
2016-06-01 13:30:00,0.038,-760.0,7100.0,-0.0966921119593,0.824242847057,7100.0
2016-06-01 14:00:00,-0.067,1340.0,8440.0,0.188732394366,0.83775636057,8440.0
2016-06-01 14:30:00,-0.02,400.0,8840.0,0.0473933649289,0.83775636057,8840.0
2016-06-01 15:00:00,-0.147,2940.0,11780.0,0.33257918552,0.83775636057,11780.0
2016-06-01 15:30:00,0.051,-1020.0,10760.0,-0.0865874363328,0.824769347583,10760.0
2016-06-01 16:00:00,0.029,-580.0,10180.0,-0.0539033457249,0.824769347583,10180.0
2016-06-01 16:30:00,-0.236,4720.0,14900.0,0.463654223969,0.837427575432,14900.0
2016-06-01 17:00:00,-0.103,2060.0,16960.0,0.138255033557,0.837427575432,16960.0
2016-06-01 17:30:00,-0.018,360.0,17320.0,0.0212264150943,0.837427575432,17320.0
2016-06-01 18:00:00,0.071,-1420.0,15900.0,-0.0819861431871,0.82523245348,15900.0
2016-06-01 18:30:00,0.158,-3160.0,12740.0,-0.198742138365,0.82523245348,12740.0
2016-06-01 19:00:00,0.137,-2740.0,10000.0,-0.215070643642,0.82523245348,10000.0
2016-06-01 19:30:00,-0.097,1940.0,11940.0,0.194,0.836997159363,11940.0
2016-06-01 20:00:00,0.098,-1960.0,9980.0,-0.164154103853,0.825369252386,9980.0
2016-06-01 20:30:00,0.033,-660.0,9320.0,-0.0661322645291,0.825369252386,9320.0
2016-06-01 21:00:00,-0.022,440.0,9760.0,0.0472103004292,0.83673288875,9760.0
2016-06-01 21:30:00,0.004,-80.0000000001,9680.0,-0.00819672131149,0.825496933693,9680.0
2016-06-01 22:00:00,0.048,-960.0,8720.0,-0.099173553719,0.825496933693,8720.0
2016-06-01 22:30:00,0.015,-300.0,8420.0,-0.0344036697248,0.825496933693,8420.0
2016-06-01 23:00:00,0.006,-120.0,8300.0,-0.0142517814727,0.825496933693,8300.0
2016-06-01 23:30:00,-0.011,220.0,8520.0,0.0265060240964,0.836249621865,8520.0
2016-06-02 00:00:00,-0.02,400.0,8920.0,0.0469483568075,0.836249621865,8920.0
2016-06-02 00:30:00,0.018,-360.0,8560.0,-0.0403587443946,0.825723306076,8560.0
2016-06-02 01:00:00,-0.052,1040.0,9600.0,0.121495327103,0.836139972743,9600.0
2016-06-02 01:30:00,-0.04,800.0,10400.0,0.0833333333334,0.836139972743,10400.0
2016-06-02 02:00:00,0.036,-720.0,9680.0,-0.0692307692307,0.82593589111,9680.0
2016-06-02 02:30:00,0.041,-820.0,8860.0,-0.0847107438016,0.82593589111,8860.0
2016-06-02 03:00:00,-0.086,1720.0,10580.0,0.194130925508,0.83593589111,10580.0
2016-06-02 03:30:00,0.035,-700.0,9880.0,-0.0661625708885,0.826034901011,9880.0
2016-06-02 04:00:00,-0.081,1620.0,11500.0,0.163967611336,0.83583882258,11500.0
2016-06-02 04:30:00,-0.019,380.0,11880.0,0.0330434782609,0.83583882258,11880.0
2016-06-02 05:00:00,0.095,-1900.0,9980.0,-0.159932659933,0.826223437964,9980.0
2016-06-02 05:30:00,0.0,-0.0,9980.0,0.0,0.826223437964,9980.0
2016-06-02 06:00:00,-0.171,3420.0,13400.0,0.342685370741,0.835657400228,13400.0
2016-06-02 06:30:00,0.052,-1040.0,12360.0,-0.0776119402985,0.826311605836,12360.0
2016-06-02 07:00:00,-0.048,960.0,13320.0,0.0776699029126,0.835570865095,13320.0
2016-06-02 07:30:00,-0.01,200.0,13520.0,0.015015015015,0.835570865095,13520.0
2016-06-02 08:00:00,0.082,-1640.0,11880.0,-0.121301775148,0.826479956004,11880.0
2016-06-02 08:30:00,0.097,-1940.0,9940.0,-0.1632996633,0.826479956004,9940.0
2016-06-02 09:00:00,-0.00399999999999,79.9999999998,10020.0,0.00804828973841,0.835408527433,10020.0
2016-06-02 09:30:00,-0.044,880.0,10900.0,0.0878243512974,0.835408527433,10900.0
2016-06-02 10:00:00,0.012,-240.0,10660.0,-0.0220183486239,0.826636597608,10660.0
2016-06-02 10:30:00,-0.117,2340.0,13000.0,0.219512195122,0.835332249782,13000.0
2016-06-02 11:00:00,-0.1,2000.0,15000.0,0.153846153846,0.835332249782,15000.0
2016-06-02 11:30:00,-0.074,1480.0,16480.0,0.0986666666667,0.835332249782,16480.0
2016-06-02 12:00:00,-0.099,1980.0,18460.0,0.120145631068,0.835332249782,18460.0
2016-06-02 12:30:00,0.131,-2620.0,15840.0,-0.141928494041,0.826928888438,15840.0
2016-06-02 13:00:00,-0.061,1220.0,17060.0,0.0770202020202,0.835262221771,17060.0
2016-06-02 13:30:00,-0.072,1440.0,18500.0,0.084407971864,0.835262221771,18500.0
2016-06-02 14:00:00,-0.024,480.0,18980.0,0.0259459459459,0.835262221771,18980.0
2016-06-02 14:30:00,-0.004,80.0000000001,19060.0,0.00421496311908,0.835262221771,19060.0
2016-06-02 15:00:00,0.027,-540.0,18520.0,-0.0283315844701,0.827197705642,18520.0
2016-06-02 15:30:00,-0.036,720.0,19240.0,0.0388768898488,0.835197705642,19240.0
2016-06-02 16:00:00,-0.057,1140.0,20380.0,0.0592515592516,0.835197705642,20380.0
2016-06-02 16:30:00,-0.017,340.0,20720.0,0.0166830225711,0.835197705642,20720.0
2016-06-02 17:00:00,-0.021,420.0,21140.0,0.0202702702703,0.835197705642,21140.0
2016-06-02 17:30:00,-0.03,600.0,21740.0,0.0283822138127,0.835197705642,21740.0
2016-06-02 18:00:00,-0.011,220.0,21960.0,0.0101195952162,0.835197705642,21960.0
2016-06-02 18:30:00,0.028,-560.0,21400.0,-0.0255009107468,0.827564117856,21400.0
2016-06-02 19:00:00,0.087,-1740.0,19660.0,-0.081308411215,0.827564117856,19660.0
2016-06-02 19:30:00,0.0,-0.0,19660.0,0.0,0.827564117856,19660.0
2016-06-02 20:00:00,-0.042,840.0,20500.0,0.0427263479146,0.835026804423,20500.0
2016-06-02 20:30:00,0.059,-1180.0,19320.0,-0.0575609756098,0.827619397015,19320.0
2016-06-02 21:00:00,0.00399999999999,-79.9999999998,19240.0,-0.00414078674947,0.827619397015,19240.0
2016-06-02 21:30:00,0.039,-780.0,18460.0,-0.0405405405405,0.827619397015,18460.0
2016-06-02 22:00:00,0.053,-1060.0,17400.0,-0.0574214517876,0.827619397015,17400.0
2016-06-02 22:30:00,-0.025,500.0,17900.0,0.0287356321839,0.83481364162,17900.0
2016-06-02 23:00:00,-0.002,39.9999999999,17940.0,0.0022346368715,0.83481364162,17940.0
2016-06-02 23:30:00,-0.025,500.0,18440.0,0.0278706800446,0.83481364162,18440.0
2016-06-03 00:00:00,0.072,-1440.0,17000.0,-0.0780911062907,0.827771388099,17000.0
2016-06-03 00:30:00,0.00699999999999,-140.0,16860.0,-0.00823529411764,0.827771388099,16860.0
2016-06-03 01:00:00,-0.041,820.0,17680.0,0.0486358244365,0.834715832543,17680.0
2016-06-03 01:30:00,-0.004,80.0000000001,17760.0,0.00452488687783,0.834715832543,17760.0
2016-06-03 02:00:00,-0.015,300.0,18060.0,0.0168918918919,0.834715832543,18060.0
