,price_diff,profit,total,returns,accuracy,equity
2016-04-18,15.51001,7755.005,7755.005,,1.0,7755.005
2016-04-19,4.75,2375.0,10130.005,0.306253832203,1.0,10130.005
2016-04-20,0.879882,439.941,10569.946,0.0434294948522,1.0,10569.946
2016-04-21,-10.610108,5305.054,15875.0,0.501899820491,1.0,15875.0
2016-04-22,0.0900879999999,45.044,15920.044,0.00283741732283,1.0,15920.044
2016-04-25,-1.580078,790.039,16710.083,0.0496254281709,1.0,16710.083
2016-04-26,1.859863,929.9315,17640.0145,0.0556509204652,1.0,17640.0145
2016-04-27,2.819824,1409.912,19049.9265,0.0799269184274,1.0,19049.9265
2016-04-28,-15.119873,7559.9365,26609.863,0.396848591516,1.0,26609.863
2016-04-29,-6.520019,3260.0095,29869.8725,0.122511322212,1.0,29869.8725
