,price_diff,profit,total,returns,accuracy,equity
2016-05-24 23:00:00,-0.011,220.0,220.0,,1.0,220.0
2016-05-24 23:30:00,-0.00699999999999,-140.0,79.9999999998,-0.636363636364,0.5,79.9999999998
2016-05-25 00:00:00,-0.031,620.0,700.0,7.75000000002,0.833333333333,700.0
2016-05-25 00:30:00,0.017,-340.0,359.999999999,-0.485714285715,0.583333333333,359.999999999
2016-05-25 01:00:00,0.014,-280.0,79.9999999995,-0.777777777779,0.583333333333,79.9999999995
2016-05-25 01:30:00,-0.026,-520.0,-440.000000001,-6.50000000004,0.583333333333,-440.000000001
2016-05-25 02:00:00,0.026,-520.0,-960.000000001,1.18181818182,0.583333333333,-960.000000001
2016-05-25 02:30:00,0.025,-500.0,-1460.0,0.520833333333,0.583333333333,-1460.0
2016-05-25 03:00:00,0.047,940.0,-520.000000001,-0.643835616438,0.694444444444,-520.000000001
2016-05-25 03:30:00,0.00800000000001,160.0,-360.000000001,-0.307692307692,0.694444444444,-360.000000001
2016-05-25 04:00:00,-0.058,1160.0,799.999999999,-3.22222222222,0.694444444444,799.999999999
2016-05-25 04:30:00,0.04,-800.0,-5.68434188608e-10,-1.0,0.611111111111,-5.68434188608e-10
2016-05-25 05:00:00,0.043,-860.0,-860.0,1.51292799982e+12,0.611111111111,-860.0
2016-05-25 05:30:00,0.102,2040.0,1180.0,-2.37209302325,0.68253968254,1180.0
2016-05-25 06:00:00,-0.025,-500.0,680.0,-0.423728813559,0.615873015873,680.0
2016-05-25 06:30:00,-0.027,540.0,1220.0,0.794117647059,0.678373015873,1220.0
2016-05-25 07:00:00,-0.079,1580.0,2800.0,1.29508196721,0.678373015873,2800.0
2016-05-25 07:30:00,-0.081,1620.0,4420.0,0.578571428572,0.678373015873,4420.0
2016-05-25 08:00:00,0.056,-1120.0,3300.0,-0.253393665158,0.625741436926,3300.0
2016-05-25 08:30:00,0.05,-1000.0,2300.0,-0.30303030303,0.625741436926,2300.0
2016-05-25 09:00:00,-0.053,1060.0,3360.0,0.460869565218,0.673360484545,3360.0
2016-05-25 09:30:00,0.018,-360.0,3000.0,-0.107142857143,0.62790593909,3000.0
2016-05-25 10:00:00,0.035,-700.0,2300.0,-0.233333333333,0.62790593909,2300.0
2016-05-25 10:30:00,-0.022,440.0,2740.0,0.191304347826,0.669572605757,2740.0
2016-05-25 11:00:00,-0.00700000000001,-140.0,2600.0,-0.051094890511,0.629572605757,2600.0
2016-05-25 11:30:00,-0.011,220.0,2820.0,0.0846153846155,0.668034144218,2820.0
2016-05-25 12:00:00,0.118,-2360.0,460.0,-0.836879432624,0.630997107181,460.0
2016-05-25 12:30:00,0.055,1100.0,1560.0,2.39130434783,0.666711392896,1560.0
2016-05-25 13:00:00,-0.01,200.0,1760.0,0.128205128205,0.666711392896,1760.0
2016-05-25 13:30:00,-0.025,-500.0,1260.0,-0.284090909091,0.633378059562,1260.0
2016-05-25 14:00:00,0.039,-780.0,480.0,-0.619047619048,0.633378059562,480.0
2016-05-25 14:30:00,0.037,-740.0,-260.000000001,-1.54166666667,0.633378059562,-260.000000001
2016-05-25 15:00:00,0.008,160.0,-100.000000001,-0.615384615383,0.663681089865,-100.000000001
2016-05-25 15:30:00,0.0,-0.0,-100.000000001,0.0,0.634269325159,-100.000000001
2016-05-25 16:00:00,0.051,1020.0,919.999999999,-10.1999999999,0.662840753731,919.999999999
2016-05-25 16:30:00,0.152,-3040.0,-2120.0,-3.30434782609,0.635062975953,-2120.0
2016-05-25 17:00:00,-0.03,-600.0,-2720.0,0.283018867924,0.635062975953,-2720.0
2016-05-25 17:30:00,-0.071,1420.0,-1300.0,-0.522058823529,0.661378765427,-1300.0
2016-05-25 18:00:00,-0.08,1600.0,299.999999999,-1.23076923077,0.661378765427,299.999999999
2016-05-25 18:30:00,-0.000999999999976,19.9999999995,319.999999999,0.0666666666652,0.661378765427,319.999999999
2016-05-25 19:00:00,0.02,400.0,719.999999999,1.25,0.661378765427,719.999999999
2016-05-25 19:30:00,0.035,700.0,1420.0,0.972222222224,0.661378765427,1420.0
2016-05-25 20:00:00,0.05,1000.0,2420.0,0.704225352113,0.661378765427,2420.0
2016-05-25 20:30:00,-0.00200000000001,40.0000000002,2460.0,0.0165289256199,0.661378765427,2460.0
2016-05-25 21:00:00,0.051,1020.0,3480.0,0.414634146342,0.661378765427,3480.0
2016-05-25 21:30:00,-0.057,1140.0,4620.0,0.327586206897,0.661378765427,4620.0
2016-05-25 22:00:00,-0.024,-480.0,4140.0,-0.103896103896,0.640102169682,4140.0
2016-05-25 22:30:00,-0.076,-1520.0,2620.0,-0.367149758454,0.640102169682,2620.0
2016-05-25 23:00:00,0.068,-1360.0,1260.0,-0.519083969466,0.640102169682,1260.0
2016-05-25 23:30:00,-0.059,-1180.0,79.9999999992,-0.936507936509,0.640102169682,79.9999999992
2016-05-26 00:00:00,0.04,800.0,879.999999999,10.0000000001,0.659710012819,879.999999999
2016-05-26 00:30:00,0.027,-540.0,340.0,-0.613636363637,0.640479243589,340.0
2016-05-26 01:00:00,0.021,-420.0,-80.0000000004,-1.23529411765,0.640479243589,-80.0000000004
2016-05-26 01:30:00,0.009,-180.0,-260.0,2.24999999999,0.640479243589,-260.0
2016-05-26 02:00:00,0.031,-620.0,-880.000000001,2.38461538461,0.640479243589,-880.000000001
2016-05-26 02:30:00,-0.02,400.0,-480.000000001,-0.454545454545,0.658336386446,-480.000000001
2016-05-26 03:00:00,-0.045,900.0,419.999999999,-1.875,0.658336386446,419.999999999
2016-05-26 03:30:00,-0.017,340.0,760.0,0.809523809525,0.658336386446,760.0
2016-05-26 04:00:00,-0.203,4060.0,4820.0,5.34210526316,0.658336386446,4820.0
2016-05-26 04:30:00,-0.239,4780.0,9600.0,0.991701244813,0.658336386446,9600.0
2016-05-26 05:00:00,-0.092,1840.0,11440.0,0.191666666667,0.658336386446,11440.0
2016-05-26 05:30:00,0.141,2820.0,14260.0,0.246503496504,0.658336386446,14260.0
2016-05-26 06:00:00,-0.074,1480.0,15740.0,0.103786816269,0.658336386446,15740.0
2016-05-26 06:30:00,0.006,120.0,15860.0,0.00762388818297,0.658336386446,15860.0
2016-05-26 07:00:00,0.148,2960.0,18820.0,0.186633039092,0.658336386446,18820.0
2016-05-26 07:30:00,-0.048,960.0,19780.0,0.0510095642933,0.658336386446,19780.0
2016-05-26 08:00:00,-0.001,-20.0000000001,19760.0,-0.00101112234581,0.643411013311,19760.0
2016-05-26 08:30:00,0.062,1240.0,21000.0,0.0627530364372,0.658116895664,21000.0
2016-05-26 09:00:00,0.004,80.0000000001,21080.0,0.00380952380953,0.658116895664,21080.0
2016-05-26 09:30:00,-0.11,2200.0,23280.0,0.104364326376,0.658116895664,23280.0
2016-05-26 10:00:00,0.109,-2180.0,21100.0,-0.0936426116838,0.644032388622,21100.0
2016-05-26 10:30:00,0.116,2320.0,23420.0,0.109952606635,0.657921277511,23420.0
2016-05-26 11:00:00,0.039,-780.0,22640.0,-0.0333048676345,0.644222647374,22640.0
2016-05-26 11:30:00,0.078,-1560.0,21080.0,-0.0689045936396,0.644222647374,21080.0
2016-05-26 12:00:00,0.06,1200.0,22280.0,0.0569259962049,0.657555980707,22280.0
2016-05-26 12:30:00,-0.106,2120.0,24400.0,0.0951526032316,0.657555980707,24400.0
2016-05-26 13:00:00,0.075,-1500.0,22900.0,-0.0614754098361,0.64456896772,22900.0
2016-05-26 13:30:00,0.04,-800.0,22100.0,-0.0349344978166,0.64456896772,22100.0
2016-05-26 14:00:00,-0.00699999999999,140.0,22240.0,0.00633484162895,0.657227195568,22240.0
2016-05-26 14:30:00,0.0,-0.0,22240.0,0.0,0.644727195568,22240.0
2016-05-26 15:00:00,0.064,1280.0,23520.0,0.0575539568346,0.657072874581,23520.0
2016-05-26 15:30:00,-0.037,740.0,24260.0,0.031462585034,0.657072874581,24260.0
2016-05-26 16:00:00,0.016,-320.0,23940.0,-0.0131904369332,0.64502468181,23940.0
2016-05-26 16:30:00,0.00999999999999,-200.0,23740.0,-0.00835421888053,0.64502468181,23740.0
2016-05-26 17:00:00,-0.005,99.9999999999,23840.0,0.00421229991575,0.656789387692,23840.0
2016-05-26 17:30:00,-0.21,4200.0,28040.0,0.176174496644,0.656789387692,28040.0
2016-05-26 18:00:00,-0.152,3040.0,31080.0,0.108416547789,0.656789387692,31080.0
2016-05-26 18:30:00,0.113,2260.0,33340.0,0.0727155727156,0.656789387692,33340.0
2016-05-26 19:00:00,0.106,2120.0,35460.0,0.0635872825435,0.656789387692,35460.0
2016-05-26 19:30:00,-0.028,560.0,36020.0,0.0157924421884,0.656789387692,36020.0
2016-05-26 20:00:00,-0.074,1480.0,37500.0,0.0410882842865,0.656789387692,37500.0
2016-05-26 20:30:00,0.01,-200.0,37300.0,-0.00533333333334,0.645919822475,37300.0
2016-05-26 21:00:00,-0.05,1000.0,38300.0,0.0268096514745,0.656672510647,38300.0
2016-05-26 21:30:00,0.00800000000001,160.0,38460.0,0.00417754569191,0.656672510647,38460.0
2016-05-26 22:00:00,0.032,-640.0,37820.0,-0.0166406656266,0.646146194857,37820.0
2016-05-26 22:30:00,0.081,-1620.0,36200.0,-0.0428344791116,0.646146194857,36200.0
2016-05-26 23:00:00,0.013,-260.0,35940.0,-0.00718232044198,0.646146194857,35940.0
2016-05-26 23:30:00,-0.023,460.0,36400.0,0.0127991096272,0.65635027649,36400.0
2016-05-27 00:00:00,0.017,340.0,36740.0,0.00934065934066,0.65635027649,36740.0
2016-05-27 00:30:00,0.044,-880.0,35860.0,-0.0239520958084,0.64635027649,35860.0
2016-05-27 01:00:00,-0.01,-200.0,35660.0,-0.00557724484105,0.64635027649,35660.0
2016-05-27 01:30:00,-0.012,240.0,35900.0,0.00673022994952,0.656154198058,35900.0
2016-05-27 02:00:00,-0.022,440.0,36340.0,0.0122562674095,0.656154198058,36340.0
2016-05-27 02:30:00,-0.07,-1400.0,34940.0,-0.0385250412768,0.646538813443,34940.0
2016-05-27 03:00:00,-0.022,440.0,35380.0,0.0125930165999,0.656062622967,35380.0
2016-05-27 03:30:00,-0.018,-360.0,35020.0,-0.0101752402487,0.646628660703,35020.0
2016-05-27 04:00:00,0.044,-880.0,34140.0,-0.0251284980011,0.646628660703,34140.0
2016-05-27 04:30:00,0.023,-460.0,33680.0,-0.0134739308729,0.646628660703,33680.0
2016-05-27 05:00:00,0.073,1460.0,35140.0,0.0433491686461,0.655802972629,35140.0
2016-05-27 05:30:00,-0.006,-120.0,35020.0,-0.00341491178145,0.646712063538,35020.0
2016-05-27 06:00:00,-0.013,260.0,35280.0,0.00742432895489,0.655721072547,35280.0
2016-05-27 06:30:00,0.002,39.9999999999,35320.0,0.00113378684807,0.655721072547,35320.0
2016-05-27 07:00:00,0.019,-380.0,34940.0,-0.0107587768969,0.646871515025,34940.0
2016-05-27 07:30:00,-0.005,99.9999999999,35040.0,0.00286204922724,0.65564344485,35040.0
2016-05-27 08:00:00,-0.008,160.0,35200.0,0.00456621004566,0.65564344485,35200.0
2016-05-27 08:30:00,-0.026,-520.0,34680.0,-0.0147727272727,0.647022755195,34680.0
2016-05-27 09:00:00,-0.084,-1680.0,33000.0,-0.0484429065744,0.647022755195,33000.0
2016-05-27 09:30:00,-0.051,1020.0,34020.0,0.0309090909091,0.655497331466,34020.0
2016-05-27 10:00:00,0.041,-820.0,33200.0,-0.0241034685479,0.647093970121,33200.0
2016-05-27 10:30:00,-0.072,1440.0,34640.0,0.0433734939759,0.655427303455,34640.0
2016-05-27 11:00:00,-0.047,940.0,35580.0,0.0271362586605,0.655427303455,35580.0
2016-05-27 11:30:00,-0.022,-440.0,35140.0,-0.0123664980326,0.647230582143,35140.0
2016-05-27 12:00:00,0.00299999999999,-59.9999999997,35080.0,-0.00170745589071,0.647230582143,35080.0
2016-05-27 12:30:00,-0.033,-660.0,34420.0,-0.0188141391106,0.647230582143,34420.0
2016-05-27 13:00:00,-0.036,-720.0,33700.0,-0.020918070889,0.647230582143,33700.0
2016-05-27 13:30:00,-0.035,700.0,34400.0,0.0207715133531,0.65516709008,34400.0
2016-05-27 14:00:00,-0.076,1520.0,35920.0,0.0441860465116,0.65516709008,35920.0
2016-05-27 14:30:00,0.029,-580.0,35340.0,-0.0161469933185,0.64735459008,35340.0
2016-05-27 15:00:00,-0.00700000000001,140.0,35480.0,0.00396151669497,0.655106528064,35480.0
2016-05-27 15:30:00,-0.075,1500.0,36980.0,0.0422773393461,0.655106528064,36980.0
2016-05-27 16:00:00,0.026,-520.0,36460.0,-0.0140616549486,0.647472940278,36460.0
2016-05-27 16:30:00,-0.181,3620.0,40080.0,0.0992868897422,0.655048697854,40080.0
2016-05-27 17:00:00,0.034,680.0,40760.0,0.0169660678643,0.655048697854,40760.0
2016-05-27 17:30:00,-0.037,-740.0,40020.0,-0.0181550539745,0.647586011287,40020.0
2016-05-27 18:00:00,0.044,-880.0,39140.0,-0.0219890054972,0.647586011287,39140.0
2016-05-27 18:30:00,-0.074,1480.0,40620.0,0.0378129790496,0.654938952463,40620.0
2016-05-27 19:00:00,0.086,1720.0,42340.0,0.0423436730674,0.654938952463,42340.0
2016-05-27 19:30:00,-0.013,260.0,42600.0,0.00614076523382,0.654938952463,42600.0
2016-05-27 20:00:00,-0.037,740.0,43340.0,0.0173708920188,0.654938952463,43340.0
2016-05-27 20:30:00,0.083,-1660.0,41680.0,-0.0383017997231,0.64779609532,41680.0
2016-05-27 21:00:00,-0.004,-80.0000000001,41600.0,-0.00191938579655,0.64779609532,41600.0
2016-05-27 21:30:00,0.084,-1680.0,39920.0,-0.0403846153846,0.64779609532,39920.0
2016-05-27 22:00:00,0.169,3380.0,43300.0,0.0846693386774,0.654789102313,43300.0
2016-05-27 22:30:00,-0.042,840.0,44140.0,0.0193995381062,0.654789102313,44140.0
2016-05-27 23:00:00,0.061,-1220.0,42920.0,-0.0276393294064,0.647892550589,42920.0
