,price_diff,profit,total,returns,accuracy,equity
2016-05-16 01:30:00,0.022,-440.0,-440.0,,0.0,-440.0
2016-05-16 02:00:00,-0.157,3140.0,2700.0,-7.13636363637,0.5,2700.0
2016-05-16 02:30:00,0.005,-99.9999999999,2600.0,-0.037037037037,0.166666666667,2600.0
2016-05-16 03:00:00,0.087,1740.0,4340.0,0.669230769231,0.416666666667,4340.0
2016-05-16 03:30:00,0.084,1680.0,6020.0,0.387096774193,0.416666666667,6020.0
2016-05-16 04:00:00,0.127,2540.0,8560.0,0.421926910299,0.416666666667,8560.0
2016-05-16 04:30:00,0.071,1420.0,9980.0,0.165887850467,0.416666666667,9980.0
2016-05-16 05:00:00,0.012,-240.0,9740.0,-0.0240480961924,0.291666666667,9740.0
2016-05-16 05:30:00,0.184,-3680.0,6060.0,-0.377823408624,0.291666666667,6060.0
2016-05-16 06:00:00,0.053,-1060.0,5000.0,-0.174917491749,0.291666666667,5000.0
2016-05-16 06:30:00,0.151,-3020.0,1980.0,-0.604,0.291666666667,1980.0
2016-05-16 07:00:00,-0.069,-1380.0,599.999999999,-0.69696969697,0.291666666667,599.999999999
2016-05-16 07:30:00,0.026,-520.0,79.9999999998,-0.866666666667,0.291666666667,79.9999999998
2016-05-16 08:00:00,-0.027,540.0,620.0,6.75000000001,0.363095238095,620.0
2016-05-16 08:30:00,-0.265,5300.0,5920.0,8.54838709678,0.363095238095,5920.0
2016-05-16 09:00:00,-0.081,1620.0,7540.0,0.273648648649,0.363095238095,7540.0
2016-05-16 09:30:00,0.03,600.0,8140.0,0.079575596817,0.363095238095,8140.0
2016-05-16 10:00:00,0.125,2500.0,10640.0,0.307125307125,0.363095238095,10640.0
2016-05-16 10:30:00,-0.111,-2220.0,8420.0,-0.208646616541,0.310463659148,8420.0
2016-05-16 11:00:00,-0.149,2980.0,11400.0,0.353919239905,0.360463659148,11400.0
2016-05-16 11:30:00,0.1,-2000.0,9400.0,-0.175438596491,0.312844611529,9400.0
2016-05-16 12:00:00,0.098,-1960.0,7440.0,-0.208510638298,0.312844611529,7440.0
2016-05-16 12:30:00,-0.077,1540.0,8980.0,0.206989247312,0.356322872398,8980.0
2016-05-16 13:00:00,0.03,-600.0,8380.0,-0.0668151447661,0.314656205732,8380.0
2016-05-16 13:30:00,-0.028,560.0,8940.0,0.0668257756563,0.354656205732,8940.0
2016-05-16 14:00:00,0.036,719.999999999,9660.0,0.0805369127516,0.354656205732,9660.0
2016-05-16 14:30:00,0.00399999999999,-79.9999999998,9580.0,-0.00828157349895,0.317619168695,9580.0
2016-05-16 15:00:00,0.296,5920.0,15500.0,0.617954070981,0.353333454409,15500.0
2016-05-16 15:30:00,-0.028,-560.0,14940.0,-0.0361290322581,0.318850695788,14940.0
2016-05-16 16:00:00,-0.035,700.0,15640.0,0.0468540829987,0.352184029122,15640.0
2016-05-16 16:30:00,0.154,3080.0,18720.0,0.196930946292,0.352184029122,18720.0
2016-05-16 17:00:00,-0.036,-720.0,18000.0,-0.0384615384615,0.320934029122,18000.0
2016-05-16 17:30:00,0.049,-980.0,17020.0,-0.0544444444445,0.320934029122,17020.0
2016-05-16 18:00:00,0.153,-3060.0,13960.0,-0.179788484136,0.320934029122,13960.0
2016-05-16 18:30:00,0.097,-1940.0,12020.0,-0.138968481375,0.320934029122,12020.0
2016-05-16 19:00:00,-0.02,400.0,12420.0,0.0332778702163,0.348711806899,12420.0
2016-05-16 19:30:00,0.171,-3420.0,9000.0,-0.275362318841,0.321684779872,9000.0
2016-05-16 20:00:00,0.037,-740.0,8260.0,-0.0822222222222,0.321684779872,8260.0
2016-05-16 20:30:00,0.079,-1580.0,6680.0,-0.191283292978,0.321684779872,6680.0
2016-05-16 21:00:00,0.062,1240.0,7920.0,0.185628742515,0.346684779872,7920.0
2016-05-16 21:30:00,-0.029,580.0,8500.0,0.0732323232323,0.346684779872,8500.0
2016-05-16 22:00:00,-0.049,-980.0,7520.0,-0.115294117647,0.322875256063,7520.0
2016-05-16 22:30:00,-0.127,-2540.0,4980.0,-0.337765957447,0.322875256063,4980.0
2016-05-16 23:00:00,0.055,-1100.0,3880.0,-0.220883534137,0.322875256063,3880.0
2016-05-16 23:30:00,-0.065,1300.0,5180.0,0.335051546392,0.345097478285,5180.0
2016-05-17 00:00:00,0.024,480.0,5660.0,0.0926640926641,0.345097478285,5660.0
2016-05-17 00:30:00,0.158,3160.0,8820.0,0.558303886926,0.345097478285,8820.0
2016-05-17 01:00:00,0.062,-1240.0,7580.0,-0.140589569161,0.324264144952,7580.0
2016-05-17 01:30:00,0.111,-2220.0,5360.0,-0.292875989446,0.324264144952,5360.0
2016-05-17 02:00:00,-0.128,2560.0,7920.0,0.477611940299,0.344264144952,7920.0
2016-05-17 02:30:00,0.116,2320.0,10240.0,0.292929292929,0.344264144952,10240.0
2016-05-17 03:00:00,0.187,-3740.0,6500.0,-0.365234375,0.325033375721,6500.0
2016-05-17 03:30:00,0.224,-4480.0,2020.0,-0.689230769231,0.325033375721,2020.0
2016-05-17 04:00:00,0.006,-120.0,1900.0,-0.059405940594,0.325033375721,1900.0
2016-05-17 04:30:00,-0.187,3740.0,5640.0,1.96842105263,0.343215193903,5640.0
2016-05-17 05:00:00,0.199,3980.0,9620.0,0.705673758865,0.343215193903,9620.0
2016-05-17 05:30:00,0.143,-2860.0,6760.0,-0.297297297297,0.325671334254,6760.0
2016-05-17 06:00:00,0.219,-4380.0,2380.0,-0.647928994083,0.325671334254,2380.0
2016-05-17 06:30:00,-0.135,2700.0,5080.0,1.13445378151,0.342620486796,5080.0
2016-05-17 07:00:00,0.00399999999999,79.9999999998,5160.0,0.015748031496,0.342620486796,5160.0
2016-05-17 07:30:00,-0.00999999999999,200.0,5360.0,0.0387596899224,0.342620486796,5360.0
2016-05-17 08:00:00,0.011,-220.0,5140.0,-0.0410447761194,0.326491454538,5140.0
2016-05-17 08:30:00,-0.018,359.999999999,5500.0,0.0700389105057,0.342364470411,5500.0
2016-05-17 09:00:00,0.053,1060.0,6560.0,0.192727272727,0.342364470411,6560.0
2016-05-17 09:30:00,0.239,4780.0,11340.0,0.728658536585,0.342364470411,11340.0
2016-05-17 10:00:00,0.253,-5060.0,6280.0,-0.446208112875,0.327212955259,6280.0
2016-05-17 10:30:00,0.233,-4660.0,1620.0,-0.742038216561,0.327212955259,1620.0
2016-05-17 11:00:00,0.327,-6540.0,-4920.0,-4.03703703704,0.327212955259,-4920.0
2016-05-17 11:30:00,-0.083,1660.0,-3260.0,-0.337398373984,0.341705708883,-3260.0
2016-05-17 12:00:00,-0.196,3920.0,659.999999999,-1.20245398773,0.341705708883,659.999999999
2016-05-17 12:30:00,0.01,-200.0,459.999999999,-0.303030303031,0.32762120184,459.999999999
2016-05-17 13:00:00,-0.019,-380.0,79.9999999987,-0.826086956524,0.32762120184,79.9999999987
2016-05-17 13:30:00,0.168,-3360.0,-3280.0,-42.0000000007,0.32762120184,-3280.0
2016-05-17 14:00:00,0.118,-2360.0,-5640.0,0.719512195122,0.32762120184,-5640.0
2016-05-17 14:30:00,-0.203,-4060.0,-9700.0,0.719858156028,0.32762120184,-9700.0
2016-05-17 15:00:00,-0.073,1460.0,-8240.0,-0.150515463918,0.340779096577,-8240.0
2016-05-17 15:30:00,-0.032,640.0,-7600.0,-0.0776699029126,0.340779096577,-7600.0
2016-05-17 16:00:00,0.057,1140.0,-6460.0,-0.15,0.340779096577,-6460.0
2016-05-17 16:30:00,-0.366,7320.0,859.999999999,-1.13312693498,0.340779096577,859.999999999
2016-05-17 17:00:00,-0.078,-1560.0,-700.000000001,-1.81395348837,0.328279096577,-700.000000001
2016-05-17 17:30:00,-0.424,-8480.0,-9180.0,12.1142857143,0.328279096577,-9180.0
2016-05-17 18:00:00,-0.121,-2420.0,-11600.0,0.263616557734,0.328279096577,-11600.0
2016-05-17 18:30:00,0.161,3220.0,-8380.0,-0.277586206897,0.340327289348,-8380.0
2016-05-17 19:00:00,0.266,5320.0,-3060.0,-0.634844868735,0.340327289348,-3060.0
2016-05-17 19:30:00,0.087,-1740.0,-4800.0,0.56862745098,0.328562583466,-4800.0
2016-05-17 20:00:00,0.03,-600.0,-5400.0,0.125,0.328562583466,-5400.0
2016-05-17 20:30:00,-0.13,2600.0,-2800.0,-0.481481481481,0.34005683634,-2800.0
2016-05-17 21:00:00,-0.071,1420.0,-1380.0,-0.507142857142,0.34005683634,-1380.0
2016-05-17 21:30:00,0.061,1220.0,-160.000000002,-0.884057971013,0.34005683634,-160.000000002
2016-05-17 22:00:00,-0.08,-1600.0,-1760.0,9.99999999984,0.328945725228,-1760.0
2016-05-17 22:30:00,0.026,520.0,-1240.0,-0.295454545454,0.339934736217,-1240.0
2016-05-17 23:00:00,-0.106,2120.0,879.999999997,-1.70967741935,0.339934736217,879.999999997
2016-05-17 23:30:00,0.068,-1360.0,-480.000000002,-1.54545454546,0.329182048045,-480.000000002
2016-05-18 00:00:00,0.037,740.0,259.999999997,-1.54166666666,0.339820345918,259.999999997
2016-05-18 00:30:00,0.107,2140.0,2400.0,8.23076923086,0.339820345918,2400.0
2016-05-18 01:00:00,-0.011,-220.0,2180.0,-0.0916666666667,0.329403679251,2180.0
2016-05-18 01:30:00,-0.006,-120.0,2060.0,-0.0550458715597,0.329403679251,2060.0
2016-05-18 02:00:00,-0.127,2540.0,4600.0,1.23300970874,0.339607760884,4600.0
2016-05-18 02:30:00,0.047,940.000000001,5540.0,0.204347826087,0.339607760884,5540.0
2016-05-18 03:00:00,0.0,-0.0,5540.0,0.0,0.329607760884,5540.0
2016-05-18 03:30:00,-0.196,3920.0,9460.0,0.707581227437,0.339508750983,9460.0
2016-05-18 04:00:00,-0.212,-4240.0,5220.0,-0.448202959831,0.329704829414,5220.0
2016-05-18 04:30:00,-0.13,-2600.0,2620.0,-0.498084291188,0.329704829414,2620.0
2016-05-18 05:00:00,0.115,2300.0,4920.0,0.877862595421,0.339320214029,4920.0
2016-05-18 05:30:00,0.226,-4520.0,399.999999998,-0.918699186992,0.329796404506,399.999999998
2016-05-18 06:00:00,0.151,-3020.0,-2620.0,-7.55000000004,0.329796404506,-2620.0
2016-05-18 06:30:00,0.127,-2540.0,-5160.0,0.969465648854,0.329796404506,-5160.0
2016-05-18 07:00:00,-0.1,2000.0,-3160.0,-0.387596899225,0.339055663765,-3160.0
2016-05-18 07:30:00,-0.056,1120.0,-2040.0,-0.354430379747,0.339055663765,-2040.0
2016-05-18 08:00:00,-0.16,-3200.0,-5240.0,1.56862745098,0.329964754674,-5240.0
2016-05-18 08:30:00,0.017,-340.0,-5580.0,0.0648854961832,0.329964754674,-5580.0
2016-05-18 09:00:00,0.109,2180.0,-3400.0,-0.390681003584,0.338893326103,-3400.0
2016-05-18 09:30:00,0.125,2500.0,-900.000000003,-0.735294117646,0.338893326103,-900.000000003
2016-05-18 10:00:00,-0.18,3600.0,2700.0,-3.99999999999,0.338893326103,2700.0
2016-05-18 10:30:00,0.53,10600.0,13300.0,3.92592592593,0.338893326103,13300.0
2016-05-18 11:00:00,0.236,-4720.0,8580.0,-0.354887218045,0.330272636447,8580.0
2016-05-18 11:30:00,-0.329,6580.0,15160.0,0.7668997669,0.338819644994,15160.0
2016-05-18 12:00:00,0.175,-3500.0,11660.0,-0.230870712401,0.330345068723,11660.0
2016-05-18 12:30:00,-0.118,2360.0,14020.0,0.202401372213,0.338748430068,14020.0
2016-05-18 13:00:00,-0.28,5600.0,19620.0,0.399429386591,0.338748430068,19620.0
2016-05-18 13:30:00,0.169,3380.0,23000.0,0.172273190622,0.338748430068,23000.0
2016-05-18 14:00:00,0.058,1160.0,24160.0,0.0504347826087,0.338748430068,24160.0
2016-05-18 14:30:00,0.605,12100.0,36260.0,0.50082781457,0.338748430068,36260.0
2016-05-18 15:00:00,0.356,-7120.0,29140.0,-0.196359624931,0.330683913939,29140.0
2016-05-18 15:30:00,0.237,-4740.0,24400.0,-0.162663006177,0.330683913939,24400.0
2016-05-18 16:00:00,0.156,-3120.0,21280.0,-0.127868852459,0.330683913939,21280.0
2016-05-18 16:30:00,0.075,-1500.0,19780.0,-0.0704887218045,0.330683913939,19780.0
2016-05-18 17:00:00,0.568,-11360.0,8420.0,-0.574317492417,0.330683913939,8420.0
2016-05-18 17:30:00,0.162,-3240.0,5180.0,-0.384798099763,0.330683913939,5180.0
2016-05-18 18:00:00,0.062,-1240.0,3940.0,-0.239382239382,0.330683913939,3940.0
2016-05-18 18:30:00,0.12,-2400.0,1540.0,-0.609137055838,0.330683913939,1540.0
2016-05-18 19:00:00,0.047,-940.0,599.999999996,-0.610389610391,0.330683913939,599.999999996
2016-05-18 19:30:00,0.00799999999998,-160.0,439.999999996,-0.266666666668,0.330683913939,439.999999996
2016-05-18 20:00:00,0.027,-540.0,-100.000000004,-1.22727272728,0.330683913939,-100.000000004
2016-05-18 20:30:00,0.031,-620.0,-720.000000004,6.19999999976,0.330683913939,-720.000000004
2016-05-18 21:00:00,0.157,3140.0,2420.0,-4.36111111109,0.338036855115,2420.0
2016-05-18 21:30:00,-0.079,-1580.0,839.999999995,-0.652892561985,0.330737585042,839.999999995
2016-05-18 22:00:00,-0.064,1280.0,2120.0,1.52380952382,0.337983961854,2120.0
2016-05-18 22:30:00,0.298,5960.0,8080.0,2.81132075472,0.337983961854,8080.0
2016-05-18 23:00:00,0.095,-1900.0,6180.0,-0.235148514852,0.330841104711,6180.0
2016-05-18 23:30:00,0.209,4180.0,10360.0,0.676375404531,0.337933303293,10360.0
2016-05-19 00:00:00,-0.018,-360.0,10000.0,-0.0347490347491,0.330891049771,10000.0
2016-05-19 00:30:00,0.042,-840.000000001,9159.99999999,-0.0840000000001,0.330891049771,9159.99999999
