,price_diff,profit,total,returns,accuracy,equity
2016-05-18 00:00:00,-0.00022,4.4,4.4,,1.0,4.4
2016-05-18 00:30:00,-0.00019,3.8,8.2,0.863636363636,1.0,8.2
2016-05-18 01:00:00,0.00015,-3.0,5.2,-0.365853658537,0.666666666667,5.2
2016-05-18 01:30:00,-0.00014,-2.8,2.4,-0.538461538461,0.666666666667,2.4
2016-05-18 02:00:00,0.00027,-5.4,-3.0,-2.25,0.666666666667,-3.0
2016-05-18 02:30:00,9.00000000001e-05,1.8,-1.2,-0.600000000001,0.833333333333,-1.2
2016-05-18 03:00:00,0.00011,-2.2,-3.4,1.83333333334,0.690476190476,-3.4
2016-05-18 03:30:00,-6.00000000001e-05,1.2,-2.2,-0.352941176471,0.815476190476,-2.2
2016-05-18 04:00:00,0.00035,7.0,4.8,-3.18181818182,0.815476190476,4.8
2016-05-18 04:30:00,-0.0002,-4.0,0.800000000003,-0.833333333333,0.715476190476,0.800000000003
2016-05-18 05:00:00,0.0002,-4.0,-3.2,-4.99999999998,0.715476190476,-3.2
2016-05-18 05:30:00,-0.0009,-18.0,-21.2,5.62500000001,0.715476190476,-21.2
2016-05-18 06:00:00,-0.0001,2.0,-19.2,-0.0943396226415,0.792399267399,-19.2
2016-05-18 06:30:00,-0.00015,3.0,-16.2,-0.15625,0.792399267399,-16.2
2016-05-18 07:00:00,0.00018,3.6,-12.6,-0.222222222222,0.792399267399,-12.6
2016-05-18 07:30:00,-4e-05,0.800000000001,-11.8,-0.0634920634921,0.792399267399,-11.8
2016-05-18 08:00:00,-3.00000000001e-05,0.600000000002,-11.2,-0.0508474576273,0.792399267399,-11.2
2016-05-18 08:30:00,-0.00019,3.8,-7.39999999999,-0.339285714286,0.792399267399,-7.39999999999
2016-05-18 09:00:00,-9.99999999995e-06,-0.199999999999,-7.59999999999,0.0270270270269,0.739767688452,-7.59999999999
2016-05-18 09:30:00,-0.00011,2.2,-5.39999999999,-0.289473684211,0.789767688452,-5.39999999999
2016-05-18 10:00:00,0.00023,4.6,-0.799999999994,-0.851851851853,0.789767688452,-0.799999999994
2016-05-18 10:30:00,-0.0007,-14.0,-14.8,17.5000000001,0.744313142997,-14.8
2016-05-18 11:00:00,-0.00135,-27.0,-41.8,1.82432432432,0.744313142997,-41.8
2016-05-18 11:30:00,0.00085,17.0,-24.8,-0.406698564593,0.785979809664,-24.8
2016-05-18 12:00:00,-5e-05,-1.0,-25.8,0.0403225806452,0.745979809664,-25.8
2016-05-18 12:30:00,0.00024,4.8,-21.0,-0.186046511628,0.784441348126,-21.0
2016-05-18 13:00:00,0.00138,27.6,6.6,-1.31428571429,0.784441348126,6.6
2016-05-18 13:30:00,-0.00111,22.2,28.8,3.36363636363,0.784441348126,28.8
2016-05-18 14:00:00,0.00014,-2.8,26.0,-0.0972222222222,0.749958589505,26.0
2016-05-18 14:30:00,-0.00297,59.4,85.4,2.28461538462,0.783291922838,85.4
2016-05-18 15:00:00,-0.00172,34.4,119.8,0.40281030445,0.783291922838,119.8
2016-05-18 15:30:00,-0.00129,25.8,145.6,0.215358931553,0.783291922838,145.6
2016-05-18 16:00:00,-0.00082,16.4,162.0,0.112637362637,0.783291922838,162.0
2016-05-18 16:30:00,-0.00019,-3.8,158.2,-0.0234567901235,0.753880158132,158.2
2016-05-18 17:00:00,-0.00197,39.4,197.6,0.249051833123,0.782451586704,197.6
2016-05-18 17:30:00,-0.00023,4.6,202.2,0.0232793522267,0.782451586704,202.2
2016-05-18 18:00:00,0.00076,15.2,217.4,0.0751730959446,0.782451586704,217.4
2016-05-18 18:30:00,-0.0018,-36.0,181.4,-0.165593376265,0.75613579723,181.4
2016-05-18 19:00:00,-2e-05,0.4,181.8,0.00220507166483,0.781776822871,181.8
2016-05-18 19:30:00,0.00014,-2.8,179.0,-0.015401540154,0.756776822871,179.0
2016-05-18 20:00:00,0.00015,-3.0,176.0,-0.0167597765363,0.756776822871,176.0
2016-05-18 20:30:00,0.00047,9.4,185.4,0.0534090909091,0.780586346681,185.4
2016-05-18 21:00:00,-0.00056,11.2,196.6,0.0604099244876,0.780586346681,196.6
2016-05-18 21:30:00,-0.00017,3.4,200.0,0.0172939979654,0.780586346681,200.0
2016-05-18 22:00:00,-0.00169,-33.8,166.2,-0.169,0.758364124458,166.2
2016-05-18 22:30:00,-0.00034,6.8,173.0,0.0409145607701,0.780103254893,173.0
2016-05-18 23:00:00,0.00027,5.4,178.4,0.0312138728324,0.780103254893,178.4
2016-05-18 23:30:00,-0.00056,11.2,189.6,0.0627802690583,0.780103254893,189.6
2016-05-19 00:00:00,-0.00019,-3.8,185.8,-0.0200421940928,0.759695091628,185.8
2016-05-19 00:30:00,-0.00045,-9.0,176.8,-0.048439181916,0.759695091628,176.8
2016-05-19 01:00:00,4e-05,-0.800000000001,176.0,-0.00452488687783,0.759695091628,176.0
2016-05-19 01:30:00,4e-05,0.800000000001,176.8,0.00454545454546,0.778925860859,176.8
2016-05-19 02:00:00,8e-05,-1.6,175.2,-0.00904977375565,0.76005793633,175.2
2016-05-19 02:30:00,5e-05,-1.0,174.2,-0.00570776255708,0.76005793633,174.2
2016-05-19 03:00:00,0.00021,-4.2,170.0,-0.0241102181401,0.76005793633,170.0
2016-05-19 03:30:00,-0.00014,2.8,172.8,0.0164705882353,0.777915079187,172.8
2016-05-19 04:00:00,0.00054,10.8,183.6,0.0625,0.777915079187,183.6
2016-05-19 04:30:00,0.0004,8.0,191.6,0.0435729847495,0.777915079187,191.6
2016-05-19 05:00:00,5.99999999999e-05,-1.2,190.4,-0.0062630480167,0.760965926645,190.4
2016-05-19 05:30:00,0.00045,9.0,199.4,0.047268907563,0.777632593312,199.4
2016-05-19 06:00:00,-0.00026,-5.2,194.2,-0.0260782347041,0.761239150689,194.2
2016-05-19 06:30:00,-0.00017,-3.4,190.8,-0.0175077239959,0.761239150689,190.8
2016-05-19 07:00:00,5e-05,1.0,191.8,0.00524109014675,0.777112166562,191.8
2016-05-19 07:30:00,9.99999999995e-06,-0.199999999999,191.6,-0.00104275286757,0.761487166562,191.6
2016-05-19 08:00:00,-0.00021,4.2,195.8,0.0219206680584,0.776871781946,195.8
2016-05-19 08:30:00,-0.00014,-2.8,193.0,-0.0143003064351,0.761720266795,193.0
2016-05-19 09:00:00,-0.00038,-7.6,185.4,-0.039378238342,0.761720266795,185.4
2016-05-19 09:30:00,1.99999999999e-05,-0.399999999998,185.0,-0.00215749730312,0.761720266795,185.0
2016-05-19 10:00:00,-2.99999999999e-05,-0.599999999997,184.4,-0.00324324324323,0.761720266795,184.4
2016-05-19 10:30:00,8.99999999999e-05,-1.8,182.6,-0.00976138828633,0.761720266795,182.6
2016-05-19 11:00:00,-0.00043,-8.6,174.0,-0.0470974808324,0.761720266795,174.0
2016-05-19 11:30:00,0.00017,3.4,177.4,0.0195402298851,0.775609155684,177.4
2016-05-19 12:00:00,-0.00246,49.2,226.6,0.27733934611,0.775609155684,226.6
2016-05-19 12:30:00,-0.00044,8.8,235.4,0.0388349514563,0.775609155684,235.4
2016-05-19 13:00:00,0.00063,-12.6,222.8,-0.053525913339,0.76227582235,222.8
2016-05-19 13:30:00,-0.0005,10.0,232.8,0.0448833034111,0.775433717087,232.8
2016-05-19 14:30:00,1.00000000001e-05,0.200000000001,233.0,0.000859106529215,0.775433717087,233.0
2016-05-19 15:00:00,0.00084,-16.8,216.2,-0.0721030042918,0.762613204267,216.2
2016-05-19 15:30:00,-0.00036,-7.2,209.0,-0.0333024976873,0.762613204267,209.0
2016-05-19 16:00:00,-0.0001,-2.0,207.0,-0.00956937799043,0.762613204267,207.0
2016-05-19 16:30:00,0.00087,-17.4,189.6,-0.0840579710145,0.762613204267,189.6
2016-05-19 17:00:00,0.00014,-2.8,186.8,-0.0147679324895,0.762613204267,186.8
2016-05-19 17:30:00,0.00056,-11.2,175.6,-0.0599571734475,0.762613204267,175.6
2016-05-19 18:00:00,0.00092,18.4,194.0,0.104783599089,0.774517966172,194.0
2016-05-19 18:30:00,9.99999999995e-06,-0.199999999999,193.8,-0.00103092783505,0.762753260289,193.8
2016-05-19 19:00:00,0.00016,-3.2,190.6,-0.0165118679051,0.762753260289,190.6
2016-05-19 19:30:00,-0.00031,6.2,196.8,0.0325288562434,0.774247513163,196.8
2016-05-19 20:00:00,-0.0002,4.0,200.8,0.020325203252,0.774247513163,200.8
2016-05-19 20:30:00,-0.00036,7.2,208.0,0.0358565737052,0.774247513163,208.0
2016-05-19 21:00:00,-0.00085,-17.0,191.0,-0.0817307692308,0.763136402052,191.0
2016-05-19 21:30:00,-0.00026,5.2,196.2,0.0272251308901,0.774125413041,196.2
2016-05-19 22:00:00,-4.00000000002e-05,0.800000000003,197.0,0.0040774719674,0.774125413041,197.0
2016-05-19 22:30:00,0.00038,-7.6,189.4,-0.038578680203,0.763372724869,189.4
2016-05-19 23:00:00,-7e-05,-1.4,188.0,-0.00739176346357,0.763372724869,188.0
2016-05-19 23:30:00,0.00059,-11.8,176.2,-0.0627659574468,0.763372724869,176.2
2016-05-20 00:00:00,-0.00043,8.6,184.8,0.0488081725312,0.773789391535,184.8
2016-05-20 00:30:00,-0.00018,3.6,188.4,0.0194805194805,0.773789391535,188.4
2016-05-20 01:00:00,0.00074,-14.8,173.6,-0.0785562632696,0.763585309903,173.6
2016-05-20 01:30:00,-1.00000000001e-05,0.200000000001,173.8,0.00115207373273,0.773686320004,173.8
2016-05-20 02:00:00,-4e-05,0.800000000001,174.6,0.00460299194477,0.773686320004,174.6
2016-05-20 02:30:00,2.00000000001e-05,0.400000000003,175.0,0.00229095074457,0.773686320004,175.0
2016-05-20 03:00:00,3e-05,-0.599999999999,174.4,-0.00342857142857,0.763882398435,174.4
2016-05-20 03:30:00,0.00024,-4.8,169.6,-0.0275229357798,0.763882398435,169.6
2016-05-20 04:00:00,8.99999999999e-05,1.8,171.4,0.0106132075472,0.77349778305,171.4
2016-05-20 04:30:00,-0.00028,-5.6,165.8,-0.0326721120187,0.763973973527,165.8
2016-05-20 05:00:00,0.0002,4.0,169.8,0.0241254523522,0.773407935791,169.8
2016-05-20 05:30:00,0.00016,-3.2,166.6,-0.0188457008245,0.764062141398,166.6
2016-05-20 06:00:00,-0.0001,-2.0,164.6,-0.0120048019208,0.764062141398,164.6
2016-05-20 06:30:00,0.0,0.0,164.6,0.0,0.764062141398,164.6
2016-05-20 07:00:00,-2e-05,0.4,165.0,0.00243013365735,0.773153050489,165.0
2016-05-20 07:30:00,1.99999999999e-05,-0.399999999998,164.6,-0.00242424242423,0.76414404148,164.6
2016-05-20 08:00:00,-0.00023,4.6,169.2,0.0279465370595,0.773072612909,169.2
2016-05-20 08:30:00,5e-05,-1.0,168.2,-0.00591016548463,0.764223055387,168.2
2016-05-20 09:00:00,0.0,-0.0,168.2,0.0,0.764223055387,168.2
2016-05-20 09:30:00,0.00014,-2.8,165.4,-0.0166468489893,0.764223055387,165.4
2016-05-20 10:00:00,-0.00044,8.8,174.2,0.0532043530834,0.772843745042,174.2
2016-05-20 10:30:00,0.00275,55.0,229.2,0.315729047072,0.772843745042,229.2
2016-05-20 11:00:00,6.00000000001e-05,-1.2,228.0,-0.00523560209425,0.764369168771,228.0
2016-05-20 11:30:00,-0.00011,2.2,230.2,0.00964912280702,0.772772530115,230.2
2016-05-20 12:00:00,0.00045,9.0,239.2,0.0390964378801,0.772772530115,239.2
2016-05-20 12:30:00,-0.00058,-11.6,227.6,-0.0484949832776,0.764508067305,227.6
2016-05-20 13:00:00,0.00048,-9.6,218.0,-0.0421792618629,0.764508067305,218.0
2016-05-20 13:30:00,0.00032,-6.4,211.6,-0.0293577981651,0.764508067305,211.6
2016-05-20 14:00:00,-0.00039,7.8,219.4,0.0368620037807,0.772572583434,219.4
2016-05-20 14:30:00,-0.001,-20.0,199.4,-0.0911577028259,0.764572583434,199.4
2016-05-20 15:00:00,0.00069,13.8,213.2,0.0692076228686,0.772509091371,213.2
2016-05-20 15:30:00,0.00035,7.0,220.2,0.0328330206379,0.772509091371,220.2
2016-05-20 16:00:00,0.00026,-5.2,215.0,-0.0236148955495,0.764696591371,215.0
2016-05-20 16:30:00,0.00017,-3.4,211.6,-0.0158139534884,0.764696591371,211.6
2016-05-20 17:00:00,0.00073,-14.6,197.0,-0.0689981096408,0.764696591371,197.0
2016-05-20 17:30:00,0.00063,-12.6,184.4,-0.0639593908629,0.764696591371,184.4
2016-05-20 18:00:00,-0.00015,3.0,187.4,0.0162689804772,0.772272348947,187.4
2016-05-20 18:30:00,0.00088,-17.6,169.8,-0.093916755603,0.764753551954,169.8
2016-05-20 19:00:00,-0.00032,-6.4,163.4,-0.037691401649,0.764753551954,163.4
2016-05-20 19:30:00,3.99999999999e-05,0.799999999999,164.2,0.0048959608323,0.772160959361,164.2
2016-05-20 20:00:00,0.00056,11.2,175.4,0.068209500609,0.772160959361,175.4
2016-05-20 20:30:00,-0.00024,-4.8,170.6,-0.0273660205245,0.764861689288,170.6
2016-05-20 21:00:00,0.00016,3.2,173.8,0.0187573270809,0.7721080661,173.8
2016-05-20 21:30:00,0.00032,6.4,180.2,0.0368239355581,0.7721080661,180.2
2016-05-20 22:00:00,0.00032,-6.4,173.8,-0.0355160932297,0.764965208957,173.8
2016-05-20 22:30:00,0.00013,2.6,176.4,0.0149597238205,0.772057407539,176.4
2016-05-20 23:00:00,8e-05,1.6,178.0,0.00907029478458,0.772057407539,178.0
2016-05-20 23:30:00,-0.00025,5.0,183.0,0.0280898876405,0.772057407539,183.0
2016-05-21 00:00:00,-0.00011,-2.2,180.8,-0.0120218579235,0.765112963094,180.8
