,price_diff,profit,total,returns,accuracy,equity
2016-05-16 04:30:00,-0.00049,-9.8,-9.8,,0.0,-9.8
2016-05-16 05:00:00,4e-05,-0.800000000001,-10.6,0.0816326530613,0.0,-10.6
2016-05-16 05:30:00,-0.00017,3.4,-7.2,-0.320754716981,0.333333333333,-7.2
2016-05-16 06:00:00,0.00076,-15.2,-22.4,2.11111111111,0.0833333333333,-22.4
2016-05-16 06:30:00,0.00021,-4.2,-26.6,0.1875,0.0833333333333,-26.6
2016-05-16 07:00:00,-0.00022,4.4,-22.2,-0.165413533835,0.25,-22.2
2016-05-16 07:30:00,0.00046,-9.2,-31.4,0.414414414414,0.107142857143,-31.4
2016-05-16 08:00:00,-0.00022,4.4,-27.0,-0.140127388535,0.232142857143,-27.0
2016-05-16 08:30:00,-0.00051,10.2,-16.8,-0.377777777778,0.232142857143,-16.8
2016-05-16 09:00:00,-9e-05,1.8,-15.0,-0.107142857143,0.232142857143,-15.0
2016-05-16 09:30:00,-0.00019,-3.8,-18.8,0.253333333333,0.141233766234,-18.8
2016-05-16 10:00:00,0.00054,-10.8,-29.6,0.574468085107,0.141233766234,-29.6
2016-05-16 10:30:00,0.00105,21.0,-8.6,-0.709459459459,0.218156843157,-8.6
2016-05-16 11:00:00,-0.00089,17.8,9.2,-2.06976744186,0.218156843157,9.2
2016-05-16 11:30:00,0.0008,16.0,25.2,1.73913043478,0.218156843157,25.2
2016-05-16 12:00:00,0.00091,18.2,43.4,0.722222222222,0.218156843157,43.4
2016-05-16 12:30:00,-0.00086,17.2,60.6,0.396313364055,0.218156843157,60.6
2016-05-16 13:00:00,0.00014,-2.8,57.8,-0.0462046204621,0.162601287601,57.8
2016-05-16 13:30:00,-0.0002,-4.0,53.8,-0.0692041522492,0.162601287601,53.8
2016-05-16 14:00:00,-3.99999999999e-05,-0.799999999999,53.0,-0.0148698884758,0.162601287601,53.0
2016-05-16 14:30:00,0.00018,3.6,56.6,0.0679245283019,0.21022033522,56.6
2016-05-16 15:00:00,-2e-05,-0.4,56.2,-0.00706713780919,0.164765789766,56.2
2016-05-16 15:30:00,-0.0003,-6.0,50.2,-0.106761565836,0.164765789766,50.2
2016-05-16 16:00:00,0.00065,13.0,63.2,0.258964143426,0.206432456432,63.2
2016-05-16 16:30:00,0.00042,8.4,71.6,0.132911392405,0.206432456432,71.6
2016-05-16 17:00:00,-0.00064,12.8,84.4,0.178770949721,0.206432456432,84.4
2016-05-16 17:30:00,0.00054,10.8,95.2,0.127962085308,0.206432456432,95.2
2016-05-16 18:00:00,0.00074,14.8,110.0,0.155462184874,0.206432456432,110.0
2016-05-16 18:30:00,8e-05,-1.6,108.4,-0.0145454545454,0.171949697812,108.4
2016-05-16 19:00:00,-0.00057,11.4,119.8,0.105166051661,0.205283031145,119.8
2016-05-16 19:30:00,0.00015,-3.0,116.8,-0.025041736227,0.173024966629,116.8
2016-05-16 20:00:00,-0.00036,-7.2,109.6,-0.0616438356164,0.173024966629,109.6
2016-05-16 20:30:00,4e-05,-0.800000000001,108.8,-0.007299270073,0.173024966629,108.8
2016-05-16 21:00:00,-0.00059,-11.8,97.0,-0.108455882353,0.173024966629,97.0
2016-05-16 21:30:00,-0.00017,-3.4,93.6,-0.0350515463918,0.173024966629,93.6
2016-05-16 22:00:00,0.00037,7.4,101.0,0.0790598290598,0.200802744407,101.0
2016-05-16 22:30:00,3.00000000001e-05,0.600000000002,101.6,0.00594059405942,0.200802744407,101.6
2016-05-16 23:00:00,0.00012,2.4,104.0,0.0236220472441,0.200802744407,104.0
2016-05-16 23:30:00,6.99999999999e-05,-1.4,102.6,-0.0134615384615,0.175161718766,102.6
2016-05-17 00:00:00,9.99999999995e-06,0.199999999999,102.8,0.00194931773878,0.200161718766,102.8
2016-05-17 00:30:00,-0.00016,-3.2,99.6,-0.0311284046692,0.175771474863,99.6
2016-05-17 01:00:00,7.99999999999e-05,1.6,101.2,0.0160642570281,0.199580998673,101.2
2016-05-17 01:30:00,0.00017,3.4,104.6,0.0335968379446,0.199580998673,104.6
2016-05-17 02:00:00,3.99999999999e-05,0.799999999999,105.4,0.00764818355639,0.199580998673,105.4
2016-05-17 02:30:00,-0.00025,-5.0,100.4,-0.0474383301708,0.177358776451,100.4
2016-05-17 03:00:00,-0.00012,-2.4,98.0,-0.0239043824701,0.177358776451,98.0
2016-05-17 03:30:00,-7e-05,-1.4,96.6,-0.0142857142857,0.177358776451,96.6
2016-05-17 04:00:00,0.00074,-14.8,81.8,-0.153209109731,0.177358776451,81.8
2016-05-17 04:30:00,-0.00057,-11.4,70.4,-0.139364303179,0.177358776451,70.4
2016-05-17 05:00:00,-0.00015,-3.0,67.4,-0.0426136363636,0.177358776451,67.4
2016-05-17 05:30:00,0.0049,98.0,165.4,1.45400593472,0.196966619588,165.4
2016-05-17 06:00:00,0.00253,-50.6,114.8,-0.30592503023,0.177735850357,114.8
2016-05-17 06:30:00,-0.00016,3.2,118.0,0.0278745644599,0.196603774885,118.0
2016-05-17 07:00:00,-0.00148,29.6,147.6,0.250847457627,0.196603774885,147.6
2016-05-17 07:30:00,0.00015,3.0,150.6,0.020325203252,0.196603774885,150.6
2016-05-17 08:00:00,0.00051,-10.2,140.4,-0.0677290836653,0.178746632028,140.4
2016-05-17 08:30:00,0.00045,-9.0,131.4,-0.0641025641026,0.178746632028,131.4
2016-05-17 09:00:00,-0.00088,17.6,149.0,0.133942161339,0.195988011339,149.0
2016-05-17 09:30:00,-0.00011,-2.2,146.8,-0.0147651006711,0.179038858796,146.8
2016-05-17 10:00:00,0.00087,17.4,164.2,0.118528610354,0.195705525463,164.2
2016-05-17 10:30:00,-0.00041,-8.2,156.0,-0.0499390986602,0.17931208284,156.0
2016-05-17 11:00:00,0.00037,7.4,163.4,0.0474358974359,0.195441115098,163.4
2016-05-17 11:30:00,-0.00063,12.6,176.0,0.0771113831089,0.195441115098,176.0
2016-05-17 12:00:00,-0.00162,32.4,208.4,0.184090909091,0.195441115098,208.4
2016-05-17 12:30:00,-0.00024,-4.8,203.6,-0.0230326295585,0.180056499713,203.6
2016-05-17 13:00:00,-0.00014,-2.8,200.8,-0.0137524557957,0.180056499713,200.8
2016-05-17 13:30:00,0.00031,6.2,207.0,0.0308764940239,0.194981872848,207.0
2016-05-17 14:00:00,0.00018,-3.6,203.4,-0.0173913043478,0.180275990495,203.4
2016-05-17 14:30:00,1.99999999999e-05,0.399999999998,203.8,0.00196656833824,0.194768744118,203.8
2016-05-17 15:00:00,-0.00032,-6.4,197.4,-0.0314033366045,0.180483029832,197.4
2016-05-17 15:30:00,0.00022,-4.4,193.0,-0.0222897669706,0.180483029832,193.0
2016-05-17 16:00:00,0.0,0.0,193.0,0.0,0.180483029832,193.0
2016-05-17 16:30:00,0.00031,6.2,199.2,0.0321243523316,0.194181659969,199.2
2016-05-17 17:00:00,-0.00014,-2.8,196.4,-0.0140562248996,0.180668146456,196.4
2016-05-17 17:30:00,0.0004,8.0,204.4,0.040733197556,0.194001479789,204.4
2016-05-17 18:00:00,-0.0004,-8.0,196.4,-0.0391389432485,0.180843585052,196.4
2016-05-17 18:30:00,0.00155,31.0,227.4,0.15784114053,0.193830598039,227.4
2016-05-17 19:00:00,1.00000000001e-05,-0.200000000001,227.2,-0.000879507475819,0.181010085219,227.2
2016-05-17 19:30:00,0.00116,-23.2,204.0,-0.102112676056,0.181010085219,204.0
2016-05-17 20:00:00,-1.00000000001e-05,0.200000000001,204.2,0.000980392156869,0.193510085219,204.2
2016-05-17 20:30:00,-0.00091,18.2,222.4,0.0891283055828,0.193510085219,222.4
2016-05-17 21:00:00,-0.00071,14.2,236.6,0.0638489208633,0.193510085219,236.6
2016-05-17 21:30:00,-0.00018,3.6,240.2,0.0152155536771,0.193510085219,240.2
2016-05-17 22:00:00,-0.00043,8.6,248.8,0.0358034970858,0.193510085219,248.8
2016-05-17 22:30:00,-0.00015,-3.0,245.8,-0.0120578778135,0.181745379336,245.8
2016-05-17 23:00:00,1.99999999999e-05,0.399999999998,246.2,0.00162733930024,0.193373286313,246.2
2016-05-17 23:30:00,0.00032,-6.4,239.8,-0.0259951259139,0.18187903344,239.8
2016-05-18 00:00:00,9e-05,1.8,241.6,0.00750625521268,0.193242669803,241.6
2016-05-18 00:30:00,-0.00039,-7.8,233.8,-0.0322847682119,0.182006714747,233.8
2016-05-18 01:00:00,-8e-05,-1.6,232.2,-0.00684345594525,0.182006714747,232.2
2016-05-18 01:30:00,-8e-05,-1.6,230.6,-0.00689061154177,0.182006714747,230.6
2016-05-18 02:00:00,-0.0004,-8.0,222.6,-0.0346921075455,0.182006714747,222.6
2016-05-18 02:30:00,-4.00000000002e-05,0.800000000003,223.4,0.00359389038636,0.192759402919,223.4
2016-05-18 03:00:00,-0.00025,-5.0,218.4,-0.0223813786929,0.182121105047,218.4
2016-05-18 03:30:00,-0.00056,-11.2,207.2,-0.051282051282,0.182121105047,207.2
2016-05-18 04:00:00,-0.00118,-23.6,183.6,-0.1138996139,0.182121105047,183.6
2016-05-18 04:30:00,-0.00103,-20.6,163.0,-0.11220043573,0.182121105047,163.0
2016-05-18 05:00:00,0.00083,16.6,179.6,0.101840490798,0.192325186679,179.6
2016-05-18 05:30:00,-0.00185,-37.0,142.6,-0.206013363029,0.182224176578,142.6
2016-05-18 06:00:00,0.00061,12.2,154.8,0.0855539971949,0.192224176578,154.8
2016-05-18 06:30:00,-0.00031,-6.2,148.6,-0.0400516795866,0.182323186479,148.6
2016-05-18 07:00:00,-0.00047,9.4,158.0,0.0632570659489,0.192127108048,158.0
2016-05-18 07:30:00,-0.00071,-14.2,143.8,-0.0898734177215,0.182418370184,143.8
2016-05-18 08:00:00,0.00042,8.4,152.2,0.0584144645341,0.192033754799,152.2
2016-05-18 08:30:00,-7e-05,-1.4,150.8,-0.00919842312747,0.182509945275,150.8
2016-05-18 09:00:00,-0.00049,9.8,160.6,0.0649867374005,0.19194390754,160.6
2016-05-18 09:30:00,-0.00012,-2.4,158.2,-0.0149439601495,0.182598113147,158.2
2016-05-18 10:00:00,-0.00058,-11.6,146.6,-0.0733249051833,0.182598113147,146.6
2016-05-18 10:30:00,-0.00101,-20.2,126.4,-0.137789904502,0.182598113147,126.4
2016-05-18 11:00:00,0.00029,5.8,132.2,0.0458860759494,0.191689022238,132.2
2016-05-18 11:30:00,0.00062,-12.4,119.8,-0.0937972768533,0.182680013229,119.8
2016-05-18 12:00:00,0.00025,5.0,124.8,0.0417362270451,0.191608584658,124.8
2016-05-18 12:30:00,0.00013,-2.6,122.2,-0.0208333333333,0.182759027135,122.2
2016-05-18 13:00:00,0.00046,9.2,131.4,0.0752864157119,0.19153095696,131.4
2016-05-18 13:30:00,0.00028,5.6,137.0,0.0426179604262,0.19153095696,137.0
2016-05-18 14:00:00,-6.99999999999e-05,1.4,138.4,0.0102189781022,0.19153095696,138.4
2016-05-18 14:30:00,0.00024,4.8,143.2,0.0346820809248,0.19153095696,143.2
2016-05-18 15:00:00,0.00042,8.4,151.6,0.0586592178771,0.19153095696,151.6
2016-05-18 15:30:00,-0.00076,15.2,166.8,0.100263852243,0.19153095696,166.8
2016-05-18 16:00:00,-0.00143,28.6,195.4,0.171462829736,0.19153095696,195.4
2016-05-18 16:30:00,-9e-05,1.8,197.2,0.00921187308086,0.19153095696,197.2
2016-05-18 17:00:00,-0.00059,11.8,209.0,0.0598377281947,0.19153095696,209.0
2016-05-18 17:30:00,0.00059,-11.8,197.2,-0.0564593301435,0.183400875659,197.2
2016-05-18 18:00:00,0.00114,22.8,220.0,0.115618661258,0.191465391788,220.0
2016-05-18 18:30:00,-3e-05,0.599999999999,220.6,0.00272727272727,0.191465391788,220.6
2016-05-18 19:00:00,0.00131,-26.2,194.4,-0.118766999093,0.183528883852,194.4
2016-05-18 19:30:00,-0.0003,6.0,200.4,0.0308641975309,0.1914028996,200.4
2016-05-18 20:00:00,-0.00015,3.0,203.4,0.0149700598802,0.1914028996,203.4
2016-05-18 20:30:00,0.00055,-11.0,192.4,-0.0540806293019,0.183650961615,192.4
2016-05-18 21:00:00,0.00074,-14.8,177.6,-0.0769230769231,0.183650961615,177.6
2016-05-18 21:30:00,-7e-05,1.4,179.0,0.00788288288288,0.191284549401,179.0
2016-05-18 22:00:00,-0.00629,125.8,304.8,0.702793296089,0.191284549401,304.8
2016-05-18 22:30:00,-0.00012,2.4,307.2,0.00787401574802,0.191284549401,307.2
2016-05-18 23:00:00,-0.00112,-22.4,284.8,-0.0729166666667,0.183821862834,284.8
2016-05-18 23:30:00,9e-05,1.8,286.6,0.0063202247191,0.191229270242,286.6
2016-05-19 00:00:00,0.00046,9.2,295.8,0.0321004884857,0.191229270242,295.8
2016-05-19 00:30:00,-0.00022,4.4,300.2,0.0148749154834,0.191229270242,300.2
2016-05-19 01:00:00,-0.00086,17.2,317.4,0.0572951365756,0.191229270242,317.4
2016-05-19 01:30:00,0.00024,4.8,322.2,0.0151228733459,0.191229270242,322.2
2016-05-19 02:00:00,0.00077,15.4,337.6,0.0477963997517,0.191229270242,337.6
2016-05-19 02:30:00,-2e-05,0.4,338.0,0.00118483412322,0.191229270242,338.0
2016-05-19 03:00:00,-2e-05,-0.4,337.6,-0.00118343195266,0.184187016721,337.6
2016-05-19 03:30:00,-0.0011,22.0,359.6,0.0651658767773,0.191180023714,359.6
2016-05-19 04:00:00,3.00000000001e-05,0.600000000002,360.2,0.00166852057843,0.191180023714,360.2
2016-05-19 04:30:00,-0.00015,3.0,363.2,0.00832870627429,0.191180023714,363.2
