,signals,gainAhead,safef,trade,commission,numBars,equity,maxEquity,drawdown,maxDD
2016-05-02 08:00:00,1.0,-0.000581440928215,1.0,0.0,2.0,0.0,99998.0,100000.0,0.0,0.0
2016-05-02 08:30:00,1.0,-0.00114394786212,1.0,-58.1429299396,0.0,1.0,99939.8570701,100000.0,0.000601429299396,0.000601429299396
2016-05-02 09:00:00,1.0,0.000621711473522,1.0,-114.325985836,0.0,2.0,99825.5310842,100000.0,0.00174468915776,0.00174468915776
2016-05-02 09:30:00,1.0,0.00176587158843,1.0,62.0626780255,0.0,3.0,99887.5937622,100000.0,0.00112406237751,0.00174468915776
2016-05-02 10:00:00,1.0,-0.00265719564664,1.0,176.388663862,0.0,4.0,100063.982426,100063.982426,0.0,0.00174468915776
2016-05-02 10:30:00,1.0,-0.00225186892028,1.0,-265.889578488,0.0,5.0,99798.0928476,100063.982426,0.00265719564664,0.00265719564664
2016-05-02 11:00:00,1.0,-0.00019026624152,1.0,-224.732223587,0.0,6.0,99573.360624,100063.982426,0.00490308091063,0.00490308091063
2016-05-02 11:30:00,1.0,0.000144367375598,1.0,-18.9454490814,0.0,7.0,99554.415175,100063.982426,0.00509241426137,0.00509241426137
2016-05-02 12:00:00,1.0,-0.000157468949092,1.0,14.372409648,0.0,8.0,99568.7875846,100063.982426,0.00494878206426,0.00509241426137
2016-05-02 12:30:00,1.0,-0.000564352602256,1.0,-15.6789923433,0.0,9.0,99553.1085923,100063.982426,0.00510547173384,0.00510547173384
2016-05-02 13:00:00,1.0,0.000256071857703,1.0,-56.1830558967,0.0,10.0,99496.9255364,100063.982426,0.00566694304983,0.00566694304983
2016-05-02 13:30:00,1.0,0.000472627018511,1.0,25.4783625578,0.0,11.0,99522.4038989,100063.982426,0.00541232233677,0.00566694304983
2016-05-02 14:00:00,1.0,-0.000498648400388,1.0,47.0369770298,0.0,12.0,99569.440876,100063.982426,0.00494225332802,0.00566694304983
2016-05-02 14:30:00,1.0,0.000754910198509,1.0,-49.6501424204,0.0,13.0,99519.7907335,100063.982426,0.0054384372817,0.00566694304983
2016-05-02 15:00:00,1.0,-0.00186289365107,1.0,75.1285049782,0.0,14.0,99594.9192385,100063.982426,0.00468763261495,0.00566694304983
2016-05-02 15:30:00,1.0,0.000808322435219,1.0,-185.534742729,0.0,15.0,99409.3844958,100063.982426,0.00654179370499,0.00654179370499
2016-05-02 16:00:00,1.0,0.00093899796441,1.0,80.3548357593,0.0,16.0,99489.7393315,100063.982426,0.00573875914839,0.00654179370499
2016-05-02 16:30:00,1.0,0.000131205185229,1.0,93.420662712,0.0,17.0,99583.1599943,100063.982426,0.00480514986714,0.00654179370499
2016-05-02 17:00:00,1.0,-0.000819924829292,1.0,13.0658269527,0.0,18.0,99596.2258212,100063.982426,0.00467457514249,0.00654179370499
2016-05-02 17:30:00,1.0,0.000269156031721,1.0,-81.6614184545,0.0,19.0,99514.5644027,100063.982426,0.00549066717156,0.00654179370499
2016-05-02 18:00:00,1.0,-9.84452217971e-05,1.0,26.7849452531,0.0,20.0,99541.349348,100063.982426,0.00522298898602,0.00654179370499
2016-05-02 18:30:00,1.0,0.000347874030219,1.0,-9.79937021455,0.0,21.0,99531.5499778,100063.982426,0.00532092002951,0.00654179370499
2016-05-02 19:00:00,1.0,0.000301823407061,1.0,34.6244414247,0.0,22.0,99566.1744192,100063.982426,0.00497489700919,0.00654179370499
2016-05-02 19:30:00,1.0,-3.27969931717e-05,1.0,30.0514019913,0.0,23.0,99596.2258212,100063.982426,0.00467457514249,0.00654179370499
2016-05-02 20:00:00,1.0,0.000163990344249,1.0,-3.26645673819,0.0,24.0,99592.9593645,100063.982426,0.00470721882365,0.00654179370499
2016-05-02 20:30:00,1.0,-0.000124612226427,1.0,16.3322836909,0.0,25.0,99609.2916482,100063.982426,0.00454400041784,0.00654179370499
2016-05-02 21:00:00,1.0,2.62374224355e-05,1.0,-12.4125356051,0.0,26.0,99596.8791126,100063.982426,0.00466804640626,0.00654179370499
2016-05-02 21:30:00,1.0,0.000131183670257,1.0,2.61316539053,0.0,27.0,99599.4922779,100063.982426,0.00464193146133,0.00654179370499
2016-05-02 22:00:00,1.0,0.000150841432862,1.0,13.0658269527,0.0,28.0,99612.5581049,100063.982426,0.00451135673668,0.00654179370499
2016-05-02 22:30:00,1.0,1.31146681005e-05,1.0,15.0257009956,0.0,29.0,99627.5838059,100063.982426,0.00436119580333,0.00654179370499
2016-05-02 23:00:00,1.0,0.000236060929949,1.0,1.30658269527,0.0,30.0,99628.8903886,100063.982426,0.00434813833086,0.00654179370499
2016-05-02 23:30:00,1.0,0.000229449517828,1.0,23.5184885149,0.0,31.0,99652.4088771,100063.982426,0.00411310382649,0.00654179370499
2016-05-03 00:00:00,1.0,4.5879376565e-05,1.0,22.8651971673,0.0,32.0,99675.2740743,100063.982426,0.00388459805835,0.00654179370499
2016-05-03 00:30:00,1.0,-0.000235940254684,1.0,4.57303943347,0.0,33.0,99679.8471137,100063.982426,0.00383889690473,0.00654179370499
2016-05-03 01:00:00,1.0,-0.00100953816906,1.0,-23.5184885149,0.0,34.0,99656.3286252,100063.982426,0.0040739314091,0.00654179370499
2016-05-03 01:30:00,-1.0,0.000209986154038,1.0,-100.606867536,2.0,35.0,99553.7217577,100063.982426,0.0050993440006,0.00654179370499
2016-05-03 02:00:00,-1.0,0.000150895862173,1.0,-20.904903152,0.0,36.0,99532.8168545,100063.982426,0.00530825936301,0.00654179370499
2016-05-03 02:30:00,-1.0,0.00110858927095,1.0,-15.0190902138,0.0,37.0,99517.7977643,100063.982426,0.00545835423081,0.00654179370499
2016-05-03 03:00:00,-1.0,-0.000491432690102,1.0,-110.324362871,0.0,38.0,99407.4734014,100063.982426,0.00656089242882,0.00656089242882
2016-05-03 03:30:00,-1.0,-0.0209781041038,1.0,48.8520820699,0.0,39.0,99456.3254835,100063.982426,0.00607268397574,0.00656089242882
2016-05-05 01:30:00,-1.0,5.35690370965e-05,1.0,2086.40514978,0.0,40.0,101542.730633,101542.730633,0.0,0.00656089242882
2016-05-05 02:00:00,-1.0,-1.33915419021e-05,1.0,-5.43954630417,0.0,41.0,101537.291087,101542.730633,5.35690370965e-05,0.00656089242882
2016-05-05 02:30:00,-1.0,0.000897245322941,1.0,1.35974088821,0.0,42.0,101538.650828,101542.730633,4.01782125664e-05,0.00656089242882
2016-05-05 03:00:00,-1.0,-0.000474979930425,1.0,-91.1050795531,0.0,43.0,101447.545748,101542.730633,0.000937387485794,0.00656089242882
2016-05-05 03:30:00,-1.0,-0.000763006244604,1.0,48.1855482214,0.0,44.0,101495.731297,101542.730633,0.000462852795612,0.00656089242882
2016-05-05 04:00:00,-1.0,0.00148029069962,1.0,77.4418767799,0.0,45.0,101573.173173,101573.173173,0.0,0.00656089242882
2016-05-05 04:30:00,-1.0,0.00152492040986,1.0,-150.357823579,0.0,46.0,101422.81535,101573.173173,0.00148029069962,0.00656089242882
2016-05-05 05:00:00,-1.0,0.00181643337963,1.0,-154.661721152,0.0,47.0,101268.153629,101573.173173,0.00300295378398,0.00656089242882
2016-05-05 05:30:00,-1.0,-0.000706591296928,1.0,-183.946854545,0.0,48.0,101084.206774,101573.173173,0.00481393249812,0.00656089242882
2016-05-05 06:00:00,-1.0,-0.000126742712294,1.0,71.4252207634,0.0,49.0,101155.631995,101573.173173,0.004110742684,0.00656089242882
2016-05-05 06:30:00,-1.0,-0.000340247246332,1.0,12.8207391628,0.0,50.0,101168.452734,101573.173173,0.00398452097838,0.00656089242882
2016-05-05 07:00:00,-1.0,0.0018219434063,1.0,34.4222874584,0.0,51.0,101202.875021,101573.173173,0.00364562945434,0.00656089242882
2016-05-05 07:30:00,-1.0,0.000446330431075,1.0,-184.385910844,0.0,52.0,101018.489111,101573.173173,0.0054609307301,0.00656089242882
2016-05-05 08:00:00,-1.0,-0.000186442935145,1.0,-45.0876257913,0.0,53.0,100973.401485,101573.173173,0.0059048237816,0.00656089242882
2016-05-05 08:30:00,-1.0,0.00131200383611,1.0,18.8257773443,0.0,54.0,100992.227262,101573.173173,0.00571948175914,0.00656089242882
2016-05-05 09:00:00,-1.0,0.00180912410458,1.0,-132.502189585,0.0,55.0,100859.725073,101573.173173,0.00702398161324,0.00702398161324
2016-05-05 09:30:00,-1.0,-0.000803340835607,1.0,-182.46775981,0.0,56.0,100677.257313,101573.173173,0.00882039846338,0.00882039846338
2016-05-05 10:00:00,-1.0,-0.000285714285714,1.0,80.8781520163,0.0,57.0,100758.135465,101573.173173,0.00802414341404,0.00882039846338
2016-05-05 10:30:00,-1.0,0.000717813062868,1.0,28.7880387042,0.0,58.0,100786.923503,101573.173173,0.00774072174073,0.00882039846338
2016-05-05 11:00:00,-1.0,0.000232457742503,1.0,-72.3461702571,0.0,59.0,100714.577333,101573.173173,0.00845297841242,0.00882039846338
2016-05-05 11:30:00,-1.0,-0.000504648074369,1.0,-23.411883284,0.0,60.0,100691.16545,101573.173173,0.00868347119464,0.00882039846338
2016-05-05 12:00:00,-1.0,0.00118253567537,1.0,50.8136027503,0.0,61.0,100741.979053,101573.173173,0.00818320521729,0.00882039846338
2016-05-05 12:30:00,-1.0,0.000995341800374,1.0,-119.130984238,0.0,62.0,100622.848068,101573.173173,0.00935606396056,0.00935606396056
2016-05-05 13:00:00,-1.0,-0.000603240261979,1.0,-100.154126755,0.0,63.0,100522.693942,101573.173173,0.0103420932794,0.0103420932794
2016-05-05 13:30:00,-1.0,-0.00162508871658,1.0,60.6393362282,0.0,64.0,100583.333278,101573.173173,0.00974509178446,0.0103420932794
2016-05-05 14:00:00,-1.0,0.000664381195355,1.0,163.456839986,0.0,65.0,100746.790118,101573.173173,0.00813583970659,0.0103420932794
2016-05-05 14:30:00,-1.0,0.000531152068837,1.0,-66.9342728466,0.0,66.0,100679.855845,101573.173173,0.00879481560303,0.0103420932794
2016-05-05 15:00:00,-1.0,-9.95381430165e-05,1.0,-53.4763137223,0.0,67.0,100626.379531,101573.173173,0.00932129628737,0.0103420932794
2016-05-05 15:30:00,-1.0,-0.000511013332802,1.0,10.016162957,0.0,68.0,100636.395694,101573.173173,0.00922268596887,0.0103420932794
2016-05-05 16:00:00,-1.0,-0.000869830814587,1.0,51.4265399649,0.0,69.0,100687.822234,101573.173173,0.00871638555157,0.0103420932794
2016-05-05 16:30:00,-1.0,1.99371315786e-05,1.0,87.581370433,0.0,70.0,100775.403605,101573.173173,0.00785413651772,0.0103420932794
2016-05-05 17:00:00,-1.0,0.000618038757011,1.0,-2.00917248155,0.0,71.0,100773.394432,101573.173173,0.00787391706035,0.0103420932794
2016-05-05 17:30:00,-1.0,-0.000703996174511,1.0,-62.2818634346,0.0,72.0,100711.112569,101573.173173,0.00848708943145,0.0103420932794
2016-05-05 18:00:00,-1.0,0.000179446109675,1.0,70.9002379792,0.0,73.0,100782.012807,101573.173173,0.00778906813543,0.0103420932794
2016-05-05 18:30:00,-1.0,0.000272443351718,1.0,-18.0849401234,0.0,74.0,100763.927867,101573.173173,0.00796711652713,0.0103420932794
2016-05-05 19:00:00,-1.0,0.000166078747899,1.0,-27.4524622402,0.0,75.0,100736.475404,101573.173173,0.00823738929092,0.0103420932794
2016-05-05 19:30:00,-1.0,0.000272323919339,1.0,-16.7301877029,0.0,76.0,100719.745217,101573.173173,0.00840209998352,0.0103420932794
2016-05-05 20:00:00,-1.0,0.000318731448834,1.0,-27.4283957722,0.0,77.0,100692.316821,101573.173173,0.00867213581006,0.0103420932794
2016-05-05 20:30:00,-1.0,-0.00108865212918,1.0,-32.0938080267,0.0,78.0,100660.223013,101573.173173,0.00898810317648,0.0103420932794
2016-05-05 21:00:00,-1.0,-0.000212651431078,1.0,109.583966106,0.0,79.0,100769.806979,101573.173173,0.00790923596496,0.0103420932794
2016-05-05 21:30:00,-1.0,0.000478567487986,1.0,21.4288436635,0.0,80.0,100791.235823,101573.173173,0.00769826644423,0.0103420932794
2016-05-05 22:00:00,-1.0,-0.000677646308489,1.0,-48.2354085386,0.0,81.0,100743.000414,101573.173173,0.00817314979218,0.0103420932794
2016-05-05 22:30:00,-1.0,0.000159554311623,1.0,68.2681223367,0.0,82.0,100811.268536,101573.173173,0.00750104198848,0.0103420932794
2016-05-05 23:00:00,-1.0,-0.000159528858106,1.0,-16.0848725552,0.0,83.0,100795.183664,101573.173173,0.00765939947651,0.0103420932794
2016-05-05 23:30:00,-1.0,-5.31847705409e-05,1.0,16.0797405525,0.0,84.0,100811.263404,101573.173173,0.00750109251366,0.0103420932794
2016-05-06 00:00:00,-1.0,-7.97813989669e-05,1.0,5.3616239121,0.0,85.0,100816.625028,101573.173173,0.007448306687,0.0103420932794
2016-05-06 00:30:00,-1.0,6.6489803789e-06,1.0,8.04329138388,0.0,86.0,100824.66832,101573.173173,0.00736911952436,0.0103420932794
2016-05-06 01:00:00,-1.0,0.000279255319149,1.0,-0.670381241367,0.0,87.0,100823.997938,101573.173173,0.00737571950761,0.0103420932794
2016-05-06 01:30:00,-1.0,6.64707993778e-05,1.0,-28.1556377222,0.0,88.0,100795.842301,101573.173173,0.00765291511785,0.0103420932794
2016-05-06 02:00:00,-1.0,0.0,1.0,-6.69998021169,0.0,89.0,100789.142321,101573.173173,0.00771887722185,0.0103420932794
