,signals,gainAhead,safef,trade,commission,numBars,equity,maxEquity,drawdown,maxDD
2016-04-21 12:00:00,1.0,0.00079685380137,1.0,0.0,2.0,0.0,99998.0,100000.0,0.0,0.0
2016-04-21 12:30:00,1.0,0.00123551275495,1.0,79.6837864294,0.0,1.0,100077.683786,100077.683786,0.0,0.0
2016-04-21 13:00:00,1.0,0.000243369884519,1.0,123.647254804,0.0,2.0,100201.331041,100201.331041,0.0,0.0
2016-04-21 13:30:00,1.0,0.000366679460467,1.0,24.3859863642,0.0,3.0,100225.717028,100225.717028,0.0,0.0
2016-04-21 14:00:00,1.0,-0.000798177551685,1.0,36.7507118446,0.0,4.0,100262.467739,100262.467739,0.0,0.0
2016-04-21 14:30:00,1.0,0.000706248585789,1.0,-80.0272510261,0.0,5.0,100182.440488,100262.467739,0.000798177551685,0.000798177551685
2016-04-21 15:00:00,1.0,-0.000760565696432,1.0,70.7537069158,0.0,6.0,100253.194195,100262.467739,9.24926776631e-05,0.000798177551685
2016-04-21 15:30:00,1.0,0.000219429072981,1.0,-76.2491404627,0.0,7.0,100176.945055,100262.467739,0.000852988027337,0.000852988027337
2016-04-21 16:00:00,1.0,9.59791588112e-05,1.0,21.9817341874,0.0,8.0,100198.926789,100262.467739,0.000633746124728,0.000852988027337
2016-04-21 16:30:00,1.0,-9.59699476964e-05,1.0,9.617008707,0.0,9.0,100208.543798,100262.467739,0.000537827792337,0.000852988027337
2016-04-21 17:00:00,1.0,-0.000250231378329,1.0,-9.617008707,0.0,10.0,100198.926789,100262.467739,0.000633746124728,0.000852988027337
2016-04-21 17:30:00,1.0,0.000510874074683,1.0,-25.0729155575,0.0,11.0,100173.853873,100262.467739,0.000883818919891,0.000883818919891
2016-04-21 18:00:00,1.0,-0.000575724967958,1.0,51.1762249051,0.0,12.0,100225.030098,100262.467739,0.000373396365381,0.000883818919891
2016-04-21 18:30:00,1.0,-0.000168016513623,1.0,-57.702052242,0.0,13.0,100167.328046,100262.467739,0.000948906359728,0.000948906359728
2016-04-21 19:00:00,1.0,-6.17307237242e-05,1.0,-16.8297652372,0.0,14.0,100150.498281,100262.467739,0.00111676344141,0.00111676344141
2016-04-21 19:30:00,1.0,-0.0011386591945,1.0,-6.18236274023,0.0,15.0,100144.315918,100262.467739,0.00117842522652,0.00117842522652
2016-04-21 20:00:00,1.0,-0.000442935183818,1.0,-114.030246097,0.0,16.0,100030.285672,100262.467739,0.0023157425963,0.0023157425963
2016-04-21 20:30:00,1.0,0.000766033458143,1.0,-44.3069329716,0.0,17.0,99985.9787391,100262.467739,0.00275765205625,0.00275765205625
2016-04-21 21:00:00,1.0,-0.000803204580326,1.0,76.5926050593,0.0,18.0,100062.571344,100262.467739,0.00199373105185,0.00275765205625
2016-04-21 21:30:00,1.0,-0.000391619345996,1.0,-80.3707156228,0.0,19.0,99982.2006286,100262.467739,0.00279533425826,0.00279533425826
2016-04-21 22:00:00,1.0,0.00110314964689,1.0,-39.1549640214,0.0,20.0,99943.0456645,100262.467739,0.00318585889728,0.00318585889728
2016-04-21 22:30:00,1.0,0.00089253225131,1.0,110.252135534,0.0,21.0,100053.2978,100262.467739,0.00208622372951,0.00318585889728
2016-04-21 23:00:00,1.0,0.000991199248198,1.0,89.3007951364,0.0,22.0,100142.598595,100262.467739,0.00119555350016,0.00318585889728
2016-04-21 23:30:00,1.0,-0.000589333744496,1.0,99.2612684401,0.0,23.0,100241.859864,100262.467739,0.000205539283696,0.00318585889728
2016-04-22 00:00:00,1.0,-7.88527271045e-05,1.0,-59.0759106287,0.0,24.0,100182.783953,100262.467739,0.000794751896956,0.00318585889728
2016-04-22 00:30:00,1.0,-0.000346293629569,1.0,-7.89968572361,0.0,25.0,100174.884267,100262.467739,0.000873541955706,0.00318585889728
2016-04-22 01:00:00,1.0,-0.00156057607551,1.0,-34.6899242645,0.0,26.0,100140.194343,100262.467739,0.00121953308326,0.00318585889728
2016-04-22 01:30:00,1.0,0.000446575794218,1.0,-156.276391489,0.0,27.0,99983.9179515,100262.467739,0.00277820598462,0.00318585889728
2016-04-22 02:00:00,1.0,0.000748538975532,1.0,44.6503975682,0.0,28.0,100028.568349,100262.467739,0.00233287086995,0.00318585889728
2016-04-22 02:30:00,1.0,0.000154399352209,1.0,74.8752820759,0.0,29.0,100103.443631,100262.467739,0.00158607813918,0.00318585889728
2016-04-22 03:00:00,1.0,3.43056703842e-05,1.0,15.4559068505,0.0,30.0,100118.899538,100262.467739,0.00143192367641,0.00318585889728
2016-04-22 03:30:00,1.0,-0.000891916832186,1.0,3.43464596678,0.0,31.0,100122.334184,100262.467739,0.00139766712913,0.00318585889728
2016-04-22 04:00:00,1.0,-0.000147641005744,1.0,-89.3007951364,0.0,32.0,100033.033389,100262.467739,0.00228833735848,0.00318585889728
2016-04-22 04:30:00,1.0,-0.000521970852049,1.0,-14.7689776572,0.0,33.0,100018.264411,100262.467739,0.00243564051179,0.00318585889728
2016-04-22 05:00:00,1.0,0.00121284169152,1.0,-52.2066186952,0.0,34.0,99966.0577925,100262.467739,0.00295634003049,0.00318585889728
2016-04-22 05:30:00,1.0,-0.00161630720132,1.0,121.243002628,0.0,35.0,100087.300795,100262.467739,0.00174708391141,0.00318585889728
2016-04-22 06:00:00,1.0,-0.000302474100655,1.0,-161.771825036,0.0,36.0,99925.5289701,100262.467739,0.00336056728842,0.00336056728842
2016-04-22 06:30:00,1.0,0.000612007729176,1.0,-30.2248845077,0.0,37.0,99895.3040856,100262.467739,0.00366202490451,0.00366202490451
2016-04-22 07:00:00,1.0,-0.000168370993458,1.0,61.1366982088,0.0,38.0,99956.4407838,100262.467739,0.00305225836288,0.00366202490451
2016-04-22 07:30:00,1.0,0.00125440329925,1.0,-16.8297652373,0.0,39.0,99939.6110186,100262.467739,0.00322011544456,0.00366202490451
2016-04-22 08:00:00,1.0,0.000659023820965,1.0,125.364577788,0.0,40.0,100064.975596,100262.467739,0.00196975146875,0.00366202490451
2016-04-22 08:30:00,1.0,-0.00186600441804,1.0,65.9452025623,0.0,41.0,100130.920799,100262.467739,0.00131202576092,0.00366202490451
2016-04-22 09:00:00,1.0,-0.00123029128349,1.0,-186.844740593,0.0,42.0,99944.0760583,100262.467739,0.0031755819331,0.00366202490451
2016-04-22 09:30:00,1.0,-0.000409455321199,1.0,-122.960325611,0.0,43.0,99821.1157327,100262.467739,0.00440196632581,0.00440196632581
2016-04-22 10:00:00,1.0,0.00171077859358,1.0,-40.8722870048,0.0,44.0,99780.2434457,100262.467739,0.00480961923848,0.00480961923848
2016-04-22 10:30:00,1.0,0.0018693644161,1.0,170.701904549,0.0,45.0,99950.9453503,100262.467739,0.00310706883853,0.00480961923848
2016-04-22 11:00:00,1.0,-0.00186587641313,1.0,186.844740593,0.0,46.0,100137.790091,100262.467739,0.00124351266636,0.00480961923848
2016-04-22 11:30:00,1.0,0.0018693644161,1.0,-186.844740593,0.0,47.0,99950.9453503,100262.467739,0.00310706883853,0.00480961923848
2016-04-22 12:00:00,1.0,-0.00033956206783,1.0,186.844740593,0.0,48.0,100137.790091,100262.467739,0.00124351266636,0.00480961923848
2016-04-22 12:30:00,1.0,0.000398005853431,1.0,-34.0029950712,0.0,49.0,100103.787096,100262.467739,0.00158265248446,0.00480961923848
2016-04-22 13:00:00,1.0,-2.05783193688e-05,1.0,39.8418932147,0.0,50.0,100143.628989,100262.467739,0.00118527653598,0.00480961923848
2016-04-22 13:30:00,1.0,-0.000308681142669,1.0,-2.06078758009,0.0,51.0,100141.568201,100262.467739,0.00120583046435,0.00480961923848
2016-04-22 14:00:00,1.0,-0.00120765902845,1.0,-30.9118137011,0.0,52.0,100110.656388,100262.467739,0.00151413938989,0.00480961923848
2016-04-22 14:30:00,1.0,0.00047746469681,1.0,-120.899538031,0.0,53.0,99989.7568497,100262.467739,0.00271996985424,0.00480961923848
2016-04-22 15:00:00,1.0,0.000250635171325,1.0,47.7415789383,0.0,54.0,100037.498429,100262.467739,0.00224380384701,0.00480961923848
2016-04-22 15:30:00,1.0,-1.02974946195e-05,1.0,25.0729155575,0.0,55.0,100062.571344,100262.467739,0.00199373105185,0.00480961923848
2016-04-22 16:00:00,1.0,-0.00105722033433,1.0,-1.03039379003,0.0,56.0,100061.54095,100262.467739,0.00200400801603,0.00480961923848
2016-04-22 16:30:00,1.0,0.000608201441815,1.0,-105.787095777,0.0,57.0,99955.7538546,100262.467739,0.00305910967234,0.00480961923848
2016-04-22 17:00:00,1.0,-0.00018887427498,1.0,60.7932336121,0.0,58.0,100016.547088,100262.467739,0.00245276878543,0.00480961923848
2016-04-22 17:30:00,1.0,0.00108537356085,1.0,-18.8905528173,0.0,59.0,99997.6565354,100262.467739,0.00264117979549,0.00480961923848
2016-04-24 19:30:00,1.0,-9.94990736294e-05,1.0,108.53481255,0.0,60.0,100106.191348,100262.467739,0.00155867290136,0.00480961923848
2016-04-24 20:00:00,1.0,0.00023676273286,1.0,-9.96047330368,0.0,61.0,100096.230875,100262.467739,0.00165801688848,0.00480961923848
2016-04-24 20:30:00,1.0,0.000442538593482,1.0,23.6990571708,0.0,62.0,100119.929932,100262.467739,0.00142164671223,0.00480961923848
2016-04-24 21:00:00,1.0,0.00064808369538,1.0,44.3069329715,0.0,63.0,100164.236865,100262.467739,0.000979737252283,0.00480961923848
2016-04-24 21:30:00,1.0,-0.000438629556779,1.0,64.9148087723,0.0,64.0,100229.151674,100262.467739,0.000332288508641,0.00480961923848
2016-04-24 22:00:00,1.0,0.00176900133704,1.0,-43.9634683749,0.0,65.0,100185.188205,100262.467739,0.000770772313859,0.00480961923848
2016-04-24 22:30:00,1.0,-0.000800804911603,1.0,177.227731886,0.0,66.0,100362.415937,100362.415937,0.0,0.00480961923848
2016-04-24 23:00:00,1.0,-0.000349348567671,1.0,-80.3707156228,0.0,67.0,100282.045221,100362.415937,0.000800804911603,0.00480961923848
2016-04-24 23:30:00,1.0,0.000640696200363,1.0,-35.0333888612,0.0,68.0,100247.011833,100362.415937,0.00114987371923,0.00480961923848
2016-04-25 00:00:00,1.0,-0.000523870340379,1.0,64.2278795789,0.0,69.0,100311.239712,100362.415937,0.000509914238585,0.00480961923848
2016-04-25 00:30:00,1.0,0.000229527515895,1.0,-52.5500832918,0.0,70.0,100258.689629,100362.415937,0.00103351745002,0.00480961923848
2016-04-25 01:00:00,1.0,7.19249514508e-05,1.0,23.0121279775,0.0,71.0,100281.701757,100362.415937,0.000804227154815,0.00480961923848
2016-04-25 01:30:00,1.0,-0.000243157346777,1.0,7.21275653027,0.0,72.0,100288.914513,100362.415937,0.000732360047364,0.00480961923848
2016-04-25 02:00:00,1.0,-0.000966014777971,1.0,-24.3859863642,0.0,73.0,100264.528527,100362.415937,0.000975339315414,0.00480961923848
2016-04-25 02:30:00,1.0,-0.0016835882718,1.0,-96.8570162634,0.0,74.0,100167.671511,100362.415937,0.00194041190119,0.00480961923848
2016-04-25 03:00:00,1.0,0.000364076002583,1.0,-168.641116969,0.0,75.0,99999.0303938,100362.415937,0.00362073331828,0.00480961923848
2016-04-25 03:30:00,1.0,0.00240683389756,1.0,36.4072472479,0.0,76.0,100035.437641,100362.415937,0.00325797553781,0.00480961923848
2016-04-25 04:00:00,1.0,0.000181534825572,1.0,240.768682272,0.0,77.0,100276.206323,100362.415937,0.000858983046207,0.00480961923848
2016-04-25 04:30:00,1.0,-0.00115407797047,1.0,18.203623624,0.0,78.0,100294.409947,100362.415937,0.000677604155972,0.00480961923848
2016-04-25 05:00:00,1.0,0.0012685525815,1.0,-115.747569081,0.0,79.0,100178.662378,100362.415937,0.00183090011841,0.00480961923848
2016-04-25 05:30:00,1.0,0.000325296790519,1.0,127.081900771,0.0,80.0,100305.744279,100362.415937,0.000564670129977,0.00480961923848
2016-04-25 06:00:00,1.0,-0.000510036421393,1.0,32.6291366845,0.0,81.0,100338.373415,100362.415937,0.000239557024839,0.00480961923848
2016-04-25 06:30:00,1.0,-0.000280834420711,1.0,-51.1762249051,0.0,82.0,100287.19719,100362.415937,0.000749471263424,0.00480961923848
2016-04-25 07:00:00,1.0,-0.000369983385005,1.0,-28.1640969276,0.0,83.0,100259.033093,100362.415937,0.00103009520681,0.00480961923848
2016-04-25 07:30:00,1.0,-0.000140508641281,1.0,-37.0941764413,0.0,84.0,100221.938917,100362.415937,0.0013996974737,0.00480961923848
2016-04-25 08:00:00,1.0,-0.000832887755522,1.0,-14.0820484638,0.0,85.0,100207.856869,100362.415937,0.00154000944539,0.00480961923848
2016-04-25 08:30:00,1.0,0.00114231612312,1.0,-83.4618969929,0.0,86.0,100124.394972,100362.415937,0.0023716145459,0.00480961923848
2016-04-25 09:00:00,1.0,-0.00114786565517,1.0,114.373710694,0.0,87.0,100238.768682,100362.415937,0.00123200755631,0.00480961923848
2016-04-25 09:30:00,1.0,0.00019896333243,1.0,-115.060639887,0.0,88.0,100123.708042,100362.415937,0.00237845903233,0.00480961923848
2016-04-25 10:00:00,1.0,0.0,1.0,19.9209466074,0.0,89.0,100143.628989,100362.415937,0.00217996892603,0.00480961923848
