,signals,gainAhead,safef,trade,commission,numBars,equity,maxEquity,drawdown,maxDD
2016-04-19 11:00:00,-1.0,-0.000947620535249,1.0,0.0,2.0,0.0,99998.0,100000.0,0.0,0.0
2016-04-19 11:30:00,-1.0,-0.000396085012352,1.0,94.7601582839,0.0,1.0,100092.760158,100092.760158,0.0,0.0
2016-04-19 12:00:00,-1.0,0.000827241982183,1.0,39.6452421436,0.0,2.0,100132.4054,100132.4054,0.0,0.0
2016-04-19 12:30:00,-1.0,0.000211848955168,1.0,-82.8337295242,0.0,3.0,100049.571671,100132.4054,0.000827241982183,0.000827241982183
2016-04-19 13:00:00,-1.0,0.000975687668836,1.0,-21.1953972235,0.0,4.0,100028.376274,100132.4054,0.001038915687,0.001038915687
2016-04-19 13:30:00,-1.0,-0.000117939663456,1.0,-97.5964532639,0.0,5.0,99930.7798204,100132.4054,0.00201358969861,0.00201358969861
2016-04-19 14:00:00,-1.0,-0.00165135004805,1.0,11.7858025409,0.0,6.0,99942.565623,100132.4054,0.00189588751725,0.00201358969861
2016-04-19 14:30:00,-1.0,-0.000104248835019,1.0,165.040160544,0.0,7.0,100107.605784,100132.4054,0.000247668243142,0.00201358969861
2016-04-19 15:00:00,-1.0,-0.000483069961737,1.0,10.4361012795,0.0,8.0,100118.041885,100132.4054,0.000143445227249,0.00201358969861
2016-04-19 15:30:00,-1.0,0.000208620186089,1.0,48.3640186624,0.0,9.0,100166.405903,100166.405903,0.0,0.00201358969861
2016-04-19 16:00:00,-1.0,9.38595027531e-05,1.0,-20.8967342395,0.0,10.0,100145.509169,100166.405903,0.000208620186089,0.00201358969861
2016-04-19 16:30:00,-1.0,-0.000371926824266,1.0,-9.39960769357,0.0,11.0,100136.109562,100166.405903,0.000302460107855,0.00201358969861
2016-04-19 17:00:00,-1.0,0.000848447757872,1.0,37.2433052236,0.0,12.0,100173.352867,100173.352867,0.0,0.00201358969861
2016-04-19 17:30:00,-1.0,-0.00033005822922,1.0,-84.9918566383,0.0,13.0,100088.36101,100173.352867,0.000848447757872,0.00201358969861
2016-04-19 18:00:00,-1.0,0.000100787883211,1.0,33.0349872005,0.0,14.0,100121.395997,100173.352867,0.000518669565817,0.00201358969861
2016-04-19 18:30:00,-1.0,0.000642892390239,1.0,-10.0910235667,0.0,15.0,100111.304974,100173.352867,0.00061940517342,0.00201358969861
2016-04-19 19:00:00,-1.0,0.00127106724501,1.0,-64.3607961445,0.0,16.0,100046.944178,100173.352867,0.00126189935279,0.00201358969861
2016-04-19 19:30:00,-1.0,-0.000221980972068,1.0,-127.166393708,0.0,17.0,99919.7777839,100173.352867,0.00253136263887,0.00253136263887
2016-04-19 20:00:00,-1.0,0.000673029221264,1.0,22.1802894013,0.0,18.0,99941.9580733,100173.352867,0.00230994358114,0.00253136263887
2016-04-19 20:30:00,-1.0,0.000208013368326,1.0,-67.2638582136,0.0,19.0,99874.6942151,100173.352867,0.00298141814287,0.00298141814287
2016-04-19 21:00:00,-1.0,-0.000159443749285,1.0,-20.7752715542,0.0,20.0,99853.9189435,100173.352867,0.00318881133637,0.00318881133637
2016-04-19 21:30:00,-1.0,0.00040907310275,1.0,15.9210832172,0.0,21.0,99869.8400267,100173.352867,0.00302987602312,0.00318881133637
2016-04-19 22:00:00,-1.0,-0.000110889716711,1.0,-40.8540653309,0.0,22.0,99828.9859614,100173.352867,0.00343770968508,0.00343770968508
2016-04-19 22:30:00,-1.0,0.00066194639967,1.0,11.0700079728,0.0,23.0,99840.0559694,100173.352867,0.00332720117502,0.00343770968508
2016-04-19 23:00:00,-1.0,0.000180096559463,1.0,-66.0887655918,0.0,24.0,99773.9672038,100173.352867,0.00398694514585,0.00398694514585
2016-04-19 23:30:00,-1.0,0.000813751359138,1.0,-17.9689482174,0.0,25.0,99755.9982556,100173.352867,0.00416632367021,0.00416632367021
2016-04-20 00:00:00,-1.0,0.000128018379287,1.0,-81.1765791626,0.0,26.0,99674.8216764,100173.352867,0.0049766846778,0.0049766846778
2016-04-20 00:30:00,-1.0,-0.000550062617191,1.0,-12.7602091268,0.0,27.0,99662.0614673,100173.352867,0.00510406594998,0.00510406594998
2016-04-20 01:00:00,-1.0,0.000314988975386,1.0,54.8203743653,0.0,28.0,99716.8818416,100173.352867,0.00455681088867,0.00510406594998
2016-04-20 01:30:00,-1.0,0.000134952766532,1.0,-31.40971844,0.0,29.0,99685.4721232,100173.352867,0.00487036451886,0.00510406594998
2016-04-20 02:00:00,-1.0,0.000456701576658,1.0,-13.4528302461,0.0,30.0,99672.0192929,100173.352867,0.00500466001623,0.00510406594998
2016-04-20 02:30:00,-1.0,-0.000878403380815,1.0,-45.5203683598,0.0,31.0,99626.4989246,100173.352867,0.00545907595676,0.00545907595676
2016-04-20 03:00:00,-1.0,-0.000477662361937,1.0,87.5122534742,0.0,32.0,99714.0111781,100173.352867,0.00458546784673,0.00545907595676
2016-04-20 03:30:00,-1.0,-0.000474427656708,1.0,47.6296300975,0.0,33.0,99761.6408082,100173.352867,0.00410999579019,0.00545907595676
2016-04-20 04:00:00,-1.0,0.000270240305995,1.0,47.329681478,0.0,34.0,99808.9704896,100173.352867,0.00363751802915,0.00545907595676
2016-04-20 04:30:00,-1.0,-0.00113955179938,1.0,-26.9724067262,0.0,35.0,99781.9980829,100173.352867,0.00390677533116,0.00545907595676
2016-04-20 05:00:00,-1.0,-0.000128302488721,1.0,113.706755461,0.0,36.0,99895.7048384,100173.352867,0.00277167550464,0.00545907595676
2016-04-20 05:30:00,-1.0,-0.000430041894404,1.0,12.8168675433,0.0,37.0,99908.5217059,100173.352867,0.00264372862878,0.00545907595676
2016-04-20 06:00:00,-1.0,-0.000589827215322,1.0,42.9648499415,0.0,38.0,99951.4865559,100173.352867,0.00221482364845,0.00545907595676
2016-04-20 06:30:00,-1.0,-0.000420065960771,1.0,58.9541069825,0.0,39.0,100010.440663,100173.352867,0.00162630279639,0.00545907595676
2016-04-20 07:00:00,-1.0,0.000833538823807,1.0,42.0109818441,0.0,40.0,100052.451645,100173.352867,0.00120691999007,0.00545907595676
2016-04-20 07:30:00,-1.0,-0.000329667660297,1.0,-83.397602863,0.0,41.0,99969.0540418,100173.352867,0.00203945279921,0.00545907595676
2016-04-20 08:00:00,-1.0,0.000531113533328,1.0,32.956564148,0.0,42.0,100002.010606,100173.352867,0.00171045748054,0.00545907595676
2016-04-20 08:30:00,-1.0,0.000353887734321,1.0,-53.1124211929,0.0,43.0,99948.8981848,100173.352867,0.00224066256675,0.00545907595676
2016-04-20 09:00:00,-1.0,0.000360699062529,1.0,-35.3706891264,0.0,44.0,99913.5274957,100173.352867,0.00259375735807,0.00545907595676
2016-04-20 09:30:00,-1.0,-0.000755808107949,1.0,-36.0387157017,0.0,45.0,99877.48878,100173.352867,0.00295352085476,0.00545907595676
2016-04-20 10:00:00,-1.0,-0.00284509827733,1.0,75.4882158214,0.0,46.0,99952.9769958,100173.352867,0.00219994504182,0.00545907595676
2016-04-20 10:30:00,-1.0,0.000219210494268,1.0,284.376042664,0.0,47.0,100237.353038,100237.353038,0.0,0.00545907595676
2016-04-20 11:00:00,-1.0,-0.00196550452588,1.0,-21.9730797036,0.0,48.0,100215.379959,100237.353038,0.000219210494267,0.00545907595676
2016-04-20 11:30:00,-1.0,-0.00422805715023,1.0,196.973782872,0.0,49.0,100412.353742,100412.353742,0.0,0.00545907595676
2016-04-20 12:00:00,-1.0,0.00123914869784,1.0,424.549170208,0.0,50.0,100836.902912,100836.902912,0.0,0.00545907595676
2016-04-20 12:30:00,-1.0,1.04882636329e-05,1.0,-124.951916938,0.0,51.0,100711.950995,100836.902912,0.00123914869784,0.00545907595676
2016-04-20 13:00:00,-1.0,-3.49605121018e-06,1.0,-1.05629349302,0.0,52.0,100710.894701,100836.902912,0.00124962396496,0.00545907595676
2016-04-20 13:30:00,-1.0,-0.00143688207079,1.0,0.352090445299,0.0,53.0,100711.246792,100836.902912,0.0012461322825,0.00545907595676
2016-04-20 14:00:00,-1.0,0.000479649890591,1.0,144.710184842,0.0,54.0,100855.956977,100855.956977,0.0,0.00545907595676
2016-04-20 14:30:00,-1.0,-0.00133327734268,1.0,-48.3755487293,0.0,55.0,100807.581428,100855.956977,0.000479649890591,0.00545907595676
2016-04-20 15:00:00,-1.0,0.0003679291894,1.0,134.404464289,0.0,56.0,100941.985892,100941.985892,0.0,0.00545907595676
2016-04-20 15:30:00,-1.0,0.000280223898895,1.0,-37.1395030457,0.0,57.0,100904.846389,100941.985892,0.0003679291894,0.00545907595676
2016-04-20 16:00:00,-1.0,0.00031166175245,1.0,-28.2759494726,0.0,58.0,100876.57044,100941.985892,0.000648049985743,0.00545907595676
2016-04-20 16:30:00,-1.0,0.00057761985612,1.0,-31.4393687243,0.0,59.0,100845.131071,100941.985892,0.000959509765798,0.00545907595676
2016-04-20 17:00:00,-1.0,0.000388356308166,1.0,-58.2501500996,0.0,60.0,100786.880921,100941.985892,0.00153657539003,0.00545907595676
2016-04-20 17:30:00,-1.0,-0.000237819613823,1.0,-39.141220986,0.0,61.0,100747.7397,100941.985892,0.00192433495945,0.00545907595676
2016-04-20 18:00:00,-1.0,0.000594690463614,1.0,23.959788549,0.0,62.0,100771.699488,100941.985892,0.00168697299022,0.00545907595676
2016-04-20 18:30:00,-1.0,-0.00020976600602,1.0,-59.9279686879,0.0,63.0,100711.77152,100941.985892,0.00228066022708,0.00545907595676
2016-04-20 19:00:00,-1.0,0.000188829015327,1.0,21.1259060709,0.0,64.0,100732.897426,100941.985892,0.00207137262605,0.00545907595676
2016-04-20 19:30:00,-1.0,-0.00032514412975,1.0,-19.0212938319,0.0,65.0,100713.876132,100941.985892,0.00225981050612,0.00545907595676
2016-04-20 20:00:00,-1.0,-0.000167870907272,1.0,32.7465256087,0.0,66.0,100746.622658,100941.985892,0.00193540114049,0.00545907595676
2016-04-20 20:30:00,-1.0,0.000230861252387,1.0,16.9124269502,0.0,67.0,100763.535085,100941.985892,0.00176785513077,0.00545907595676
2016-04-20 21:00:00,-1.0,0.000496586839749,1.0,-23.2623959046,0.0,68.0,100740.272689,100941.985892,0.0019983082539,0.00545907595676
2016-04-20 21:30:00,-1.0,-0.000304095856607,1.0,-50.0262936499,0.0,69.0,100690.246395,100941.985892,0.00249390276007,0.00545907595676
2016-04-20 22:00:00,-1.0,-0.000321670448625,1.0,30.6194867294,0.0,70.0,100720.865882,100941.985892,0.00219056528896,0.00545907595676
2016-04-20 22:30:00,-1.0,0.000213350121539,1.0,32.3989261141,0.0,71.0,100753.264808,100941.985892,0.00186959948046,0.00545907595676
2016-04-20 23:00:00,-1.0,-0.000737824153076,1.0,-21.4957212923,0.0,72.0,100731.769087,100941.985892,0.00208255072272,0.00545907595676
2016-04-20 23:30:00,-1.0,-0.000895840988225,1.0,74.3223322141,0.0,73.0,100806.091419,100941.985892,0.00134626312587,0.00545907595676
2016-04-21 00:00:00,-1.0,-0.000147105695442,1.0,90.3062285556,0.0,74.0,100896.397647,100941.985892,0.000451628175332,0.00545907595676
2016-04-21 00:30:00,-1.0,0.000339794091786,1.0,14.8424347435,0.0,75.0,100911.240082,100941.985892,0.000304588916967,0.00545907595676
2016-04-21 01:00:00,-1.0,-0.00012606631088,1.0,-34.2890431747,0.0,76.0,100876.951039,100941.985892,0.000644279511239,0.00545907595676
2016-04-21 01:30:00,-1.0,0.000129584489087,1.0,12.7171850703,0.0,77.0,100889.668224,100941.985892,0.0005182944223,0.00545907595676
2016-04-21 02:00:00,-1.0,-0.000465743350901,1.0,-13.0737361109,0.0,78.0,100876.594488,100941.985892,0.000647811748469,0.00545907595676
2016-04-21 02:30:00,-1.0,-6.65657669777e-05,1.0,46.9826031442,0.0,79.0,100923.577091,100941.985892,0.000182370111583,0.00545907595676
2016-04-21 03:00:00,-1.0,0.000497524639733,1.0,6.7180553152,0.0,80.0,100930.295146,100941.985892,0.000115816484211,0.00545907595676
2016-04-21 03:30:00,-1.0,0.00101206422581,1.0,-50.2153087308,0.0,81.0,100880.079838,100941.985892,0.000613283502389,0.00545907595676
2016-04-21 04:00:00,-1.0,-0.000339345936945,1.0,-102.0971199,0.0,82.0,100777.982718,100941.985892,0.0016247270459,0.00545907595676
2016-04-21 04:30:00,-1.0,0.000384955922547,1.0,34.1985989687,0.0,83.0,100812.181317,100941.985892,0.00128593245348,0.00545907595676
2016-04-21 05:00:00,-1.0,0.000741629556037,1.0,-38.8082462627,0.0,84.0,100773.37307,100941.985892,0.00167039334871,0.00545907595676
2016-04-21 05:30:00,-1.0,0.000188765647449,1.0,-74.7365119305,0.0,85.0,100698.636558,100941.985892,0.00241078409167,0.00545907595676
2016-04-21 06:00:00,-1.0,0.000265620030546,1.0,-19.0084433272,0.0,86.0,100679.628115,100941.985892,0.0025990946659,0.00545907595676
2016-04-21 06:30:00,-1.0,-0.000387842026003,1.0,-26.7425258953,0.0,87.0,100652.885589,100941.985892,0.00286402432484,0.00545907595676
2016-04-21 07:00:00,-1.0,0.000374010793882,1.0,39.03741907,0.0,88.0,100691.923008,100941.985892,0.00247729308784,0.00545907595676
2016-04-21 07:30:00,-1.0,0.0,1.0,-37.6598660618,0.0,89.0,100654.263142,100941.985892,0.00285037734736,0.00545907595676
