,signals,gainAhead,safef,trade,commission,numBars,equity,maxEquity,drawdown,maxDD
2016-04-14 08:30:00,1.0,-0.00131527921406,1.0,0.0,2.0,0.0,99998.0,100000.0,0.0,0.0
2016-04-14 09:00:00,1.0,0.0020936275414,1.0,-131.525290848,0.0,1.0,99866.4747092,100000.0,0.00133525290848,0.00133525290848
2016-04-14 09:30:00,1.0,-0.00381684319297,1.0,209.083201913,0.0,2.0,100075.557911,100075.557911,0.0,0.00133525290848
2016-04-14 10:00:00,1.0,-0.000839551634046,1.0,-381.972711996,0.0,3.0,99693.5851991,100075.557911,0.00381684319297,0.00381684319297
2016-04-14 10:30:00,1.0,0.00111277288078,1.0,-83.6979123578,0.0,4.0,99609.8872867,100075.557911,0.00465319039008,0.00465319039008
2016-04-14 11:00:00,1.0,0.0007777511326,1.0,110.843181231,0.0,5.0,99720.7304679,100075.557911,0.00354559545337,0.00465319039008
2016-04-14 11:30:00,1.0,2.59048901956e-05,1.0,77.5579110652,0.0,6.0,99798.288379,100075.557911,0.00277060191165,0.00465319039008
2016-04-14 12:00:00,1.0,0.000527798465175,1.0,2.58526370217,0.0,7.0,99800.8736427,100075.557911,0.00274476879359,0.00465319039008
2016-04-14 12:30:00,1.0,0.000640791215335,1.0,52.6747479318,0.0,8.0,99853.5483906,100075.557911,0.00221841901317,0.00465319039008
2016-04-14 13:00:00,1.0,0.000109964390943,1.0,63.9852766287,0.0,9.0,99917.5336673,100075.557911,0.00157904934126,0.00465319039008
2016-04-14 13:30:00,1.0,-3.23389117958e-05,1.0,10.9873707342,0.0,10.0,99928.521038,100075.557911,0.00146925858951,0.00465319039008
2016-04-14 14:00:00,1.0,-0.000520673317918,1.0,-3.23157962773,0.0,11.0,99925.2894584,100075.557911,0.00150154998708,0.00465319039008
2016-04-14 14:30:00,1.0,0.000857455331431,1.0,-52.0284320062,0.0,12.0,99873.2610264,100075.557911,0.00202144148799,0.00465319039008
2016-04-14 15:00:00,1.0,-0.000158412512649,1.0,85.6368601344,0.0,13.0,99958.8978865,100075.557911,0.00116571945234,0.00465319039008
2016-04-14 15:30:00,1.0,0.000510880460439,1.0,-15.8347401758,0.0,14.0,99943.0631463,100075.557911,0.00132394730044,0.00465319039008
2016-04-14 16:00:00,1.0,0.000911359023747,1.0,51.0589581179,0.0,15.0,99994.1221044,100075.557911,0.000813743218806,0.00465319039008
2016-04-14 16:30:00,1.0,-0.000603790642859,1.0,91.1305455015,0.0,16.0,100085.25265,100085.25265,0.0,0.00465319039008
2016-04-14 17:00:00,1.0,0.000468462763672,1.0,-60.4305390382,0.0,17.0,100024.822111,100085.25265,0.000603790642859,0.00465319039008
2016-04-14 17:30:00,1.0,-6.45852978029e-05,1.0,46.8579046019,0.0,18.0,100071.680016,100085.25265,0.000135610732621,0.00465319039008
2016-04-14 18:00:00,1.0,-0.000129178938666,1.0,-6.46315925544,0.0,19.0,100065.216856,100085.25265,0.000200187271964,0.00465319039008
2016-04-14 18:30:00,1.0,-0.000284230381644,1.0,-12.9263185108,0.0,20.0,100052.290538,100085.25265,0.00032934035065,0.00465319039008
2016-04-14 19:00:00,1.0,-0.000306926854484,1.0,-28.4379007239,0.0,21.0,100023.852637,100085.25265,0.000613477123761,0.00465319039008
2016-04-14 19:30:00,1.0,0.000129272036842,1.0,-30.7000064633,0.0,22.0,99993.1526306,100085.25265,0.000920215685641,0.00465319039008
2016-04-14 20:00:00,1.0,-0.000827234097555,1.0,12.9263185108,0.0,23.0,100006.078949,100085.25265,0.000791062606955,0.00465319039008
2016-04-14 20:30:00,1.0,0.0019339669932,1.0,-82.7284384695,0.0,24.0,99923.3505106,100085.25265,0.00161764231055,0.00465319039008
2016-04-14 21:00:00,1.0,0.000978028256301,1.0,193.248461737,0.0,25.0,100116.598972,100116.598972,0.0,0.00465319039008
2016-04-14 21:30:00,1.0,0.000103189190932,1.0,97.9168627198,0.0,26.0,100214.515835,100214.515835,0.0,0.00465319039008
2016-04-14 22:00:00,1.0,0.000532014367612,1.0,10.3410548087,0.0,27.0,100224.85689,100224.85689,0.0,0.00465319039008
2016-04-14 22:30:00,1.0,-0.000112791525812,1.0,53.3210638573,0.0,28.0,100278.177954,100278.177954,0.0,0.00465319039008
2016-04-14 23:00:00,1.0,0.000770291872937,1.0,-11.310528697,0.0,29.0,100266.867425,100278.177954,0.000112791525812,0.00465319039008
2016-04-14 23:30:00,1.0,-0.000154583895579,1.0,77.2347531024,0.0,30.0,100344.102178,100344.102178,0.0,0.00465319039008
2016-04-15 00:00:00,1.0,-0.000299552603692,1.0,-15.511582213,0.0,31.0,100328.590596,100344.102178,0.000154583895579,0.00465319039008
2016-04-15 00:30:00,1.0,-9.02149047911e-05,1.0,-30.0536905378,0.0,32.0,100298.536905,100344.102178,0.000454090193262,0.00465319039008
2016-04-15 01:00:00,1.0,0.000119223308479,1.0,-9.04842295761,0.0,33.0,100289.488482,100344.102178,0.00054426413235,0.00465319039008
2016-04-15 01:30:00,1.0,-8.6990421388e-05,1.0,11.9568446226,0.0,34.0,100301.445327,100344.102178,0.000425105712841,0.00465319039008
2016-04-15 02:00:00,1.0,-0.000702428210548,1.0,-8.72526499483,0.0,35.0,100292.720062,100344.102178,0.000512059154104,0.00465319039008
2016-04-15 02:30:00,1.0,-0.000206362411087,1.0,-70.4484358842,0.0,36.0,100222.271626,100344.102178,0.00121412767986,0.00465319039008
2016-04-15 03:00:00,1.0,-0.0010707259651,1.0,-20.6821096174,0.0,37.0,100201.589517,100344.102178,0.00142023954063,0.00465319039008
2016-04-15 03:30:00,1.0,-0.000577907780124,1.0,-107.28844364,0.0,38.0,100094.301073,100344.102178,0.00248944481838,0.00465319039008
2016-04-15 04:00:00,1.0,7.4299245055e-05,1.0,-57.8452753361,0.0,39.0,100036.455798,100344.102178,0.00306591392898,0.00465319039008
2016-04-15 04:30:00,1.0,-0.000775238870477,1.0,7.43263314373,0.0,40.0,100043.888431,100344.102178,0.00299184247901,0.00465319039008
2016-04-15 05:00:00,1.0,0.00160986868902,1.0,-77.5579110652,0.0,41.0,99966.3305196,100344.102178,0.0037647619569,0.00465319039008
2016-04-15 05:30:00,1.0,-0.00019042086238,1.0,160.93266546,0.0,42.0,100127.263185,100344.102178,0.00216095404028,0.00465319039008
2016-04-15 06:00:00,1.0,-0.000958741820835,1.0,-19.0663198035,0.0,43.0,100108.196865,100344.102178,0.00235096341192,0.00465319039008
2016-04-15 06:30:00,1.0,0.000465290612762,1.0,-95.9779149431,0.0,44.0,100012.21895,100344.102178,0.00330745126582,0.00465319039008
2016-04-15 07:00:00,1.0,-0.00139522265428,1.0,46.5347466391,0.0,45.0,100058.753697,100344.102178,0.00284369957908,0.00465319039008
2016-04-15 07:30:00,1.0,-0.000624199536863,1.0,-139.604239917,0.0,46.0,99919.1494571,100344.102178,0.00423495463929,0.00465319039008
2016-04-15 08:00:00,1.0,-2.91259308161e-05,1.0,-62.3694868149,0.0,47.0,99856.7799703,100344.102178,0.00485651071943,0.00485651071943
2016-04-15 08:30:00,1.0,-0.000977365256283,1.0,-2.90842166493,0.0,48.0,99853.8715486,100344.102178,0.00488549519985,0.00488549519985
2016-04-15 09:00:00,-1.0,9.07052984853e-05,1.0,-97.593704757,2.0,49.0,99754.2778438,100344.102178,0.00587801695843,0.00587801695843
2016-04-15 09:30:00,-1.0,0.000984711065043,1.0,-9.04824154701,0.0,50.0,99745.2296023,100344.102178,0.00596818908963,0.00596818908963
2016-04-15 10:00:00,-1.0,-0.000993450346899,1.0,-98.2202312746,0.0,51.0,99647.009371,100344.102178,0.00694702321284,0.00694702321284
2016-04-15 10:30:00,-1.0,-0.00112724598904,1.0,98.9943560271,0.0,52.0,99746.0037271,100344.102178,0.00596047438856,0.00694702321284
2016-04-15 11:00:00,-1.0,-8.75574393018e-05,1.0,112.438282625,0.0,53.0,99858.4420097,100344.102178,0.00483994732036,0.00694702321284
2016-04-15 11:30:00,-1.0,0.00196535016313,1.0,8.74334947503,0.0,54.0,99867.1853592,100344.102178,0.00475281365446,0.00694702321284
2016-04-15 12:00:00,-1.0,0.000903064593394,1.0,-196.273989037,0.0,55.0,99670.9113701,100344.102178,0.00670882287449,0.00694702321284
2016-04-15 12:30:00,-1.0,0.000297516064251,1.0,-90.0092710497,0.0,56.0,99580.9020991,100344.102178,0.00760582896749,0.00760582896749
2016-04-15 13:00:00,-1.0,-0.000271564307398,1.0,-29.626918067,0.0,57.0,99551.275181,100344.102178,0.00790108217544,0.00790108217544
2016-04-15 13:30:00,-1.0,-0.000960434620919,1.0,27.0345730951,0.0,58.0,99578.3097541,100344.102178,0.00763166351995,0.00790108217544
2016-04-15 14:00:00,-1.0,-0.000129475817154,1.0,95.6384561805,0.0,59.0,99673.9482103,100344.102178,0.00667855861289,0.00790108217544
2016-04-15 14:30:00,-1.0,0.000106831381233,1.0,12.9053658935,0.0,60.0,99686.8535762,100344.102178,0.00654994750757,0.00790108217544
2016-04-15 15:00:00,-1.0,-0.000372251408891,1.0,-10.6496842583,0.0,61.0,99676.2038919,100344.102178,0.00665607914886,0.00790108217544
2016-04-15 15:30:00,-1.0,-0.000255815760841,1.0,37.1046073316,0.0,62.0,99713.3084992,100344.102178,0.00628630547481,0.00790108217544
2016-04-15 16:00:00,-1.0,-0.000110126094378,1.0,25.5082358797,0.0,63.0,99738.8167351,100344.102178,0.00603209784999,0.00790108217544
2016-04-15 16:30:00,-1.0,0.00015224989715,1.0,10.9838463449,0.0,64.0,99749.8005815,100344.102178,0.00592263604699,0.00790108217544
2016-04-15 17:00:00,-1.0,0.000735222672065,1.0,-15.1868968793,0.0,65.0,99734.6136846,100344.102178,0.00607398422341,0.00790108217544
2016-04-15 17:30:00,-1.0,-0.0057900749894,1.0,-73.3271491705,0.0,66.0,99661.2865354,100344.102178,0.00680474116456,0.00790108217544
2016-04-17 18:00:00,-1.0,-0.000592471060068,1.0,577.04632258,0.0,67.0,100238.332858,100344.102178,0.00105406613679,0.00790108217544
2016-04-17 18:30:00,-1.0,0.0012996488668,1.0,59.3883113278,0.0,68.0,100297.721169,100344.102178,0.000462219580403,0.00790108217544
2016-04-17 19:00:00,-1.0,-0.000315544639807,1.0,-130.35181966,0.0,69.0,100167.36935,100344.102178,0.00176126772405,0.00790108217544
2016-04-17 19:30:00,-1.0,-0.00407408853658,1.0,31.6072764819,0.0,70.0,100198.976626,100344.102178,0.00144627884283,0.00790108217544
2016-04-17 21:00:00,-1.0,0.000571790783386,1.0,408.21950205,0.0,71.0,100607.196128,100607.196128,0.0,0.00790108217544
2016-04-17 21:30:00,-1.0,0.00139437222228,1.0,-57.5262674884,0.0,72.0,100549.669861,100607.196128,0.000571790783386,0.00790108217544
2016-04-17 22:00:00,-1.0,-0.00196309895714,1.0,-140.203666613,0.0,73.0,100409.466194,100607.196128,0.00196536571648,0.00790108217544
2016-04-17 22:30:00,-1.0,-0.000561988655671,1.0,197.113718373,0.0,74.0,100606.579912,100607.196128,6.12496672145e-06,0.00790108217544
2016-04-17 23:00:00,-1.0,0.000670188698984,1.0,56.5397565966,0.0,75.0,100663.119669,100663.119669,0.0,0.00790108217544
2016-04-17 23:30:00,-1.0,-0.0005488599721,1.0,-67.4632852067,0.0,76.0,100595.656384,100663.119669,0.000670188698984,0.00790108217544
2016-04-18 00:00:00,-1.0,0.000699527002069,1.0,55.2129291562,0.0,77.0,100650.869313,100663.119669,0.000121696566635,0.00790108217544
2016-04-18 00:30:00,-1.0,0.000378917797704,1.0,-70.4080008662,0.0,78.0,100580.461312,100663.119669,0.00082113843867,0.00790108217544
2016-04-18 01:00:00,-1.0,-0.000192652432155,1.0,-38.1117268924,0.0,79.0,100542.349585,100663.119669,0.0011997450924,0.00790108217544
2016-04-18 01:30:00,-1.0,-0.00141414537284,1.0,19.3697281822,0.0,80.0,100561.719313,100663.119669,0.00100732379406,0.00790108217544
2016-04-18 02:00:00,-1.0,0.000425171458567,1.0,142.208890052,0.0,81.0,100703.928203,100703.928203,0.0,0.00790108217544
2016-04-18 02:30:00,-1.0,-8.17289931968e-05,1.0,-42.8164360377,0.0,82.0,100661.111767,100703.928203,0.000425171458567,0.00790108217544
2016-04-18 03:00:00,-1.0,-0.00154316951325,1.0,8.22693131882,0.0,83.0,100669.338699,100703.928203,0.000343477214205,0.00790108217544
2016-04-18 03:30:00,-1.0,0.00212513752816,1.0,155.349854399,0.0,84.0,100824.688553,100824.688553,0.0,0.00790108217544
2016-04-18 04:00:00,-1.0,0.00285255897086,1.0,-214.266329409,0.0,85.0,100610.422224,100824.688553,0.00212513752816,0.00790108217544
2016-04-18 04:30:00,-1.0,0.000195494503346,1.0,-286.997162476,0.0,86.0,100323.425061,100824.688553,0.0049716344189,0.00790108217544
2016-04-18 05:00:00,-1.0,0.00209138233205,1.0,-19.6126781563,0.0,87.0,100303.812383,100824.688553,0.00516615699504,0.00790108217544
2016-04-18 05:30:00,-1.0,-0.000315328201394,1.0,-209.773621056,0.0,88.0,100094.038762,100824.688553,0.00724673491763,0.00790108217544
2016-04-18 06:00:00,-1.0,0.0,1.0,31.5624732131,0.0,89.0,100125.601235,100824.688553,0.00693369181613,0.00790108217544
