,signals,gainAhead,safef,trade,commission,numBars,equity,maxEquity,drawdown,maxDD
2016-04-24 21:00:00,-1.0,-0.00177127903841,1.0,0.0,2.0,0.0,99998.0,100000.0,0.0,0.0
2016-04-24 21:30:00,-1.0,-2.92085931681e-05,1.0,177.124361283,0.0,1.0,100175.124361,100175.124361,0.0,0.0
2016-04-24 22:00:00,-1.0,-0.000438141695024,1.0,2.92597445304,0.0,2.0,100178.050336,100178.050336,0.0,0.0
2016-04-24 22:30:00,-1.0,0.00110313993074,1.0,43.8921807783,0.0,3.0,100221.942517,100221.942517,0.0,0.0
2016-04-24 23:00:00,-1.0,0.00153247757839,1.0,-110.558826727,0.0,4.0,100111.38369,100221.942517,0.00110313993074,0.00110313993074
2016-04-24 23:30:00,-1.0,-0.000801498072761,1.0,-153.418450847,0.0,5.0,99957.9652389,100221.942517,0.00263392697193,0.00263392697193
2016-04-25 00:00:00,-1.0,0.000123967243479,1.0,80.1161164962,0.0,6.0,100038.081355,100221.942517,0.00183453998656,0.00263392697193
2016-04-25 00:30:00,-1.0,-0.000255195041925,1.0,-12.4014451886,0.0,7.0,100025.67991,100221.942517,0.00195827980717,0.00263392697193
2016-04-25 01:00:00,-1.0,-0.000371950552456,1.0,25.5260575783,0.0,8.0,100051.205968,100221.942517,0.00170358450854,0.00263392697193
2016-04-25 01:30:00,-1.0,-0.000138621373957,1.0,37.2141013336,0.0,9.0,100088.420069,100221.942517,0.00133226760529,0.00263392697193
2016-04-25 02:00:00,-1.0,0.000948593527673,1.0,13.8743943071,0.0,10.0,100102.294463,100221.942517,0.0011938309121,0.00263392697193
2016-04-25 02:30:00,-1.0,0.00180790960452,1.0,-94.9563886333,0.0,11.0,100007.338075,100221.942517,0.00214129197949,0.00263392697193
2016-04-25 03:00:00,-1.0,2.18304068462e-05,1.0,-180.804227028,0.0,12.0,99826.5338478,100221.942517,0.00394533032168,0.00394533032168
2016-04-25 03:30:00,-1.0,-0.000684004482412,1.0,-2.17925384794,0.0,13.0,99824.354594,100221.942517,0.00396707460036,0.00396707460036
2016-04-25 04:00:00,-1.0,-0.000538840182915,1.0,68.2803059962,0.0,14.0,99892.6349,100221.942517,0.00328578361475,0.00396707460036
2016-04-25 04:30:00,-1.0,0.00185781520931,1.0,53.8261656613,0.0,15.0,99946.4610656,100221.942517,0.00274871394408,0.00396707460036
2016-04-25 05:00:00,-1.0,-0.000399962185393,1.0,-185.682055485,0.0,16.0,99760.7790101,100221.942517,0.00460142255083,0.00460142255083
2016-04-25 05:30:00,-1.0,-0.000501971511298,1.0,39.9005391894,0.0,17.0,99800.6795493,100221.942517,0.00420330076045,0.00460142255083
2016-04-25 06:00:00,-1.0,8.00646339955e-05,1.0,50.0970979419,0.0,18.0,99850.7766473,100221.942517,0.00370343918639,0.00460142255083
2016-04-25 06:30:00,-1.0,-0.000218340611354,1.0,-7.99451588643,0.0,19.0,99842.7821314,100221.942517,0.00378320730588,0.00460142255083
2016-04-25 07:00:00,-1.0,0.000167431025697,1.0,21.7997340898,0.0,20.0,99864.5818655,100221.942517,0.00356569272232,0.00460142255083
2016-04-25 07:30:00,-1.0,0.000735117509626,1.0,-16.7204293725,0.0,21.0,99847.8614361,100221.942517,0.00373252674043,0.00460142255083
2016-04-25 08:00:00,-1.0,-0.00052365921422,1.0,-73.3999112404,0.0,22.0,99774.4615249,100221.942517,0.00446490040429,0.00460142255083
2016-04-25 08:30:00,-1.0,-0.000640363260613,1.0,52.2478161214,0.0,23.0,99826.709341,100221.942517,0.00394357927631,0.00460142255083
2016-04-25 09:00:00,-1.0,0.000109222770763,1.0,63.9253570899,0.0,24.0,99890.6346981,100221.942517,0.00330574133898,0.00460142255083
2016-04-25 09:30:00,-1.0,-0.000946493967921,1.0,-10.910331895,0.0,25.0,99879.7243662,100221.942517,0.00341460304752,0.00460142255083
2016-04-25 10:00:00,-1.0,-0.000116601928305,1.0,94.5355566302,0.0,26.0,99974.2599228,100221.942517,0.00247134098078,0.00460142255083
2016-04-25 10:30:00,-1.0,0.000954789618303,1.0,11.6571914878,0.0,27.0,99985.9171143,100221.942517,0.0023550272156,0.00460142255083
2016-04-25 11:00:00,-1.0,-0.000749996359241,1.0,-95.4655156372,0.0,28.0,99890.4515986,100221.942517,0.00330756827837,0.00460142255083
2016-04-25 11:30:00,-1.0,-0.00072869832618,1.0,74.9174750219,0.0,29.0,99965.3690737,100221.942517,0.00256005258329,0.00460142255083
2016-04-25 12:00:00,-1.0,-0.000226061211542,1.0,72.84459712,0.0,30.0,100038.213671,100221.942517,0.00183321976315,0.00460142255083
2016-04-25 12:30:00,-1.0,-0.000568927789934,1.0,22.6147597829,0.0,31.0,100060.828431,100221.942517,0.00160757297149,0.00460142255083
2016-04-25 13:00:00,-1.0,-2.18942943469e-05,1.0,56.927385978,0.0,32.0,100117.755817,100221.942517,0.00103955977449,0.00460142255083
2016-04-25 13:30:00,-1.0,-0.000328421605763,1.0,2.1920076152,0.0,33.0,100119.947824,100221.942517,0.00101768824057,0.00460142255083
2016-04-25 14:00:00,-1.0,-0.000182516389972,1.0,32.8815540333,0.0,34.0,100152.829378,100221.942517,0.000689600865613,0.00460142255083
2016-04-25 14:30:00,-1.0,-0.000401609358228,1.0,18.2795328636,0.0,35.0,100171.108911,100221.942517,0.000507210339102,0.00460142255083
2016-04-25 15:00:00,-1.0,0.000160708285243,1.0,40.2296547628,0.0,36.0,100211.338566,100221.942517,0.000105804681292,0.00460142255083
2016-04-25 15:30:00,-1.0,0.000270238686494,1.0,-16.1047923828,0.0,37.0,100195.233773,100221.942517,0.000266495962846,0.00460142255083
2016-04-25 16:00:00,-1.0,3.65088753077e-05,1.0,-27.0766283679,0.0,38.0,100168.157145,100221.942517,0.000536662631821,0.00460142255083
2016-04-25 16:30:00,-1.0,0.000547613136874,1.0,-3.65702675901,0.0,39.0,100164.500118,100221.942517,0.00057315191418,0.00460142255083
2016-04-25 17:00:00,-1.0,0.000510825859465,1.0,-54.8513961132,0.0,40.0,100109.648722,100221.942517,0.00112045118554,0.00460142255083
2016-04-25 17:30:00,-1.0,0.000313632816204,1.0,-51.1385973492,0.0,41.0,100058.510125,100221.942517,0.00163070468956,0.00460142255083
2016-04-25 18:00:00,-1.0,1.45829991395e-05,1.0,-31.3816323156,0.0,42.0,100027.128493,100221.942517,0.00194382606326,0.00460142255083
2016-04-25 18:30:00,-1.0,0.000313529909295,1.0,-1.45869552874,0.0,43.0,100025.669797,100221.942517,0.00195838071559,0.00460142255083
2016-04-25 19:00:00,-1.0,0.000233251452355,1.0,-31.3610391786,0.0,44.0,99994.3087578,100221.942517,0.00227129661395,0.00460142255083
2016-04-25 19:30:00,-1.0,0.000976512683734,1.0,-23.323817745,0.0,45.0,99970.9849401,100221.942517,0.00250401828307,0.00460142255083
2016-04-25 20:00:00,-1.0,0.000131045378102,1.0,-97.6229347994,0.0,46.0,99873.3620053,100221.942517,0.00347808576119,0.00460142255083
2016-04-25 20:30:00,-1.0,0.000618744313012,1.0,-13.0879424863,0.0,47.0,99860.2740628,100221.942517,0.00360867535223,0.00460142255083
2016-04-25 21:00:00,-1.0,-7.27484359091e-06,1.0,-61.7879766722,0.0,48.0,99798.4860861,100221.942517,0.00422518681789,0.00460142255083
2016-04-25 21:30:00,-1.0,0.000749314341004,1.0,0.726018376886,0.0,49.0,99799.2121045,100221.942517,0.00421794271188,0.00460142255083
2016-04-25 22:00:00,-1.0,-2.90777976476e-05,1.0,-74.7809808508,0.0,50.0,99724.4311237,100221.942517,0.00496409648792,0.00496409648792
2016-04-25 22:30:00,-1.0,0.000676078454179,1.0,2.89976682874,0.0,51.0,99727.3308905,100221.942517,0.00493516303526,0.00496409648792
2016-04-25 23:00:00,-1.0,-3.6323746286e-05,1.0,-67.4234997079,0.0,52.0,99659.9073908,100221.942517,0.00560790493204,0.00560790493204
2016-04-25 23:30:00,-1.0,0.000203420368191,1.0,3.62002119095,0.0,53.0,99663.527412,100221.942517,0.00557178488587,0.00560790493204
2016-04-26 00:00:00,-1.0,-0.0010459491262,1.0,-20.2735914413,0.0,54.0,99643.2538205,100221.942517,0.00577407183953,0.00577407183953
2016-04-26 00:30:00,-1.0,-7.27114084205e-06,1.0,104.221774265,0.0,55.0,99747.4755948,100221.942517,0.00473416209873,0.00577407183953
2016-04-26 01:00:00,-1.0,2.90847748475e-05,1.0,0.725277943688,0.0,56.0,99748.2008727,100221.942517,0.00472692538065,0.00577407183953
2016-04-26 01:30:00,-1.0,0.000407175005272,1.0,-2.90115396383,0.0,57.0,99745.2997188,100221.942517,0.00475587267393,0.00577407183953
2016-04-26 02:00:00,-1.0,-7.26802287978e-06,1.0,-40.6137929388,0.0,58.0,99704.6859258,100221.942517,0.00516111120673,0.00577407183953
2016-04-26 02:30:00,-1.0,0.000617786434864,1.0,0.724655938531,0.0,59.0,99705.4105818,100221.942517,0.00515388069492,0.00577407183953
2016-04-26 03:00:00,-1.0,-0.00114764696055,1.0,-61.5966501399,0.0,60.0,99643.8139316,100221.942517,0.0057684831322,0.00577407183953
2016-04-26 03:30:00,-1.0,-0.000159982547359,1.0,114.355920196,0.0,61.0,99758.1698518,100221.942517,0.00462745635379,0.00577407183953
2016-04-26 04:00:00,-1.0,0.00243648767574,1.0,15.9595661327,0.0,62.0,99774.129418,100221.942517,0.00446821411868,0.00577407183953
2016-04-26 04:30:00,-1.0,-0.000195896334562,1.0,-243.098436684,0.0,63.0,99531.0309813,100221.942517,0.00689381504579,0.00689381504579
2016-04-26 05:00:00,-1.0,0.000355585227974,1.0,19.4977641444,0.0,64.0,99550.5287454,100221.942517,0.00669926918432,0.00689381504579
2016-04-26 05:30:00,-1.0,-0.000261153427639,1.0,-35.3986974588,0.0,65.0,99515.130048,100221.942517,0.00705247225114,0.00705247225114
2016-04-26 06:00:00,-1.0,-0.000500674822587,1.0,25.9887173139,0.0,66.0,99541.1187653,100221.942517,0.0067931606008,0.00705247225114
2016-04-26 06:30:00,-1.0,-0.00074775853933,1.0,49.8377319779,0.0,67.0,99590.9564973,100221.942517,0.00629588694269,0.00705247225114
2016-04-26 07:00:00,-1.0,0.000595748390753,1.0,74.4699881609,0.0,68.0,99665.4264854,100221.942517,0.00555283620658,0.00705247225114
2016-04-26 07:30:00,-1.0,-0.000399349423485,1.0,-59.3755174424,0.0,69.0,99606.050968,100221.942517,0.0061452765041,0.00705247225114
2016-04-26 08:00:00,-1.0,-0.00115494410506,1.0,39.7776190296,0.0,70.0,99645.828587,100221.942517,0.00574838119325,0.00705247225114
2016-04-26 08:30:00,-1.0,0.000232710348338,1.0,115.085362321,0.0,71.0,99760.9139493,100221.942517,0.00460007614716,0.00705247225114
2016-04-26 09:00:00,-1.0,0.00162132294136,1.0,-23.2153970357,0.0,72.0,99737.6985523,100221.942517,0.00483171601017,0.00705247225114
2016-04-26 09:30:00,-1.0,0.0025042645084,1.0,-161.707018781,0.0,73.0,99575.9915335,100221.942517,0.00644520517952,0.00705247225114
2016-04-26 10:00:00,-1.0,-0.00055028600391,1.0,-249.364621486,0.0,74.0,99326.626912,100221.942517,0.00893332918934,0.00893332918934
2016-04-26 10:30:00,-1.0,-0.000941796948578,1.0,54.6580526053,0.0,75.0,99381.2849646,100221.942517,0.00838795907145,0.00893332918934
2016-04-26 11:00:00,-1.0,-0.00065987933635,1.0,93.5969909254,0.0,76.0,99474.8819555,100221.942517,0.00745406187713,0.00893332918934
2016-04-26 11:30:00,-1.0,-0.000805439254642,1.0,65.6414190883,0.0,77.0,99540.5233746,100221.942517,0.00679910132218,0.00893332918934
2016-04-26 12:00:00,-1.0,0.00118371555969,1.0,80.1738449535,0.0,78.0,99620.6972196,100221.942517,0.00599913833064,0.00893332918934
2016-04-26 12:30:00,-1.0,-0.000725347260001,1.0,-117.922569366,0.0,79.0,99502.7746502,100221.942517,0.00717575261694,0.00893332918934
2016-04-26 13:00:00,-1.0,-0.000892824737778,1.0,72.174064955,0.0,80.0,99574.9487152,100221.942517,0.00645561026944,0.00893332918934
2016-04-26 13:30:00,-1.0,0.000326935092486,1.0,88.9029774759,0.0,81.0,99663.8516927,100221.942517,0.00556854926021,0.00893332918934
2016-04-26 14:00:00,-1.0,2.1788549391e-05,1.0,-32.5836105707,0.0,82.0,99631.2680821,100221.942517,0.00589366379853,0.00893332918934
2016-04-26 14:30:00,-1.0,0.000486600334084,1.0,-2.17082080549,0.0,83.0,99629.0972613,100221.942517,0.00591532393353,0.00893332918934
2016-04-26 15:00:00,-1.0,-0.000791248357615,1.0,-48.4795520118,0.0,84.0,99580.6177093,100221.942517,0.00639904586902,0.00893332918934
2016-04-26 15:30:00,-1.0,0.000682901313495,1.0,78.7930002128,0.0,85.0,99659.4107095,100221.942517,0.00561286074593,0.00893332918934
2016-04-26 16:00:00,-1.0,5.80795980891e-05,1.0,-68.0575424757,0.0,86.0,99591.353167,100221.942517,0.00629192902945,0.00893332918934
2016-04-26 16:30:00,-1.0,0.000943738656987,1.0,-5.78422576509,0.0,87.0,99585.5689412,100221.942517,0.00634964319483,0.00893332918934
2016-04-26 17:00:00,-1.0,0.000834058601683,1.0,-93.9827510879,0.0,88.0,99491.5861902,100221.942517,0.00728738944808,0.00893332918934
2016-04-26 17:30:00,-1.0,0.0,1.0,-82.9818132569,0.0,89.0,99408.6043769,100221.942517,0.00811536993991,0.00893332918934
