,signals,gainAhead,safef,trade,commission,numBars,equity,maxEquity,drawdown,maxDD
2016-04-13 22:30:00,1.0,-0.000539214118271,1.0,0.0,2.0,0.0,99998.0,100000.0,0.0,0.0
2016-04-13 23:00:00,1.0,7.31532239998e-05,1.0,-53.9203333988,0.0,1.0,99944.0796666,100000.0,0.000559203333988,0.000559203333988
2016-04-13 23:30:00,1.0,0.00047546117448,1.0,7.31123164731,0.0,2.0,99951.3908982,100000.0,0.000486091017515,0.000559203333988
2016-04-14 00:00:00,1.0,-0.00026046545634,1.0,47.5230057074,0.0,3.0,99998.913904,100000.0,1.08609604408e-05,0.000559203333988
2016-04-14 00:30:00,1.0,0.000260533316269,1.0,-26.0462627435,0.0,4.0,99972.8676412,100000.0,0.000271323587876,0.000559203333988
2016-04-14 01:00:00,1.0,0.000223908901064,1.0,26.0462627435,0.0,5.0,99998.913904,100000.0,1.08609604408e-05,0.000559203333988
2016-04-14 01:30:00,1.0,-0.000603048134206,1.0,22.3906469199,0.0,6.0,100021.304551,100021.304551,0.0,0.000559203333988
2016-04-14 02:00:00,1.0,0.000434273802776,1.0,-60.3176610902,0.0,7.0,99960.9868898,100021.304551,0.000603048134206,0.000603048134206
2016-04-14 02:30:00,1.0,-0.000328990957318,1.0,43.4104379059,0.0,8.0,100004.397328,100021.304551,0.000169036219436,0.000603048134206
2016-04-14 03:00:00,1.0,0.000575923648979,1.0,-32.9005424128,0.0,9.0,99971.4967853,100021.304551,0.000497971565367,0.000603048134206
2016-04-14 03:30:00,1.0,-4.56819168132e-05,1.0,57.5759492225,0.0,10.0,100029.072735,100029.072735,0.0,0.000603048134206
2016-04-14 04:00:00,1.0,-0.0012243313004,1.0,-4.56951977956,0.0,11.0,100024.503215,100029.072735,4.56819168132e-05,0.000603048134206
2016-04-14 04:30:00,1.0,-0.00107489010964,1.0,-122.463130092,0.0,12.0,99902.0400846,100029.072735,0.00126995728741,0.00126995728741
2016-04-14 05:00:00,1.0,-0.000196893659108,1.0,-107.38371482,0.0,13.0,99794.6563698,100029.072735,0.00234348233252,0.00234348233252
2016-04-14 05:30:00,1.0,-0.000403024515798,1.0,-19.6489350521,0.0,14.0,99775.0074348,100029.072735,0.00253991457482,0.00253991457482
2016-04-14 06:00:00,1.0,0.000568127150522,1.0,-40.2117740601,0.0,15.0,99734.7956607,100029.072735,0.00294191544277,0.00294191544277
2016-04-14 06:30:00,1.0,0.000164846486709,1.0,56.6620452666,0.0,16.0,99791.457706,100029.072735,0.00237545967429,0.00294191544277
2016-04-14 07:00:00,1.0,0.000173975945536,1.0,16.4502712064,0.0,17.0,99807.9079772,100029.072735,0.00221100477376,0.00294191544277
2016-04-14 07:30:00,1.0,0.000256341006779,1.0,17.3641751623,0.0,18.0,99825.2721523,100029.072735,0.00203741348987,0.00294191544277
2016-04-14 08:00:00,1.0,0.00125849484017,1.0,25.5893107655,0.0,19.0,99850.8614631,100029.072735,0.00178159475572,0.00294191544277
2016-04-14 08:30:00,1.0,0.000137117784177,1.0,125.661793938,0.0,20.0,99976.523257,100029.072735,0.000525342043352,0.00294191544277
2016-04-14 09:00:00,1.0,-0.000964262864455,1.0,13.7085593387,0.0,21.0,99990.2318164,100029.072735,0.000388296292912,0.00294191544277
2016-04-14 09:30:00,1.0,-0.003096853286,1.0,-96.4168673488,0.0,22.0,99893.814949,100029.072735,0.00135218473767,0.00294191544277
2016-04-14 10:00:00,1.0,0.000256960886882,1.0,-309.356489076,0.0,23.0,99584.4584599,100029.072735,0.00444485050593,0.00444485050593
2016-04-14 10:30:00,1.0,0.00127529955777,1.0,25.5893107655,0.0,24.0,99610.0477707,100029.072735,0.00418903177177,0.00444485050593
2016-04-14 11:00:00,1.0,0.000577277267188,1.0,127.032649872,0.0,25.0,99737.0804206,100029.072735,0.00291907448437,0.00444485050593
2016-04-14 11:30:00,1.0,0.000590680977325,1.0,57.5759492225,0.0,26.0,99794.6563698,100029.072735,0.00234348233252,0.00444485050593
2016-04-14 12:00:00,1.0,-0.000512536552551,1.0,58.9468051563,0.0,27.0,99853.603175,100029.072735,0.00175418560563,0.00444485050593
2016-04-14 12:30:00,1.0,-0.000347971008521,1.0,-51.1786215311,0.0,28.0,99802.4245534,100029.072735,0.00226582307394,0.00444485050593
2016-04-14 13:00:00,1.0,0.000403054050464,1.0,-34.7283503247,0.0,29.0,99767.6962031,100029.072735,0.00261300564172,0.00444485050593
2016-04-14 13:30:00,1.0,-0.00033879526236,1.0,40.2117740601,0.0,30.0,99807.9079772,100029.072735,0.00221100477376,0.00444485050593
2016-04-14 14:00:00,1.0,-0.000357229547463,1.0,-33.8144463688,0.0,31.0,99774.0935308,100029.072735,0.00254905095818,0.00444485050593
2016-04-14 14:30:00,1.0,0.000884230009759,1.0,-35.6422542806,0.0,32.0,99738.4512765,100029.072735,0.00290536990932,0.00444485050593
2016-04-14 15:00:00,1.0,0.00016478838425,1.0,88.1917317456,0.0,33.0,99826.6430083,100029.072735,0.00202370891483,0.00444485050593
2016-04-14 15:30:00,1.0,0.000329522467025,1.0,16.4502712064,0.0,34.0,99843.0932795,100029.072735,0.0018592540143,0.00444485050593
2016-04-14 16:00:00,1.0,0.00128562931784,1.0,32.9005424128,0.0,35.0,99875.9938219,100029.072735,0.00153034421324,0.00444485050593
2016-04-14 16:30:00,1.0,-0.000424946653202,1.0,128.403505806,0.0,36.0,100004.397328,100029.072735,0.000246682350791,0.00444485050593
2016-04-14 17:00:00,1.0,0.000155422887392,1.0,-42.4965339499,0.0,37.0,99961.9007937,100029.072735,0.000671524177154,0.00444485050593
2016-04-14 17:30:00,1.0,-9.59815715383e-05,1.0,15.5363672505,0.0,38.0,99977.437161,100029.072735,0.000516205659989,0.00444485050593
2016-04-14 18:00:00,1.0,0.000324540272705,1.0,-9.59599153709,0.0,39.0,99967.8411695,100029.072735,0.000612137685297,0.00444485050593
2016-04-14 18:30:00,1.0,-0.000105098655651,1.0,32.4435904349,0.0,40.0,100000.28476,100029.072735,0.000287796075923,0.00444485050593
2016-04-14 19:00:00,1.0,-0.000598668305769,1.0,-10.509895493,0.0,41.0,99989.7748644,100029.072735,0.000392864484593,0.00444485050593
2016-04-14 19:30:00,1.0,0.000269790752122,1.0,-59.8607091123,0.0,42.0,99929.9141553,100029.072735,0.000991297594847,0.00444485050593
2016-04-14 20:00:00,1.0,-0.000361147810027,1.0,26.9601666994,0.0,43.0,99956.874322,100029.072735,0.000721774285649,0.00444485050593
2016-04-14 20:30:00,1.0,0.00211279199517,1.0,-36.0992062585,0.0,44.0,99920.7751157,100029.072735,0.00108266142847,0.00444485050593
2016-04-14 21:00:00,1.0,0.000789485693424,1.0,211.111813816,0.0,45.0,100131.88693,100131.88693,0.0,0.00444485050593
2016-04-14 21:30:00,1.0,-0.000287273771905,1.0,79.0526921864,0.0,46.0,100210.939622,100210.939622,0.0,0.00444485050593
2016-04-14 22:00:00,1.0,0.000209815727057,1.0,-28.7879746112,0.0,47.0,100182.151647,100210.939622,0.000287273771905,0.00444485050593
2016-04-14 22:30:00,1.0,0.000223452477587,1.0,21.019790986,0.0,48.0,100203.171438,100210.939622,7.75183194029e-05,0.00444485050593
2016-04-14 23:00:00,1.0,0.000560786012264,1.0,22.3906469199,0.0,49.0,100225.562085,100225.562085,0.0,0.00444485050593
2016-04-14 23:30:00,1.0,-0.000410101249442,1.0,56.2050932886,0.0,50.0,100281.767178,100281.767178,0.0,0.00444485050593
2016-04-15 00:00:00,1.0,-0.000524233251887,1.0,-41.1256780161,0.0,51.0,100240.6415,100281.767178,0.000410101249442,0.00444485050593
2016-04-15 00:30:00,1.0,5.0170351147e-05,1.0,-52.549477465,0.0,52.0,100188.092023,100281.767178,0.000934119512618,0.00444485050593
2016-04-15 01:00:00,1.0,0.000123139229422,1.0,5.02647175753,0.0,53.0,100193.118495,100281.767178,0.000883996026575,0.00444485050593
2016-04-15 01:30:00,1.0,-0.000200646629365,1.0,12.3377034048,0.0,54.0,100205.456198,100281.767178,0.000760965651742,0.00444485050593
2016-04-15 02:00:00,1.0,-0.000228053291493,1.0,-20.1058870301,0.0,55.0,100185.350311,100281.767178,0.000961459595913,0.00444485050593
2016-04-15 02:30:00,1.0,-0.00142793925099,1.0,-22.8475988978,0.0,56.0,100162.502712,100281.767178,0.00118929362338,0.00444485050593
2016-04-15 03:00:00,1.0,-0.000799510242868,1.0,-143.0259691,0.0,57.0,100019.476743,100281.767178,0.00261553463533,0.00444485050593
2016-04-15 03:30:00,1.0,-4.57228554837e-05,1.0,-79.9665961423,0.0,58.0,99939.5101468,100281.767178,0.00341295373147,0.00444485050593
2016-04-15 04:00:00,1.0,-0.000420669504662,1.0,-4.56951977956,0.0,59.0,99934.940627,100281.767178,0.00345852053696,0.00444485050593
2016-04-15 04:30:00,1.0,-9.60627976232e-05,1.0,-42.039581972,0.0,60.0,99892.9010451,100281.767178,0.0038777351475,0.00444485050593
2016-04-15 05:00:00,1.0,0.00068622876122,1.0,-9.59599153709,0.0,61.0,99883.3050535,100281.767178,0.00397342543904,0.00444485050593
2016-04-15 05:30:00,1.0,-0.00100120693439,1.0,68.5427966934,0.0,62.0,99951.8478502,100281.767178,0.00328992335663,0.00444485050593
2016-04-15 06:00:00,1.0,-0.00115322835294,1.0,-100.072483172,0.0,63.0,99851.7753671,100281.767178,0.00428783639694,0.00444485050593
2016-04-15 06:30:00,1.0,-0.00100336746615,1.0,-115.151898445,0.0,64.0,99736.6234686,100281.767178,0.00543611989538,0.00543611989538
2016-04-15 07:00:00,1.0,-0.000504480705906,1.0,-100.072483172,0.0,65.0,99636.5509854,100281.767178,0.00643403293569,0.00643403293569
2016-04-15 07:30:00,1.0,-0.000679098450921,1.0,-50.2647175752,0.0,66.0,99586.2862679,100281.767178,0.00693526779612,0.00693526779612
2016-04-15 08:00:00,1.0,-0.00011479053024,1.0,-67.6288927375,0.0,67.0,99518.6573751,100281.767178,0.00760965651742,0.00760965651742
2016-04-15 08:30:00,1.0,0.000316858235788,1.0,-11.4237994489,0.0,68.0,99507.2335757,100281.767178,0.00772357353115,0.00772357353115
2016-04-15 09:00:00,-1.0,0.000555473943222,1.0,31.529686479,2.0,69.0,99536.7632622,100281.767178,0.00742910637815,0.00772357353115
2016-04-15 09:30:00,-1.0,-0.000100939193312,1.0,-55.2900783848,0.0,70.0,99481.4731838,100281.767178,0.00798045364636,0.00798045364636
2016-04-15 10:00:00,-1.0,-2.2943041605e-05,1.0,10.0415796527,0.0,71.0,99491.5147634,100281.767178,0.0078803199936,0.00798045364636
2016-04-15 10:30:00,-1.0,-0.00222093738241,1.0,2.28263796256,0.0,72.0,99493.7974014,100281.767178,0.00785755775051,0.00798045364636
2016-04-15 11:00:00,-1.0,0.000216149593915,1.0,220.969493967,0.0,73.0,99714.7668954,100281.767178,0.00565407151183,0.00798045364636
2016-04-15 11:30:00,-1.0,0.000790844594439,1.0,-21.5533063717,0.0,74.0,99693.213589,100281.767178,0.00586899898049,0.00798045364636
2016-04-15 12:00:00,-1.0,-0.000624824842301,1.0,-78.8418390691,0.0,75.0,99614.3717499,100281.767178,0.00665520210881,0.00798045364636
2016-04-15 12:30:00,-1.0,-0.000579243765084,1.0,62.2415341195,0.0,76.0,99676.613284,100281.767178,0.00603453560212,0.00798045364636
2016-04-15 13:00:00,-1.0,-0.00023919153262,1.0,57.7370567695,0.0,77.0,99734.3503408,100281.767178,0.00545878730415,0.00798045364636
2016-04-15 13:30:00,-1.0,-0.000115023441777,1.0,23.8556121128,0.0,78.0,99758.2059529,100281.767178,0.00522090146724,0.00798045364636
2016-04-15 14:00:00,-1.0,0.000179457210959,1.0,11.4745321942,0.0,79.0,99769.6804851,100281.767178,0.00510647855151,0.00798045364636
2016-04-15 14:30:00,-1.0,6.44089786117e-05,1.0,-17.9043885981,0.0,80.0,99751.7760965,100281.767178,0.00528501936807,0.00798045364636
2016-04-15 15:00:00,-1.0,0.000115008625647,1.0,-6.42491001308,0.0,81.0,99745.3511865,100281.767178,0.00534908794399,0.00798045364636
2016-04-15 15:30:00,-1.0,-0.000216191352346,1.0,-11.4715757546,0.0,82.0,99733.8796107,100281.767178,0.00546348137838,0.00798045364636
2016-04-15 16:00:00,-1.0,0.000354262421039,1.0,21.5616023077,0.0,83.0,99755.441213,100281.767178,0.00524847118346,0.00798045364636
2016-04-15 16:30:00,-1.0,-0.000266752518052,1.0,-35.3396041159,0.0,84.0,99720.1016089,100281.767178,0.00560087426839,0.00798045364636
2016-04-15 17:00:00,-1.0,0.000676260051893,1.0,26.6005882046,0.0,85.0,99746.7021971,100281.767178,0.00533561579766,0.00798045364636
2016-04-15 17:30:00,-1.0,-0.00448236705759,1.0,-67.4547100039,0.0,86.0,99679.2474871,100281.767178,0.00600826758573,0.00798045364636
2016-04-17 18:00:00,-1.0,-0.000914363824442,1.0,446.798975262,0.0,87.0,100126.046462,100281.767178,0.00155283178884,0.00798045364636
2016-04-17 18:30:00,-1.0,0.00170097898736,1.0,91.5516347696,0.0,88.0,100217.598097,100281.767178,0.000639887817612,0.00798045364636
2016-04-17 19:00:00,-1.0,0.0,1.0,-170.468028527,0.0,89.0,100047.130069,100281.767178,0.00233977836924,0.00798045364636
