,signals,gainAhead,safef,trade,commission,numBars,equity,maxEquity,drawdown,maxDD
2016-04-19 04:30:00,-1.0,-0.00163542880002,1.0,0.0,2.0,0.0,99998.0,100000.0,0.0,0.0
2016-04-19 05:00:00,-1.0,0.00102529049897,1.0,163.539609144,0.0,1.0,100161.539609,100161.539609,0.0,0.0
2016-04-19 05:30:00,-1.0,-0.000747577730425,1.0,-102.694674924,0.0,2.0,100058.844934,100161.539609,0.00102529049897,0.00102529049897
2016-04-19 06:00:00,-1.0,0.00308091072428,1.0,74.8017642048,0.0,3.0,100133.646698,100161.539609,0.000278479252894,0.00102529049897
2016-04-19 06:30:00,-1.0,0.00153278755917,1.0,-308.502825974,0.0,4.0,99825.1438725,100161.539609,0.00335853200746,0.00335853200746
2016-04-19 07:00:00,-1.0,-0.000768152739256,1.0,-153.01073862,0.0,5.0,99672.1331338,100161.539609,0.00488617165055,0.00488617165055
2016-04-19 07:30:00,-1.0,0.000140838458289,1.0,76.5634220943,0.0,6.0,99748.6965559,100161.539609,0.00412177223743,0.00488617165055
2016-04-19 08:00:00,-1.0,0.00068649079985,1.0,-14.0484526392,0.0,7.0,99734.6481033,100161.539609,0.00426203019167,0.00488617165055
2016-04-19 08:30:00,-1.0,0.000164175691443,1.0,-68.4669183492,0.0,8.0,99666.1811849,100161.539609,0.004945595147,0.004945595147
2016-04-19 09:00:00,-1.0,-0.000814881255972,1.0,-16.3627642096,0.0,9.0,99649.8184207,100161.539609,0.00510895889194,0.00510895889194
2016-04-19 09:30:00,-1.0,-0.000938757788756,1.0,81.2027691921,0.0,10.0,99731.0211899,100161.539609,0.00429824083081,0.00510895889194
2016-04-19 10:00:00,-1.0,0.00159151505186,1.0,93.6232729226,0.0,11.0,99824.6444628,100161.539609,0.00336351804911,0.00510895889194
2016-04-19 10:30:00,-1.0,0.000856058962527,1.0,-158.872424209,0.0,12.0,99665.7720386,100161.539609,0.00494968001137,0.00510895889194
2016-04-19 11:00:00,-1.0,0.000509681009989,1.0,-85.3197774108,0.0,13.0,99580.4522612,100161.539609,0.00580150175596,0.00580150175596
2016-04-19 11:30:00,-1.0,-0.000708505580213,1.0,-50.7542654836,0.0,14.0,99529.6979957,100161.539609,0.00630822585067,0.00630822585067
2016-04-19 12:00:00,-1.0,-0.00151176894545,1.0,70.5173464269,0.0,15.0,99600.2153422,100161.539609,0.00560418968368,0.00630822585067
2016-04-19 12:30:00,-1.0,-0.00138495214286,1.0,150.572512515,0.0,16.0,99750.7878547,100161.539609,0.00410089297815,0.00630822585067
2016-04-19 13:00:00,-1.0,0.000493632725499,1.0,138.150067391,0.0,17.0,99888.9379221,100161.539609,0.00272162037581,0.00630822585067
2016-04-19 13:30:00,-1.0,0.000276062989351,1.0,-49.3084486737,0.0,18.0,99839.6294734,100161.539609,0.00321390962042,0.00630822585067
2016-04-19 14:00:00,-1.0,0.0012155163302,1.0,-27.5620265681,0.0,19.0,99812.0674468,100161.539609,0.00348908536828,0.00630822585067
2016-04-19 14:30:00,-1.0,0.000357760769479,1.0,-121.323197932,0.0,20.0,99690.7442489,100161.539609,0.00470036065823,0.00630822585067
2016-04-19 15:00:00,-1.0,0.000633185980794,1.0,-35.6654373724,0.0,21.0,99655.0788115,100161.539609,0.00505643982306,0.00630822585067
2016-04-19 15:30:00,-1.0,0.000339829147966,1.0,-63.1001988183,0.0,22.0,99591.9786127,100161.539609,0.00568642413705,0.00630822585067
2016-04-19 16:00:00,-1.0,-0.000122999789143,1.0,-33.8442572362,0.0,23.0,99558.1343555,100161.539609,0.00602432087234,0.00630822585067
2016-04-19 16:30:00,-1.0,0.000345613346533,1.0,12.2456295332,0.0,24.0,99570.379985,100161.539609,0.0059020620734,0.00630822585067
2016-04-19 17:00:00,-1.0,-0.000720267025824,1.0,-34.4128522422,0.0,25.0,99535.9671328,100161.539609,0.00624563558851,0.00630822585067
2016-04-19 17:30:00,-1.0,0.000744226385462,1.0,71.6924750093,0.0,26.0,99607.6596078,100161.539609,0.00552986708805,0.00630822585067
2016-04-19 18:00:00,-1.0,-1.75670769556e-05,1.0,-74.1306484743,0.0,27.0,99533.5289593,100161.539609,0.00626997800052,0.00630822585067
2016-04-19 18:30:00,-1.0,-0.000813955531091,1.0,1.74851316289,0.0,28.0,99535.2774725,100161.539609,0.00625252106875,0.00630822585067
2016-04-19 19:00:00,-1.0,-0.000504008626752,1.0,81.0172896374,0.0,29.0,99616.2947621,100161.539609,0.00544365481177,0.00630822585067
2016-04-19 19:30:00,-1.0,-0.000404582927773,1.0,50.2074719252,0.0,30.0,99666.502234,100161.539609,0.004942389834,0.00630822585067
2016-04-19 20:00:00,-1.0,-0.000926811241399,1.0,40.3233652747,0.0,31.0,99706.8255993,100161.539609,0.00453980651278,0.00630822585067
2016-04-19 20:30:00,-1.0,-0.00154416125036,1.0,92.4094068097,0.0,32.0,99799.2350061,100161.539609,0.00361720281509,0.00630822585067
2016-04-19 21:00:00,-1.0,0.000382227031096,1.0,154.106111512,0.0,33.0,99953.3411176,100161.539609,0.00207862710915,0.00630822585067
2016-04-19 21:30:00,-1.0,-0.00182223241105,1.0,-38.2048688235,0.0,34.0,99915.1362488,100161.539609,0.00246005963278,0.00630822585067
2016-04-19 22:00:00,-1.0,-6.4777900136e-05,1.0,182.068599627,0.0,35.0,100097.204848,100161.539609,0.000642310022123,0.00630822585067
2016-04-19 22:30:00,-1.0,0.000488810365135,1.0,6.48408673956,0.0,36.0,100103.688935,100161.539609,0.000577573729482,0.00630822585067
2016-04-19 23:00:00,-1.0,8.82960625842e-05,1.0,-48.9317207398,0.0,37.0,100054.757214,100161.539609,0.00106610177059,0.00630822585067
2016-04-19 23:30:00,-1.0,-0.000818137941589,1.0,-8.83444110485,0.0,38.0,100045.922773,100161.539609,0.00115430370059,0.00630822585067
2016-04-20 00:00:00,-1.0,-0.00159638075154,1.0,81.8513653221,0.0,39.0,100127.774139,100161.539609,0.000337110138652,0.00630822585067
2016-04-20 00:30:00,-1.0,0.00150453129425,1.0,159.842051329,0.0,40.0,100287.61619,100287.61619,0.0,0.00630822585067
2016-04-20 01:00:00,-1.0,-0.000182629033303,1.0,-150.885856984,0.0,41.0,100136.730333,100287.61619,0.00150453129425,0.00630822585067
2016-04-20 01:30:00,-1.0,-0.00204464033186,1.0,18.2878742589,0.0,42.0,100155.018207,100287.61619,0.00132217703204,0.00630822585067
2016-04-20 02:00:00,-1.0,-0.000625867209872,1.0,204.780989664,0.0,43.0,100359.799197,100359.799197,0.0,0.00630822585067
2016-04-20 02:30:00,-1.0,0.00099846980072,1.0,62.8119075067,0.0,44.0,100422.611104,100422.611104,0.0,0.00630822585067
2016-04-20 03:00:00,-1.0,0.00125126897561,1.0,-100.268944497,0.0,45.0,100322.34216,100422.611104,0.00099846980072,0.00630822585067
2016-04-20 03:30:00,-1.0,-0.000406743692525,1.0,-125.530234305,0.0,46.0,100196.811926,100422.611104,0.00224848942205,0.00630822585067
2016-04-20 04:00:00,-1.0,0.00118534419211,1.0,40.7544212619,0.0,47.0,100237.566347,100422.611104,0.00184266028841,0.00630822585067
2016-04-20 04:30:00,-1.0,0.00184364912942,1.0,-118.8160171,0.0,48.0,100118.75033,100422.611104,0.00302582029385,0.00630822585067
2016-04-20 05:00:00,-1.0,0.00102301790281,1.0,-184.583846884,0.0,49.0,99934.1664829,100422.611104,0.00486389087232,0.00630822585067
2016-04-20 05:30:00,-1.0,0.000240809590095,1.0,-102.234441415,0.0,50.0,99831.9320415,100422.611104,0.00588193292769,0.00630822585067
2016-04-20 06:00:00,-1.0,0.0025660598943,1.0,-24.0404866333,0.0,51.0,99807.8915548,100422.611104,0.00612132609193,0.00630822585067
2016-04-20 06:30:00,-1.0,0.000292848064567,1.0,-256.113027654,0.0,52.0,99551.7785272,100422.611104,0.00867167829685,0.00867167829685
2016-04-20 07:00:00,-1.0,-0.000983681427743,1.0,-29.1535456659,0.0,53.0,99522.6249815,100422.611104,0.00896198687721,0.00896198687721
2016-04-20 07:30:00,-1.0,0.00129528364367,1.0,97.8985578346,0.0,54.0,99620.5235394,100422.611104,0.00798712118952,0.00896198687721
2016-04-20 08:00:00,-1.0,-0.000620463591665,1.0,-129.036834715,0.0,55.0,99491.4867046,100422.611104,0.00927205924575,0.00927205924575
2016-04-20 08:30:00,-1.0,0.000392423301744,1.0,61.7308451808,0.0,56.0,99553.2175498,100422.611104,0.00865734862927,0.00927205924575
2016-04-20 09:00:00,-1.0,5.26928999246e-05,1.0,-39.0670023302,0.0,57.0,99514.1505475,100422.611104,0.00904637458568,0.00927205924575
2016-04-20 09:30:00,-1.0,-0.000936713307183,1.0,-5.24368917588,0.0,58.0,99508.9068583,100422.611104,0.00909859080589,0.00927205924575
2016-04-20 10:00:00,-1.0,-0.000509815411661,1.0,93.2113172375,0.0,59.0,99602.1181756,100422.611104,0.0081704002698,0.00927205924575
2016-04-20 10:30:00,-1.0,-0.00115499844632,1.0,50.77869488,0.0,60.0,99652.8968704,100422.611104,0.00766475025411,0.00927205924575
2016-04-20 11:00:00,-1.0,0.00140286207342,1.0,115.098941057,0.0,61.0,99767.9958115,100422.611104,0.00651860458242,0.00927205924575
2016-04-20 11:30:00,-1.0,0.00282523958852,1.0,-139.960737465,0.0,62.0,99628.035074,100422.611104,0.0079123219527,0.00927205924575
2016-04-20 12:00:00,-1.0,0.000683862596223,1.0,-281.473068818,0.0,63.0,99346.5620052,100422.611104,0.010715207336,0.010715207336
2016-04-20 12:30:00,-1.0,-0.00029789023621,1.0,-67.9393978187,0.0,64.0,99278.6226074,100422.611104,0.0113917422027,0.0113917422027
2016-04-20 13:00:00,-1.0,0.000911465180277,1.0,29.5741323391,0.0,65.0,99308.1967397,100422.611104,0.0110972454553,0.0113917422027
2016-04-20 13:30:00,-1.0,0.000642114541559,1.0,-90.5159634444,0.0,66.0,99217.6807763,100422.611104,0.0119985958827,0.0119985958827
2016-04-20 14:00:00,-1.0,-0.000169176112333,1.0,-63.7091156063,0.0,67.0,99153.9716607,100422.611104,0.0126330059514,0.0126330059514
2016-04-20 14:30:00,-1.0,0.000618472489643,1.0,16.7744834479,0.0,68.0,99170.7461441,100422.611104,0.0124659670419,0.0126330059514
2016-04-20 15:00:00,-1.0,-0.00134113915193,1.0,-61.3343782676,0.0,69.0,99109.4117659,100422.611104,0.0130767296739,0.0130767296739
2016-04-20 15:30:00,-1.0,-0.000829119615101,1.0,132.919512444,0.0,70.0,99242.3312783,100422.611104,0.0117531282361,0.0130767296739
2016-04-20 16:00:00,-1.0,-0.00047918468479,1.0,82.2837635112,0.0,71.0,99324.6150418,100422.611104,0.0109337533701,0.0130767296739
2016-04-20 16:30:00,-1.0,0.000356637551011,1.0,47.5948343507,0.0,72.0,99372.2098762,100422.611104,0.0104598079725,0.0130767296739
2016-04-20 17:00:00,-1.0,0.000730554110682,1.0,-35.4398615688,0.0,73.0,99336.7700146,100422.611104,0.0108127151632,0.0130767296739
2016-04-20 17:30:00,-1.0,9.34426612473e-05,1.0,-72.570885676,0.0,74.0,99264.1991289,100422.611104,0.0115353700004,0.0130767296739
2016-04-20 18:00:00,-1.0,-0.00114456564902,1.0,-9.27551093319,0.0,75.0,99254.923618,100422.611104,0.011627734766,0.0130767296739
2016-04-20 18:30:00,-1.0,0.000327393480193,1.0,113.603776069,0.0,76.0,99368.5273941,100422.611104,0.0104964778227,0.0130767296739
2016-04-20 19:00:00,-1.0,0.000198709556761,1.0,-32.5326080052,0.0,77.0,99335.994786,100422.611104,0.0108204348245,0.0130767296739
2016-04-20 19:30:00,-1.0,0.00137900407858,1.0,-19.7390114943,0.0,78.0,99316.2557746,100422.611104,0.0110169942575,0.0130767296739
2016-04-20 20:00:00,-1.0,0.000157550153465,1.0,-136.957521782,0.0,79.0,99179.2982528,100422.611104,0.0123808058561,0.0130767296739
2016-04-20 20:30:00,-1.0,-0.00212367489105,1.0,-15.6257136603,0.0,80.0,99163.6725391,100422.611104,0.0125364054117,0.0130767296739
2016-04-20 21:00:00,-1.0,0.000280641030888,1.0,210.591401475,0.0,81.0,99374.2639406,100422.611104,0.01043935377,0.0130767296739
2016-04-20 21:30:00,-1.0,-0.00057281468276,1.0,-27.888495876,0.0,82.0,99346.3754447,100422.611104,0.0107170650899,0.0130767296739
2016-04-20 22:00:00,-1.0,0.00188903249955,1.0,56.9070625337,0.0,83.0,99403.2825072,100422.611104,0.0101503892994,0.0130767296739
2016-04-20 22:30:00,-1.0,-0.00127838421575,1.0,-187.776031218,0.0,84.0,99215.506476,100422.611104,0.0120202473836,0.0130767296739
2016-04-20 23:00:00,-1.0,0.000175345284089,1.0,126.835537437,0.0,85.0,99342.3420135,100422.611104,0.0107572296624,0.0130767296739
2016-04-20 23:30:00,-1.0,0.00202196106848,1.0,-17.4192111824,0.0,86.0,99324.9228023,100422.611104,0.010930688717,0.0130767296739
2016-04-21 00:00:00,-1.0,0.000664850962576,1.0,-200.831127036,0.0,87.0,99124.0916752,100422.611104,0.0129305483585,0.0130767296739
2016-04-21 00:30:00,-1.0,-0.00023895419656,1.0,-65.9027477647,0.0,88.0,99058.1889275,100422.611104,0.0135868024335,0.0135868024335
2016-04-21 01:00:00,-1.0,0.0,1.0,23.6703699479,0.0,89.0,99081.8592974,100422.611104,0.0133510948604,0.0135868024335
