,signals,gainAhead,safef,trade,commission,numBars,equity,maxEquity,drawdown,maxDD
2016-04-15 11:30:00,-1.0,0.000137352574903,1.0,0.0,2.0,0.0,99998.0,100000.0,0.0,0.0
2016-04-15 12:00:00,-1.0,-4.12001135293e-05,1.0,-13.7349827852,0.0,1.0,99984.2650172,100000.0,0.000157349827852,0.000157349827852
2016-04-15 12:30:00,-1.0,-0.000434908005512,1.0,4.11936306985,0.0,2.0,99988.3843803,100000.0,0.000116156197153,0.000157349827852
2016-04-15 13:00:00,-1.0,-0.000279378223155,1.0,43.4857488252,0.0,3.0,100031.870129,100031.870129,0.0,0.000157349827852
2016-04-15 13:30:00,-1.0,5.03937585041e-05,1.0,27.9467261355,0.0,4.0,100059.816855,100059.816855,0.0,0.000157349827852
2016-04-15 14:00:00,-1.0,0.000316090374361,1.0,-5.04239024657,0.0,5.0,100054.774465,100059.816855,5.03937585041e-05,0.000157349827852
2016-04-15 14:30:00,-1.0,-2.74774341572e-05,1.0,-31.6263511172,0.0,6.0,100023.148114,100059.816855,0.000366468203883,0.000366468203883
2016-04-15 15:00:00,-1.0,0.000476288612581,1.0,2.74837946649,0.0,7.0,100025.896493,100059.816855,0.000339000839332,0.000366468203883
2016-04-15 15:30:00,-1.0,-2.74651078692e-05,1.0,-47.6411954629,0.0,8.0,99978.2552979,100059.816855,0.000815127989673,0.000815127989673
2016-04-15 16:00:00,-1.0,4.57764370367e-05,1.0,2.74591356633,0.0,9.0,99981.0012115,100059.816855,0.000787685269382,0.000815127989673
2016-04-15 16:30:00,-1.0,0.000109858419961,1.0,-4.57677400682,0.0,10.0,99976.4244374,100059.816855,0.000833425648994,0.000833425648994
2016-04-15 17:00:00,-1.0,-0.000192231116726,1.0,-10.9832520221,0.0,11.0,99965.4411854,100059.816855,0.00094319251013,0.00094319251013
2016-04-15 17:30:00,-1.0,-0.000494403625627,1.0,19.216468393,0.0,12.0,99984.6576538,100059.816855,0.000751142704354,0.00094319251013
2016-04-17 18:00:00,-1.0,-0.000119081969616,1.0,49.4327772511,0.0,13.0,100034.090431,100059.816855,0.000257110446404,0.00094319251013
2016-04-17 18:30:00,-1.0,0.000462642743609,1.0,11.9122565173,0.0,14.0,100046.002688,100059.816855,0.000138059094006,0.00094319251013
2016-04-17 19:00:00,-1.0,7.78345512152e-05,1.0,-46.2855571705,0.0,15.0,99999.7171304,100059.816855,0.000600637965577,0.00094319251013
2016-04-17 19:30:00,-1.0,-0.000173969573637,1.0,-7.7834331045,0.0,16.0,99991.9336973,100059.816855,0.000678425766406,0.00094319251013
2016-04-17 21:00:00,-1.0,0.000178578787587,1.0,17.3955540725,0.0,17.0,100009.329251,100059.816855,0.00050457421821,0.00094319251013
2016-04-17 21:30:00,-1.0,-0.000334203177219,1.0,-17.8595447651,0.0,18.0,99991.4697066,100059.816855,0.000683062899545,0.00094319251013
2016-04-17 22:00:00,-1.0,0.000132810031279,1.0,33.4174668708,0.0,19.0,100024.887173,100059.816855,0.000349088004117,0.00094319251013
2016-04-17 22:30:00,-1.0,-0.000384640041028,1.0,-13.2843083942,0.0,20.0,100011.602865,100059.816855,0.000481851673007,0.00094319251013
2016-04-17 23:00:00,-1.0,8.70353913386e-05,1.0,38.4684670293,0.0,21.0,100050.071332,100059.816855,9.73969714266e-05,0.00094319251013
2016-04-17 23:30:00,-1.0,9.16082282517e-06,1.0,-8.70789711184,0.0,22.0,100041.363435,100059.816855,0.000184423885782,0.00094319251013
2016-04-18 00:00:00,-1.0,1.37411083577e-05,1.0,-0.916461205616,0.0,23.0,100040.446974,100059.816855,0.000193583019132,0.00094319251013
2016-04-18 00:30:00,-1.0,-8.24455172539e-05,1.0,-1.37466662202,0.0,24.0,100039.072307,100059.816855,0.000207321467445,0.00094319251013
2016-04-18 01:00:00,-1.0,9.16136834204e-06,1.0,8.24777306197,0.0,25.0,100047.32008,100059.816855,0.000124893042917,0.00094319251013
2016-04-18 01:30:00,-1.0,-0.000256515963538,1.0,-0.916570350889,0.0,26.0,100046.40351,100059.816855,0.000134053267067,0.00094319251013
2016-04-18 02:00:00,-1.0,0.000137454525461,1.0,25.6634995949,0.0,27.0,100072.067009,100072.067009,0.0,0.00094319251013
2016-04-18 02:30:00,-1.0,-0.000219897014898,1.0,-13.7553584827,0.0,28.0,100058.311651,100072.067009,0.000137454525461,0.00094319251013
2016-04-18 03:00:00,-1.0,1.8328781686e-05,1.0,22.0025240478,0.0,29.0,100080.314175,100080.314175,0.0,0.00094319251013
2016-04-18 03:30:00,-1.0,-9.1642228739e-05,1.0,-1.83435022958,0.0,30.0,100078.479825,100080.314175,1.83287816859e-05,0.00094319251013
2016-04-18 04:00:00,-1.0,0.000444505544863,1.0,9.17141493996,0.0,31.0,100087.65124,100087.65124,0.0,0.00094319251013
2016-04-18 04:30:00,-1.0,-0.000224444271404,1.0,-44.4895159484,0.0,32.0,100043.161724,100087.65124,0.000444505544863,0.00094319251013
2016-04-18 05:00:00,-1.0,-0.000352777319625,1.0,22.454114542,0.0,33.0,100065.615838,100087.65124,0.000220161040183,0.00094319251013
2016-04-18 05:30:00,-1.0,5.95808259738e-05,1.0,35.3008797421,0.0,34.0,100100.916718,100100.916718,0.0,0.00094319251013
2016-04-18 06:00:00,-1.0,0.000164983226705,1.0,-5.96409529879,0.0,35.0,100094.952623,100100.916718,5.95808259738e-05,0.00094319251013
2016-04-18 06:30:00,-1.0,-0.000242851906158,1.0,-16.5139882606,0.0,36.0,100078.438635,100100.916718,0.000224554222842,0.00094319251013
2016-04-18 07:00:00,-1.0,0.000307076040277,1.0,24.3042395877,0.0,37.0,100102.742874,100102.742874,0.0,0.00094319251013
2016-04-18 07:30:00,-1.0,-0.000169527248069,1.0,-30.7391539027,0.0,38.0,100072.00372,100102.742874,0.000307076040277,0.00094319251013
2016-04-18 08:00:00,-1.0,0.00016039080365,1.0,16.9649313994,0.0,39.0,100088.968652,100102.742874,0.000137600849965,0.00094319251013
2016-04-18 08:30:00,-1.0,0.00034363946264,1.0,-16.0533501185,0.0,40.0,100072.915302,100102.742874,0.000297969583704,0.00094319251013
2016-04-18 09:00:00,-1.0,9.16057107e-05,1.0,-34.389002839,0.0,41.0,100038.526299,100102.742874,0.000641506652235,0.00094319251013
2016-04-18 09:30:00,-1.0,-0.000448826867326,1.0,-9.16410029897,0.0,42.0,100029.362198,100102.742874,0.000733053597263,0.00094319251013
2016-04-18 10:00:00,-1.0,0.000678124527489,1.0,44.8958652761,0.0,43.0,100074.258064,100102.742874,0.000284555744086,0.00094319251013
2016-04-18 10:30:00,-1.0,-0.000714295526037,1.0,-67.8628089632,0.0,44.0,100006.395255,100102.742874,0.000962487307346,0.000962487307346
2016-04-18 11:00:00,-1.0,-2.74925426478e-05,1.0,71.4341207056,0.0,45.0,100077.829375,100102.742874,0.000248879281686,0.000962487307346
2016-04-18 11:30:00,-1.0,-0.000339084014938,1.0,2.7513939922,0.0,46.0,100080.580769,100102.742874,0.000221393581362,0.000962487307346
2016-04-18 12:00:00,-1.0,0.000293361324893,1.0,33.9357251446,0.0,47.0,100114.516495,100114.516495,0.0,0.000962487307346
2016-04-18 12:30:00,-1.0,-0.000109978233475,1.0,-29.3697271999,0.0,48.0,100085.146767,100114.516495,0.000293361324893,0.000962487307346
2016-04-18 13:00:00,-1.0,-0.000334553920468,1.0,11.0071876385,0.0,49.0,100096.153955,100114.516495,0.000183415354779,0.000962487307346
2016-04-18 13:30:00,-1.0,0.000174209638377,1.0,33.4875607294,0.0,50.0,100129.641516,100129.641516,0.0,0.000962487307346
2016-04-18 14:00:00,-1.0,0.000210848619858,1.0,-17.4435486393,0.0,51.0,100112.197967,100129.641516,0.000174209638377,0.000962487307346
2016-04-18 14:30:00,-1.0,0.000284127362382,1.0,-21.1085187723,0.0,52.0,100091.089448,100129.641516,0.000385021526374,0.000962487307346
2016-04-18 15:00:00,-1.0,-4.12325792353e-05,1.0,-28.4386172428,0.0,53.0,100062.650831,100129.641516,0.000669039493605,0.000962487307346
2016-04-18 15:30:00,-1.0,7.33053856549e-05,1.0,4.12584117889,0.0,54.0,100066.776672,100129.641516,0.000627834500593,0.000962487307346
2016-04-18 16:00:00,-1.0,-0.000224481287881,1.0,-7.3354336552,0.0,55.0,100059.441239,100129.641516,0.000701093862598,0.000962487307346
2016-04-18 16:30:00,-1.0,0.00019703801459,1.0,22.4614722339,0.0,56.0,100081.902711,100129.641516,0.00047676995717,0.000962487307346
2016-04-18 17:00:00,-1.0,-0.000201580574963,1.0,-19.7199394065,0.0,57.0,100062.182771,100129.641516,0.000673714029954,0.000962487307346
2016-04-18 17:30:00,-1.0,-3.2076102845e-05,1.0,20.1705923351,0.0,58.0,100082.353364,100129.641516,0.000472269262653,0.000962487307346
2016-04-18 18:00:00,-1.0,0.000151220763986,1.0,3.21025185946,0.0,59.0,100085.563616,100129.641516,0.000440208308366,0.000962487307346
2016-04-18 18:30:00,-1.0,-0.000164943163335,1.0,-15.1350153939,0.0,60.0,100070.4286,100129.641516,0.000591362503714,0.000962487307346
2016-04-18 19:00:00,-1.0,0.000169552884461,1.0,16.5059330496,0.0,61.0,100086.934533,100129.641516,0.000426516881582,0.000962487307346
2016-04-18 19:30:00,-1.0,-0.000174105874699,1.0,-16.970028447,0.0,62.0,100069.964505,100129.641516,0.000595997448875,0.000962487307346
2016-04-18 20:00:00,-1.0,-0.000247456695078,1.0,17.4227687012,0.0,63.0,100087.387273,100129.641516,0.000421995340833,0.000962487307346
2016-04-18 20:30:00,-1.0,-7.33386503854e-05,1.0,24.7672940737,0.0,64.0,100112.154568,100129.641516,0.000174643071328,0.000962487307346
2016-04-18 21:00:00,-1.0,0.000197112078845,1.0,7.34209030316,0.0,65.0,100119.496658,100129.641516,0.000101317229029,0.000962487307346
2016-04-18 21:30:00,-1.0,-9.16619689907e-05,1.0,-19.7347621191,0.0,66.0,100099.761896,100129.641516,0.000298409337024,0.000962487307346
2016-04-18 22:00:00,-1.0,9.62538902614e-05,1.0,9.17534127087,0.0,67.0,100108.937237,100129.641516,0.000206774720821,0.000962487307346
2016-04-18 22:30:00,-1.0,-0.000123743091011,1.0,-9.635874659,0.0,68.0,100099.301362,100129.641516,0.000303008708211,0.000962487307346
2016-04-18 23:00:00,-1.0,-1.83345785569e-05,1.0,12.3865969586,0.0,69.0,100111.687959,100129.641516,0.000179303112435,0.000962487307346
2016-04-18 23:30:00,-1.0,2.75023720798e-05,1.0,1.83550560736,0.0,70.0,100113.523465,100129.641516,0.000160971821325,0.000962487307346
2016-04-19 00:00:00,-1.0,-2.75016157201e-05,1.0,-2.75335937255,0.0,71.0,100110.770106,100129.641516,0.000188469766298,0.000962487307346
2016-04-19 00:30:00,-1.0,-4.58372867992e-05,1.0,2.75320792889,0.0,72.0,100113.523313,100129.641516,0.000160973333801,0.000962487307346
2016-04-19 01:00:00,-1.0,0.000385050858801,1.0,4.5889322806,0.0,73.0,100118.112246,100129.641516,0.000115143425582,0.000962487307346
2016-04-19 01:30:00,-1.0,-2.29108721252e-05,1.0,-38.5505651018,0.0,74.0,100079.561681,100129.641516,0.000500149948309,0.000962487307346
2016-04-19 02:00:00,-1.0,8.24810293632e-05,1.0,2.29291004001,0.0,75.0,100081.854591,100129.641516,0.000477250535055,0.000962487307346
2016-04-19 02:30:00,-1.0,-0.000655211912944,1.0,-8.25485438722,0.0,76.0,100073.599736,100129.641516,0.000559692200303,0.000962487307346
2016-04-19 03:00:00,-1.0,0.000421811312796,1.0,65.5694147184,0.0,77.0,100139.169151,100139.169151,0.0,0.000962487307346
2016-04-19 03:30:00,-1.0,0.000288727262728,1.0,-42.2398344019,0.0,78.0,100096.929317,100139.169151,0.000421811312796,0.000962487307346
2016-04-19 04:00:00,-1.0,-4.5816495771e-05,1.0,-28.9007124091,0.0,79.0,100068.028604,100139.169151,0.000710416787098,0.000962487307346
2016-04-19 04:30:00,-1.0,-0.000201601818082,1.0,4.58476640936,0.0,80.0,100072.613371,100139.169151,0.000664632840135,0.000962487307346
2016-04-19 05:00:00,-1.0,0.000930305030063,1.0,20.1748207957,0.0,81.0,100092.788191,100139.169151,0.000463165013242,0.000962487307346
2016-04-19 05:30:00,-1.0,-6.86778596317e-05,1.0,-93.1168243275,0.0,82.0,99999.6713671,100139.169151,0.00139303915856,0.00139303915856
2016-04-19 06:00:00,-1.0,-0.000393780105863,1.0,6.86776339336,0.0,83.0,100006.53913,100139.169151,0.00132445696988,0.00139303915856
2016-04-19 06:30:00,-1.0,0.000224451468096,1.0,39.3805855658,0.0,84.0,100045.919716,100139.169151,0.000931198408823,0.00139303915856
2016-04-19 07:00:00,-1.0,0.000334311844256,1.0,-22.4554535573,0.0,85.0,100023.464263,100139.169151,0.00115544086807,0.00139303915856
2016-04-19 07:30:00,-1.0,-1.83123351891e-05,1.0,-33.4390288065,0.0,86.0,99990.0252337,100139.169151,0.00148936643476,0.00148936643476
2016-04-19 08:00:00,-1.0,0.000201439375904,1.0,1.83105085765,0.0,87.0,99991.8562846,100139.169151,0.00147108137335,0.00148936643476
2016-04-19 08:30:00,-1.0,-0.000526383243619,1.0,-20.1422971255,0.0,88.0,99971.7139874,100139.169151,0.00167222441554,0.00167222441554
2016-04-19 09:00:00,-1.0,0.0,1.0,52.6234350789,0.0,89.0,100024.337423,100139.169151,0.00114672140283,0.00167222441554
