,signals,gainAhead,safef,trade,commission,numBars,equity,maxEquity,drawdown,maxDD
2016-04-19 04:30:00,-1.0,-0.000485417256583,1.0,0.0,2.0,0.0,99998.0,100000.0,0.0,0.0
2016-04-19 05:00:00,-1.0,0.00249301873811,1.0,48.5407548238,0.0,1.0,100046.540755,100046.540755,0.0,0.0
2016-04-19 05:30:00,-1.0,0.000581334323755,1.0,-249.417900785,0.0,2.0,99797.122854,100046.540755,0.00249301873811,0.00249301873811
2016-04-19 06:00:00,-1.0,5.24510792818e-05,1.0,-58.015492927,0.0,3.0,99739.1073611,100046.540755,0.0030729037845,0.0030729037845
2016-04-19 06:30:00,-1.0,0.000770586977484,1.0,-5.2314238277,0.0,4.0,99733.8759373,100046.540755,0.00312519368667,0.00312519368667
2016-04-19 07:00:00,-1.0,-0.000503922532997,1.0,-76.8536260112,0.0,5.0,99657.0223113,100046.540755,0.00389337243059,0.00389337243059
2016-04-19 07:30:00,-1.0,-0.000185536988412,1.0,50.219419114,0.0,6.0,99707.2417304,100046.540755,0.00339141185569,0.00389337243059
2016-04-19 08:00:00,-1.0,0.00149667383403,1.0,18.4993813535,0.0,7.0,99725.7411117,100046.540755,0.00320650409962,0.00389337243059
2016-04-19 08:30:00,-1.0,-0.000600191739106,1.0,-149.256907301,0.0,8.0,99576.4842044,100046.540755,0.00469837884286,0.00469837884286
2016-04-19 09:00:00,-1.0,3.22444126479e-05,1.0,59.7649832287,0.0,9.0,99636.2491877,100046.540755,0.00410100703193,0.00469837884286
2016-04-19 09:30:00,-1.0,0.000572319870382,1.0,-3.2127123335,0.0,10.0,99633.0364753,100046.540755,0.00413311921001,0.00469837884286
2016-04-19 10:00:00,-1.0,0.000257799440092,1.0,-57.0219665213,0.0,11.0,99576.0145088,100046.540755,0.00470307361414,0.00470307361414
2016-04-19 10:30:00,-1.0,0.00107522984548,1.0,-25.6706407869,0.0,12.0,99550.343868,100046.540755,0.00495966060449,0.00495966060449
2016-04-19 11:00:00,-1.0,0.000551117118422,1.0,-107.039500855,0.0,13.0,99443.3043672,100046.540755,0.00602955767487,0.00602955767487
2016-04-19 11:30:00,-1.0,-0.00028947865698,1.0,-54.8049073492,0.0,14.0,99388.4994598,100046.540755,0.00657735180084,0.00657735180084
2016-04-19 12:00:00,-1.0,-0.00119846692754,1.0,28.7708493429,0.0,15.0,99417.2703092,100046.540755,0.00628977714682,0.00657735180084
2016-04-19 12:30:00,-1.0,-0.000942207261438,1.0,119.148310492,0.0,16.0,99536.4186197,100046.540755,0.00509884830917,0.00657735180084
2016-04-19 13:00:00,-1.0,0.000689185431184,1.0,93.783936401,0.0,17.0,99630.2025561,100046.540755,0.00416144521964,0.00657735180084
2016-04-19 13:30:00,-1.0,-0.00022151516372,1.0,-68.6636841076,0.0,18.0,99561.538872,100046.540755,0.0048477626434,0.00657735180084
2016-04-19 14:00:00,-1.0,-8.45972566318e-05,1.0,22.0543905834,0.0,19.0,99583.5932625,100046.540755,0.00462732133262,0.00657735180084
2016-04-19 14:30:00,-1.0,0.00023366933372,1.0,8.42449879554,0.0,20.0,99592.0177613,100046.540755,0.00454311553468,0.00657735180084
2016-04-19 15:00:00,-1.0,0.000100696010827,1.0,-23.2716004341,0.0,21.0,99568.7461609,100046.540755,0.00477572328162,0.00657735180084
2016-04-19 15:30:00,-1.0,0.000104713307048,1.0,-10.0261755414,0.0,22.0,99558.7199854,100046.540755,0.00487593839616,0.00657735180084
2016-04-19 16:00:00,-1.0,-0.000930240050257,1.0,-10.4251228151,0.0,23.0,99548.2948625,100046.540755,0.00498014112757,0.00657735180084
2016-04-19 16:30:00,-1.0,-2.82153394709e-05,1.0,92.6038108159,0.0,24.0,99640.8986734,100046.540755,0.00405453380405,0.00657735180084
2016-04-19 17:00:00,-1.0,-2.82161355987e-05,1.0,2.81140178125,0.0,25.0,99643.7100751,100046.540755,0.00402643286463,0.00657735180084
2016-04-19 17:30:00,-1.0,0.000745733196817,1.0,2.81156043504,0.0,26.0,99646.5216356,100046.540755,0.0039983303394,0.00657735180084
2016-04-19 18:00:00,-1.0,-0.000406826631435,1.0,-74.309719131,0.0,27.0,99572.2119164,100046.540755,0.00474108184856,0.00657735180084
2016-04-19 18:30:00,-1.0,0.000149096154931,1.0,40.5086275585,0.0,28.0,99612.720544,100046.540755,0.00433618401548,0.00657735180084
2016-04-19 19:00:00,-1.0,-0.000173248079162,1.0,-14.8518736153,0.0,29.0,99597.8686704,100046.540755,0.00448463366205,0.00657735180084
2016-04-19 19:30:00,-1.0,-0.000177307822499,1.0,17.2551394358,0.0,30.0,99615.1238098,100046.540755,0.00431216253705,0.00657735180084
2016-04-19 20:00:00,-1.0,-1.20913136003e-05,1.0,17.6625406907,0.0,31.0,99632.7863505,100046.540755,0.0041356192947,0.00657735180084
2016-04-19 20:30:00,-1.0,-0.000890737538743,1.0,1.20469126463,0.0,32.0,99633.9910418,100046.540755,0.00412357798617,0.00657735180084
2016-04-19 21:00:00,-1.0,2.01703995353e-05,1.0,88.7477359557,0.0,33.0,99722.7387777,100046.540755,0.00323651347313,0.00657735180084
2016-04-19 21:30:00,-1.0,-0.000633337770732,1.0,-2.0114474839,0.0,34.0,99720.7273302,100046.540755,0.0032566185909,0.00657735180084
2016-04-19 22:00:00,-1.0,8.47676558918e-05,1.0,63.1569031431,0.0,35.0,99783.8842334,100046.540755,0.00262534335973,0.00657735180084
2016-04-19 22:30:00,-1.0,0.000484345548259,1.0,-8.45844596224,0.0,36.0,99775.4257874,100046.540755,0.00270988847142,0.00657735180084
2016-04-19 23:00:00,-1.0,0.000125062026731,1.0,-48.3257833058,0.0,37.0,99727.1000041,100046.540755,0.00319292149726,0.00657735180084
2016-04-19 23:30:00,-1.0,-0.000173451441664,1.0,-12.4720732465,0.0,38.0,99714.6279309,100046.540755,0.00331758421075,0.00657735180084
2016-04-20 00:00:00,-1.0,-0.0012345429972,1.0,17.2956459696,0.0,39.0,99731.9235768,100046.540755,0.00314470820886,0.00657735180084
2016-04-20 00:30:00,-1.0,0.000795769897277,1.0,123.123347849,0.0,40.0,99855.0469247,100046.540755,0.00191404748916,0.00657735180084
2016-04-20 01:00:00,-1.0,-0.000246209980787,1.0,-79.4616404338,0.0,41.0,99775.5852843,100046.540755,0.00270829424506,0.00657735180084
2016-04-20 01:30:00,-1.0,-0.00111427360262,1.0,24.5657449359,0.0,42.0,99800.1510292,100046.540755,0.00246275107335,0.00657735180084
2016-04-20 02:00:00,-1.0,0.000230378426879,1.0,111.204673829,0.0,43.0,99911.355703,100046.540755,0.00135122164924,0.00657735180084
2016-04-20 02:30:00,-1.0,-0.000573793014272,1.0,-23.0174209542,0.0,44.0,99888.3382821,100046.540755,0.0015812887838,0.00657735180084
2016-04-20 03:00:00,-1.0,0.000561993094358,1.0,57.3152307135,0.0,45.0,99945.6535128,100046.540755,0.00100840310199,0.00657735180084
2016-04-20 03:30:00,-1.0,-0.00126882528599,1.0,-56.1687670853,0.0,46.0,99889.4847457,100046.540755,0.00156982948077,0.00657735180084
2016-04-20 04:00:00,-1.0,0.00142013845338,1.0,126.74230405,0.0,47.0,100016.22705,100046.540755,0.000302996034115,0.00657735180084
2016-04-20 04:30:00,-1.0,-8.08048159674e-06,1.0,-142.036889996,0.0,48.0,99874.1901598,100046.540755,0.00172270419118,0.00657735180084
2016-04-20 05:00:00,-1.0,0.000646443751313,1.0,0.807031555575,0.0,49.0,99874.9971913,100046.540755,0.00171463762986,0.00657735180084
2016-04-20 05:30:00,-1.0,0.000496632588788,1.0,-64.5635678467,0.0,50.0,99810.4336235,100046.540755,0.00235997296439,0.00657735180084
2016-04-20 06:00:00,-1.0,0.00193711636016,1.0,-49.5691140385,0.0,51.0,99760.8645094,100046.540755,0.0028554335137,0.00657735180084
2016-04-20 06:30:00,-1.0,0.000580011358556,1.0,-193.248402745,0.0,52.0,99567.6161067,100046.540755,0.00478701856688,0.00657735180084
2016-04-20 07:00:00,-1.0,-0.000366322484552,1.0,-57.7503482862,0.0,53.0,99509.8657584,100046.540755,0.0053642534003,0.00657735180084
2016-04-20 07:30:00,-1.0,0.000527536605403,1.0,36.452701262,0.0,54.0,99546.3184597,100046.540755,0.00499989596238,0.00657735180084
2016-04-20 08:00:00,-1.0,9.25720955504e-05,1.0,-52.5143269205,0.0,55.0,99493.8041327,100046.540755,0.00552479493964,0.00657735180084
2016-04-20 08:30:00,-1.0,0.000402450116308,1.0,-9.21034994285,0.0,56.0,99484.5937828,100046.540755,0.00561685559334,0.00657735180084
2016-04-20 09:00:00,-1.0,-0.000120686464611,1.0,-40.0375863388,0.0,57.0,99444.5561965,100046.540755,0.00601704520546,0.00657735180084
2016-04-20 09:30:00,-1.0,-0.000623621996556,1.0,12.0016119121,0.0,58.0,99456.5578084,100046.540755,0.00589708491677,0.00657735180084
2016-04-20 10:00:00,-1.0,-0.00217800018519,1.0,62.023297151,0.0,59.0,99518.5811055,100046.540755,0.00527714047208,0.00657735180084
2016-04-20 10:30:00,-1.0,-0.00159772767619,1.0,216.751488078,0.0,60.0,99735.3325936,100046.540755,0.00311063389982,0.00657735180084
2016-04-20 11:00:00,-1.0,0.000396030001293,1.0,159.349901179,0.0,61.0,99894.6824948,100046.540755,0.00151787616949,0.00657735180084
2016-04-20 11:30:00,-1.0,0.00117954062548,1.0,-39.5612912376,0.0,62.0,99855.1212035,100046.540755,0.00191330504629,0.00657735180084
2016-04-20 12:00:00,-1.0,0.00121042905675,1.0,-117.783172122,0.0,63.0,99737.3380314,100046.540755,0.00309058885073,0.00657735180084
2016-04-20 12:30:00,-1.0,-4.43287419503e-05,1.0,-120.724971996,0.0,64.0,99616.6130594,100046.540755,0.00429727696894,0.00657735180084
2016-04-20 13:00:00,-1.0,0.00136216172648,1.0,4.41587913427,0.0,65.0,99621.0289386,100046.540755,0.00425313871987,0.00657735180084
2016-04-20 13:30:00,-1.0,-0.000780768936665,1.0,-135.699952773,0.0,66.0,99485.3289858,100046.540755,0.00560950698357,0.00657735180084
2016-04-20 14:00:00,-1.0,-0.000153053621128,1.0,77.675054526,0.0,67.0,99563.0040403,100046.540755,0.00483311777571,0.00657735180084
2016-04-20 14:30:00,-1.0,9.66802421839e-05,1.0,15.2384782987,0.0,68.0,99578.2425186,100046.540755,0.00468080388076,0.00657735180084
2016-04-20 15:00:00,-1.0,-0.000447102894085,1.0,-9.62724860295,0.0,69.0,99568.61527,100046.540755,0.00477703158169,0.00657735180084
2016-04-20 15:30:00,-1.0,-0.000604463357431,1.0,44.5174160472,0.0,70.0,99613.132686,100046.540755,0.00433206451225,0.00657735180084
2016-04-20 16:00:00,-1.0,-0.000427412461089,1.0,60.2124886277,0.0,71.0,99673.3451747,100046.540755,0.00373021972908,0.00657735180084
2016-04-20 16:30:00,-1.0,0.000427595220615,1.0,42.6016297661,0.0,72.0,99715.9468044,100046.540755,0.00330440161038,0.00657735180084
2016-04-20 17:00:00,-1.0,0.000673376235867,1.0,-42.6380622727,0.0,73.0,99673.3087422,100046.540755,0.00373058388466,0.00657735180084
2016-04-20 17:30:00,-1.0,-0.000286093056804,1.0,-67.1176374572,0.0,74.0,99606.1911047,100046.540755,0.00440144803399,0.00657735180084
2016-04-20 18:00:00,-1.0,-0.000326481257557,1.0,28.4966396897,0.0,75.0,99634.6877444,100046.540755,0.00411661420091,0.00657735180084
2016-04-20 18:30:00,-1.0,2.01597458259e-05,1.0,32.5288581511,0.0,76.0,99667.2166026,100046.540755,0.00379147694074,0.00657735180084
2016-04-20 19:00:00,-1.0,0.00029029448763,1.0,-2.00926575388,0.0,77.0,99665.2073368,100046.540755,0.00381156025135,0.00657735180084
2016-04-20 19:30:00,-1.0,0.000826293047852,1.0,-28.9322602984,0.0,78.0,99636.2750765,100046.540755,0.00410074826405,0.00657735180084
2016-04-20 20:00:00,-1.0,0.000185259020302,1.0,-82.3287614096,0.0,79.0,99553.9463151,100046.540755,0.00492365289212,0.00657735180084
2016-04-20 20:30:00,-1.0,-0.00136905217297,1.0,-18.4432665615,0.0,80.0,99535.5030485,100046.540755,0.00510799976131,0.00657735180084
2016-04-20 21:00:00,-1.0,6.85464523179e-05,1.0,136.269296736,0.0,81.0,99671.7723453,100046.540755,0.00374594070652,0.00657735180084
2016-04-20 21:30:00,-1.0,-0.000935393349031,1.0,-6.8321463905,0.0,82.0,99664.9401989,100046.540755,0.00381423038789,0.00657735180084
2016-04-20 22:00:00,-1.0,0.000956447342933,1.0,93.2259221936,0.0,83.0,99758.1661211,100046.540755,0.0028824048446,0.00657735180084
2016-04-20 22:30:00,-1.0,-0.000415274020377,1.0,-95.4134329223,0.0,84.0,99662.7526881,100046.540755,0.00383609531907,0.00657735180084
2016-04-20 23:00:00,-1.0,-0.000133104232715,1.0,41.3873519906,0.0,85.0,99704.1400401,100046.540755,0.00342241432942,0.00657735180084
2016-04-20 23:30:00,-1.0,0.00039129785835,1.0,13.2710430585,0.0,86.0,99717.4110832,100046.540755,0.00328976563454,0.00657735180084
2016-04-21 00:00:00,-1.0,0.000375015121577,1.0,-39.0192093971,0.0,87.0,99678.3918738,100046.540755,0.00367977621464,0.00657735180084
2016-04-21 00:30:00,-1.0,-0.000225730904576,1.0,-37.3809042472,0.0,88.0,99641.0109695,100046.540755,0.0040534113645,0.00657735180084
2016-04-21 01:00:00,-1.0,0.0,1.0,22.4920555391,0.0,89.0,99663.5030251,100046.540755,0.00382859544013,0.00657735180084
