,signals,gainAhead,safef,trade,commission,numBars,equity,maxEquity,drawdown,maxDD
2016-04-14 08:30:00,-1.0,-0.00226427182911,1.0,0.0,2.0,0.0,99998.0,100000.0,0.0,0.0
2016-04-14 09:00:00,-1.0,0.00298453006421,2.0,226.422654367,2.0,1.0,100222.422654,100222.422654,0.0,0.0
2016-04-14 09:30:00,-1.0,-0.000123682238503,1.0,-598.233667041,2.0,2.0,99622.1889873,100222.422654,0.00598901574262,0.00598901574262
2016-04-14 10:00:00,-1.0,0.000283776704116,1.0,12.3214953385,0.0,3.0,99634.5104827,100222.422654,0.00586607423899,0.00598901574262
2016-04-14 10:30:00,-1.0,-0.00126572149763,1.0,-28.2739530009,0.0,4.0,99606.2365297,100222.422654,0.0061481862879,0.0061481862879
2016-04-14 11:00:00,-1.0,-6.55513230443e-05,2.0,126.073754873,2.0,5.0,99730.3102845,100222.422654,0.00491020229602,0.0061481862879
2016-04-14 11:30:00,-1.0,-0.00129654449041,1.0,13.0749075735,2.0,6.0,99741.3851921,100222.422654,0.00479969900464,0.0061481862879
2016-04-14 12:00:00,-1.0,0.00130552111443,2.0,129.319143437,2.0,7.0,99868.7043355,100222.422654,0.00352933315172,0.0061481862879
2016-04-14 12:30:00,-1.0,0.00093962371348,1.0,-260.761404362,2.0,8.0,99605.9429312,100222.422654,0.00615111575688,0.00615111575688
2016-04-14 13:00:00,-1.0,-0.000691321369835,1.0,-93.5921059817,0.0,9.0,99512.3508252,100222.422654,0.00708495973613,0.00708495973613
2016-04-14 13:30:00,-1.0,5.82568105853e-05,1.0,68.795014688,0.0,10.0,99581.1458399,100222.422654,0.00639853635036,0.00708495973613
2016-04-14 14:00:00,-1.0,0.000560689137922,1.0,-5.80127995106,0.0,11.0,99575.3445599,100222.422654,0.00645642040263,0.00708495973613
2016-04-14 14:30:00,-1.0,-0.000407545412203,1.0,-55.8308140996,0.0,12.0,99519.5137458,100222.422654,0.00701348949576,0.00708495973613
2016-04-14 15:00:00,-1.0,-0.000677092434038,1.0,40.5587212518,0.0,13.0,99560.0724671,100222.422654,0.00660880239903,0.00708495973613
2016-04-14 15:30:00,-1.0,-0.00107096802395,1.0,67.4113717998,0.0,14.0,99627.4838389,100222.422654,0.00593618473509,0.00708495973613
2016-04-14 16:00:00,-1.0,-0.000291732306436,2.0,106.697849499,2.0,15.0,99732.1816884,100222.422654,0.00489152978937,0.00708495973613
2016-04-14 16:30:00,-1.0,-0.00104324734446,1.0,58.1901987796,2.0,16.0,99788.3718872,100222.422654,0.00433087482522,0.00708495973613
2016-04-14 17:00:00,-1.0,-0.000211788591168,2.0,104.103953979,2.0,17.0,99890.4758412,100222.422654,0.00331210126861,0.00708495973613
2016-04-14 17:30:00,-1.0,0.000102264426589,1.0,42.3113262989,2.0,18.0,99930.7871674,100222.422654,0.002909882631,0.00708495973613
2016-04-14 18:00:00,-1.0,-0.00010955782462,1.0,-10.2193646482,0.0,19.0,99920.5678028,100222.422654,0.00301184948011,0.00708495973613
2016-04-14 18:30:00,-1.0,0.000321404831299,1.0,10.9470800433,0.0,20.0,99931.5148828,100222.422654,0.00290262162716,0.00708495973613
2016-04-14 19:00:00,-1.0,0.0012852062537,1.0,-32.1184716824,0.0,21.0,99899.3964112,100222.422654,0.00322309354185,0.00708495973613
2016-04-14 19:30:00,-1.0,0.000510505473348,1.0,-128.391329008,0.0,22.0,99771.0050822,100222.422654,0.00450415745557,0.00708495973613
2016-04-14 20:00:00,-1.0,6.56029273483e-05,1.0,-50.9336441759,0.0,23.0,99720.071438,100222.422654,0.00501236353188,0.00708495973613
2016-04-14 20:30:00,-1.0,-0.00118077522996,1.0,-6.54192860172,0.0,24.0,99713.5295094,100222.422654,0.00507763763351,0.00708495973613
2016-04-14 21:00:00,-1.0,0.000737032604571,2.0,117.739265737,2.0,25.0,99829.2687751,100222.422654,0.00392281356649,0.00708495973613
2016-04-14 21:30:00,-1.0,0.00136359990375,1.0,-147.154851955,2.0,26.0,99680.1139232,100222.422654,0.00541105190682,0.00708495973613
2016-04-14 22:00:00,-1.0,0.00194430689464,1.0,-135.923793751,0.0,27.0,99544.1901294,100222.422654,0.00676727330071,0.00708495973613
2016-04-14 22:30:00,-1.0,4.36075033979e-05,1.0,-193.54445519,0.0,28.0,99350.6456742,100222.422654,0.00869842253922,0.00869842253922
2016-04-14 23:00:00,-1.0,0.000465126419907,1.0,-4.33243361882,0.0,29.0,99346.3132406,100222.422654,0.00874165072612,0.00874165072612
2016-04-14 23:30:00,-1.0,-0.00146010852747,1.0,-46.2085950086,0.0,30.0,99300.1046456,100222.422654,0.00920271117332,0.00920271117332
2016-04-15 00:00:00,-1.0,0.000720209515495,2.0,144.988929572,2.0,31.0,99443.0935752,100222.422654,0.00777599521711,0.00920271117332
2016-04-15 00:30:00,-1.0,0.000254436278252,1.0,-143.239724486,2.0,32.0,99297.8538507,100222.422654,0.0092251691708,0.0092251691708
2016-04-15 01:00:00,-1.0,0.0015262293414,1.0,-25.2649763721,0.0,33.0,99272.5888743,100222.422654,0.00947725823134,0.00947725823134
2016-04-15 01:30:00,-1.0,0.000558764622217,1.0,-151.512737936,0.0,34.0,99121.0761364,100222.422654,0.0109890231031,0.0109890231031
2016-04-15 02:00:00,-1.0,-0.0013344840841,1.0,-55.3853506611,0.0,35.0,99065.6907857,100222.422654,0.011541647448,0.011541647448
2016-04-15 02:30:00,-1.0,0.00263622301139,2.0,132.201587634,2.0,36.0,99195.8923733,100222.422654,0.0102425211229,0.011541647448
2016-04-15 03:00:00,-1.0,0.000108648413733,1.0,-523.004988221,2.0,37.0,98670.8873851,100222.422654,0.0154809196202,0.0154809196202
2016-04-15 03:30:00,-1.0,0.000478001086366,1.0,-10.720435396,0.0,38.0,98660.1669497,100222.422654,0.0155878860565,0.0155878860565
2016-04-15 04:00:00,-1.0,0.00106413012791,1.0,-47.159666983,0.0,39.0,98613.0072827,100222.422654,0.0160584361164,0.0160584361164
2016-04-15 04:30:00,-1.0,-0.00118593081106,1.0,-104.937072054,0.0,40.0,98508.0702107,100222.422654,0.0171054779787,0.0171054779787
2016-04-15 05:00:00,-1.0,0.000347513828154,2.0,116.823755601,2.0,41.0,98622.8939663,100222.422654,0.0159597886952,0.0171054779787
2016-04-15 05:30:00,-1.0,0.000405291954955,1.0,-68.5456388518,2.0,42.0,98552.3483274,100222.422654,0.0166636794711,0.0171054779787
2016-04-15 06:00:00,-1.0,7.23442428451e-05,1.0,-39.942473919,0.0,43.0,98512.4058535,100222.422654,0.0170622177709,0.0171054779787
2016-04-15 06:30:00,-1.0,0.00111402074683,1.0,-7.12680541233,0.0,44.0,98505.2790481,100222.422654,0.0171333276605,0.0171333276605
2016-04-15 07:00:00,-1.0,-0.000303485750621,1.0,-109.736924532,0.0,45.0,98395.5421236,100222.422654,0.0182282615248,0.0182282615248
2016-04-15 07:30:00,-1.0,-0.000939645825804,1.0,29.8616449592,0.0,46.0,98425.4037685,100222.422654,0.0179303077918,0.0182282615248
2016-04-15 08:00:00,-1.0,0.000253219505137,2.0,92.4850198042,2.0,47.0,98515.8887883,100222.422654,0.0170274657191,0.0182282615248
2016-04-15 08:30:00,-1.0,-0.00114281581136,1.0,-49.8922892142,2.0,48.0,98463.9964991,100222.422654,0.0175452369707,0.0182282615248
2016-04-15 09:00:00,1.0,-0.000318616624547,1.0,112.526212049,3.94,49.0,98572.5827112,100222.422654,0.0164617846935,0.0182282615248
2016-04-15 09:30:00,1.0,0.000890962166704,1.0,-31.4068635763,0.0,50.0,98541.1758476,100222.422654,0.0167751563198,0.0182282615248
2016-04-15 10:00:00,1.0,-0.00166454377026,1.0,87.7964595427,0.0,51.0,98628.9723071,100222.422654,0.0158991401827,0.0182282615248
2016-04-15 10:30:00,1.0,0.00179780493816,1.0,-164.172241421,0.0,52.0,98464.8000657,100222.422654,0.0175372191382,0.0182282615248
2016-04-15 11:00:00,1.0,-0.000470353271488,2.0,177.020503793,2.0,53.0,98639.8205695,100222.422654,0.0157908983134,0.0182282615248
2016-04-15 11:30:00,1.0,-0.000398178514287,1.0,-92.7911246077,2.0,54.0,98545.0294449,100222.422654,0.0167367058692,0.0182282615248
2016-04-15 12:00:00,1.0,0.00110085895969,1.0,-39.2385134148,0.0,55.0,98505.7909315,100222.422654,0.0171282201868,0.0182282615248
2016-04-15 12:30:00,1.0,0.00120816633629,2.0,108.440982528,2.0,56.0,98612.231914,100222.422654,0.016066172596,0.0182282615248
2016-04-15 13:00:00,1.0,7.22579899277e-06,2.0,238.27995789,0.0,57.0,98850.5118719,100222.422654,0.0136886611412,0.0182282615248
2016-04-15 13:30:00,1.0,-0.00062141422316,1.0,1.42854785824,2.0,58.0,98849.9404198,100222.422654,0.0136943629804,0.0182282615248
2016-04-15 14:00:00,1.0,-0.000281979350435,1.0,-61.4267589354,0.0,59.0,98788.5136608,100222.422654,0.0143072673316,0.0182282615248
2016-04-15 14:30:00,1.0,0.000520724095784,1.0,-27.8563209125,0.0,60.0,98760.6573399,100222.422654,0.0145852123281,0.0182282615248
2016-04-15 15:00:00,1.0,4.33710902769e-05,1.0,51.4270539924,0.0,61.0,98812.0843939,100222.422654,0.0140720831038,0.0182282615248
2016-04-15 15:30:00,1.0,-0.000585484325645,1.0,4.2855878327,0.0,62.0,98816.3699817,100222.422654,0.0140293223352,0.0182282615248
2016-04-15 16:00:00,1.0,-2.16973080873e-05,1.0,-57.8554357414,0.0,63.0,98758.514546,100222.422654,0.0146065927125,0.0182282615248
2016-04-15 16:30:00,1.0,0.000426722984457,1.0,-2.14279391635,0.0,64.0,98756.3717521,100222.422654,0.0146279730968,0.0182282615248
2016-04-15 17:00:00,1.0,0.000130131143274,1.0,42.1416136882,0.0,65.0,98798.5133658,100222.422654,0.0142074922047,0.0182282615248
2016-04-15 17:30:00,1.0,-0.00451785456123,1.0,12.8567634981,0.0,66.0,98811.3701293,100222.422654,0.0140792098986,0.0182282615248
2016-04-17 18:00:00,1.0,0.000515557491922,1.0,-446.415399239,0.0,67.0,98364.95473,100222.422654,0.0185334566372,0.0185334566372
2016-04-17 18:30:00,1.0,-0.000224986573382,1.0,50.7127893536,0.0,68.0,98415.6675194,100222.422654,0.0180274542077,0.0185334566372
2016-04-17 19:00:00,1.0,0.00217777939095,1.0,-22.1422038023,0.0,69.0,98393.5253156,100222.422654,0.0182483848459,0.0185334566372
2016-04-17 19:30:00,1.0,-0.00146318496251,1.0,214.279391635,0.0,70.0,98607.8047072,100222.422654,0.0161103464114,0.0185334566372
2016-04-17 21:00:00,1.0,-0.0010881156014,1.0,-144.281457034,0.0,71.0,98463.5232502,100222.422654,0.0175499589573,0.0185334566372
2016-04-17 21:30:00,1.0,0.00240372395663,1.0,-107.139695817,0.0,72.0,98356.3835544,100222.422654,0.0186189781746,0.0186189781746
2016-04-17 22:00:00,1.0,0.000963530724314,1.0,236.421595437,0.0,73.0,98592.8051498,100222.422654,0.0162600091018,0.0186189781746
2016-04-17 22:30:00,1.0,0.0,1.0,94.9971969582,0.0,74.0,98687.8023468,100222.422654,0.0153121453959,0.0186189781746
2016-04-17 23:00:00,1.0,0.000130277128402,1.0,0.0,0.0,75.0,98687.8023468,100222.422654,0.0153121453959,0.0186189781746
2016-04-17 23:30:00,1.0,0.00111444802258,1.0,12.8567634981,0.0,76.0,98700.6591103,100222.422654,0.0151838630898,0.0186189781746
2016-04-18 00:00:00,1.0,0.000130115151909,1.0,109.996754373,0.0,77.0,98810.6558646,100222.422654,0.0140863366934,0.0186189781746
2016-04-18 00:30:00,1.0,-0.000556531292237,1.0,12.8567634981,0.0,78.0,98823.5126281,100222.422654,0.0139580543873,0.0186189781746
2016-04-18 01:00:00,1.0,0.00133063349725,1.0,-54.9983771863,0.0,79.0,98768.5142509,100222.422654,0.0145068175855,0.0186189781746
2016-04-18 01:30:00,1.0,-0.00114109082505,1.0,131.424693536,0.0,80.0,98899.9389445,100222.422654,0.0131954873457,0.0186189781746
2016-04-18 02:00:00,1.0,0.000339826182523,1.0,-112.853812928,0.0,81.0,98787.0851315,100222.422654,0.0143215209212,0.0186189781746
2016-04-18 02:30:00,1.0,-0.000303571299502,1.0,33.5704380228,0.0,82.0,98820.6555696,100222.422654,0.0139865615665,0.0186189781746
2016-04-18 03:00:00,1.0,-0.0025883696886,1.0,-29.9991148289,0.0,83.0,98790.6564547,100222.422654,0.0142858869473,0.0186189781746
2016-04-18 03:30:00,1.0,0.00186295332468,1.0,-255.706740684,0.0,84.0,98534.9497141,100222.422654,0.0168372794792,0.0186189781746
2016-04-18 04:00:00,1.0,0.00204760871138,1.0,183.566012167,0.0,85.0,98718.5157262,100222.422654,0.0150056932203,0.0186189781746
2016-04-18 04:30:00,1.0,-0.000476558382012,1.0,202.136892776,0.0,86.0,98920.652619,100222.422654,0.012988810297,0.0186189781746
2016-04-18 05:00:00,1.0,0.00158206130307,1.0,-47.1414661597,0.0,87.0,98873.5111528,100222.422654,0.0134591787526,0.0186189781746
2016-04-18 05:30:00,1.0,-0.000533733392958,1.0,156.423955894,0.0,88.0,99029.9351087,100222.422654,0.0118984106954,0.0186189781746
2016-04-18 06:00:00,1.0,0.0,1.0,-52.85558327,0.0,89.0,98977.0795255,100222.422654,0.0124257935093,0.0186189781746
