,signals,gainAhead,safef,trade,commission,numBars,equity,maxEquity,drawdown,maxDD
2016-04-11 10:30:00,1.0,0.000286678366243,1.0,0.0,2.0,0.0,99998.0,100000.0,0.0,0.0
2016-04-11 11:00:00,1.0,0.000588684097396,1.0,28.6672632676,0.0,1.0,100026.667263,100026.667263,0.0,0.0
2016-04-11 11:30:00,1.0,-0.00163728203441,1.0,58.8841083334,0.0,2.0,100085.551372,100085.551372,0.0,0.0
2016-04-11 12:00:00,1.0,0.00134531581967,1.0,-163.868275165,0.0,3.0,99921.6830964,100085.551372,0.00163728203441,0.00163728203441
2016-04-11 12:30:00,1.0,-0.000859535618459,2.0,134.426220998,2.0,4.0,100054.109317,100085.551372,0.00031415178051,0.00163728203441
2016-04-11 13:00:00,1.0,-0.000341009931914,1.0,-172.000141463,2.0,5.0,99880.109176,100085.551372,0.00205266587249,0.00205266587249
2016-04-11 13:30:00,1.0,0.0015466974714,1.0,-34.0601092297,0.0,6.0,99846.0490667,100085.551372,0.00239297582495,0.00239297582495
2016-04-11 14:00:00,1.0,-4.64453802328e-05,2.0,154.431631621,2.0,7.0,99998.4806984,100085.551372,0.000869962467562,0.00239297582495
2016-04-11 14:30:00,1.0,-0.00170694700336,1.0,-9.28893491748,2.0,8.0,99987.1917634,100085.551372,0.000982755320903,0.00239297582495
2016-04-11 15:00:00,1.0,-0.000492410290212,1.0,-170.672837355,0.0,9.0,99816.5189261,100085.551372,0.00268802481301,0.00268802481301
2016-04-11 15:30:00,1.0,0.000170682886713,1.0,-49.1506810523,0.0,10.0,99767.368245,100085.551372,0.00317911149215,0.00317911149215
2016-04-11 16:00:00,1.0,0.000581774178535,1.0,17.0285824118,0.0,11.0,99784.3968274,100085.551372,0.00300897122536,0.00317911149215
2016-04-11 16:30:00,1.0,-0.000155049577102,1.0,58.0519854949,0.0,12.0,99842.4488129,100085.551372,0.00242894758859,0.00317911149215
2016-04-11 17:00:00,1.0,9.30441727209e-05,1.0,-15.4805294653,0.0,13.0,99826.9682835,100085.551372,0.00258362055839,0.00317911149215
2016-04-11 17:30:00,1.0,-6.5900157385e-05,1.0,9.28831767917,0.0,14.0,99836.2566012,100085.551372,0.00249081677651,0.00317911149215
2016-04-11 18:00:00,1.0,0.000275248207979,1.0,-6.57922502275,0.0,15.0,99829.6773761,100085.551372,0.00255655278868,0.00317911149215
2016-04-11 18:30:00,1.0,0.00032943182699,1.0,27.4779398009,0.0,16.0,99857.1553159,100085.551372,0.00228200826727,0.00317911149215
2016-04-11 19:00:00,1.0,4.64927064568e-05,1.0,32.8961251138,0.0,17.0,99890.0514411,100085.551372,0.00195332820643,0.00317911149215
2016-04-11 19:30:00,1.0,0.000410666480704,1.0,4.6441588396,0.0,18.0,99894.6955999,100085.551372,0.00190692631549,0.00317911149215
2016-04-11 20:00:00,1.0,-8.13250562498e-05,1.0,41.023403083,0.0,19.0,99935.719003,100085.551372,0.00149704294551,0.00317911149215
2016-04-11 20:30:00,1.0,-2.32376201578e-05,1.0,-8.12727796929,0.0,20.0,99927.591725,100085.551372,0.00157824625466,0.00317911149215
2016-04-11 21:00:00,1.0,9.29526406295e-05,1.0,-2.32207941979,0.0,21.0,99925.2696456,100085.551372,0.00160144720013,0.00317911149215
2016-04-11 21:30:00,1.0,3.09813337464e-05,1.0,9.28831767917,0.0,22.0,99934.5579633,100085.551372,0.00150864341824,0.00317911149215
2016-04-11 22:00:00,1.0,-0.000549901637313,1.0,3.09610589306,0.0,23.0,99937.6540692,100085.551372,0.00147770882428,0.00317911149215
2016-04-11 22:30:00,1.0,0.00016273645219,1.0,-54.9558796018,0.0,24.0,99882.6981896,100085.551372,0.00202679786709,0.00317911149215
2016-04-11 23:00:00,1.0,0.000457137544164,1.0,16.2545559386,0.0,25.0,99898.9527455,100085.551372,0.0018643912488,0.00317911149215
2016-04-11 23:30:00,1.0,-0.000933218713939,1.0,45.6675619226,0.0,26.0,99944.6203074,100085.551372,0.00140810598787,0.00317911149215
2016-04-12 00:00:00,1.0,0.0003527063429,1.0,-93.2701900284,0.0,27.0,99851.3501174,100085.551372,0.00234001063095,0.00317911149215
2016-04-12 00:30:00,1.0,-0.00116623271961,1.0,35.2182045336,0.0,28.0,99886.5683219,100085.551372,0.00198812962464,0.00317911149215
2016-04-12 01:00:00,1.0,0.000678833957214,1.0,-116.490984226,0.0,29.0,99770.0773377,100085.551372,0.00315204372243,0.00317911149215
2016-04-12 01:30:00,1.0,0.000205450246153,1.0,67.7273164107,0.0,30.0,99837.8046541,100085.551372,0.00247534947953,0.00317911149215
2016-04-12 02:00:00,1.0,0.000565841029676,1.0,20.5117015415,0.0,31.0,99858.3163556,100085.551372,0.00227040779454,0.00317911149215
2016-04-12 02:30:00,1.0,0.00017043099675,1.0,56.5039325484,0.0,32.0,99914.8202882,100085.551372,0.00170585145475,0.00317911149215
2016-04-12 03:00:00,1.0,-0.00137096118321,1.0,17.0285824118,0.0,33.0,99931.8488706,100085.551372,0.00153571118796,0.00317911149215
2016-04-12 03:30:00,1.0,-0.000690299737453,1.0,-137.002685768,0.0,34.0,99794.8461848,100085.551372,0.00290456697074,0.00317911149215
2016-04-12 04:00:00,1.0,8.14961134116e-05,1.0,-68.8883561206,0.0,35.0,99725.9578287,100085.551372,0.00359286168638,0.00359286168638
2016-04-12 04:30:00,1.0,-0.00120293982973,1.0,8.12727796929,0.0,36.0,99734.0851067,100085.551372,0.00351165837723,0.00359286168638
2016-04-12 05:00:00,1.0,0.000116553739044,1.0,-119.974103356,0.0,37.0,99614.1110033,100085.551372,0.00471037389322,0.00471037389322
2016-04-12 05:30:00,1.0,-0.000749741669321,1.0,11.610397099,0.0,38.0,99625.7214004,100085.551372,0.00459436916587,0.00471037389322
2016-04-12 06:00:00,1.0,-8.94144905902e-05,1.0,-74.6935546701,0.0,39.0,99551.0278458,100085.551372,0.00534066624518,0.00534066624518
2016-04-12 06:30:00,1.0,0.000244939853658,1.0,-8.90130444256,0.0,40.0,99542.1265413,100085.551372,0.00542960320282,0.00542960320282
2016-04-12 07:00:00,1.0,8.16266242727e-05,1.0,24.3818339079,0.0,41.0,99566.5083752,100085.551372,0.00518599327538,0.00542960320282
2016-04-12 07:30:00,1.0,0.000668506354697,1.0,8.12727796929,0.0,42.0,99574.6356532,100085.551372,0.00510478996623,0.00542960320282
2016-04-12 08:00:00,1.0,-0.000512697019366,1.0,66.5662767008,0.0,43.0,99641.2019299,100085.551372,0.00443969619606,0.00542960320282
2016-04-12 08:30:00,1.0,0.000979287296468,1.0,-51.0857472355,0.0,44.0,99590.1161827,100085.551372,0.00495011699642,0.00542960320282
2016-04-12 09:00:00,-1.0,0.000384343626496,1.0,97.5273356314,2.0,45.0,99685.6435183,100085.551372,0.003995660191,0.00542960320282
2016-04-12 09:30:00,1.0,-0.000256130642151,1.0,-38.3135417394,3.99,46.0,99643.3399766,100085.551372,0.00441833400515,0.00542960320282
2016-04-12 10:00:00,1.0,0.0011179473245,1.0,-25.5217126542,0.0,47.0,99617.8182639,100085.551372,0.00467333297657,0.00542960320282
2016-04-12 10:30:00,1.0,3.48968410605e-05,1.0,111.3674734,0.0,48.0,99729.1857373,100085.551372,0.00356061019217,0.00542960320282
2016-04-12 11:00:00,1.0,-0.00361751295015,1.0,3.48023354376,0.0,49.0,99732.6659708,100085.551372,0.00352583760516,0.00542960320282
2016-04-12 11:30:00,1.0,-0.00324151000665,1.0,-360.784210703,0.0,50.0,99371.8817601,100085.551372,0.00713059579212,0.00713059579212
2016-04-12 12:00:00,-1.0,-0.000550467311611,2.0,-322.114949106,2.0,51.0,99047.766811,100085.551372,0.0103689748055,0.0103689748055
2016-04-12 12:30:00,-1.0,-7.03111267357e-05,1.0,109.045115835,2.0,52.0,99154.8119269,100085.551372,0.00929943865001,0.0103689748055
2016-04-12 13:00:00,-1.0,-0.000453148011422,1.0,6.97168654785,0.0,53.0,99161.7836134,100085.551372,0.00922978137728,0.0103689748055
2016-04-12 13:30:00,-1.0,-0.00155156309234,1.0,44.9349650535,0.0,54.0,99206.7185785,100085.551372,0.00878081582294,0.0103689748055
2016-04-12 14:00:00,-1.0,-0.000379686386873,2.0,153.925483058,2.0,55.0,99358.6440615,100085.551372,0.0072628596247,0.0103689748055
2016-04-12 14:30:00,-1.0,-0.000321093912138,1.0,75.4502491367,2.0,56.0,99432.0943107,100085.551372,0.00652898497316,0.0103689748055
2016-04-12 15:00:00,-1.0,-0.000991010399734,1.0,31.9270401543,0.0,57.0,99464.0213508,100085.551372,0.00620998747835,0.0103689748055
2016-04-12 15:30:00,-1.0,0.000937100555987,1.0,98.569879558,0.0,58.0,99562.5912304,100085.551372,0.00522513124079,0.0103689748055
2016-04-12 16:00:00,-1.0,-0.000411311456787,1.0,-93.3001595975,0.0,59.0,99469.2910708,100085.551372,0.00615733532339,0.0103689748055
2016-04-12 16:30:00,-1.0,0.000450669341944,1.0,40.9128590159,0.0,60.0,99510.2039298,100085.551372,0.00574855644916,0.0103689748055
2016-04-12 17:00:00,-1.0,-0.000383875655624,1.0,-44.8461981218,0.0,61.0,99465.3577317,100085.551372,0.00619663509296,0.0103689748055
2016-04-12 17:30:00,-1.0,0.000591709020232,1.0,38.1823294111,0.0,62.0,99503.5400611,100085.551372,0.00581513817469,0.0103689748055
2016-04-12 18:00:00,1.0,0.000289805125634,1.0,-58.8771421991,3.98,63.0,99440.6829189,100085.551372,0.00644317230487,0.0103689748055
2016-04-12 18:30:00,1.0,-0.000129199978075,1.0,28.8184196065,0.0,64.0,99469.5013385,100085.551372,0.00615523444359,0.0103689748055
2016-04-12 19:00:00,-1.0,0.000434637899642,1.0,-12.8514573921,2.0,65.0,99454.6498811,100085.551372,0.00630362206987,0.0103689748055
2016-04-12 19:30:00,-1.0,-0.000348342048408,1.0,-43.2267601339,0.0,66.0,99411.423121,100085.551372,0.00673552017645,0.0103689748055
2016-04-12 20:00:00,-1.0,-1.17459584116e-05,1.0,34.6291787651,0.0,67.0,99446.0522997,100085.551372,0.00638952439294,0.0103689748055
2016-04-12 20:30:00,-1.0,0.00204382077023,1.0,1.16808919451,0.0,68.0,99447.2203889,100085.551372,0.00637785348561,0.0103689748055
2016-04-13 03:00:00,-1.0,0.00134413854005,1.0,-203.252294573,0.0,69.0,99243.9680944,100085.551372,0.00840863906642,0.0103689748055
2016-04-13 03:30:00,-1.0,-0.00171693916572,1.0,-133.397642383,0.0,70.0,99110.570452,100085.551372,0.00974147523063,0.0103689748055
2016-04-13 04:00:00,-1.0,-0.000480788023297,1.0,170.166820146,0.0,71.0,99280.7372721,100085.551372,0.00804126158526,0.0103689748055
2016-04-13 04:30:00,-1.0,0.001204503592,1.0,47.7329894245,0.0,72.0,99328.4702615,100085.551372,0.00756433970423,0.0103689748055
2016-04-13 05:00:00,-1.0,-0.000355447922973,1.0,-119.641499218,0.0,73.0,99208.8287623,100085.551372,0.00875973202188,0.0103689748055
2016-04-13 05:30:00,-1.0,-0.00106281552336,1.0,35.2635721242,0.0,74.0,99244.0923344,100085.551372,0.00840739772746,0.0103689748055
2016-04-13 06:00:00,-1.0,0.00141207579053,1.0,105.478161935,0.0,75.0,99349.5704964,100085.551372,0.00735351771692,0.0103689748055
2016-04-13 06:30:00,-1.0,-0.000617156160039,1.0,-140.289123297,0.0,76.0,99209.2813731,100085.551372,0.00875520978311,0.0103689748055
2016-04-13 07:00:00,-1.0,0.000754333509214,1.0,61.2276191324,0.0,77.0,99270.5089922,100085.551372,0.00814345695472,0.0103689748055
2016-04-13 07:30:00,-1.0,0.000476473161282,1.0,-74.8830714096,0.0,78.0,99195.6259208,100085.551372,0.00889164758147,0.0103689748055
2016-04-13 08:00:00,1.0,-0.000819768122731,2.0,-47.2640534679,5.95,79.0,99142.4118673,100085.551372,0.00942333325176,0.0103689748055
2016-04-13 08:30:00,1.0,0.000464916393187,1.0,-162.547577719,2.0,80.0,98977.8642896,100085.551372,0.0110674025052,0.0110674025052
2016-04-13 09:00:00,1.0,-0.000355359088407,1.0,46.0164316708,0.0,81.0,99023.8807213,100085.551372,0.0106076315288,0.0110674025052
2016-04-13 09:30:00,1.0,-0.000316421082238,1.0,-35.1890359836,0.0,82.0,98988.6916853,100085.551372,0.010959221099,0.0110674025052
2016-04-13 10:00:00,1.0,-0.000261813862067,1.0,-31.3221089524,0.0,83.0,98957.3695764,100085.551372,0.0112721744526,0.0112721744526
2016-04-13 10:30:00,1.0,-0.000738742964353,1.0,-25.9084111088,0.0,84.0,98931.4611652,100085.551372,0.0115310371031,0.0115310371031
2016-04-13 11:00:00,1.0,-0.00041853933683,1.0,-73.084920889,0.0,85.0,98858.3762444,100085.551372,0.012261261595,0.012261261595
2016-04-13 11:30:00,1.0,0.00196443665279,1.0,-41.3761192334,0.0,86.0,98817.0001251,100085.551372,0.0126746691115,0.0126746691115
2016-04-13 12:00:00,1.0,-0.000898276091015,2.0,194.119736964,2.0,87.0,99009.1198621,100085.551372,0.0107551139476,0.0126746691115
2016-04-13 12:30:00,1.0,0.00235325390124,1.0,-177.875050329,2.0,88.0,98829.2448118,100085.551372,0.0125523269106,0.0126746691115
2016-04-13 13:00:00,1.0,0.0,2.0,232.57030591,2.0,89.0,99059.8151177,100085.551372,0.010248594726,0.0126746691115
