,signals,gainAhead,safef,trade,commission,numBars,equity,maxEquity,drawdown,maxDD
2016-04-11 19:30:00,1.0,-0.000414806621104,1.0,0.0,2.0,0.0,99998.0,100000.0,0.0,0.0
2016-04-11 20:00:00,1.0,0.000263478575898,1.0,-41.4798324971,0.0,1.0,99956.5201675,100000.0,0.000434798324971,0.000434798324971
2016-04-11 20:30:00,1.0,0.000467551282473,1.0,26.3364015855,0.0,2.0,99982.8565691,100000.0,0.000171434309117,0.000434798324971
2016-04-11 21:00:00,1.0,-0.000375182654714,1.0,46.7471128142,0.0,3.0,100029.603682,100029.603682,0.0,0.000434798324971
2016-04-11 21:30:00,1.0,0.000131692445463,1.0,-37.5293722593,0.0,4.0,99992.0743096,100029.603682,0.000375182654714,0.000434798324971
2016-04-11 22:00:00,1.0,0.00355522783085,1.0,13.1682007928,0.0,5.0,100005.24251,100029.603682,0.000243539617972,0.000434798324971
2016-04-11 22:30:00,1.0,-0.000118087765451,2.0,355.541421404,2.01,6.0,100358.773932,100358.773932,0.0,0.000434798324971
2016-04-11 23:00:00,1.0,-0.000820150776519,1.0,-23.7022867141,2.0,7.0,100333.071645,100358.773932,0.000256104032633,0.000434798324971
2016-04-11 23:30:00,1.0,0.00228517394902,1.0,-82.2882466203,0.0,8.0,100250.783399,100358.773932,0.00107604476523,0.00107604476523
2016-04-12 00:00:00,1.0,-0.000399648833156,1.0,229.090478591,0.0,9.0,100479.873877,100479.873877,0.0,0.00107604476523
2016-04-12 00:30:00,1.0,0.00131740216159,1.0,-40.1566643507,0.0,10.0,100439.717213,100479.873877,0.000399648833156,0.00107604476523
2016-04-12 01:00:00,1.0,-0.00028146150523,1.0,132.319500565,0.0,11.0,100572.036713,100572.036713,0.0,0.00107604476523
2016-04-12 01:30:00,1.0,-9.82118888764e-05,1.0,-28.3071568374,0.0,12.0,100543.729556,100572.036713,0.00028146150523,0.00107604476523
2016-04-12 02:00:00,1.0,-0.00144058251919,1.0,-9.87458959442,0.0,13.0,100533.854967,100572.036713,0.00037964575124,0.00107604476523
2016-04-12 02:30:00,1.0,0.000472143531634,1.0,-144.827314052,0.0,14.0,100389.027653,100572.036713,0.00181968135939,0.00181968135939
2016-04-12 03:00:00,1.0,0.00140265324314,1.0,47.3980300533,0.0,15.0,100436.425683,100572.036713,0.00134839697854,0.00181968135939
2016-04-12 03:30:00,1.0,-0.000490895524342,1.0,140.877478214,0.0,16.0,100577.303161,100577.303161,0.0,0.00181968135939
2016-04-12 04:00:00,1.0,-8.51303476594e-05,1.0,-49.3729479722,0.0,17.0,100527.930213,100577.303161,0.000490895524342,0.00181968135939
2016-04-12 04:30:00,1.0,0.00246244122231,1.0,-8.55797764852,0.0,18.0,100519.372235,100577.303161,0.000575984081895,0.00181968135939
2016-04-12 05:00:00,1.0,0.000130659175541,2.0,247.523045834,2.02,19.0,100764.875281,100764.875281,0.0,0.00181968135939
2016-04-12 05:30:00,1.0,0.00116924684826,1.0,26.3317110554,2.0,20.0,100789.206992,100789.206992,0.0,0.00181968135939
2016-04-12 06:00:00,1.0,-0.000619825274517,2.0,117.847462614,2.02,21.0,100905.034455,100905.034455,0.0,0.00181968135939
2016-04-12 06:30:00,1.0,5.22281849402e-05,1.0,-125.086981362,2.0,22.0,100777.947474,100905.034455,0.00125947116563,0.00181968135939
2016-04-12 07:00:00,1.0,0.000235014557846,1.0,5.26344927855,0.0,23.0,100783.210923,100905.034455,0.00120730876058,0.00181968135939
2016-04-12 07:30:00,1.0,-0.000567818402538,1.0,23.6855217533,0.0,24.0,100806.896445,100905.034455,0.000972577937867,0.00181968135939
2016-04-12 08:00:00,-1.0,0.000470185658031,1.0,-57.240010904,2.0,25.0,100747.656434,100905.034455,0.00155966470934,0.00181968135939
2016-04-12 08:30:00,1.0,-0.000319837078908,1.0,-47.3701031354,4.03,26.0,100696.256331,100905.034455,0.00206905557783,0.00206905557783
2016-04-12 09:00:00,1.0,-0.000874936338587,1.0,-32.2063964818,0.0,27.0,100664.049934,100905.034455,0.00238823089604,0.00238823089604
2016-04-12 09:30:00,-1.0,0.000111096588681,1.0,-88.0746352767,2.0,28.0,100573.975299,100905.034455,0.00328089830123,0.00328089830123
2016-04-12 10:00:00,-1.0,-0.0033259930605,1.0,-11.1734255658,0.0,29.0,100562.801873,100905.034455,0.0033916303933,0.0033916303933
2016-04-12 10:30:00,-1.0,-0.000740847582083,2.0,334.471181175,2.0,30.0,100895.273054,100905.034455,9.67384885389e-05,0.0033916303933
2016-04-12 11:00:00,-1.0,0.00141062231408,1.0,149.496038172,2.02,31.0,101042.749093,101042.749093,0.0,0.0033916303933
2016-04-12 11:30:00,-1.0,0.0033414138767,1.0,-142.533156546,0.0,32.0,100900.215936,101042.749093,0.00141062231408,0.0033916303933
2016-04-12 12:00:00,1.0,6.52997257411e-05,2.0,-337.14938169,6.03,33.0,100557.036554,101042.749093,0.00480700042901,0.00480700042901
2016-04-12 12:30:00,1.0,0.000620306888671,1.0,13.1326938167,2.0,34.0,100568.169248,101042.749093,0.00469682237153,0.00480700042901
2016-04-12 13:00:00,1.0,-0.000326274919247,1.0,62.3831281657,0.0,35.0,100630.552376,101042.749093,0.00407942895413,0.00480700042901
2016-04-12 13:30:00,-1.0,0.000907340317895,1.0,-32.8332253504,2.0,36.0,100595.719151,101042.749093,0.00442416646042,0.00480700042901
2016-04-12 14:00:00,-1.0,0.000521736862014,1.0,-91.2745517934,0.0,37.0,100504.444599,101042.749093,0.00532749255371,0.00532749255371
2016-04-12 14:30:00,1.0,0.000886490150834,1.0,-52.4368735436,4.02,38.0,100447.987726,101042.749093,0.00588623500728,0.00588623500728
2016-04-12 15:00:00,1.0,0.00142624552263,1.0,89.0461517899,0.0,39.0,100537.033877,101042.749093,0.00500496294581,0.00588623500728
2016-04-12 15:30:00,1.0,-0.000611306570245,2.0,143.390494426,2.01,40.0,100678.414372,101042.749093,0.00360574829957,0.00588623500728
2016-04-12 16:00:00,1.0,9.76085895558e-05,1.0,-123.090752375,2.0,41.0,100553.32362,101042.749093,0.0048437466072,0.00588623500728
2016-04-12 16:30:00,1.0,0.000253757563927,1.0,9.81486809365,0.0,42.0,100563.138488,101042.749093,0.00474661080892,0.00588623500728
2016-04-12 17:00:00,1.0,-0.000273208047928,1.0,25.5186570435,0.0,43.0,100588.657145,101042.749093,0.00449405773339,0.00588623500728
2016-04-12 17:30:00,1.0,-0.000819848132894,1.0,-27.4816306622,0.0,44.0,100561.175514,101042.749093,0.00476603796858,0.00588623500728
2016-04-12 18:00:00,-1.0,0.000579574240855,1.0,-82.4448919867,2.0,45.0,100476.730622,101042.749093,0.00560177227653,0.00588623500728
2016-04-12 18:30:00,-1.0,-3.90497884803e-05,1.0,-58.2337248739,0.0,46.0,100418.496897,101042.749093,0.00617809987447,0.00617809987447
2016-04-12 19:00:00,-1.0,1.30171044752e-05,1.0,3.92132106334,0.0,47.0,100422.418218,101042.749093,0.00613929133948,0.00617809987447
2016-04-12 19:30:00,-1.0,-9.76270127435e-05,1.0,-1.3072091096,0.0,48.0,100421.111009,101042.749093,0.00615222852816,0.00617809987447
2016-04-12 20:00:00,-1.0,3.90546178831e-05,1.0,9.8038130842,0.0,49.0,100430.914822,101042.749093,0.00605520213911,0.00617809987447
2016-04-12 20:30:00,-1.0,-0.00264259260465,1.0,-3.92229100203,0.0,50.0,100426.992531,101042.749093,0.00609402027339,0.00617809987447
2016-04-13 03:00:00,-1.0,-0.00196435447135,1.0,265.38762777,0.0,51.0,100692.380159,101042.749093,0.00346753168165,0.00617809987447
2016-04-13 03:30:00,-1.0,0.00165435166416,1.0,197.795527196,0.0,52.0,100890.175686,101042.749093,0.00150998867166,0.00617809987447
2016-04-13 04:00:00,-1.0,0.000215428605002,1.0,-166.907830044,0.0,53.0,100723.267856,101042.749093,0.00316184228355,0.00617809987447
2016-04-13 04:30:00,-1.0,-0.00031980994152,1.0,-21.6986730855,0.0,54.0,100701.569183,101042.749093,0.00337658973728,0.00617809987447
2016-04-13 05:00:00,-1.0,0.00107072672312,1.0,32.2053629514,0.0,55.0,100733.774546,101042.749093,0.00305785966272,0.00617809987447
2016-04-13 05:30:00,-1.0,0.00114784355414,1.0,-107.858344327,0.0,56.0,100625.916202,101042.749093,0.00412531225379,0.00617809987447
2016-04-13 06:00:00,-1.0,-0.000768694587218,1.0,-115.502809292,0.0,57.0,100510.413392,101042.749093,0.00526842059485,0.00617809987447
2016-04-13 06:30:00,-1.0,-1.30387446296e-05,1.0,77.2618107337,0.0,58.0,100587.675203,101042.749093,0.00450377581402,0.00617809987447
2016-04-13 07:00:00,-1.0,-0.00116698286035,1.0,1.31153700986,0.0,59.0,100588.98674,101042.749093,0.00449079579298,0.00617809987447
2016-04-13 07:30:00,-1.0,-0.000548274241554,1.0,117.385623465,0.0,60.0,100706.372364,101042.749093,0.00332905361435,0.00617809987447
2016-04-13 08:00:00,-1.0,0.000150205062564,1.0,55.2147099273,0.0,61.0,100761.587073,101042.749093,0.00278260460714,0.00617809987447
2016-04-13 08:30:00,-1.0,-0.00126022710207,1.0,-15.1349004904,0.0,62.0,100746.452173,101042.749093,0.00293239170841,0.00617809987447
2016-04-13 09:00:00,-1.0,0.000993762830655,1.0,126.963409465,0.0,63.0,100873.415582,101042.749093,0.00167586008585,0.00617809987447
2016-04-13 09:30:00,-1.0,0.00136506733897,1.0,-100.244251007,0.0,64.0,100773.171331,101042.749093,0.00266795750904,0.00617809987447
2016-04-13 10:00:00,-1.0,-0.00212634119297,1.0,-137.562164829,0.0,65.0,100635.609167,101042.749093,0.00402938290635,0.00617809987447
2016-04-13 10:30:00,-1.0,-0.000398721476707,1.0,213.985641251,0.0,66.0,100849.594808,101042.749093,0.00191160955624,0.00617809987447
2016-04-13 11:00:00,-1.0,-0.0010397049592,1.0,40.2108993671,0.0,67.0,100889.805707,101042.749093,0.00151365027931,0.00617809987447
2016-04-13 11:30:00,-1.0,0.001302620296,2.0,104.895631326,2.0,68.0,100992.701339,101042.749093,0.00049531267221,0.00617809987447
2016-04-13 12:00:00,-1.0,3.268657497e-05,1.0,-263.110285023,2.01,69.0,100727.581054,101042.749093,0.00311915542594,0.00617809987447
2016-04-13 12:30:00,-1.0,-0.00053604230812,1.0,-3.29243962965,0.0,70.0,100724.288614,101042.749093,0.0031517400464,0.00617809987447
2016-04-13 13:00:00,-1.0,0.000869900778986,1.0,53.9924801523,0.0,71.0,100778.281094,101042.749093,0.00261738720429,0.00617809987447
2016-04-13 13:30:00,-1.0,-0.000496654119615,1.0,-87.6671052286,0.0,72.0,100690.613989,101042.749093,0.00348501111611,0.00617809987447
2016-04-13 14:00:00,-1.0,0.00156916076052,1.0,50.0084082442,0.0,73.0,100740.622397,101042.749093,0.00299008784162,0.00617809987447
2016-04-13 14:30:00,-1.0,-0.000483066558738,1.0,-158.078231656,0.0,74.0,100582.544165,101042.749093,0.00455455667363,0.00617809987447
2016-04-13 15:00:00,-1.0,0.000372271640738,1.0,48.5880634791,0.0,75.0,100631.132229,101042.749093,0.00407369026891,0.00617809987447
2016-04-13 15:30:00,-1.0,0.000483120172879,1.0,-37.4621167042,0.0,76.0,100593.670112,101042.749093,0.00444444539029,0.00617809987447
2016-04-13 16:00:00,-1.0,-0.000998401252896,1.0,-48.5988312951,0.0,77.0,100545.071281,101042.749093,0.00492541836194,0.00617809987447
2016-04-13 16:30:00,-1.0,-0.000450709377368,1.0,100.384325139,0.0,78.0,100645.455606,101042.749093,0.00393193465291,0.00617809987447
2016-04-13 17:00:00,-1.0,0.000274468543944,1.0,45.3618506311,0.0,79.0,100690.817457,101042.749093,0.00348299743536,0.00617809987447
2016-04-13 17:30:00,-1.0,0.000104530754908,1.0,-27.6364620559,0.0,80.0,100663.180995,101042.749093,0.00375651000607,0.00617809987447
2016-04-13 18:00:00,-1.0,-7.83898720286e-05,1.0,-10.5223983008,0.0,81.0,100652.658596,101042.749093,0.00386064809015,0.00617809987447
2016-04-13 18:30:00,-1.0,0.000476909106351,1.0,7.89014902671,0.0,82.0,100660.548745,101042.749093,0.00378256085383,0.00617809987447
2016-04-13 19:00:00,-1.0,0.000940303770357,1.0,-48.0059323469,0.0,83.0,100612.542813,101042.749093,0.00425766602247,0.00617809987447
2016-04-13 19:30:00,-1.0,-0.000639327792493,1.0,-94.6063533523,0.0,84.0,100517.93646,101042.749093,0.00519396629341,0.00617809987447
2016-04-13 20:00:00,-1.0,-0.00011097474998,1.0,64.2639104227,0.0,85.0,100582.20037,101042.749093,0.00455795914792,0.00617809987447
2016-04-13 20:30:00,-1.0,-0.00238948626045,1.0,11.1620845385,0.0,86.0,100593.362455,101042.749093,0.00444749021632,0.00617809987447
2016-04-13 21:00:00,-1.0,-0.000798403193613,1.0,240.366457478,0.0,87.0,100833.728912,101042.749093,0.00206863117263,0.00617809987447
2016-04-13 21:30:00,-1.0,0.000248881669865,1.0,80.5059711873,0.0,88.0,100914.234883,101042.749093,0.00127187958075,0.00617809987447
2016-04-13 22:00:00,-1.0,0.0,1.0,-25.1157032909,0.0,89.0,100889.11918,101042.749093,0.0015204447031,0.00617809987447
