,signals,gainAhead,safef,trade,commission,numBars,equity,maxEquity,drawdown,maxDD
2016-04-19 04:30:00,-1.0,0.00132952347895,1.0,0.0,2.0,0.0,99998.0,100000.0,0.0,0.0
2016-04-19 05:00:00,-1.0,0.00105539753823,1.0,-132.949688848,0.0,1.0,99865.0503112,100000.0,0.00134949688848,0.00134949688848
2016-04-19 05:30:00,-1.0,0.00195398247599,1.0,-105.397328254,0.0,2.0,99759.6529829,100000.0,0.00240347017102,0.00240347017102
2016-04-19 06:00:00,-1.0,-0.00327085789048,1.0,-194.92861374,0.0,3.0,99564.7243692,100000.0,0.00435275630842,0.00435275630842
2016-04-19 06:30:00,-1.0,-0.000860643811104,2.0,325.662064317,2.0,4.0,99888.3864335,100000.0,0.00111613566525,0.00435275630842
2016-04-19 07:00:00,-1.0,-0.00124560011898,1.0,171.93664317,2.0,5.0,100058.323077,100058.323077,0.0,0.00435275630842
2016-04-19 07:30:00,-1.0,0.000499481903864,2.0,124.632659129,2.0,6.0,100180.955736,100180.955736,0.0,0.00435275630842
2016-04-19 08:00:00,-1.0,0.000415510317989,1.0,-100.077149004,2.0,7.0,100078.878587,100180.955736,0.00101892768195,0.00435275630842
2016-04-19 08:30:00,-1.0,-0.000536219620679,1.0,-41.5838066656,0.0,8.0,100037.29478,100180.955736,0.00143401462498,0.00435275630842
2016-04-19 09:00:00,-1.0,0.00156920634133,1.0,53.6419602607,0.0,9.0,100090.93674,100180.955736,0.000898563951075,0.00435275630842
2016-04-19 09:30:00,-1.0,0.000634749599024,1.0,-157.063332643,0.0,10.0,99933.8734077,100180.955736,0.00246636026016,0.00435275630842
2016-04-19 10:00:00,-1.0,-0.000306343160038,1.0,-63.4329860745,0.0,11.0,99870.4404216,100180.955736,0.00309954433799,0.00435275630842
2016-04-19 10:30:00,-1.0,0.00151361323313,1.0,30.5946263132,0.0,12.0,99901.035048,100180.955736,0.00279415070216,0.00435275630842
2016-04-19 11:00:00,-1.0,-0.000176166795959,1.0,-151.211528652,0.0,13.0,99749.8235193,100180.955736,0.00430353467181,0.00435275630842
2016-04-19 11:30:00,-1.0,0.000268933539413,1.0,17.5726068068,0.0,14.0,99767.3961261,100180.955736,0.00412812601577,0.00435275630842
2016-04-19 12:00:00,-1.0,-0.000321397336729,1.0,-26.8307989582,0.0,15.0,99740.5653272,100180.955736,0.00439594936364,0.00439594936364
2016-04-19 12:30:00,-1.0,9.27405767838e-06,1.0,32.05635206,0.0,16.0,99772.6216792,100180.955736,0.00407596487333,0.00439594936364
2016-04-19 13:00:00,-1.0,0.000590442863061,1.0,-0.925297048176,0.0,17.0,99771.6963822,100180.955736,0.00408520113027,0.00439594936364
2016-04-19 13:30:00,-1.0,4.32529960424e-05,1.0,-58.9094860643,0.0,18.0,99712.7868961,100180.955736,0.00467323191548,0.00467323191548
2016-04-19 14:00:00,-1.0,-0.00168988325286,1.0,-4.31287677699,0.0,19.0,99708.4740193,100180.955736,0.00471628278024,0.00471628278024
2016-04-19 14:30:00,-1.0,-4.02297427773e-05,2.0,168.495680413,2.0,20.0,99874.9696997,100180.955736,0.0030543333689,0.00471628278024
2016-04-19 15:00:00,-1.0,-0.000690122581863,1.0,8.03588868183,2.0,21.0,99881.0055884,100180.955736,0.00299408350766,0.00471628278024
2016-04-19 15:30:00,-1.0,-0.000445947452525,1.0,68.9301374558,0.0,22.0,99949.9357259,100180.955736,0.00230602721044,0.00471628278024
2016-04-19 16:00:00,-1.0,-0.00148095822335,1.0,44.572419217,0.0,23.0,99994.5081451,100180.955736,0.00186110812487,0.00471628278024
2016-04-19 16:30:00,-1.0,-0.000366134427186,2.0,148.087689127,2.0,24.0,100140.595834,100180.955736,0.000402869999134,0.00471628278024
2016-04-19 17:00:00,-1.0,0.000813240296988,1.0,73.3298393876,2.0,25.0,100211.925674,100211.925674,0.0,0.00471628278024
2016-04-19 17:30:00,-1.0,0.000887014235648,1.0,-81.4963761965,0.0,26.0,100130.429297,100211.925674,0.000813240296988,0.00471628278024
2016-04-19 18:00:00,-1.0,-0.00139131620372,1.0,-88.8171162084,0.0,27.0,100041.612181,100211.925674,0.00169953317692,0.00471628278024
2016-04-19 18:30:00,-1.0,0.000412701269444,2.0,139.189516074,2.0,28.0,100178.801697,100211.925674,0.000330539265743,0.00471628278024
2016-04-19 19:00:00,-1.0,0.000248138957816,1.0,-82.6878372637,2.0,29.0,100094.11386,100211.925674,0.00117562668118,0.00471628278024
2016-04-19 19:30:00,-1.0,0.000663607045398,1.0,-24.8372490968,0.0,30.0,100069.276611,100211.925674,0.00142347392022,0.00471628278024
2016-04-19 20:00:00,-1.0,0.00110321233119,1.0,-66.4066769869,0.0,31.0,100002.869934,100211.925674,0.0020861363383,0.00471628278024
2016-04-19 20:30:00,-1.0,0.00246401485838,1.0,-110.324399265,0.0,32.0,99892.5455347,100211.925674,0.00318704721815,0.00471628278024
2016-04-19 21:00:00,-1.0,0.000324228182531,1.0,-246.136716439,0.0,33.0,99646.4088182,100211.925674,0.00564320914483,0.00564320914483
2016-04-19 21:30:00,-1.0,-0.000481554309139,1.0,-32.3081740269,0.0,34.0,99614.1006442,100211.925674,0.00596560763992,0.00596560763992
2016-04-19 22:00:00,-1.0,0.000540465417934,1.0,47.9695994162,0.0,35.0,99662.0702436,100211.925674,0.00548692609484,0.00596560763992
2016-04-19 22:30:00,-1.0,3.08670555915e-05,1.0,-53.8639024464,0.0,36.0,99608.2063412,100211.925674,0.00602442601897,0.00602442601897
2016-04-19 23:00:00,-1.0,-0.000203716278782,1.0,-3.0746120425,0.0,37.0,99605.1317291,100211.925674,0.00605510711827,0.00605510711827
2016-04-19 23:30:00,-1.0,-0.000179059873917,1.0,20.2911867835,0.0,38.0,99625.4229159,100211.925674,0.00585262436338,0.00605510711827
2016-04-20 00:00:00,-1.0,0.000901635294699,1.0,17.8389156663,0.0,39.0,99643.2618316,100211.925674,0.00567461245964,0.00605510711827
2016-04-20 00:30:00,-1.0,-0.000422646445451,1.0,-89.8418817463,0.0,40.0,99553.4199498,100211.925674,0.00657113132346,0.00657113132346
2016-04-20 01:00:00,-1.0,0.000617262994158,1.0,42.0758990743,0.0,41.0,99595.4958489,100211.925674,0.00615126214331,0.00657113132346
2016-04-20 01:30:00,-1.0,0.00024366847516,1.0,-61.4766139723,0.0,42.0,99534.0192349,100211.925674,0.00676472819098,0.00676472819098
2016-04-20 02:00:00,-1.0,0.00145240371273,1.0,-24.2533026935,0.0,43.0,99509.7659322,100211.925674,0.00700674831513,0.00700674831513
2016-04-20 02:30:00,-1.0,-0.00144413892062,1.0,-144.528353493,0.0,44.0,99365.2375787,100211.925674,0.00844897540059,0.00844897540059
2016-04-20 03:00:00,-1.0,-0.000120261986111,2.0,143.497206944,2.0,45.0,99506.7347857,100211.925674,0.00703699567869,0.00844897540059
2016-04-20 03:30:00,-1.0,0.000101772381443,1.0,23.9337551136,2.0,46.0,99528.6685408,100211.925674,0.00681812197712,0.00844897540059
2016-04-20 04:00:00,-1.0,1.23347908945e-05,1.0,-10.1292696192,0.0,47.0,99518.5392712,100211.925674,0.00691920046205,0.00844897540059
2016-04-20 04:30:00,-1.0,-8.01751518702e-05,1.0,-1.22754037204,0.0,48.0,99517.3117308,100211.925674,0.00693144990605,0.00844897540059
2016-04-20 05:00:00,-1.0,0.000209705671922,1.0,7.97881558173,0.0,49.0,99525.2905464,100211.925674,0.00685183048423,0.00844897540059
2016-04-20 05:30:00,-1.0,0.000363824722815,1.0,-20.8710179272,0.0,50.0,99504.4195285,100211.925674,0.00706009928844,0.00844897540059
2016-04-20 06:00:00,-1.0,-0.000705809832023,1.0,-36.2021678538,0.0,51.0,99468.2173606,100211.925674,0.00742135537259,0.00844897540059
2016-04-20 06:30:00,-1.0,0.000135709901579,1.0,70.205645787,0.0,52.0,99538.4230064,100211.925674,0.00672078360615,0.00844897540059
2016-04-20 07:00:00,-1.0,0.000919001434012,1.0,-13.5083495896,0.0,53.0,99524.9146568,100211.925674,0.00685558143085,0.00844897540059
2016-04-20 07:30:00,-1.0,-0.000890428052489,1.0,-91.4635392896,0.0,54.0,99433.4511175,100211.925674,0.0077682825757,0.00844897540059
2016-04-20 08:00:00,-1.0,0.000709276722771,1.0,88.5383342308,0.0,55.0,99521.9894518,100211.925674,0.00688477161993,0.00844897540059
2016-04-20 08:30:00,-1.0,0.000825875798141,1.0,-70.588630522,0.0,56.0,99451.4008212,100211.925674,0.00758916513445,0.00844897540059
2016-04-20 09:00:00,-1.0,0.00132708484722,1.0,-82.1345050295,0.0,57.0,99369.2663162,100211.925674,0.00840877322478,0.00844897540059
2016-04-20 09:30:00,-1.0,0.000159900123923,1.0,-131.871447607,0.0,58.0,99237.3948686,100211.925674,0.00972469891647,0.00972469891647
2016-04-20 10:00:00,-1.0,-0.00130359256583,1.0,-15.8680717372,0.0,59.0,99221.5267969,100211.925674,0.00988304405983,0.00988304405983
2016-04-20 10:30:00,-1.0,-0.00195486268244,2.0,129.344444703,2.0,60.0,99348.8712416,100211.925674,0.00861229266126,0.00988304405983
2016-04-20 11:00:00,-1.0,-0.00124924428432,2.0,388.426801866,0.0,61.0,99737.2980434,100211.925674,0.00473623899544,0.00988304405983
2016-04-20 11:30:00,-1.0,-0.000867843763415,2.0,249.192499029,0.0,62.0,99986.4905425,100211.925674,0.00224958386579,0.00988304405983
2016-04-20 12:00:00,-1.0,0.00105406324379,1.0,173.545304486,2.0,63.0,100158.035847,100211.925674,0.000537758618116,0.00988304405983
2016-04-20 12:30:00,-1.0,0.000633007154525,1.0,-105.572904157,0.0,64.0,100052.462943,100211.925674,0.00159125503032,0.00988304405983
2016-04-20 13:00:00,-1.0,0.000703582096922,1.0,-63.3339248706,0.0,65.0,99989.1290179,100211.925674,0.00222325490902,0.00988304405983
2016-04-20 13:30:00,-1.0,-0.000980621923993,1.0,-70.3505610638,0.0,66.0,99918.7784569,100211.925674,0.00292527276359,0.00988304405983
2016-04-20 14:00:00,-1.0,-4.32144113887e-05,2.0,97.9825447734,2.0,67.0,100014.761002,100211.925674,0.00196747713071,0.00988304405983
2016-04-20 14:30:00,-1.0,-0.00041364152714,1.0,8.64415805374,2.0,68.0,100021.40516,100211.925674,0.00190117605916,0.00988304405983
2016-04-20 15:00:00,-1.0,4.94104713142e-05,1.0,41.3730067769,0.0,69.0,100062.778166,100211.925674,0.00148832093739,0.00988304405983
2016-04-20 15:30:00,-1.0,0.000216160131425,1.0,-4.94414903021,0.0,70.0,100057.834017,100211.925674,0.00153765787007,0.00988304405983
2016-04-20 16:00:00,-1.0,-0.000142017387868,1.0,-21.6285145513,0.0,71.0,100036.205503,100211.925674,0.00175348562116,0.00988304405983
2016-04-20 16:30:00,-1.0,-5.55799146539e-05,1.0,14.2068805978,0.0,72.0,100050.412383,100211.925674,0.00161171725874,0.00988304405983
2016-04-20 17:00:00,-1.0,-0.00017601284585,1.0,5.56079338136,0.0,73.0,100055.973177,100211.925674,0.0015562269232,0.00988304405983
2016-04-20 17:30:00,-1.0,-5.8681277275e-05,1.0,17.6111365831,0.0,74.0,100073.584313,100211.925674,0.00138048799328,0.00988304405983
2016-04-20 18:00:00,-1.0,0.000565226523023,1.0,5.872445749,0.0,75.0,100079.456759,100211.925674,0.0013218877248,0.00988304405983
2016-04-20 18:30:00,-1.0,-0.000234606278188,1.0,-56.56756337,0.0,76.0,100022.889196,100211.925674,0.00188636708182,0.00988304405983
2016-04-20 19:00:00,-1.0,0.000765736975524,1.0,23.4659977678,0.0,77.0,100046.355194,100211.925674,0.00165220335719,0.00988304405983
2016-04-20 19:30:00,-1.0,-0.000388746108682,1.0,-76.6091934382,0.0,78.0,99969.7460001,100211.925674,0.00241667517952,0.00988304405983
2016-04-20 20:00:00,-1.0,0.000290129725025,1.0,38.8628497435,0.0,79.0,100008.60885,100211.925674,0.00202886854391,0.00988304405983
2016-04-20 20:30:00,-1.0,0.000651059746303,1.0,-29.0154701858,0.0,80.0,99979.5933797,100211.925674,0.00231840963386,0.00988304405983
2016-04-20 21:00:00,-1.0,0.000564295802009,1.0,-65.0926887012,0.0,81.0,99914.500691,100211.925674,0.00296795995697,0.00988304405983
2016-04-20 21:30:00,-1.0,-7.08824245487e-05,1.0,-56.3813332998,0.0,82.0,99858.1193577,100211.925674,0.00353058095164,0.00988304405983
2016-04-20 22:00:00,-1.0,-0.000249647103785,1.0,7.07818561094,0.0,83.0,99865.1975433,100211.925674,0.00345994878323,0.00988304405983
2016-04-20 22:30:00,-1.0,0.000779956655373,1.0,24.9310573356,0.0,84.0,99890.1286006,100211.925674,0.00321116544563,0.00988304405983
2016-04-20 23:00:00,-1.0,-4.92868804486e-05,1.0,-77.9099706082,0.0,85.0,99812.21863,100211.925674,0.00398861753115,0.00988304405983
2016-04-20 23:30:00,-1.0,-0.00125995798086,1.0,4.91943288692,0.0,86.0,99817.1380629,100211.925674,0.00393952723721,0.00988304405983
2016-04-21 00:00:00,-1.0,-0.000943847257137,2.0,125.765399729,2.0,87.0,99940.9034627,100211.925674,0.00270449059963,0.00988304405983
2016-04-21 00:30:00,-1.0,6.17476435555e-05,1.0,188.657895218,2.0,88.0,100127.561358,100211.925674,0.00084185904193,0.00988304405983
2016-04-21 01:00:00,-1.0,0.0,1.0,-6.18264096881,0.0,89.0,100121.378717,100211.925674,0.000903554702673,0.00988304405983
