,signals,gainAhead,safef,trade,commission,numBars,equity,maxEquity,drawdown,maxDD
2016-04-19 11:00:00,-1.0,-0.000947620535249,1.0,0.0,2.0,0.0,99998.0,100000.0,0.0,0.0
2016-04-19 11:30:00,-1.0,-0.000396085012352,1.0,94.7601582839,0.0,1.0,100092.760158,100092.760158,0.0,0.0
2016-04-19 12:00:00,-1.0,0.000827241982183,1.0,39.6452421436,0.0,2.0,100132.4054,100132.4054,0.0,0.0
2016-04-19 12:30:00,-1.0,0.000211848955168,1.0,-82.8337295242,0.0,3.0,100049.571671,100132.4054,0.000827241982183,0.000827241982183
2016-04-19 13:00:00,-1.0,0.000975687668836,1.0,-21.1953972235,0.0,4.0,100028.376274,100132.4054,0.001038915687,0.001038915687
2016-04-19 13:30:00,-1.0,-0.000117939663456,1.0,-97.5964532639,0.0,5.0,99930.7798204,100132.4054,0.00201358969861,0.00201358969861
2016-04-19 14:00:00,-1.0,-0.00165135004805,1.0,11.7858025409,0.0,6.0,99942.565623,100132.4054,0.00189588751725,0.00201358969861
2016-04-19 14:30:00,-1.0,-0.000104248835019,2.0,165.040160544,2.0,7.0,100105.605784,100132.4054,0.000267641797078,0.00201358969861
2016-04-19 15:00:00,-1.0,-0.000483069961737,1.0,20.8717855637,2.0,8.0,100124.477569,100132.4054,7.91734836663e-05,0.00201358969861
2016-04-19 15:30:00,-1.0,0.000208620186089,1.0,48.3671275482,0.0,9.0,100172.844697,100172.844697,0.0,0.00201358969861
2016-04-19 16:00:00,-1.0,9.38595027531e-05,1.0,-20.8980775017,0.0,10.0,100151.946619,100172.844697,0.000208620186089,0.00201358969861
2016-04-19 16:30:00,-1.0,-0.000371926824266,1.0,-9.40021190942,0.0,11.0,100142.546407,100172.844697,0.000302460107855,0.00201358969861
2016-04-19 17:00:00,-1.0,0.000848447757872,1.0,37.2456992592,0.0,12.0,100179.792106,100179.792106,0.0,0.00201358969861
2016-04-19 17:30:00,-1.0,-0.00033005822922,1.0,-84.9973199968,0.0,13.0,100094.794786,100179.792106,0.000848447757872,0.00201358969861
2016-04-19 18:00:00,-1.0,0.000100787883211,1.0,33.0371107214,0.0,14.0,100127.831897,100179.792106,0.000518669565817,0.00201358969861
2016-04-19 18:30:00,-1.0,0.000642892390239,1.0,-10.0916722275,0.0,15.0,100117.740225,100179.792106,0.00061940517342,0.00201358969861
2016-04-19 19:00:00,-1.0,0.00127106724501,1.0,-64.3649333186,0.0,16.0,100053.375292,100179.792106,0.00126189935279,0.00201358969861
2016-04-19 19:30:00,-1.0,-0.000221980972068,1.0,-127.174568086,0.0,17.0,99926.2007236,100179.792106,0.00253136263887,0.00253136263887
2016-04-19 20:00:00,-1.0,0.000673029221264,1.0,22.1817151717,0.0,18.0,99948.3824387,100179.792106,0.00230994358114,0.00253136263887
2016-04-19 20:30:00,-1.0,0.000208013368326,1.0,-67.2681819993,0.0,19.0,99881.1142567,100179.792106,0.00298141814287,0.00298141814287
2016-04-19 21:00:00,-1.0,-0.000159443749285,1.0,-20.7766070087,0.0,20.0,99860.3376497,100179.792106,0.00318881133637,0.00318881133637
2016-04-19 21:30:00,-1.0,0.00040907310275,1.0,15.9221066397,0.0,21.0,99876.2597564,100179.792106,0.00302987602312,0.00318881133637
2016-04-19 22:00:00,-1.0,-0.000110889716711,1.0,-40.8566914696,0.0,22.0,99835.4030649,100179.792106,0.00343770968508,0.00343770968508
2016-04-19 22:30:00,-1.0,0.00066194639967,1.0,11.0707195636,0.0,23.0,99846.4737845,100179.792106,0.00332720117502,0.00343770968508
2016-04-19 23:00:00,-1.0,0.000180096559463,1.0,-66.0930138414,0.0,24.0,99780.3807706,100179.792106,0.00398694514585,0.00398694514585
2016-04-19 23:30:00,-1.0,0.000813751359138,1.0,-17.9701032787,0.0,25.0,99762.4106673,100179.792106,0.00416632367021,0.00416632367021
2016-04-20 00:00:00,-1.0,0.000128018379287,1.0,-81.1817972714,0.0,26.0,99681.2288701,100179.792106,0.0049766846778,0.0049766846778
2016-04-20 00:30:00,-1.0,-0.000550062617191,1.0,-12.7610293653,0.0,27.0,99668.4678407,100179.792106,0.00510406594998,0.00510406594998
2016-04-20 01:00:00,-1.0,0.000314988975386,1.0,54.8238982719,0.0,28.0,99723.291739,100179.792106,0.00455681088867,0.00510406594998
2016-04-20 01:30:00,-1.0,0.000134952766532,1.0,-31.411737487,0.0,29.0,99691.8800015,100179.792106,0.00487036451886,0.00510406594998
2016-04-20 02:00:00,-1.0,0.000456701576658,1.0,-13.453695007,0.0,30.0,99678.4263065,100179.792106,0.00500466001623,0.00510406594998
2016-04-20 02:30:00,-1.0,-0.000878403380815,1.0,-45.523294453,0.0,31.0,99632.903012,100179.792106,0.00545907595676,0.00545907595676
2016-04-20 03:00:00,-1.0,-0.000477662361937,1.0,87.5178788462,0.0,32.0,99720.4208909,100179.792106,0.00458546784673,0.00545907595676
2016-04-20 03:30:00,-1.0,-0.000474427656708,1.0,47.632691776,0.0,33.0,99768.0535826,100179.792106,0.00410999579019,0.00545907595676
2016-04-20 04:00:00,-1.0,0.000270240305995,1.0,47.3327238756,0.0,34.0,99815.3863065,100179.792106,0.00363751802915,0.00545907595676
2016-04-20 04:30:00,-1.0,-0.00113955179938,1.0,-26.9741405385,0.0,35.0,99788.412166,100179.792106,0.00390677533116,0.00545907595676
2016-04-20 05:00:00,-1.0,-0.000128302488721,2.0,113.714064641,2.0,36.0,99900.1262306,100179.792106,0.00279163961075,0.00545907595676
2016-04-20 05:30:00,-1.0,-0.000430041894404,1.0,25.6348696379,2.0,37.0,99923.7611003,100179.792106,0.00255571508804,0.00545907595676
2016-04-20 06:00:00,-1.0,-0.000589827215322,1.0,42.9714035195,0.0,38.0,99966.7325038,100179.792106,0.0021267722582,0.00545907595676
2016-04-20 06:30:00,-1.0,-0.000420065960771,1.0,58.9630994575,0.0,39.0,100025.695603,100179.792106,0.00153819947103,0.00545907595676
2016-04-20 07:00:00,-1.0,0.000833538823807,1.0,42.0173899253,0.0,40.0,100067.712993,100179.792106,0.0011187796555,0.00545907595676
2016-04-20 07:30:00,-1.0,-0.000329667660297,1.0,-83.4103237894,0.0,41.0,99984.3026694,100179.792106,0.00195138593303,0.00545907595676
2016-04-20 08:00:00,-1.0,0.000531113533328,1.0,32.9615911274,0.0,42.0,100017.26426,100179.792106,0.00162236158157,0.00545907595676
2016-04-20 08:30:00,-1.0,0.000353887734321,1.0,-53.1205226152,0.0,43.0,99964.1437379,100179.792106,0.0021526134567,0.00545907595676
2016-04-20 09:00:00,-1.0,0.000360699062529,1.0,-35.3760843407,0.0,44.0,99928.7676535,100179.792106,0.00250573940753,0.00545907595676
2016-04-20 09:30:00,-1.0,-0.000755808107949,1.0,-36.0442128123,0.0,45.0,99892.7234407,100179.792106,0.0028655346522,0.00545907595676
2016-04-20 10:00:00,-1.0,-0.00284509827733,1.0,75.4997303016,0.0,46.0,99968.223171,100179.792106,0.00211189233858,0.00545907595676
2016-04-20 10:30:00,-1.0,0.000219210494268,2.0,284.419419531,2.0,47.0,100250.642591,100250.642591,0.0,0.00545907595676
2016-04-20 11:00:00,-1.0,-0.00196550452588,1.0,-43.9519858258,2.0,48.0,100204.690605,100250.642591,0.000458370985346,0.00545907595676
2016-04-20 11:30:00,-1.0,-0.00422805715023,1.0,196.952772898,0.0,49.0,100401.643378,100401.643378,0.0,0.00545907595676
2016-04-20 12:00:00,-1.0,0.00123914869784,2.0,424.503886177,2.0,50.0,100824.147264,100824.147264,0.0,0.00545907595676
2016-04-20 12:30:00,-1.0,1.04882636329e-05,1.0,-249.872221586,2.01,51.0,100572.265042,100824.147264,0.00249823309616,0.00545907595676
2016-04-20 13:00:00,-1.0,-3.49605121018e-06,1.0,-1.05482842992,0.0,52.0,100571.210214,100824.147264,0.00250869515766,0.00545907595676
2016-04-20 13:30:00,-1.0,-0.00143688207079,1.0,0.351602101177,0.0,53.0,100571.561816,100824.147264,0.00250520787698,0.00545907595676
2016-04-20 14:00:00,-1.0,0.000479649890591,2.0,144.509474004,2.0,54.0,100714.07129,100824.147264,0.00109176201235,0.00545907595676
2016-04-20 14:30:00,-1.0,-0.00133327734268,1.0,-96.6149865503,2.01,55.0,100615.446303,100824.147264,0.00206995016695,0.00545907595676
2016-04-20 15:00:00,-1.0,0.0003679291894,1.0,134.14829488,0.0,56.0,100749.594598,100824.147264,0.000739432641921,0.00545907595676
2016-04-20 15:30:00,-1.0,0.000280223898895,1.0,-37.0687166729,0.0,57.0,100712.525882,100824.147264,0.00110708977247,0.00545907595676
2016-04-20 16:00:00,-1.0,0.00031166175245,1.0,-28.2220566701,0.0,58.0,100684.303825,100824.147264,0.00138700343835,0.00545907595676
2016-04-20 16:30:00,-1.0,0.00057761985612,1.0,-31.3794465742,0.0,59.0,100652.924378,100824.147264,0.00169823291488,0.00545907595676
2016-04-20 17:00:00,-1.0,0.000388356308166,1.0,-58.1391276975,0.0,60.0,100594.785251,100824.147264,0.00227487183795,0.00545907595676
2016-04-20 17:30:00,-1.0,-0.000237819613823,1.0,-39.0666194207,0.0,61.0,100555.718631,100824.147264,0.00266234468528,0.00545907595676
2016-04-20 18:00:00,-1.0,0.000594690463614,1.0,23.9141221726,0.0,62.0,100579.632753,100824.147264,0.00242515822925,0.00545907595676
2016-04-20 18:30:00,-1.0,-0.00020976600602,1.0,-59.8137484322,0.0,63.0,100519.819005,100824.147264,0.00301840647439,0.00545907595676
2016-04-20 19:00:00,-1.0,0.000188829015327,1.0,21.0856409585,0.0,64.0,100540.904646,100824.147264,0.00280927362744,0.00545907595676
2016-04-20 19:30:00,-1.0,-0.00032514412975,1.0,-18.9850400243,0.0,65.0,100521.919606,100824.147264,0.00299757217039,0.00545907595676
2016-04-20 20:00:00,-1.0,-0.000167870907272,1.0,32.684112071,0.0,66.0,100554.603718,100824.147264,0.00267340268364,0.00545907595676
2016-04-20 20:30:00,-1.0,0.000230861252387,1.0,16.8801925565,0.0,67.0,100571.48391,100824.147264,0.0025059805629,0.00545907595676
2016-04-20 21:00:00,-1.0,0.000496586839749,1.0,-23.21805873,0.0,68.0,100548.265852,100824.147264,0.00273626328147,0.00545907595676
2016-04-20 21:30:00,-1.0,-0.000304095856607,1.0,-49.9309455816,0.0,69.0,100498.334906,100824.147264,0.00323149132889,0.00545907595676
2016-04-20 22:00:00,-1.0,-0.000321670448625,1.0,30.5611272408,0.0,70.0,100528.896033,100824.147264,0.0029283781554,0.00545907595676
2016-04-20 22:30:00,-1.0,0.000213350121539,1.0,32.3371750869,0.0,71.0,100561.233209,100824.147264,0.00260764967949,0.00545907595676
2016-04-20 23:00:00,-1.0,-0.000737824153076,1.0,-21.4547513272,0.0,72.0,100539.778457,100824.147264,0.00282044345866,0.00545907595676
2016-04-20 23:30:00,-1.0,-0.000895840988225,1.0,74.1806768906,0.0,73.0,100613.959134,100824.147264,0.00208470029689,0.00545907595676
2016-04-21 00:00:00,-1.0,-0.000147105695442,1.0,90.1341085799,0.0,74.0,100704.093243,100824.147264,0.00119072686864,0.00545907595676
2016-04-21 00:30:00,-1.0,0.000339794091786,1.0,14.8141456703,0.0,75.0,100718.907388,100824.147264,0.0010437963359,0.00545907595676
2016-04-21 01:00:00,-1.0,-0.00012606631088,1.0,-34.2236896617,0.0,76.0,100684.683699,100824.147264,0.00138323575186,0.00545907595676
2016-04-21 01:30:00,-1.0,0.000129584489087,1.0,12.692946636,0.0,77.0,100697.376645,100824.147264,0.00125734382041,0.00545907595676
2016-04-21 02:00:00,-1.0,-0.000465743350901,1.0,-13.048818105,0.0,78.0,100684.327827,100824.147264,0.00138676537724,0.00545907595676
2016-04-21 02:30:00,-1.0,-6.65657669777e-05,1.0,46.8930562254,0.0,79.0,100731.220883,100824.147264,0.00092166790309,0.00545907595676
2016-04-21 03:00:00,-1.0,0.000497524639733,1.0,6.70525097671,0.0,80.0,100737.926134,100824.147264,0.000855163487644,0.00545907595676
2016-04-21 03:30:00,-1.0,0.00101206422581,1.0,-50.1196004074,0.0,81.0,100687.806534,100824.147264,0.00135226266247,0.00545907595676
2016-04-21 04:00:00,-1.0,-0.000339345936945,1.0,-101.902526968,0.0,82.0,100585.904007,100824.147264,0.00236295831161,0.00545907595676
2016-04-21 04:30:00,-1.0,0.000384955922547,1.0,34.1334178387,0.0,83.0,100620.037425,100824.147264,0.00202441423497,0.00545907595676
2016-04-21 05:00:00,-1.0,0.000741629556037,1.0,-38.7342793336,0.0,84.0,100581.303146,100824.147264,0.00240859084727,0.00545907595676
2016-04-21 05:30:00,-1.0,0.000188765647449,1.0,-74.5940671974,0.0,85.0,100506.709078,100824.147264,0.00314843412114,0.00545907595676
2016-04-21 06:00:00,-1.0,0.000265620030546,1.0,-18.9722140121,0.0,86.0,100487.736864,100824.147264,0.00333660545239,0.00545907595676
2016-04-21 06:30:00,-1.0,-0.000387842026003,1.0,-26.6915557354,0.0,87.0,100461.045309,100824.147264,0.00360133921369,0.00545907595676
2016-04-21 07:00:00,-1.0,0.000374010793882,1.0,38.9630153469,0.0,88.0,100500.008324,100824.147264,0.00321489393838,0.00545907595676
2016-04-21 07:30:00,-1.0,0.0,1.0,-37.5880878984,0.0,89.0,100462.420236,100824.147264,0.00358770232723,0.00545907595676
