,signals,gainAhead,safef,trade,commission,numBars,equity,maxEquity,drawdown,maxDD
2016-04-13 22:30:00,1.0,-0.000632903689098,1.0,0.0,2.0,0.0,99998.0,100000.0,0.0,0.0
2016-04-13 23:00:00,1.0,0.000653602731329,1.0,-63.2891031024,0.0,1.0,99934.7108969,100000.0,0.000652891031024,0.000652891031024
2016-04-13 23:30:00,1.0,0.000385414300088,1.0,65.3175999968,0.0,2.0,100000.028497,100000.028497,0.0,0.000652891031024
2016-04-14 00:00:00,1.0,-0.000429875538865,1.0,38.5414409919,0.0,3.0,100038.569938,100038.569938,0.0,0.000652891031024
2016-04-14 00:30:00,1.0,0.000125772384441,1.0,-43.0041341594,0.0,4.0,99995.5658037,100038.569938,0.000429875538865,0.000652891031024
2016-04-14 01:00:00,1.0,-1.21699904262e-05,1.0,12.5766807447,0.0,5.0,100008.142484,100038.569938,0.000304157220895,0.000652891031024
2016-04-14 01:30:00,1.0,-0.000738321737896,1.0,-1.21709813658,0.0,6.0,100006.925386,100038.569938,0.000316323509731,0.000652891031024
2016-04-14 02:00:00,1.0,0.000738867259655,1.0,-73.8372869528,0.0,7.0,99933.0880994,100038.569938,0.0010544116991,0.0010544116991
2016-04-14 02:30:00,1.0,-0.000742378450741,1.0,73.8372869528,0.0,8.0,100006.925386,100038.569938,0.000316323509731,0.0010544116991
2016-04-14 03:00:00,1.0,0.00107988730199,1.0,-74.2429863317,0.0,9.0,99932.6824,100038.569938,0.00105846712872,0.00105846712872
2016-04-14 03:30:00,1.0,-0.00201956299577,1.0,107.916034777,0.0,10.0,100040.598435,100040.598435,0.0,0.00105846712872
2016-04-14 04:00:00,1.0,-0.000268194562965,1.0,-202.038290673,0.0,11.0,99838.5601441,100040.598435,0.00201956299577,0.00201956299577
2016-04-14 04:30:00,1.0,-0.00128036289143,1.0,-26.7761590049,0.0,12.0,99811.7839851,100040.598435,0.00228721592292,0.00228721592292
2016-04-14 05:00:00,1.0,0.00132677272709,1.0,-127.795304341,0.0,13.0,99683.9886808,100040.598435,0.00356465034795,0.00356465034795
2016-04-14 05:30:00,1.0,-0.000560895807507,1.0,132.257997509,0.0,14.0,99816.2466783,100040.598435,0.00224260710172,0.00356465034795
2016-04-14 06:00:00,1.0,-0.000341606444975,1.0,-55.9865142829,0.0,15.0,99760.260164,100040.598435,0.00280224504031,0.00356465034795
2016-04-14 06:30:00,1.0,0.000435290240956,1.0,-34.0787478244,0.0,16.0,99726.1814162,100040.598435,0.00314289422032,0.00356465034795
2016-04-14 07:00:00,1.0,0.000211450878335,1.0,43.4098335382,0.0,17.0,99769.5912497,100040.598435,0.00270897205055,0.00356465034795
2016-04-14 07:30:00,1.0,0.000813100678126,1.0,21.0963677008,0.0,18.0,99790.6876174,100040.598435,0.00249809398673,0.00356465034795
2016-04-14 08:00:00,1.0,0.000690574070162,1.0,81.1398757724,0.0,19.0,99871.8274932,100040.598435,0.00168702451052,0.00356465034795
2016-04-14 08:30:00,1.0,-0.000296335988179,1.0,68.9688944065,0.0,20.0,99940.7963876,100040.598435,0.00099761545574,0.00356465034795
2016-04-14 09:00:00,1.0,0.00097860469649,1.0,-29.6160546569,0.0,21.0,99911.1803329,100040.598435,0.00129365581456,0.00356465034795
2016-04-14 09:30:00,1.0,-0.00416210295728,1.0,97.7735503057,0.0,22.0,100008.953883,100040.598435,0.000316317095723,0.00356465034795
2016-04-14 10:00:00,1.0,0.00165794919424,1.0,-416.247562712,0.0,23.0,99592.7063205,100040.598435,0.00447710350869,0.00447710350869
2016-04-14 10:30:00,1.0,2.03342131269e-05,1.0,165.119647197,0.0,24.0,99757.8259677,100040.598435,0.0028265771246,0.00447710350869
2016-04-14 11:00:00,1.0,0.000325340794482,1.0,2.02849689431,0.0,25.0,99759.8544646,100040.598435,0.00280630038769,0.00447710350869
2016-04-14 11:30:00,1.0,-0.000187010114808,1.0,32.455950309,0.0,26.0,99792.3104149,100040.598435,0.00248187259721,0.00447710350869
2016-04-14 12:00:00,1.0,0.000235839466515,1.0,-18.6621714276,0.0,27.0,99773.6482435,100040.598435,0.00266841857674,0.00447710350869
2016-04-14 12:30:00,1.0,0.000142283363416,1.0,23.530563974,0.0,28.0,99797.1788075,100040.598435,0.00243320842863,0.00447710350869
2016-04-14 13:00:00,1.0,-0.000162586424846,1.0,14.1994782602,0.0,29.0,99811.3782857,100040.598435,0.0022912712703,0.00447710350869
2016-04-14 13:30:00,1.0,0.000333356370156,1.0,-16.2279751545,0.0,30.0,99795.1503106,100040.598435,0.00245348516554,0.00447710350869
2016-04-14 14:00:00,1.0,-0.000280413711824,1.0,33.2673490667,0.0,31.0,99828.4176596,100040.598435,0.00212094668029,0.00447710350869
2016-04-14 14:30:00,1.0,0.000711393681198,1.0,-27.9932571415,0.0,32.0,99800.4244025,100040.598435,0.00240076564959,0.00447710350869
2016-04-14 15:00:00,1.0,5.28088198855e-05,1.0,70.9973913008,0.0,33.0,99871.4217938,100040.598435,0.0016910798579,0.00447710350869
2016-04-14 15:30:00,1.0,3.65580216423e-05,1.0,5.27409192522,0.0,34.0,99876.6958857,100040.598435,0.00163836034195,0.00447710350869
2016-04-14 16:00:00,1.0,0.000532102862388,1.0,3.65129440975,0.0,35.0,99880.3471801,100040.598435,0.00160186221552,0.00447710350869
2016-04-14 16:30:00,1.0,-0.000259820399149,1.0,53.1466186309,0.0,36.0,99933.4937988,100040.598435,0.0010706117086,0.00447710350869
2016-04-14 17:00:00,1.0,0.000893364736457,1.0,-25.9647602472,0.0,37.0,99907.5290385,100040.598435,0.00133015394099,0.00447710350869
2016-04-14 17:30:00,1.0,-0.000227198961376,1.0,89.2538633496,0.0,38.0,99996.7829019,100040.598435,0.000437977517154,0.00447710350869
2016-04-14 18:00:00,1.0,6.4928740707e-05,1.0,-22.7191652163,0.0,39.0,99974.0637366,100040.598435,0.000665076970493,0.00447710350869
2016-04-14 18:30:00,1.0,4.05778282746e-05,1.0,6.49119006179,0.0,40.0,99980.5549267,100040.598435,0.000600191412396,0.00447710350869
2016-04-14 19:00:00,1.0,-0.000255629945222,1.0,4.05699378861,0.0,41.0,99984.6119205,100040.598435,0.000559637938586,0.00447710350869
2016-04-14 19:30:00,1.0,0.000239460685832,1.0,-25.5590608683,0.0,42.0,99959.0528596,100040.598435,0.000815124823592,0.00447710350869
2016-04-14 20:00:00,1.0,-0.000450402928025,1.0,23.9362633528,0.0,43.0,99982.989123,100040.598435,0.00057585932811,0.00447710350869
2016-04-14 20:30:00,1.0,0.00110012787464,1.0,-45.0326310537,0.0,44.0,99937.9564919,100040.598435,0.00102600288741,0.00447710350869
2016-04-14 21:00:00,1.0,0.000900221405805,1.0,109.944531672,0.0,45.0,100047.901024,100047.901024,0.0,0.00447710350869
2016-04-14 21:30:00,1.0,2.02570210835e-05,1.0,90.0652621073,0.0,46.0,100137.966286,100137.966286,0.0,0.00447710350869
2016-04-14 22:00:00,1.0,0.000202566107449,1.0,2.02849689431,0.0,47.0,100139.994783,100139.994783,0.0,0.00447710350869
2016-04-14 22:30:00,1.0,0.000129616052948,1.0,20.2849689431,0.0,48.0,100160.279752,100160.279752,0.0,0.00447710350869
2016-04-14 23:00:00,1.0,0.000720895854849,1.0,12.9823801236,0.0,49.0,100173.262132,100173.262132,0.0,0.00447710350869
2016-04-14 23:30:00,1.0,-0.000368282387603,1.0,72.2144894374,0.0,50.0,100245.476621,100245.476621,0.0,0.00447710350869
2016-04-15 00:00:00,1.0,-0.000287447065206,1.0,-36.9186434764,0.0,51.0,100208.557978,100245.476621,0.000368282387603,0.00447710350869
2016-04-15 00:30:00,1.0,-7.28948572678e-05,1.0,-28.8046558992,0.0,52.0,100179.753322,100245.476621,0.000655623591117,0.00447710350869
2016-04-15 01:00:00,1.0,0.000267300628156,1.0,-7.30258881951,0.0,53.0,100172.450733,100245.476621,0.000728470656797,0.00447710350869
2016-04-15 01:30:00,1.0,-0.000137663526049,1.0,26.7761590049,0.0,54.0,100199.226892,100245.476621,0.000461364749305,0.00447710350869
2016-04-15 02:00:00,1.0,-0.000728907246553,1.0,-13.7937788813,0.0,55.0,100185.433113,100245.476621,0.000598964762256,0.00447710350869
2016-04-15 02:30:00,1.0,-0.000425506048265,1.0,-73.0258881951,0.0,56.0,100112.407225,100245.476621,0.00132743541905,0.00447710350869
2016-04-15 03:00:00,1.0,-0.00174734452282,1.0,-42.5984347805,0.0,57.0,100069.80879,100245.476621,0.00175237663552,0.00447710350869
2016-04-15 03:30:00,1.0,-0.000710720508145,1.0,-174.856432289,0.0,58.0,99894.9523578,100245.476621,0.00349665915263,0.00447710350869
2016-04-15 04:00:00,1.0,0.000365773366822,1.0,-70.9973913008,0.0,59.0,99823.9549665,100245.476621,0.0042048945134,0.00447710350869
2016-04-15 04:30:00,1.0,0.000345326313053,1.0,36.5129440976,0.0,60.0,99860.4679106,100245.476621,0.003840659185,0.00447710350869
2016-04-15 05:00:00,1.0,0.000698536728005,1.0,34.4844472033,0.0,61.0,99894.9523578,100245.476621,0.00349665915263,0.00447710350869
2016-04-15 05:30:00,1.0,-0.00125405335206,1.0,69.7802931642,0.0,62.0,99964.7326509,100245.476621,0.00280056496946,0.00447710350869
2016-04-15 06:00:00,1.0,-0.00104026136567,1.0,-125.361108068,0.0,63.0,99839.3715429,100245.476621,0.00405110626363,0.00447710350869
2016-04-15 06:30:00,1.0,0.000329487951317,1.0,-103.859040989,0.0,64.0,99735.5125019,100245.476621,0.00508715341997,0.00508715341997
2016-04-15 07:00:00,1.0,-0.000455438216959,1.0,32.8616496878,0.0,65.0,99768.3741516,100245.476621,0.00475934162441,0.00508715341997
2016-04-15 07:30:00,1.0,-0.000398690018511,1.0,-45.4383304325,0.0,66.0,99722.9358211,100245.476621,0.0052126122553,0.0052126122553
2016-04-15 08:00:00,1.0,-0.000142446084157,1.0,-39.7585391285,0.0,67.0,99683.177282,100245.476621,0.00560922405734,0.00560922405734
2016-04-15 08:30:00,-1.0,0.000630922530854,1.0,-14.1994782602,2.0,68.0,99666.9778037,100245.476621,0.00577082215439,0.00577082215439
2016-04-15 09:00:00,-1.0,-0.000378314831162,1.0,-62.8821418785,0.0,69.0,99604.0956619,100245.476621,0.00639810374353,0.00639810374353
2016-04-15 09:30:00,-1.0,0.000866790920263,1.0,37.6817066333,0.0,70.0,99641.7773685,100245.476621,0.0060222094099,0.00639810374353
2016-04-15 10:00:00,-1.0,0.00013824116578,1.0,-86.3685879019,0.0,71.0,99555.4087806,100245.476621,0.00688378033373,0.00688378033373
2016-04-15 10:30:00,-1.0,-0.000321163016656,1.0,-13.7626557695,0.0,72.0,99541.6461248,100245.476621,0.00702106987769,0.00702106987769
2016-04-15 11:00:00,-1.0,-0.000967865247131,1.0,31.9690953523,0.0,73.0,99573.6152202,100245.476621,0.00670216176902,0.00702106987769
2016-04-15 11:30:00,-1.0,0.000317506838609,1.0,96.3738417028,0.0,74.0,99669.9890619,100245.476621,0.00574078331134,0.00702106987769
2016-04-15 12:00:00,-1.0,-0.000297059517706,1.0,-31.6459031312,0.0,75.0,99638.3431588,100245.476621,0.00605646741199,0.00702106987769
2016-04-15 12:30:00,-1.0,-6.91988000114e-05,1.0,29.5985181637,0.0,76.0,99667.9416769,100245.476621,0.00576120702557,0.00702106987769
2016-04-15 13:00:00,-1.0,-0.000394867536189,1.0,6.89690196365,0.0,77.0,99674.8385789,100245.476621,0.00569240689418,0.00702106987769
2016-04-15 13:30:00,-1.0,-0.00017918592576,1.0,39.3583579297,0.0,78.0,99714.1969368,100245.476621,0.00529978710467,0.00702106987769
2016-04-15 14:00:00,-1.0,-0.000537654117331,1.0,17.8673806895,0.0,79.0,99732.0643175,100245.476621,0.00512155082617,0.00702106987769
2016-04-15 14:30:00,-1.0,-0.000118184522718,1.0,53.6213550102,0.0,80.0,99785.6856725,100245.476621,0.00458665033173,0.00702106987769
2016-04-15 15:00:00,-1.0,8.15162013451e-05,1.0,11.7931236353,0.0,81.0,99797.4787961,100245.476621,0.00446900788009,0.00702106987769
2016-04-15 15:30:00,-1.0,-2.44528670987e-05,1.0,-8.13511137528,0.0,82.0,99789.3436848,100245.476621,0.00455015978489,0.00702106987769
2016-04-15 16:00:00,-1.0,-0.000126342902789,1.0,2.44013555899,0.0,83.0,99791.7838203,100245.476621,0.00452581818224,0.00702106987769
2016-04-15 16:30:00,-1.0,-0.000110054497357,1.0,12.6079836424,0.0,84.0,99804.391804,100245.476621,0.00440004708446,0.00702106987769
2016-04-15 17:00:00,-1.0,0.000595175005911,1.0,10.983922174,0.0,85.0,99815.3757261,100245.476621,0.00429047683207,0.00702106987769
2016-04-15 17:30:00,-1.0,-0.00358929648159,1.0,-59.4076168378,0.0,86.0,99755.9681093,100245.476621,0.00488309825341,0.00702106987769
2016-04-17 18:00:00,-1.0,-0.000707361052619,2.0,358.053745353,2.0,87.0,100112.021855,100245.476621,0.0013312796841,0.00702106987769
2016-04-17 18:30:00,-1.0,0.00150164894966,1.0,141.630690318,2.01,88.0,100251.642545,100251.642545,0.0,0.00702106987769
2016-04-17 19:00:00,-1.0,0.0,1.0,-150.54277373,0.0,89.0,100101.099771,100251.642545,0.00150164894966,0.00702106987769
