,signals,gainAhead,safef,trade,commission,numBars,equity,maxEquity,drawdown,maxDD
2016-04-15 01:30:00,1.0,0.000364006988934,1.0,0.0,2.0,0.0,99998.0,100000.0,0.0,0.0
2016-04-15 02:00:00,1.0,-0.0015812002567,1.0,36.3999708794,0.0,1.0,100034.399971,100034.399971,0.0,0.0
2016-04-15 02:30:00,1.0,0.00121925360475,1.0,-158.174418912,0.0,2.0,99876.225552,100034.399971,0.0015812002567,0.0015812002567
2016-04-15 03:00:00,1.0,-0.000734632286758,1.0,121.774448033,0.0,3.0,99998.0,100034.399971,0.00036387453606,0.0015812002567
2016-04-15 03:30:00,1.0,0.000450375865152,1.0,-73.4617594112,0.0,4.0,99924.5382406,100034.399971,0.00109823950884,0.0015812002567
2016-04-15 04:00:00,1.0,0.000668639484155,1.0,45.00360036,0.0,5.0,99969.5418409,100034.399971,0.000648358264252,0.0015812002567
2016-04-15 04:30:00,1.0,-0.00125038040674,1.0,66.8435828877,0.0,6.0,100036.385424,100036.385424,0.0,0.0015812002567
2016-04-15 05:00:00,1.0,0.00095386347829,1.0,-125.083536295,0.0,7.0,99911.3018875,100036.385424,0.00125038040674,0.0015812002567
2016-04-15 05:30:00,1.0,-0.000582361077103,1.0,95.3017419389,0.0,8.0,100006.603629,100036.385424,0.000297709620652,0.0015812002567
2016-04-15 06:00:00,1.0,-0.00105283371187,1.0,-58.2399534071,0.0,9.0,99948.3636761,100036.385424,0.00087989732326,0.0015812002567
2016-04-15 06:30:00,1.0,0.000112685765799,1.0,-105.229006724,0.0,10.0,99843.1346693,100036.385424,0.00193180464956,0.00193180464956
2016-04-15 07:00:00,1.0,-0.000821850622022,1.0,11.25090009,0.0,11.0,99854.3855694,100036.385424,0.00181933657065,0.00193180464956
2016-04-15 07:30:00,1.0,-0.0016052535571,1.0,-82.0653888918,0.0,12.0,99772.3201805,100036.385424,0.00263969196978,0.00263969196978
2016-04-15 08:00:00,1.0,0.000126234943161,1.0,-160.15987187,0.0,13.0,99612.1603087,100036.385424,0.00424070815195,0.00424070815195
2016-04-15 08:30:00,1.0,-0.000850317540457,1.0,12.5745353947,0.0,14.0,99624.7348441,100036.385424,0.00411500853434,0.00424070815195
2016-04-15 09:00:00,-1.0,0.000252652854977,1.0,-84.7126595013,2.0,15.0,99538.0221846,100036.385424,0.00498181973643,0.00498181973643
2016-04-15 09:30:00,-1.0,0.000824237912285,1.0,-25.1485654837,0.0,16.0,99512.8736191,100036.385424,0.00523321392042,0.00523321392042
2016-04-15 10:00:00,-1.0,-0.00175338389809,1.0,-82.0222831973,0.0,17.0,99430.8513359,100036.385424,0.00605313841939,0.00605313841939
2016-04-15 10:30:00,-1.0,-0.000379236470573,2.0,174.340453706,2.0,18.0,99603.1917896,100036.385424,0.0043303607223,0.00605313841939
2016-04-15 11:00:00,-1.0,-0.000232952843689,1.0,75.5463258241,2.0,19.0,99676.7381154,100036.385424,0.00359516496815,0.00605313841939
2016-04-15 11:30:00,-1.0,0.000366154050995,1.0,23.2199795936,0.0,20.0,99699.958095,100036.385424,0.00336304962836,0.00605313841939
2016-04-15 12:00:00,-1.0,0.00050577313413,1.0,-36.5055435405,0.0,21.0,99663.4525515,100036.385424,0.00372797228511,0.00605313841939
2016-04-15 12:30:00,-1.0,0.000618593730253,1.0,-50.4070967552,0.0,22.0,99613.0454547,100036.385424,0.00423185991102,0.00605313841939
2016-04-15 13:00:00,-1.0,-0.00024595503676,1.0,-61.6200053697,0.0,23.0,99551.4254493,100036.385424,0.00484783583926,0.00605313841939
2016-04-15 13:30:00,-1.0,-0.000698152223781,1.0,24.4851745059,0.0,24.0,99575.9106239,100036.385424,0.00460307315214,0.00605313841939
2016-04-15 14:00:00,-1.0,-0.000139727996168,1.0,69.5191434371,0.0,25.0,99645.4297673,100036.385424,0.00390813457412,0.00605313841939
2016-04-15 14:30:00,-1.0,0.000605572598838,1.0,13.9232562286,0.0,26.0,99659.3530235,100036.385424,0.00376895265377,0.00605313841939
2016-04-15 15:00:00,-1.0,9.97592476824e-05,1.0,-60.350973409,0.0,27.0,99599.0020501,100036.385424,0.00437224287815,0.00605313841939
2016-04-15 15:30:00,-1.0,-0.000738144796079,1.0,-9.93592151443,0.0,28.0,99589.0661286,100036.385424,0.00447156595417,0.00605313841939
2016-04-15 16:00:00,-1.0,0.00031943353786,1.0,73.5111509092,0.0,29.0,99662.5772795,100036.385424,0.00373672182123,0.00605313841939
2016-04-15 16:30:00,-1.0,0.000146360285802,1.0,-31.8355696526,0.0,30.0,99630.7417099,100036.385424,0.00405496172482,0.00605313841939
2016-04-15 17:00:00,-1.0,0.00106428267348,1.0,-14.5819838313,0.0,31.0,99616.159726,100036.385424,0.00420072852527,0.00605313841939
2016-04-15 17:30:00,-1.0,-0.00912316606421,1.0,-106.019752795,0.0,32.0,99510.1399732,100036.385424,0.00526054043616,0.00605313841939
2016-04-17 18:00:00,-1.0,-0.000368823052111,2.0,907.847532049,2.0,33.0,100415.987505,100415.987505,0.0,0.00605313841939
2016-04-17 18:30:00,-1.0,0.0014288780959,1.0,74.071461985,2.01,34.0,100488.048967,100488.048967,0.0,0.00605313841939
2016-04-17 19:00:00,-1.0,0.00240486063196,1.0,-143.585172069,0.0,35.0,100344.463795,100488.048967,0.0014288780959,0.00605313841939
2016-04-17 19:30:00,-1.0,-0.00634188719594,1.0,-241.314450616,0.0,36.0,100103.149345,100488.048967,0.00383030247518,0.00605313841939
2016-04-17 21:00:00,-1.0,0.000369894613662,2.0,634.842881101,2.0,37.0,100735.992226,100735.992226,0.0,0.00605313841939
2016-04-17 21:30:00,-1.0,0.00380514434002,1.0,-74.5234018523,2.01,38.0,100659.458824,100735.992226,0.000759742373718,0.00605313841939
2016-04-17 22:00:00,-1.0,-0.00100460780111,1.0,-383.023770013,0.0,39.0,100276.435054,100735.992226,0.00456199578434,0.00605313841939
2016-04-17 22:30:00,-1.0,-8.04494442284e-05,1.0,100.738488923,0.0,40.0,100377.173543,100735.992226,0.00356197099978,0.00605313841939
2016-04-17 23:00:00,-1.0,0.000891719745223,1.0,8.07528782473,0.0,41.0,100385.248831,100735.992226,0.00348180811414,0.00605313841939
2016-04-17 23:30:00,-1.0,0.000622977834047,1.0,-89.5155085113,0.0,42.0,100295.733322,100735.992226,0.00437042306232,0.00605313841939
2016-04-18 00:00:00,-1.0,0.000796647386461,1.0,-62.4820187091,0.0,43.0,100233.251303,100735.992226,0.00499067821967,0.00605313841939
2016-04-18 00:30:00,-1.0,-0.000234121542526,1.0,-79.8505576873,0.0,44.0,100153.400746,100735.992226,0.00578334979537,0.00605313841939
2016-04-18 01:00:00,-1.0,0.000869797939248,1.0,23.4480686718,0.0,45.0,100176.848814,100735.992226,0.00555058225962,0.00605313841939
2016-04-18 01:30:00,-1.0,-0.00219934487599,1.0,-87.1336166591,0.0,46.0,100089.715198,100735.992226,0.00641555231386,0.00641555231386
2016-04-18 02:00:00,-1.0,0.000884356931817,2.0,220.13180226,2.0,47.0,100307.847,100735.992226,0.00425017132698,0.00641555231386
2016-04-18 02:30:00,-1.0,-0.000147262589278,1.0,-177.41587962,2.0,48.0,100128.43112,100735.992226,0.00603122173067,0.00641555231386
2016-04-18 03:00:00,-1.0,-0.00274484337656,1.0,14.7451720271,0.0,49.0,100143.176292,100735.992226,0.00588484731472,0.00641555231386
2016-04-18 03:30:00,-1.0,0.00256442961581,2.0,274.877334154,2.0,50.0,100416.053626,100735.992226,0.00317601079935,0.00641555231386
2016-04-18 04:00:00,-1.0,0.00351539744079,1.0,-515.019803644,2.0,51.0,99899.0338228,100735.992226,0.00830843459566,0.00830843459566
2016-04-18 04:30:00,-1.0,0.000373662156031,1.0,-351.184807838,0.0,52.0,99547.849015,100735.992226,0.0117946245867,0.0117946245867
2016-04-18 05:00:00,-1.0,0.00264800832422,1.0,-37.1972638912,0.0,53.0,99510.6517511,100735.992226,0.0121638795379,0.0121638795379
2016-04-18 05:30:00,-1.0,-0.000971254847959,1.0,-263.505034185,0.0,54.0,99247.1467169,100735.992226,0.0147796778079,0.0147796778079
2016-04-18 06:00:00,-1.0,0.000739137672715,1.0,96.3942723949,0.0,55.0,99343.5409893,100735.992226,0.0138227777936,0.0147796778079
2016-04-18 06:30:00,-1.0,0.000299429088538,1.0,-73.4285536861,0.0,56.0,99270.1124356,100735.992226,0.0145516985305,0.0147796778079
2016-04-18 07:00:00,1.0,-0.00064524283082,1.0,-29.7243592856,3.97,57.0,99236.4180763,100735.992226,0.0148861803631,0.0148861803631
2016-04-18 07:30:00,1.0,0.000645659437943,1.0,-64.03158732,0.0,58.0,99172.386489,100735.992226,0.0155218179928,0.0155218179928
2016-04-18 08:00:00,1.0,-0.000379163312956,1.0,64.03158732,0.0,59.0,99236.4180763,100735.992226,0.0148861803631,0.0155218179928
2016-04-18 08:30:00,1.0,0.00119115748566,1.0,-37.6268090437,0.0,60.0,99198.7912673,100735.992226,0.0152596993826,0.0155218179928
2016-04-18 09:00:00,1.0,0.00207373731331,1.0,118.161382786,0.0,61.0,99316.9526501,100735.992226,0.0140867186021,0.0155218179928
2016-04-18 09:30:00,1.0,-0.00183729645475,2.0,205.957270555,2.0,62.0,99520.9099206,100735.992226,0.0120620473198,0.0155218179928
2016-04-18 10:00:00,1.0,0.000870501302429,1.0,-365.698829941,2.0,63.0,99153.2110907,100735.992226,0.0157121709927,0.0157121709927
2016-04-18 10:30:00,1.0,0.00157350666251,1.0,86.3129993945,0.0,64.0,99239.5240901,100735.992226,0.0148553471556,0.0157121709927
2016-04-18 11:00:00,1.0,0.000934666171714,2.0,156.15405234,2.0,65.0,99393.6781424,100735.992226,0.0133250693578,0.0157121709927
2016-04-18 11:30:00,1.0,0.000860944257171,1.0,185.799817284,2.0,66.0,99577.4779597,100735.992226,0.0115004998745,0.0157121709927
2016-04-18 12:00:00,1.0,0.000483037445327,1.0,85.730657793,0.0,67.0,99663.2086175,100735.992226,0.0106494569067,0.0157121709927
2016-04-18 12:30:00,1.0,0.00181216931217,1.0,48.1410616837,0.0,68.0,99711.3496792,100735.992226,0.0101715635478,0.0157121709927
2016-04-18 13:00:00,1.0,-0.000356496824538,2.0,180.693847964,2.0,69.0,99890.0435272,100735.992226,0.00839768070797,0.0157121709927
2016-04-18 13:30:00,1.0,-0.000891559899617,1.0,-71.2209666407,2.0,70.0,99816.8225605,100735.992226,0.00912454074105,0.0157121709927
2016-04-18 14:00:00,1.0,-0.000508973130185,1.0,-88.9926763021,0.0,71.0,99727.8298842,100735.992226,0.010007965566,0.0157121709927
2016-04-18 14:30:00,1.0,0.000138881540659,1.0,-50.7587857427,0.0,72.0,99677.0710985,100735.992226,0.0105118449107,0.0157121709927
2016-04-18 15:00:00,1.0,-0.000575286486058,1.0,13.8433052026,0.0,73.0,99690.9144037,100735.992226,0.0103744232712,0.0157121709927
2016-04-18 15:30:00,1.0,-0.000463140622726,1.0,-57.3508358392,0.0,74.0,99633.5635678,100735.992226,0.0109437414918,0.0157121709927
2016-04-18 16:00:00,1.0,0.000661936030502,1.0,-46.1443506752,0.0,75.0,99587.4192172,100735.992226,0.0114018136232,0.0157121709927
2016-04-18 16:30:00,1.0,3.96898896621e-05,1.0,65.9205009645,0.0,76.0,99653.3397181,100735.992226,0.010747424864,0.0157121709927
2016-04-18 17:00:00,1.0,0.000496103930466,1.0,3.95523005787,0.0,77.0,99657.2949482,100735.992226,0.0107081615384,0.0157121709927
2016-04-18 17:30:00,1.0,9.25601475674e-05,1.0,49.4403757234,0.0,78.0,99706.7353239,100735.992226,0.010217369969,0.0157121709927
2016-04-18 18:00:00,1.0,0.00160643101271,1.0,9.22887013504,0.0,79.0,99715.964194,100735.992226,0.0101257555427,0.0157121709927
2016-04-18 18:30:00,1.0,-0.000191406507821,2.0,160.186817344,2.0,80.0,99874.1510114,100735.992226,0.00855544473473,0.0157121709927
2016-04-18 19:00:00,1.0,-0.000250856543065,1.0,-38.2331249334,2.0,81.0,99833.9178865,100735.992226,0.00895483649178,0.0157121709927
2016-04-18 19:30:00,1.0,0.00171681754852,1.0,-25.0439915216,0.0,82.0,99808.8738949,100735.992226,0.00920344665552,0.0157121709927
2016-04-18 20:00:00,1.0,0.00400123926356,2.0,171.353626201,2.0,83.0,99978.2275211,100735.992226,0.00752228362274,0.0157121709927
2016-04-18 20:30:00,1.0,-0.000860087978465,2.0,800.073618918,0.0,84.0,100778.30114,100778.30114,0.0,0.0157121709927
2016-04-18 21:00:00,1.0,0.000762260233015,1.0,-173.356410601,2.0,85.0,100602.944729,100778.30114,0.00174002149885,0.0157121709927
2016-04-18 21:30:00,1.0,0.000998062969894,1.0,76.6856240915,0.0,86.0,100679.630354,100778.30114,0.000979087615029,0.0157121709927
2016-04-18 22:00:00,1.0,-0.000695323620668,1.0,100.484610878,0.0,87.0,100780.114964,100780.114964,0.0,0.0157121709927
2016-04-18 22:30:00,1.0,-0.000328211052835,1.0,-70.0747944284,0.0,88.0,100710.04017,100780.114964,0.000695323620668,0.0157121709927
2016-04-18 23:00:00,1.0,0.0,1.0,-33.0541483153,0.0,89.0,100676.986022,100780.114964,0.00102330646061,0.0157121709927
