,signals,gainAhead,safef,trade,commission,numBars,equity,maxEquity,drawdown,maxDD
2016-07-12,-1.0,-0.00820906483768,1.0,0.0,2.0,0.0,99998.0,100000.0,0.0,0.0
2016-07-13,1.0,0.0128331663507,1.0,820.890065638,4.03,1.0,100814.860066,100814.860066,0.0,0.0
2016-07-14,-1.0,-0.00952166774415,1.0,1293.77386984,2.0,2.0,102106.633935,102106.633935,0.0,0.0
2016-07-15,1.0,0.00423889572885,1.0,972.225442808,4.12,3.0,103074.739378,103074.739378,0.0,0.0
2016-07-18,1.0,-0.0127383709567,1.0,436.923072503,0.0,4.0,103511.662451,103511.662451,0.0,0.0
2016-07-19,1.0,0.00450450385211,1.0,-1318.56995464,0.0,5.0,102193.092496,103511.662451,0.0127383709567,0.0127383709567
2016-07-20,1.0,0.00418027954083,1.0,460.329178808,0.0,6.0,102653.421675,103511.662451,0.00829124714559,0.0127383709567
2016-07-21,1.0,-0.00847714221863,1.0,429.119998424,0.0,7.0,103082.541673,103511.662451,0.00414562733558,0.0127383709567
2016-07-22,1.0,0.00274809031613,1.0,-873.845366023,0.0,8.0,102208.696307,103511.662451,0.0125876264817,0.0127383709567
2016-07-25,1.0,0.000532886263514,1.0,280.878728546,0.0,9.0,102489.575036,103511.662451,0.00987412810001,0.0127383709567
2016-07-26,1.0,0.00418474002337,1.0,54.61528669,0.0,10.0,102544.190323,103511.662451,0.00934650362372,0.0127383709567
2016-07-27,1.0,-0.00287922487459,1.0,429.120777407,0.0,11.0,102973.3111,103511.662451,0.00520087628815,0.0127383709567
2016-07-28,1.0,0.00661094736972,1.0,-296.483318738,0.0,12.0,102676.827781,103511.662451,0.00806512667036,0.0127383709567
2016-07-29,1.0,-0.00354797542285,1.0,678.791104552,0.0,13.0,103355.618886,103511.662451,0.00150749742859,0.0127383709567
2016-08-01,1.0,0.0118939398793,1.0,-366.703195621,0.0,14.0,102988.91569,103511.662451,0.00505012428762,0.0127383709567
2016-08-02,1.0,-0.00239574973958,1.0,1224.94397145,0.0,15.0,104213.859662,104213.859662,0.0,0.0127383709567
2016-08-03,1.0,-0.0150844275497,1.0,-249.670327145,0.0,16.0,103964.189335,104213.859662,0.00239574973958,0.0127383709567
2016-08-04,1.0,-0.00259067024436,1.0,-1568.24028178,0.0,17.0,102395.949053,104213.859662,0.0174440387759,0.0174440387759
2016-08-05,1.0,-0.0032849562044,1.0,-265.274138354,0.0,18.0,102130.674914,104213.859662,0.0199895172681,0.0199895172681
2016-08-08,1.0,-0.00291254770991,1.0,-335.494794219,0.0,19.0,101795.18012,104213.859662,0.0232088087837,0.0232088087837
2016-08-09,1.0,0.000845572108601,1.0,-296.483318738,0.0,20.0,101498.696801,104213.859662,0.0260537597308,0.0260537597308
2016-08-10,1.0,-0.00337941554526,1.0,85.8244670747,0.0,21.0,101584.521268,104213.859662,0.0252302179547,0.0260537597308
2016-08-11,1.0,-0.00400739809585,1.0,-343.296310332,0.0,22.0,101241.224958,104213.859662,0.0285243701092,0.0285243701092
2016-08-12,1.0,-0.00340451797886,1.0,-405.713892118,0.0,23.0,100835.511066,104213.859662,0.0324174596986,0.0324174596986
2016-08-15,1.0,0.0126552784824,1.0,-343.296310332,0.0,24.0,100492.214756,104213.859662,0.0357116118531,0.0357116118531
2016-08-16,1.0,0.000536685879762,1.0,1271.75696305,0.0,25.0,101763.971719,104213.859662,0.0235082737637,0.0357116118531
2016-08-17,1.0,0.00796934830959,1.0,54.61528669,0.0,26.0,101818.587005,104213.859662,0.0229842044426,0.0357116118531
2016-08-18,1.0,-0.00524555464491,1.0,811.427784237,0.0,27.0,102630.01479,104213.859662,0.0151980252638,0.0357116118531
2016-08-19,1.0,0.004279713522,1.0,-538.351350787,0.0,28.0,102091.663439,104213.859662,0.0203638578367,0.0357116118531
2016-08-22,1.0,0.00441366548696,1.0,436.923072503,0.0,29.0,102528.586511,104213.859662,0.0161712957924,0.0357116118531
2016-08-23,1.0,0.00272747807133,1.0,452.526883712,0.0,30.0,102981.113395,104213.859662,0.0118290049956,0.0357116118531
2016-08-24,1.0,-0.0045334344639,1.0,280.878728546,0.0,31.0,103261.992124,104213.859662,0.009133790276,0.0357116118531
2016-08-25,1.0,-0.00333965772044,1.0,-468.131473905,0.0,32.0,102793.86065,104213.859662,0.0136258173003,0.0357116118531
2016-08-26,1.0,-0.00137079747376,1.0,-343.296310332,0.0,33.0,102450.564339,104213.859662,0.0169199694548,0.0357116118531
2016-08-29,1.0,-0.00190650768689,1.0,-140.438974782,0.0,34.0,102310.125365,104213.859662,0.0182675730771,0.0357116118531
2016-08-30,1.0,0.00320904367102,1.0,-195.055040455,0.0,35.0,102115.070324,104213.859662,0.0201392534955,0.0357116118531
2016-08-31,1.0,0.0109672530372,1.0,327.69172014,0.0,36.0,102442.762044,104213.859662,0.0169948375685,0.0357116118531
2016-09-01,1.0,0.00180804745955,1.0,1123.51569317,0.0,37.0,103566.277737,104213.859662,0.00621397121524,0.0357116118531
2016-09-02,1.0,0.0106782978644,1.0,187.252745358,0.0,38.0,103753.530483,104213.859662,0.00441715891056,0.0357116118531
2016-09-06,1.0,-0.00758929079166,1.0,1107.91110298,0.0,39.0,104861.441586,104861.441586,0.0,0.0357116118531
2016-09-07,1.0,-0.0026990540679,1.0,-795.823973028,0.0,40.0,104065.617613,104861.441586,0.00758929079166,0.0357116118531
2016-09-08,1.0,-0.00218012247551,1.0,-280.878728546,0.0,41.0,103784.738884,104861.441586,0.0102678609534,0.0357116118531
2016-09-09,1.0,0.00459579736924,1.0,-226.263441856,0.0,42.0,103558.475442,104861.441586,0.0124255982344,0.0357116118531
2016-09-12,1.0,-0.0111744412111,1.0,475.933769001,0.0,43.0,104034.409211,104861.441586,0.00788690639688,0.0357116118531
2016-09-13,1.0,0.0038680306621,1.0,-1162.52638967,0.0,44.0,102871.882822,104861.441586,0.0189732158361,0.0357116118531
2016-09-14,1.0,0.000226295541978,1.0,397.911597022,0.0,45.0,103269.794419,104861.441586,0.0151785741546,0.0357116118531
2016-09-15,1.0,-0.0179487179487,1.0,23.3694940979,0.0,46.0,103293.163913,104861.441586,0.0149557134563,0.0357116118531
2016-09-16,1.0,0.00238058669943,1.0,-1853.9798651,0.0,47.0,101439.184048,104861.441586,0.0326359955225,0.0357116118531
2016-09-19,1.0,-0.0041369800046,1.0,241.484772345,0.0,48.0,101680.66882,104861.441586,0.0303331016399,0.0357116118531
2016-09-20,1.0,0.0016155088853,1.0,-420.650893763,0.0,49.0,101260.017926,104861.441586,0.0343445942096,0.0357116118531
2016-09-21,1.0,0.00560675883257,1.0,163.586458685,0.0,50.0,101423.604385,104861.441586,0.0327845693214,0.0357116118531
2016-09-22,1.0,-0.00855418926144,1.0,568.657689716,0.0,51.0,101992.262075,104861.441586,0.0273616256624,0.0357116118531
2016-09-23,1.0,0.000462214005084,1.0,-872.461112989,0.0,52.0,101119.800962,104861.441586,0.0356817583994,0.0357116118531
2016-09-26,1.0,0.004312004312,1.0,46.7389881959,0.0,53.0,101166.53995,104861.441586,0.0352360370028,0.0357116118531
2016-09-27,1.0,7.66694778808e-05,1.0,436.230556495,0.0,54.0,101602.770506,104861.441586,0.0310759706343,0.0357116118531
2016-09-28,1.0,-0.00436982520699,1.0,7.78983136598,0.0,55.0,101610.560338,104861.441586,0.0310016837349,0.0357116118531
2016-09-29,1.0,0.000770000770001,1.0,-444.020387861,0.0,56.0,101166.53995,104861.441586,0.0352360370028,0.0357116118531
2016-09-30,1.0,-0.00938678156498,1.0,77.8983136598,0.0,57.0,101244.438264,104861.441586,0.0344931680084,0.0357116118531
2016-10-03,1.0,-0.0101747572816,1.0,-950.359426649,0.0,58.0,100294.078837,104861.441586,0.0435561697398,0.0435561697398
2016-10-04,1.0,0.00156936597615,1.0,-1020.46790894,0.0,59.0,99273.610928,104861.441586,0.0532877535662,0.0532877535662
2016-10-05,1.0,-0.0115167659041,1.0,155.79662732,0.0,60.0,99429.4075553,104861.441586,0.0518020155774,0.0532877535662
2016-10-06,1.0,-0.0136324007292,1.0,-1145.1052108,0.0,61.0,98284.3023445,104861.441586,0.0627221897948,0.0627221897948
2016-10-07,1.0,-0.00674969867417,1.0,-1339.85099495,0.0,62.0,96944.4513496,104861.441586,0.075499536498,0.075499536498
2016-10-10,1.0,-0.0173125151687,1.0,-654.345834742,0.0,63.0,96290.1055148,104861.441586,0.0817396360508,0.0817396360508
2016-10-11,1.0,0.00518646579402,1.0,-1667.02391232,0.0,64.0,94623.0816025,104861.441586,0.0976370325305,0.0976370325305
2016-10-12,1.0,0.0048321048321,1.0,490.759376057,0.0,65.0,95113.8409786,104861.441586,0.0929569578659,0.0976370325305
2016-10-13,1.0,-0.00586844893634,1.0,459.600050593,0.0,66.0,95573.4410292,104861.441586,0.0885740307991,0.0976370325305
2016-10-14,1.0,0.000655898991555,1.0,-560.86785835,0.0,67.0,95012.5731708,104861.441586,0.0939226875586,0.0976370325305
2016-10-17,1.0,0.00819336337567,1.0,62.3186509278,0.0,68.0,95074.8918217,104861.441586,0.0933283923631,0.0976370325305
2016-10-18,1.0,-0.00178789110118,1.0,778.983136598,0.0,69.0,95853.8749583,104861.441586,0.0858997024193,0.0976370325305
2016-10-19,1.0,-0.00170968004559,1.0,-171.376290051,0.0,70.0,95682.4986683,104861.441586,0.0875340142069,0.0976370325305
2016-10-20,1.0,-0.00171260805741,1.0,-163.586458685,0.0,71.0,95518.9122096,104861.441586,0.0890940390951,0.0976370325305
2016-10-21,1.0,-0.000490156033004,1.0,-163.586458685,0.0,72.0,95355.3257509,104861.441586,0.0906540639833,0.0976370325305
2016-10-24,1.0,-0.00277891295464,1.0,-46.7389881959,0.0,73.0,95308.5867627,104861.441586,0.0910997853799,0.0976370325305
2016-10-25,1.0,0.00286861732645,1.0,-264.854266443,0.0,74.0,95043.7324963,104861.441586,0.0936255399608,0.0976370325305
2016-10-26,1.0,-0.00408630271331,1.0,272.644097809,0.0,75.0,95316.3765941,104861.441586,0.0910254984805,0.0976370325305
2016-10-27,1.0,0.00123092072871,1.0,-389.491568299,0.0,76.0,94926.8850258,104861.441586,0.0947398434524,0.0976370325305
2016-10-28,1.0,0.00434390623719,1.0,116.84747049,0.0,77.0,95043.7324963,104861.441586,0.0936255399608,0.0976370325305
2016-10-31,1.0,0.000326424024808,1.0,412.861062397,0.0,78.0,95456.5935587,104861.441586,0.0896883342906,0.0976370325305
2016-11-01,1.0,0.00318159569261,1.0,31.1593254639,0.0,79.0,95487.7528841,104861.441586,0.0893911866929,0.0976370325305
2016-11-02,1.0,0.0138245100431,1.0,303.803423273,0.0,80.0,95791.5563074,104861.441586,0.0864939976148,0.0976370325305
2016-11-03,1.0,0.00385016443411,1.0,1324.27133222,0.0,81.0,97115.8276396,104861.441586,0.0738652247104,0.0976370325305
2016-11-04,1.0,-0.00854974031163,1.0,373.911905567,0.0,82.0,97489.7395452,104861.441586,0.0702994535374,0.0976370325305
2016-11-07,1.0,-0.000322372662798,1.0,-833.511956159,0.0,83.0,96656.227589,104861.441586,0.0782481517772,0.0976370325305
2016-11-08,1.0,0.00362786198001,1.0,-31.1593254639,0.0,84.0,96625.0682636,104861.441586,0.078545299375,0.0976370325305
2016-11-09,1.0,0.00996063940879,1.0,350.542411469,0.0,85.0,96975.610675,104861.441586,0.0752023889003,0.0976370325305
2016-11-10,1.0,0.00286327845383,1.0,965.939089381,0.0,86.0,97941.5497644,104861.441586,0.06599081337,0.0976370325305
2016-11-11,1.0,-0.00935839479737,1.0,280.433929175,0.0,87.0,98221.9836936,104861.441586,0.0633164849903,0.0976370325305
2016-11-14,1.0,-0.00112080698103,1.0,-919.200101185,0.0,88.0,97302.7835924,104861.441586,0.0720823391239,0.0976370325305
2016-11-15,1.0,0.0,1.0,-109.057639124,0.0,89.0,97193.7259533,104861.441586,0.073122355716,0.0976370325305
