,signals,gainAhead,safef,trade,commission,numBars,equity,maxEquity,drawdown,maxDD
2016-07-12,-1.0,0.000116509378434,1.0,0.0,2.0,0.0,99998.0,100000.0,0.0,0.0
2016-07-13,-1.0,0.00524231127916,1.0,-11.6507048247,0.0,1.0,99986.3492952,100000.0,0.000136507048247,0.000136507048247
2016-07-14,-1.0,-0.00208598910558,1.0,-524.159566672,0.0,2.0,99462.1897285,100000.0,0.00537810271497,0.00537810271497
2016-07-15,-1.0,0.00336778538825,1.0,207.477044191,0.0,3.0,99669.6667727,100000.0,0.00330333227306,0.00537810271497
2016-07-18,-1.0,-0.000578703700868,1.0,-335.666047409,0.0,4.0,99334.0007253,100000.0,0.00665999274715,0.00665999274715
2016-07-19,-1.0,0.00405327156791,1.0,57.4849538418,0.0,5.0,99391.4856791,100000.0,0.00608514320873,0.00665999274715
2016-07-20,-1.0,-0.0043829296441,1.0,-402.860682996,0.0,6.0,98988.6249961,100000.0,0.0101137500387,0.0101137500387
2016-07-21,-1.0,0.00440222428342,1.0,433.860178925,0.0,7.0,99422.4851751,100000.0,0.00577514824944,0.0101137500387
2016-07-22,-1.0,-0.00242214533073,1.0,-437.680078555,0.0,8.0,98984.8050965,100000.0,0.010151949035,0.010151949035
2016-07-25,-1.0,0.000462481214074,1.0,239.755583478,0.0,9.0,99224.56068,100000.0,0.00775439320021,0.010151949035
2016-07-26,-1.0,-0.00127123540809,1.0,-45.8894952893,0.0,10.0,99178.6711847,100000.0,0.00821328815311,0.010151949035
2016-07-27,-1.0,0.00196713723639,1.0,126.079438537,0.0,11.0,99304.7506232,100000.0,0.00695249376773,0.010151949035
2016-07-28,-1.0,0.0016168148714,1.0,-195.346072702,0.0,12.0,99109.4045505,100000.0,0.00890595449475,0.010151949035
2016-07-29,-1.0,-0.00172950536225,1.0,-160.241559173,0.0,13.0,98949.1629914,100000.0,0.0105083700865,0.0105083700865
2016-08-01,-1.0,-0.00542850542509,1.0,171.133107983,0.0,14.0,99120.2960993,100000.0,0.00879703900665,0.0105083700865
2016-08-02,-1.0,0.00197421902182,1.0,538.075065111,0.0,15.0,99658.3711644,100000.0,0.00341628835554,0.0105083700865
2016-08-03,-1.0,0.00104311543765,1.0,-196.747452037,0.0,16.0,99461.6237124,100000.0,0.0053837628759,0.0105083700865
2016-08-04,-1.0,0.00810466596942,1.0,-103.749955148,0.0,17.0,99357.8737573,100000.0,0.00642126242738,0.0105083700865
2016-08-05,-1.0,-0.00057425060015,1.0,-805.262378235,0.0,18.0,98552.611379,100000.0,0.0144738862097,0.0144738862097
2016-08-08,-1.0,0.000919328890015,1.0,56.5938962308,0.0,19.0,98609.2052753,100000.0,0.0139079472474,0.0144738862097
2016-08-09,-1.0,-0.00218140069199,1.0,-90.654291231,0.0,20.0,98518.550984,100000.0,0.0148144901597,0.0148144901597
2016-08-10,-1.0,0.0041422160884,1.0,214.908435291,0.0,21.0,98733.4594193,100000.0,0.0126654058068,0.0148144901597
2016-08-11,-1.0,-0.000687521486274,1.0,-408.97532407,0.0,22.0,98324.4840952,100000.0,0.0167551590475,0.0167551590475
2016-08-12,-1.0,0.00263731223572,1.0,67.6001954423,0.0,23.0,98392.0842907,100000.0,0.0160791570931,0.0167551590475
2016-08-15,-1.0,-0.00423147301227,1.0,-259.490647797,0.0,24.0,98132.5936429,100000.0,0.0186740635711,0.0186740635711
2016-08-16,-1.0,0.00137820144958,1.0,415.245421624,0.0,25.0,98547.8390645,100000.0,0.0145216093548,0.0186740635711
2016-08-17,-1.0,0.00172038077838,1.0,-135.818774651,0.0,26.0,98412.0202899,100000.0,0.0158797971014,0.0186740635711
2016-08-18,-1.0,-0.000801465537647,1.0,-169.306148069,0.0,27.0,98242.7141418,100000.0,0.017572858582,0.0186740635711
2016-08-19,-1.0,-0.000114586913613,1.0,78.7381497096,0.0,28.0,98321.4522915,100000.0,0.0167854770849,0.0186740635711
2016-08-22,-1.0,0.00171900068837,1.0,11.26635176,0.0,29.0,98332.7186433,100000.0,0.0166728135673,0.0186740635711
2016-08-23,-1.0,-0.00469053883991,1.0,-169.034011037,0.0,30.0,98163.6846322,100000.0,0.0183631536777,0.0186740635711
2016-08-24,-1.0,-0.000689655173645,1.0,460.440575436,0.0,31.0,98624.1252077,100000.0,0.0137587479234,0.0186740635711
2016-08-25,-1.0,-0.00230043708562,1.0,68.0166381956,0.0,32.0,98692.1418459,100000.0,0.0130785815414,0.0186740635711
2016-08-26,-1.0,0.0049573437895,1.0,227.035063161,0.0,33.0,98919.176909,100000.0,0.0108082309098,0.0186740635711
2016-08-29,-1.0,-0.00183549386278,1.0,-490.376367312,0.0,34.0,98428.8005417,100000.0,0.0157119945829,0.0186740635711
2016-08-30,-1.0,-0.00264337432567,1.0,180.665459315,0.0,35.0,98609.466001,100000.0,0.0139053399898,0.0186740635711
2016-08-31,-1.0,-0.00103710532335,1.0,260.661730695,0.0,36.0,98870.1277317,100000.0,0.0112987226828,0.0186740635711
2016-09-01,-1.0,0.00496020302109,1.0,102.538735791,0.0,37.0,98972.6664675,100000.0,0.0102733353249,0.0186740635711
2016-09-02,-1.0,0.00298438934722,1.0,-490.924519218,0.0,38.0,98481.7419483,100000.0,0.0151825805171,0.0186740635711
2016-09-06,-1.0,0.0,1.0,-293.907861566,0.0,39.0,98187.8340867,100000.0,0.0181216591327,0.0186740635711
2016-09-07,-1.0,-0.00320439459638,1.0,-0.0,0.0,40.0,98187.8340867,100000.0,0.0181216591327,0.0186740635711
2016-09-08,-1.0,-0.0251435132044,1.0,314.632564978,0.0,41.0,98502.4666517,100000.0,0.014975333483,0.0186740635711
2016-09-09,-1.0,0.0168413614441,1.0,2476.69807092,0.0,42.0,100979.164723,100979.164723,0.0,0.0186740635711
2016-09-12,-1.0,-0.0137827194833,1.0,-1700.62661141,0.0,43.0,99278.5381112,100979.164723,0.0168413614441,0.0186740635711
2016-09-13,-1.0,-0.00424078218871,1.0,1368.32824149,0.0,44.0,100646.866353,100979.164723,0.0032907617213,0.0186740635711
2016-09-14,-1.0,0.0117118182894,1.0,426.821438179,0.0,45.0,101073.687791,101073.687791,0.0,0.0186740635711
2016-09-15,-1.0,-0.00257249766137,1.0,-1183.75666524,0.0,46.0,99889.9311256,101073.687791,0.0117118182894,0.0186740635711
2016-09-16,-1.0,0.000234466588511,1.0,256.966614215,0.0,47.0,100146.89774,101073.687791,0.00916944925316,0.0186740635711
2016-09-19,-1.0,-0.000937646507267,1.0,-23.481101463,0.0,48.0,100123.416638,101073.687791,0.00940176591218,0.0186740635711
2016-09-20,-1.0,0.0118488972313,1.0,93.8803719066,0.0,49.0,100217.29701,101073.687791,0.00847293493789,0.0186740635711
2016-09-21,-1.0,0.0055652173913,1.0,-1187.46445308,0.0,50.0,99029.8325572,101073.687791,0.0202214372339,0.0202214372339
2016-09-22,-1.0,-0.00472731465468,1.0,-551.122546405,0.0,51.0,98478.7100108,101073.687791,0.025674117931,0.025674117931
2016-09-23,-1.0,-0.00845690454124,1.0,465.539849008,0.0,52.0,98944.2498598,101073.687791,0.0210681729103,0.025674117931
2016-09-26,-1.0,0.00607547610702,1.0,836.762075969,0.0,53.0,99781.0119358,101073.687791,0.0127894398962,0.025674117931
2016-09-27,-1.0,0.00487748229009,1.0,-606.21715395,0.0,54.0,99174.7947818,101073.687791,0.0187872140667,0.025674117931
2016-09-28,-1.0,-0.00681844447013,1.0,-483.723305172,0.0,55.0,98691.0714767,101073.687791,0.0235730620529,0.025674117931
2016-09-29,-1.0,0.00558529206423,1.0,672.919590561,0.0,56.0,99363.9910672,101073.687791,0.0169153491974,0.025674117931
2016-09-30,-1.0,-0.00335570469799,1.0,-554.976910778,0.0,57.0,98809.0141565,101073.687791,0.022406164096,0.025674117931
2016-10-03,-1.0,-0.0039475211889,1.0,331.573873008,0.0,58.0,99140.5880295,101073.687791,0.0191256478681,0.025674117931
2016-10-04,-1.0,0.00396316587015,1.0,391.359571926,0.0,59.0,99531.9476014,101073.687791,0.0152536255795,0.025674117931
2016-10-05,-1.0,0.00150934633693,1.0,-394.461617723,0.0,60.0,99137.4859837,101073.687791,0.0191563388013,0.025674117931
2016-10-06,-1.0,-0.00463714351959,1.0,-149.632801322,0.0,61.0,98987.8531823,101073.687791,0.0206367715884,0.025674117931
2016-10-07,-1.0,0.00582343349639,1.0,459.020881903,0.0,62.0,99446.8740642,101073.687791,0.0160953237405,0.025674117931
2016-10-10,-1.0,-0.0113478462251,1.0,-579.122257537,0.0,63.0,98867.7518067,101073.687791,0.0218250271895,0.025674117931
2016-10-11,-1.0,-0.00140548137737,1.0,1121.93604412,0.0,64.0,99989.6878508,101073.687791,0.0107248480168,0.025674117931
2016-10-12,-1.0,-0.00246305418719,1.0,140.533644204,0.0,65.0,100130.221495,101073.687791,0.00933444021356,0.025674117931
2016-10-13,-1.0,0.000352733686067,1.0,246.626161318,0.0,66.0,100376.847656,101073.687791,0.00689437725842,0.025674117931
2016-10-14,-1.0,-0.00188058298072,1.0,-35.4062954696,0.0,67.0,100341.441361,101073.687791,0.00724467906539,0.025674117931
2016-10-17,-1.0,0.00423928403203,1.0,188.700406885,0.0,68.0,100530.141768,101073.687791,0.00537772030481,0.025674117931
2016-10-18,-1.0,0.00281425891182,1.0,-426.175824734,0.0,69.0,100103.965943,101073.687791,0.00959420665303,0.025674117931
2016-10-19,-1.0,-0.000467726847521,1.0,-281.718478264,0.0,70.0,99822.2474648,101073.687791,0.0123814649833,0.025674117931
2016-10-20,-1.0,-0.00105287786617,1.0,46.6895451192,0.0,71.0,99868.9370099,101073.687791,0.0119195292793,0.025674117931
2016-10-21,-1.0,0.00445016980911,1.0,105.149793295,0.0,72.0,99974.0868032,101073.687791,0.0108792012217,0.025674117931
2016-10-24,-1.0,-0.00291477206482,1.0,-444.901662785,0.0,73.0,99529.1851404,101073.687791,0.015280956738,0.025674117931
2016-10-25,-1.0,-0.00187090739008,1.0,290.104888482,0.0,74.0,99819.2900289,101073.687791,0.012410725179,0.025674117931
2016-10-26,-1.0,-0.00492033739456,1.0,186.752647388,0.0,75.0,100006.042676,101073.687791,0.0105630371064,0.025674117931
2016-10-27,-1.0,0.000117730162468,1.0,492.063471462,0.0,76.0,100498.106148,101073.687791,0.00569467341829,0.025674117931
2016-10-28,-1.0,-0.00176574455562,1.0,-11.8316583645,0.0,77.0,100486.274489,101073.687791,0.00581173314593,0.025674117931
2016-10-31,-1.0,-0.00766509433962,1.0,177.433092094,0.0,78.0,100663.707581,101073.687791,0.00405625062647,0.025674117931
2016-11-01,-1.0,-0.00546642899584,1.0,771.596815188,0.0,79.0,101435.304397,101435.304397,0.0,0.025674117931
2016-11-02,-1.0,-0.00418210060939,1.0,554.488889156,0.0,80.0,101989.793286,101989.793286,0.0,0.025674117931
2016-11-03,-1.0,-0.00167986561075,1.0,426.531576652,0.0,81.0,102416.324862,102416.324862,0.0,0.025674117931
2016-11-04,-1.0,0.0235576923077,1.0,172.045662116,0.0,82.0,102588.370525,102588.370525,0.0,0.025674117931
2016-11-07,-1.0,0.00305307656177,1.0,-2416.74526717,0.0,83.0,100171.625257,102588.370525,0.0235576923077,0.025674117931
2016-11-08,-1.0,0.0115897916179,1.0,-305.831641227,0.0,84.0,99865.7936162,102588.370525,0.0265388454312,0.0265388454312
2016-11-09,-1.0,0.00324036569841,1.0,-1157.42373777,0.0,85.0,98708.3698784,102588.370525,0.0378210573608,0.0378210573608
2016-11-10,-1.0,-0.00265313184912,1.0,-319.8512159,0.0,86.0,98388.5186625,102588.370525,0.0409388690023,0.0409388690023
2016-11-11,-1.0,-0.000462641684016,1.0,261.037712451,0.0,87.0,98649.556375,102588.370525,0.0383943533703,0.0409388690023
2016-11-14,-1.0,0.00867854663272,1.0,45.6393968887,0.0,88.0,98695.1957719,102588.370525,0.0379494745146,0.0409388690023
2016-11-15,-1.0,0.0,1.0,-856.530858932,0.0,89.0,97838.6649129,102588.370525,0.0462986748631,0.0462986748631
