,signals,gainAhead,safef,trade,commission,numBars,equity,maxEquity,drawdown,maxDD
2016-07-13,-1.0,0.011767420398,1.0,0.0,2.0,0.0,99998.0,100000.0,0.0,0.0
2016-07-14,-1.0,-0.00285062713998,1.0,-1176.71850496,0.0,1.0,98821.281495,100000.0,0.0117871850496,0.0117871850496
2016-07-15,-1.0,-0.00354488278982,1.0,281.702627037,0.0,2.0,99102.9841221,100000.0,0.00897015877925,0.0117871850496
2016-07-18,-1.0,-0.00631168234963,1.0,351.308462835,0.0,3.0,99454.2925849,100000.0,0.00545707415091,0.0117871850496
2016-07-19,-1.0,0.0113177041241,1.0,627.723903103,0.0,4.0,100082.016488,100082.016488,0.0,0.0117871850496
2016-07-20,-1.0,0.000114194358788,1.0,-1132.69865075,0.0,5.0,98949.3178373,100082.016488,0.0113177041241,0.0117871850496
2016-07-21,-1.0,0.00022836263985,1.0,-11.2994539029,0.0,6.0,98938.0183834,100082.016488,0.0114306060649,0.0117871850496
2016-07-22,-1.0,0.00148401826469,1.0,-22.5937470595,0.0,7.0,98915.4246363,100082.016488,0.0116563583814,0.0117871850496
2016-07-25,-1.0,0.00182377749897,1.0,-146.79229682,0.0,8.0,98768.6323395,100082.016488,0.0131230783973,0.0131230783973
2016-07-26,-1.0,0.0118329730333,1.0,-180.132009264,0.0,9.0,98588.5003302,100082.016488,0.0149229223212,0.0149229223212
2016-07-27,-1.0,-0.00573484763241,1.0,-1166.5950658,0.0,10.0,97421.9052644,100082.016488,0.0265793128171,0.0265793128171
2016-07-28,-1.0,0.00418457362547,1.0,558.699782751,0.0,11.0,97980.6050472,100082.016488,0.0209968934939,0.0265793128171
2016-07-29,-1.0,-0.00698276832909,1.0,-410.007055688,0.0,12.0,97570.5979915,100082.016488,0.0250936040726,0.0265793128171
2016-08-01,-1.0,-0.0183735964619,1.0,681.312881505,0.0,13.0,98251.910873,100082.016488,0.0182860585673,0.0265793128171
2016-08-02,-1.0,-0.00150202195248,1.0,1805.24096199,0.0,14.0,100057.151835,100082.016488,0.000248442766452,0.0265793128171
2016-08-03,-1.0,0.0055542698444,1.0,150.288038559,0.0,15.0,100207.439874,100207.439874,0.0,0.0265793128171
2016-08-04,-1.0,0.0150747986199,1.0,-556.579161474,0.0,16.0,99650.860712,100207.439874,0.0055542698444,0.0265793128171
2016-08-05,-1.0,0.00113365831527,1.0,-1502.21665754,0.0,17.0,98148.6440545,100207.439874,0.020545338965,0.0265793128171
2016-08-08,-1.0,0.0120031706477,1.0,-111.267026465,0.0,18.0,98037.377028,100207.439874,0.0216557058859,0.0265793128171
2016-08-09,-1.0,-0.00358061989447,1.0,-1176.75936632,0.0,19.0,96860.6176617,100207.439874,0.0333989394003,0.0333989394003
2016-08-10,-1.0,0.0115665356553,1.0,346.821054591,0.0,20.0,97207.4387163,100207.439874,0.0299379084127,0.0333989394003
2016-08-11,-1.0,-0.000777087033671,1.0,-1124.35330587,0.0,21.0,96083.0854104,100207.439874,0.0411581661829,0.0411581661829
2016-08-12,-1.0,-0.000555493833964,1.0,74.6649198276,0.0,22.0,96157.7503303,100207.439874,0.0404130626265,0.0411581661829
2016-08-15,-1.0,-0.0082258781695,1.0,53.4150373963,0.0,23.0,96211.1653677,100207.439874,0.0398800179996,0.0411581661829
2016-08-16,-1.0,-0.0096401748681,1.0,791.42132486,0.0,24.0,97002.5866925,100207.439874,0.0319821879996,0.0411581661829
2016-08-17,-1.0,0.00430107526915,1.0,935.121898374,0.0,25.0,97937.7085909,100207.439874,0.0226503270165,0.0411581661829
2016-08-18,-1.0,-0.00833990758474,1.0,-421.237456338,0.0,26.0,97516.4711346,100207.439874,0.0268539815242,0.0411581661829
2016-08-19,-1.0,-0.00250028412219,1.0,813.278357253,0.0,27.0,98329.7494918,100207.439874,0.0187380336637,0.0411581661829
2016-08-22,-1.0,0.00740571949416,1.0,245.852311393,0.0,28.0,98575.6018032,100207.439874,0.0162845999495,0.0411581661829
2016-08-23,-1.0,0.00316670436446,1.0,-730.023255923,0.0,29.0,97845.5785473,100207.439874,0.0235697202644,0.0411581661829
2016-08-24,-1.0,-0.00653889515307,1.0,-309.848020629,0.0,30.0,97535.7305267,100207.439874,0.0266617862928,0.0411581661829
2016-08-25,-1.0,0.00805719473443,1.0,637.775915591,0.0,31.0,98173.5064423,100207.439874,0.0202972297649,0.0411581661829
2016-08-26,-1.0,-0.0039401103212,1.0,-791.003059167,0.0,32.0,97382.5033831,100207.439874,0.0281908857666,0.0411581661829
2016-08-29,-1.0,0.00745931283832,1.0,383.697806684,0.0,33.0,97766.2011898,100207.439874,0.0243618506453,0.0411581661829
2016-08-30,-1.0,-0.00426295714639,1.0,-729.268679689,0.0,34.0,97036.9325101,100207.439874,0.0316394408184,0.0411581661829
2016-08-31,-1.0,0.000337990085591,1.0,413.664284908,0.0,35.0,97450.596795,100207.439874,0.0275113612523,0.0411581661829
2016-09-01,-1.0,0.0232008109029,1.0,-32.9373355516,0.0,36.0,97417.6594594,100207.439874,0.0278400527706,0.0411581661829
2016-09-02,-1.0,-0.000330214639483,1.0,-2260.16869572,0.0,37.0,95157.4907637,100207.439874,0.0503949518736,0.0503949518736
2016-09-05,-1.0,-0.00253248183268,1.0,31.4223965067,0.0,38.0,95188.9131602,100207.439874,0.050081378385,0.0503949518736
2016-09-06,-1.0,0.00618169775927,1.0,241.064193251,0.0,39.0,95429.9773535,100207.439874,0.0476757267332,0.0503949518736
2016-09-07,-1.0,-0.00340098738457,1.0,-589.919277173,0.0,40.0,94840.0580763,100207.439874,0.0535627075594,0.0535627075594
2016-09-08,-1.0,-0.0111184500217,1.0,322.549841069,0.0,41.0,95162.6079174,100207.439874,0.0503438862675,0.0535627075594
2016-09-09,-1.0,-0.0115774240228,1.0,1058.06070006,0.0,42.0,96220.6686174,100207.439874,0.0397851822292,0.0535627075594
2016-09-12,-1.0,-0.0119382813383,1.0,1113.98748034,0.0,43.0,97334.6560978,100207.439874,0.0286683681309,0.0535627075594
2016-09-13,-1.0,-0.00388571428417,1.0,1162.00850846,0.0,44.0,98496.6646062,100207.439874,0.0170723378368,0.0535627075594
2016-09-14,-1.0,0.000458926111363,1.0,382.729896604,0.0,45.0,98879.3945028,100207.439874,0.0132529617796,0.0535627075594
2016-09-15,-1.0,-0.00928899082565,1.0,-45.3783360131,0.0,46.0,98834.0161668,100207.439874,0.0137058057608,0.0535627075594
2016-09-16,-1.0,0.0144692672778,1.0,918.068269436,0.0,47.0,99752.0844363,100207.439874,0.00454412803912,0.0535627075594
2016-09-19,-1.0,-0.00125513464323,1.0,-1443.33957123,0.0,48.0,98308.744865,100207.439874,0.0189476451138,0.0535627075594
2016-09-20,-1.0,0.00491260139455,1.0,123.390711413,0.0,49.0,98432.1355765,100207.439874,0.0177162923163,0.0535627075594
2016-09-21,-1.0,0.0228512960436,1.0,-483.557846502,0.0,50.0,97948.57773,100207.439874,0.0225418606285,0.0535627075594
2016-09-22,-1.0,-0.00466822274089,1.0,-2238.25194675,0.0,51.0,95710.3257832,100207.439874,0.0448780459415,0.0535627075594
2016-09-23,-1.0,-0.0183137911773,1.0,446.797119359,0.0,52.0,96157.1229026,100207.439874,0.0404193239152,0.0535627075594
2016-09-26,-1.0,-0.000341258104878,1.0,1761.00146905,0.0,53.0,97918.1243716,100207.439874,0.0228457637957,0.0535627075594
2016-09-27,-1.0,0.00785161583974,1.0,33.4153535563,0.0,54.0,97951.5397252,100207.439874,0.0225123019928,0.0535627075594
2016-09-28,-1.0,0.0024839110293,1.0,-769.077860833,0.0,55.0,97182.4618643,100207.439874,0.0301871598857,0.0535627075594
2016-09-29,-1.0,0.00090100236663,1.0,-241.39258888,0.0,56.0,96941.0692754,100207.439874,0.0325960886956,0.0535627075594
2016-09-30,-1.0,0.0011252391118,1.0,-87.3441328409,0.0,57.0,96853.7251426,100207.439874,0.0334677219092,0.0535627075594
2016-10-03,-1.0,0.0113521411726,1.0,-108.983599654,0.0,58.0,96744.741543,100207.439874,0.0345553018313,0.0535627075594
2016-10-04,-1.0,-0.00300066681483,1.0,-1098.25996371,0.0,59.0,95646.4815792,100207.439874,0.0455151663393,0.0535627075594
2016-10-05,-1.0,-0.0021179355709,1.0,287.00322323,0.0,60.0,95933.4848025,100207.439874,0.0426510753736,0.0535627075594
2016-10-06,-1.0,-0.0067024128686,1.0,203.180939904,0.0,61.0,96136.6657424,100207.439874,0.0406234720324,0.0535627075594
2016-10-07,-1.0,0.0105713000457,1.0,644.347625616,0.0,62.0,96781.013368,100207.439874,0.0341933344455,0.0535627075594
2016-10-10,-1.0,-0.00567549521475,1.0,-1023.10113104,0.0,63.0,95757.912237,100207.439874,0.0444031664932,0.0535627075594
2016-10-11,-1.0,-0.00358142137808,1.0,543.473572675,0.0,64.0,96301.3858096,100207.439874,0.0389796812374,0.0535627075594
2016-10-12,-1.0,-0.0105582387944,1.0,344.895841878,0.0,65.0,96646.2816515,100207.439874,0.035537862523,0.0535627075594
2016-10-13,-1.0,0.0150981950262,1.0,1020.41452026,0.0,66.0,97666.6961718,100207.439874,0.0253548409674,0.0535627075594
2016-10-14,-1.0,-0.00469693580853,1.0,-1474.59082637,0.0,67.0,96192.1053454,100207.439874,0.0400702236599,0.0535627075594
2016-10-17,-1.0,0.013258426967,1.0,451.808144094,0.0,68.0,96643.9134895,100207.439874,0.0355614951197,0.0535627075594
2016-10-18,-1.0,0.00244091867303,1.0,-1281.3462688,0.0,69.0,95362.5672207,100207.439874,0.0483484326008,0.0535627075594
2016-10-19,-1.0,0.00431654676259,1.0,-232.772271037,0.0,70.0,95129.7949497,100207.439874,0.0506713366819,0.0535627075594
2016-10-20,-1.0,-0.000771434868856,1.0,-410.632208416,0.0,71.0,94719.1627412,100207.439874,0.0547691582502,0.0547691582502
2016-10-21,-1.0,0.00363957207456,1.0,73.0696648874,0.0,72.0,94792.2324061,100207.439874,0.0540399742197,0.0547691582502
2016-10-24,-1.0,-0.00252747252747,1.0,-345.00316195,0.0,73.0,94447.2292442,100207.439874,0.0574828639132,0.0574828639132
2016-10-25,-1.0,-0.00143219125262,1.0,238.712777211,0.0,74.0,94685.9420214,100207.439874,0.0551006777451,0.0574828639132
2016-10-26,-1.0,-0.000220653133274,1.0,135.608377909,0.0,75.0,94821.5503993,100207.439874,0.0537474012011,0.0574828639132
2016-10-27,-1.0,0.00320017656147,1.0,20.9226721976,0.0,76.0,94842.4730715,100207.439874,0.0535386076003,0.0574828639132
2016-10-28,-1.0,-0.00857991420086,1.0,-303.512659355,0.0,77.0,94538.9604121,100207.439874,0.0565674511646,0.0574828639132
2016-10-31,-1.0,-0.00876511705315,1.0,811.136168975,0.0,78.0,95350.0965811,100207.439874,0.0484728808413,0.0574828639132
2016-11-01,-1.0,-0.0124244459369,1.0,835.754757562,0.0,79.0,96185.8513387,100207.439874,0.0401326342627,0.0574828639132
2016-11-02,-1.0,-0.000566700668707,1.0,1195.05590985,0.0,80.0,97380.9072485,100207.439874,0.0282068140705,0.0574828639132
2016-11-03,-1.0,-0.00793830800635,1.0,55.185825257,0.0,81.0,97436.0930738,100207.439874,0.0276560982222,0.0574828639132
2016-11-04,-1.0,0.0187471422039,1.0,773.477717755,0.0,82.0,98209.5707915,100207.439874,0.0199373328418,0.0574828639132
2016-11-07,-1.0,0.00448833034111,1.0,-1841.14878942,0.0,83.0,96368.4220021,100207.439874,0.0383107070317,0.0574828639132
2016-11-08,-1.0,0.0148570151921,1.0,-432.533312397,0.0,84.0,95935.8886897,100207.439874,0.0426270862641,0.0574828639132
2016-11-09,-1.0,-0.00264171711613,1.0,-1425.32095573,0.0,85.0,94510.567734,100207.439874,0.056850790188,0.0574828639132
2016-11-10,-1.0,-0.00904977375566,1.0,249.670184438,0.0,86.0,94760.2379184,100207.439874,0.0543592567774,0.0574828639132
2016-11-11,-1.0,0.00423209711549,1.0,857.558714194,0.0,87.0,95617.7966326,100207.439874,0.0458014219971,0.0574828639132
2016-11-14,-1.0,0.00621049129422,1.0,-404.663801319,0.0,88.0,95213.1328313,100207.439874,0.0498396830467,0.0574828639132
2016-11-15,-1.0,0.0,1.0,-591.320332544,0.0,89.0,94621.8124988,100207.439874,0.0557406454232,0.0574828639132
