,signals,gainAhead,safef,trade,commission,numBars,equity,maxEquity,drawdown,maxDD
2016-07-12,1.0,0.0109356014581,1.0,0.0,2.0,0.0,99998.0,100000.0,0.0,0.0
2016-07-13,-1.0,-0.0204326923077,1.0,1093.53827461,2.0,1.0,101089.538275,101089.538275,0.0,0.0
2016-07-14,-1.0,-0.00122699386503,1.0,2065.53143109,0.0,2.0,103155.069706,103155.069706,0.0,0.0
2016-07-15,1.0,0.00614250614251,1.0,126.570637676,4.13,3.0,103277.510343,103277.510343,0.0,0.0
2016-07-18,1.0,-0.00976800976801,1.0,634.382741667,0.0,4.0,103911.893085,103911.893085,0.0,0.0
2016-07-19,1.0,-0.00369913686806,1.0,-1015.01238667,0.0,5.0,102896.880698,103911.893085,0.00976800976801,0.00976800976801
2016-07-20,1.0,0.0123762376238,1.0,-380.629645,0.0,6.0,102516.251053,103911.893085,0.013431013431,0.013431013431
2016-07-21,1.0,-0.00244498777506,1.0,1268.76548333,0.0,7.0,103785.016537,103911.893085,0.001221001221,0.013431013431
2016-07-22,1.0,-0.0220588235294,1.0,-253.753096667,0.0,8.0,103531.26344,103911.893085,0.003663003663,0.013431013431
2016-07-25,1.0,-0.00375939849624,1.0,-2283.77787,0.0,9.0,101247.48557,103911.893085,0.025641025641,0.025641025641
2016-07-26,1.0,-0.0100628930818,1.0,-380.629645,0.0,10.0,100866.855925,103911.893085,0.029304029304,0.029304029304
2016-07-27,1.0,0.00254129606099,1.0,-1015.01238667,0.0,11.0,99851.8435384,103911.893085,0.039072039072,0.039072039072
2016-07-28,1.0,0.0101394169835,1.0,253.753096667,0.0,12.0,100105.596635,103911.893085,0.03663003663,0.039072039072
2016-07-29,1.0,-0.00878293601004,1.0,1015.01238667,0.0,13.0,101120.609022,103911.893085,0.026862026862,0.039072039072
2016-08-01,1.0,-0.0341772151899,1.0,-888.135838334,0.0,14.0,100232.473183,103911.893085,0.035409035409,0.039072039072
2016-08-02,1.0,-0.00917431192661,1.0,-3425.666805,0.0,15.0,96806.8063784,103911.893085,0.0683760683761,0.0683760683761
2016-08-03,1.0,-0.0171957671958,1.0,-888.135838334,0.0,16.0,95918.67054,103911.893085,0.0769230769231,0.0769230769231
2016-08-04,1.0,-0.00807537012113,1.0,-1649.39512833,0.0,17.0,94269.2754117,103911.893085,0.0927960927961,0.0927960927961
2016-08-05,1.0,0.0067842605156,1.0,-761.25929,0.0,18.0,93508.0161217,103911.893085,0.100122100122,0.100122100122
2016-08-08,1.0,-0.00808625336927,1.0,634.382741667,0.0,19.0,94142.3988634,103911.893085,0.0940170940171,0.100122100122
2016-08-09,1.0,-0.00271739130435,1.0,-761.25929,0.0,20.0,93381.1395734,103911.893085,0.101343101343,0.101343101343
2016-08-10,1.0,-0.00817438692098,1.0,-253.753096667,0.0,21.0,93127.3864767,103911.893085,0.103785103785,0.103785103785
2016-08-11,1.0,-0.00412087912088,1.0,-761.25929,0.0,22.0,92366.1271867,103911.893085,0.111111111111,0.111111111111
2016-08-12,1.0,0.0289655172414,1.0,-380.629645,0.0,23.0,91985.4975417,103911.893085,0.114774114774,0.114774114774
2016-08-15,1.0,0.00402144772118,1.0,2664.407515,0.0,24.0,94649.9050567,103911.893085,0.0891330891331,0.114774114774
2016-08-16,1.0,-0.00801068090788,1.0,380.629645,0.0,25.0,95030.5347017,103911.893085,0.0854700854701,0.114774114774
2016-08-17,1.0,-0.0107671601615,1.0,-761.25929,0.0,26.0,94269.2754117,103911.893085,0.0927960927961,0.114774114774
2016-08-18,1.0,0.00408163265306,1.0,-1015.01238667,0.0,27.0,93254.263025,103911.893085,0.102564102564,0.114774114774
2016-08-19,1.0,0.0176151761518,1.0,380.629645,0.0,28.0,93634.89267,103911.893085,0.0989010989011,0.114774114774
2016-08-22,1.0,-0.00798934753662,1.0,1649.39512833,0.0,29.0,95284.2877984,103911.893085,0.0830280830281,0.114774114774
2016-08-23,1.0,-0.00805369127517,1.0,-761.25929,0.0,30.0,94523.0285084,103911.893085,0.0903540903541,0.114774114774
2016-08-24,1.0,0.0230040595399,1.0,-761.25929,0.0,31.0,93761.7692184,103911.893085,0.0976800976801,0.114774114774
2016-08-25,1.0,-0.0198412698413,1.0,2156.90132167,0.0,32.0,95918.67054,103911.893085,0.0769230769231,0.114774114774
2016-08-26,1.0,-0.0337381916329,1.0,-1903.148225,0.0,33.0,94015.522315,103911.893085,0.0952380952381,0.114774114774
2016-08-29,1.0,-0.00837988826816,1.0,-3171.91370833,0.0,34.0,90843.6086067,103911.893085,0.125763125763,0.125763125763
2016-08-30,1.0,-0.00845070422535,1.0,-761.25929,0.0,35.0,90082.3493167,103911.893085,0.133089133089,0.133089133089
2016-08-31,1.0,0.0269886363636,1.0,-761.25929,0.0,36.0,89321.0900267,103911.893085,0.140415140415,0.140415140415
2016-09-01,1.0,-0.015214384509,1.0,2410.65441833,0.0,37.0,91731.744445,103911.893085,0.117216117216,0.140415140415
2016-09-02,1.0,-0.0252808988764,1.0,-1395.64203167,0.0,38.0,90336.1024134,103911.893085,0.130647130647,0.140415140415
2016-09-06,1.0,0.00720461095101,1.0,-2283.77787,0.0,39.0,88052.3245434,103911.893085,0.152625152625,0.152625152625
2016-09-07,1.0,0.0171673819742,1.0,634.382741667,0.0,40.0,88686.707285,103911.893085,0.14652014652,0.152625152625
2016-09-08,1.0,-0.0028129395218,1.0,1522.51858,0.0,41.0,90209.225865,103911.893085,0.131868131868,0.152625152625
2016-09-09,1.0,-0.0141043723554,1.0,-253.753096667,0.0,42.0,89955.4727684,103911.893085,0.13431013431,0.152625152625
2016-09-12,1.0,-0.00572246065808,1.0,-1268.76548333,0.0,43.0,88686.707285,103911.893085,0.14652014652,0.152625152625
2016-09-13,1.0,0.00431654676259,1.0,-507.506193334,0.0,44.0,88179.2010917,103911.893085,0.151404151404,0.152625152625
2016-09-14,1.0,-0.00859598853868,1.0,380.629645,0.0,45.0,88559.8307367,103911.893085,0.147741147741,0.152625152625
2016-09-15,1.0,0.0158959537572,1.0,-761.25929,0.0,46.0,87798.5714467,103911.893085,0.155067155067,0.155067155067
2016-09-16,1.0,-0.0156472261735,1.0,1395.64203167,0.0,47.0,89194.2134784,103911.893085,0.141636141636,0.155067155067
2016-09-19,1.0,0.0115606936416,1.0,-1395.64203167,0.0,48.0,87798.5714467,103911.893085,0.155067155067,0.155067155067
2016-09-20,1.0,0.00714285714286,1.0,1015.01238667,0.0,49.0,88813.5838334,103911.893085,0.145299145299,0.155067155067
2016-09-21,1.0,0.00567375886525,1.0,634.382741667,0.0,50.0,89447.966575,103911.893085,0.139194139194,0.155067155067
2016-09-22,1.0,-0.00141043723554,1.0,507.506193334,0.0,51.0,89955.4727684,103911.893085,0.13431013431,0.155067155067
2016-09-23,1.0,-0.021186440678,1.0,-126.876548333,0.0,52.0,89828.59622,103911.893085,0.135531135531,0.155067155067
2016-09-26,1.0,0.00721500721501,1.0,-1903.148225,0.0,53.0,87925.447995,103911.893085,0.153846153846,0.155067155067
2016-09-27,1.0,-0.00286532951289,1.0,634.382741667,0.0,54.0,88559.8307367,103911.893085,0.147741147741,0.155067155067
2016-09-28,1.0,0.0114942528736,1.0,-253.753096667,0.0,55.0,88306.07764,103911.893085,0.150183150183,0.155067155067
2016-09-29,1.0,0.0127840909091,1.0,1015.01238667,0.0,56.0,89321.0900267,103911.893085,0.140415140415,0.155067155067
2016-09-30,1.0,0.0266479663394,1.0,1141.888935,0.0,57.0,90462.9789617,103911.893085,0.129426129426,0.155067155067
2016-10-03,1.0,-0.00956284153005,1.0,2410.65441833,0.0,58.0,92873.63338,103911.893085,0.106227106227,0.155067155067
2016-10-04,1.0,0.0151724137931,1.0,-888.135838334,0.0,59.0,91985.4975417,103911.893085,0.114774114774,0.155067155067
2016-10-05,1.0,0.0203804347826,1.0,1395.64203167,0.0,60.0,93381.1395734,103911.893085,0.101343101343,0.155067155067
2016-10-06,1.0,0.0159786950732,1.0,1903.148225,0.0,61.0,95284.2877984,103911.893085,0.0830280830281,0.155067155067
2016-10-07,1.0,0.0327653997379,1.0,1522.51858,0.0,62.0,96806.8063784,103911.893085,0.0683760683761,0.155067155067
2016-10-10,1.0,0.010152284264,1.0,3171.91370833,0.0,63.0,99978.7200867,103911.893085,0.037851037851,0.155067155067
2016-10-11,1.0,-0.00502512562814,1.0,1015.01238667,0.0,64.0,100993.732473,103911.893085,0.028083028083,0.155067155067
2016-10-12,1.0,-0.0113636363636,1.0,-507.506193334,0.0,65.0,100486.22628,103911.893085,0.032967032967,0.155067155067
2016-10-13,1.0,0.0153256704981,1.0,-1141.888935,0.0,66.0,99344.337345,103911.893085,0.043956043956,0.155067155067
2016-10-14,1.0,0.0062893081761,1.0,1522.51858,0.0,67.0,100866.855925,103911.893085,0.029304029304,0.155067155067
2016-10-17,1.0,0.01875,1.0,634.382741667,0.0,68.0,101501.238667,103911.893085,0.023199023199,0.155067155067
2016-10-18,1.0,0.0257668711656,1.0,1903.148225,0.0,69.0,103404.386892,103911.893085,0.00488400488401,0.155067155067
2016-10-19,1.0,0.00717703349282,1.0,2664.407515,0.0,70.0,106068.794407,106068.794407,0.0,0.155067155067
2016-10-20,1.0,0.0368171021378,1.0,761.25929,0.0,71.0,106830.053697,106830.053697,0.0,0.155067155067
2016-10-21,1.0,-0.0229095074456,1.0,3933.17299833,0.0,72.0,110763.226695,110763.226695,0.0,0.155067155067
2016-10-24,1.0,-0.00586166471278,1.0,-2537.53096667,0.0,73.0,108225.695728,110763.226695,0.0229095074456,0.155067155067
2016-10-25,1.0,0.0141509433962,1.0,-634.382741667,0.0,74.0,107591.312987,110763.226695,0.028636884307,0.155067155067
2016-10-26,1.0,0.0790697674419,1.0,1522.51858,0.0,75.0,109113.831567,110763.226695,0.0148911798396,0.155067155067
2016-10-27,1.0,-0.0355603448276,1.0,8627.60528667,0.0,76.0,117741.436853,117741.436853,0.0,0.155067155067
2016-10-28,1.0,-0.0145251396648,1.0,-4186.926095,0.0,77.0,113554.510758,117741.436853,0.0355603448276,0.155067155067
2016-10-31,1.0,-0.00453514739229,1.0,-1649.39512833,0.0,78.0,111905.11563,117741.436853,0.0495689655172,0.155067155067
2016-11-01,1.0,0.0227790432802,1.0,-507.506193334,0.0,79.0,111397.609437,117741.436853,0.0538793103448,0.155067155067
2016-11-02,1.0,-0.011135857461,1.0,2537.53096667,0.0,80.0,113935.140403,117741.436853,0.0323275862069,0.155067155067
2016-11-03,1.0,0.0281531531532,1.0,-1268.76548333,0.0,81.0,112666.37492,117741.436853,0.0431034482759,0.155067155067
2016-11-04,1.0,-0.00109529025192,1.0,3171.91370833,0.0,82.0,115838.288628,117741.436853,0.0161637931034,0.155067155067
2016-11-07,1.0,-0.00986842105263,1.0,-126.876548333,0.0,83.0,115711.41208,117741.436853,0.0172413793103,0.155067155067
2016-11-08,1.0,-0.0143964562569,1.0,-1141.888935,0.0,84.0,114569.523145,117741.436853,0.0269396551724,0.155067155067
2016-11-09,1.0,-0.00786516853933,1.0,-1649.39512833,0.0,85.0,112920.128017,117741.436853,0.0409482758621,0.155067155067
2016-11-10,1.0,0.0181200453001,1.0,-888.135838334,0.0,86.0,112031.992178,117741.436853,0.0484913793103,0.155067155067
2016-11-11,1.0,0.0133481646274,1.0,2030.02477333,0.0,87.0,114062.016952,117741.436853,0.03125,0.155067155067
2016-11-14,1.0,0.0230515916575,1.0,1522.51858,0.0,88.0,115584.535532,117741.436853,0.0183189655172,0.155067155067
2016-11-15,1.0,0.0,1.0,2664.407515,0.0,89.0,118248.943047,118248.943047,0.0,0.155067155067
