,signals,gainAhead,safef,trade,commission,numBars,equity,maxEquity,drawdown,maxDD
2016-07-13,1.0,-0.000101926470054,1.0,0.0,2.0,0.0,99998.0,100000.0,0.0,0.0
2016-07-14,1.0,0.000203873618456,1.0,-10.1924431525,0.0,1.0,99987.8075568,100000.0,0.000121924431525,0.000121924431525
2016-07-15,1.0,0.000101916082118,1.0,20.3848761281,0.0,2.0,100008.192433,100008.192433,0.0,0.000121924431525
2016-07-18,1.0,0.000203811189077,1.0,10.1924431525,0.0,3.0,100018.384876,100018.384876,0.0,0.000121924431525
2016-07-19,1.0,0.0,1.0,20.3848659511,0.0,4.0,100038.769742,100038.769742,0.0,0.000121924431525
2016-07-20,1.0,0.000101884931,1.0,0.0,0.0,5.0,100038.769742,100038.769742,0.0,0.000121924431525
2016-07-21,1.0,0.000101874449799,1.0,10.1924431525,0.0,6.0,100048.962185,100048.962185,0.0,0.000121924431525
2016-07-22,1.0,0.0,1.0,10.1924329756,0.0,7.0,100059.154618,100059.154618,0.0,0.000121924431525
2016-07-25,1.0,-0.000101864072453,1.0,0.0,0.0,8.0,100059.154618,100059.154618,0.0,0.000121924431525
2016-07-26,1.0,-0.000305623451116,1.0,-10.1924329756,0.0,9.0,100048.962185,100059.154618,0.000101864072453,0.000121924431525
2016-07-27,1.0,0.000305716885366,1.0,-30.5773091036,0.0,10.0,100018.384876,100059.154618,0.000407456391519,0.000407456391519
2016-07-28,1.0,0.000101874449799,1.0,30.5773091036,0.0,11.0,100048.962185,100059.154618,0.000101864072453,0.000407456391519
2016-07-29,1.0,0.000101864174161,1.0,10.1924329756,0.0,12.0,100059.154618,100059.154618,0.0,0.000407456391519
2016-08-01,1.0,0.000611122386656,1.0,10.1924431525,0.0,13.0,100069.347061,100069.347061,0.0,0.000407456391519
2016-08-02,1.0,-0.000101791490151,1.0,61.1546182072,0.0,14.0,100130.50168,100130.50168,0.0,0.000407456391519
2016-08-03,1.0,0.0,1.0,-10.1924329756,0.0,15.0,100120.309247,100130.50168,0.000101791490151,0.000407456391519
2016-08-04,1.0,0.0,1.0,0.0,0.0,16.0,100120.309247,100130.50168,0.000101791490151,0.000407456391519
2016-08-05,1.0,-0.00010171911235,1.0,0.0,0.0,17.0,100120.309247,100130.50168,0.000101791490151,0.000407456391519
2016-08-08,1.0,0.000101729460181,1.0,-10.1841489848,0.0,18.0,100110.125098,100130.50168,0.000203500248362,0.000407456391519
2016-08-09,1.0,0.000101719010704,1.0,10.1841489848,0.0,19.0,100120.309247,100130.50168,0.000101791490151,0.000407456391519
2016-08-10,1.0,0.0,1.0,10.1841388079,0.0,20.0,100130.493385,100130.50168,8.28335776001e-08,0.000407456391519
2016-08-11,1.0,0.0,1.0,0.0,0.0,21.0,100130.493385,100130.50168,8.28335776001e-08,0.000407456391519
2016-08-12,1.0,0.000101708664999,1.0,0.0,0.0,22.0,100130.493385,100130.50168,8.28335776001e-08,0.000407456391519
2016-08-15,1.0,0.0,1.0,10.1841388079,0.0,23.0,100140.677524,100140.677524,0.0,0.000407456391519
2016-08-16,1.0,-0.000101698321398,1.0,0.0,0.0,24.0,100140.677524,100140.677524,0.0,0.000407456391519
2016-08-17,1.0,0.000101708664999,1.0,-10.1841388079,0.0,25.0,100130.493385,100140.677524,0.000101698321398,0.000407456391519
2016-08-18,1.0,0.0,1.0,10.1841388079,0.0,26.0,100140.677524,100140.677524,0.0,0.000407456391519
2016-08-19,1.0,0.0,1.0,0.0,0.0,27.0,100140.677524,100140.677524,0.0,0.000407456391519
2016-08-22,1.0,0.000101698423024,1.0,0.0,0.0,28.0,100140.677524,100140.677524,0.0,0.000407456391519
2016-08-23,1.0,0.000101687979891,1.0,10.1841489848,0.0,29.0,100150.861673,100150.861673,0.0,0.000407456391519
2016-08-24,1.0,0.0,1.0,10.1841388079,0.0,30.0,100161.045812,100161.045812,0.0,0.000407456391519
2016-08-25,1.0,-0.000101677640497,1.0,0.0,0.0,31.0,100161.045812,100161.045812,0.0,0.000407456391519
2016-08-26,1.0,-0.000101688081507,1.0,-10.1841388079,0.0,32.0,100150.861673,100161.045812,0.000101677640497,0.000407456391519
2016-08-29,1.0,0.000101698423024,1.0,-10.1841489848,0.0,33.0,100140.677524,100161.045812,0.0002033553826,0.000407456391519
2016-08-30,1.0,0.000101687979891,1.0,10.1841489848,0.0,34.0,100150.861673,100161.045812,0.000101677640497,0.000407456391519
2016-08-31,1.0,-0.000101677640497,1.0,10.1841388079,0.0,35.0,100161.045812,100161.045812,0.0,0.000407456391519
2016-09-01,1.0,-0.000101688081507,1.0,-10.1841388079,0.0,36.0,100150.861673,100161.045812,0.000101677640497,0.000407456391519
2016-09-02,1.0,-0.000101698321398,1.0,-10.1841489848,0.0,37.0,100140.677524,100161.045812,0.0002033553826,0.000407456391519
2016-09-05,1.0,-0.000203417431634,1.0,-10.1841388079,0.0,38.0,100130.493385,100161.045812,0.000305033023097,0.000407456391519
2016-09-06,1.0,0.000101729460181,1.0,-20.3682877927,0.0,39.0,100110.125098,100161.045812,0.000508388405697,0.000508388405697
2016-09-07,1.0,-0.00010171911235,1.0,10.1841489848,0.0,40.0,100120.309247,100161.045812,0.000406710663594,0.000508388405697
2016-09-08,1.0,-0.000101729358524,1.0,-10.1841489848,0.0,41.0,100110.125098,100161.045812,0.000508388405697,0.000508388405697
2016-09-09,1.0,-0.000101739810106,1.0,-10.1841388079,0.0,42.0,100099.940959,100161.045812,0.000610066046194,0.000610066046194
2016-09-12,1.0,0.0,1.0,-10.1841489848,0.0,43.0,100089.75681,100161.045812,0.000711743788296,0.000711743788296
2016-09-13,1.0,0.0,1.0,0.0,0.0,44.0,100089.75681,100161.045812,0.000711743788296,0.000711743788296
2016-09-14,1.0,-0.000101750060471,1.0,0.0,0.0,45.0,100089.75681,100161.045812,0.000711743788296,0.000711743788296
2016-09-15,1.0,0.000101760414599,1.0,-10.1841388079,0.0,46.0,100079.572671,100161.045812,0.000813421428794,0.000813421428794
2016-09-16,1.0,-0.000101750060471,1.0,10.1841388079,0.0,47.0,100089.75681,100161.045812,0.000711743788296,0.000813421428794
2016-09-19,1.0,-0.000101760414599,1.0,-10.1841388079,0.0,48.0,100079.572671,100161.045812,0.000813421428794,0.000813421428794
2016-09-20,1.0,0.0,1.0,-10.1841388079,0.0,49.0,100069.388532,100161.045812,0.000915099069291,0.000915099069291
2016-09-21,1.0,0.000101770770835,1.0,0.0,0.0,50.0,100069.388532,100161.045812,0.000915099069291,0.000915099069291
2016-09-22,1.0,-0.000101708655401,1.0,10.1841388079,0.0,51.0,100079.572671,100161.045812,0.000813421428794,0.000915099069291
2016-09-23,1.0,0.000101719001103,1.0,-10.1789587694,0.0,52.0,100069.393712,100161.045812,0.000915047352194,0.000915099069291
2016-09-26,1.0,-0.000101708655401,1.0,10.1789587694,0.0,53.0,100079.572671,100161.045812,0.000813421428794,0.000915099069291
2016-09-27,1.0,0.0,1.0,-10.1789587694,0.0,54.0,100069.393712,100161.045812,0.000915047352194,0.000915099069291
2016-09-28,1.0,0.000101719001103,1.0,0.0,0.0,55.0,100069.393712,100161.045812,0.000915047352194,0.000915099069291
2016-09-29,1.0,0.000203417412489,1.0,10.1789587694,0.0,56.0,100079.572671,100161.045812,0.000813421428794,0.000915099069291
2016-09-30,1.0,-0.000305064012558,1.0,20.3579277158,0.0,57.0,100099.930599,100161.045812,0.000610169480387,0.000915099069291
2016-10-03,1.0,0.000101719001103,1.0,-30.5368864852,0.0,58.0,100069.393712,100161.045812,0.000915047352194,0.000915099069291
2016-10-04,1.0,-0.00030512606789,1.0,10.1789587694,0.0,59.0,100079.572671,100161.045812,0.000813421428794,0.000915099069291
2016-10-05,1.0,-0.000101739800554,1.0,-30.5368864852,0.0,60.0,100049.035785,100161.045812,0.0011182993006,0.0011182993006
2016-10-06,1.0,0.0,1.0,-10.1789689463,0.0,61.0,100038.856816,100161.045812,0.00121992532561,0.00121992532561
2016-10-07,1.0,-0.000203458799593,1.0,0.0,0.0,62.0,100038.856816,100161.045812,0.00121992532561,0.00121992532561
2016-10-10,1.0,-0.00010175010175,1.0,-20.3537857204,0.0,63.0,100018.50303,100161.045812,0.00142313592066,0.00142313592066
2016-10-11,1.0,-0.000305281367661,1.0,-10.1768928602,0.0,64.0,100008.326137,100161.045812,0.00152474121818,0.00152474121818
2016-10-12,1.0,0.000101791530945,1.0,-30.5306785805,0.0,65.0,99977.7954584,100161.045812,0.00182955711076,0.00182955711076
2016-10-13,1.0,0.0,1.0,10.1768928602,0.0,66.0,99987.9723513,100161.045812,0.00172795181323,0.00182955711076
2016-10-14,1.0,0.0,1.0,0.0,0.0,67.0,99987.9723513,100161.045812,0.00172795181323,0.00182955711076
2016-10-17,1.0,0.0,1.0,0.0,0.0,68.0,99987.9723513,100161.045812,0.00172795181323,0.00182955711076
2016-10-18,1.0,0.0,1.0,0.0,0.0,69.0,99987.9723513,100161.045812,0.00172795181323,0.00182955711076
2016-10-19,1.0,0.000407124681934,1.0,0.0,0.0,70.0,99987.9723513,100161.045812,0.00172795181323,0.00182955711076
2016-10-20,1.0,-0.00010173974972,1.0,40.7075714407,0.0,71.0,100028.679923,100161.045812,0.00132153062313,0.00182955711076
2016-10-21,1.0,0.0,1.0,-10.1768928602,0.0,72.0,100018.50303,100161.045812,0.00142313592066,0.00182955711076
2016-10-24,1.0,-0.00010175010175,1.0,0.0,0.0,73.0,100018.50303,100161.045812,0.00142313592066,0.00182955711076
2016-10-25,1.0,-0.000203520911774,1.0,-10.1768928602,0.0,74.0,100008.326137,100161.045812,0.00152474121818,0.00182955711076
2016-10-26,1.0,0.0,1.0,-20.3537857204,0.0,75.0,99987.9723513,100161.045812,0.00172795181323,0.00182955711076
2016-10-27,1.0,0.000203562340967,1.0,0.0,0.0,76.0,99987.9723513,100161.045812,0.00172795181323,0.00182955711076
2016-10-28,1.0,0.000203520911774,1.0,20.3537857204,0.0,77.0,100008.326137,100161.045812,0.00152474121818,0.00182955711076
2016-10-31,1.0,-0.000305219249161,1.0,20.3537857204,0.0,78.0,100028.679923,100161.045812,0.00132153062313,0.00182955711076
2016-11-01,1.0,0.000305312436393,1.0,-30.5306785805,0.0,79.0,99998.1492441,100161.045812,0.00162634651571,0.00182955711076
2016-11-02,1.0,-0.000203479499441,1.0,30.5306785805,0.0,80.0,100028.679923,100161.045812,0.00132153062313,0.00182955711076
2016-11-03,1.0,0.0,1.0,-20.3537857204,0.0,81.0,100008.326137,100161.045812,0.00152474121818,0.00182955711076
2016-11-04,1.0,-0.000101760455887,1.0,0.0,0.0,82.0,100008.326137,100161.045812,0.00152474121818,0.00182955711076
2016-11-07,1.0,0.000101770812131,1.0,-10.1768928602,0.0,83.0,99998.1492441,100161.045812,0.00162634651571,0.00182955711076
2016-11-08,1.0,0.000508802279434,1.0,10.1768928602,0.0,84.0,100008.326137,100161.045812,0.00152474121818,0.00182955711076
2016-11-09,1.0,-0.000610252237591,1.0,50.8844643009,0.0,85.0,100059.210601,100161.045812,0.00101671473056,0.00182955711076
2016-11-10,1.0,-0.000101770812131,1.0,-61.0613571611,0.0,86.0,99998.1492441,100161.045812,0.00162634651571,0.00182955711076
2016-11-11,1.0,-0.00030534351145,1.0,-10.1768928602,0.0,87.0,99987.9723513,100161.045812,0.00172795181323,0.00182955711076
2016-11-14,1.0,-0.000101812258196,1.0,-30.5306785805,0.0,88.0,99957.4416727,100161.045812,0.00203276770581,0.00203276770581
2016-11-15,1.0,0.0,1.0,-10.1768928602,0.0,89.0,99947.2647798,100161.045812,0.00213437300334,0.00213437300334
