,AC,AD,AEX,BO,BP,C,CC,CD,CGB,CL,CT,CU,DX,EBL,EBM,EBS,ED,EMD,ES,FCH,FC,FDX,FEI,FFI,FLG,FSS,FV,GC,HCM,HG,HIC,HO,JY,KC,KW,LB,LCO,LC,LGO,LH,LRC,LSU,MEM,MFX,MP,MW,NE,NG,NIY,NQ,O,OJ,PA,PL,RB,RR,RS,S,SB,SF,SI,SIN,SJB,SM,SMI,SSG,STW,SXE,TF,TU,TY,US,VX,W,YA,YB,YM,YT2,YT3
AC,1.0,0.0667000520166,0.432048544337,0.346879670679,0.420258203587,0.812001341802,-0.121963793657,0.432602177813,-0.569862464022,0.526795375888,0.305823044667,0.070544392235,-0.166798043336,-0.168793813561,-0.0796116156623,0.152732886324,-0.594957298873,0.273015202659,0.338898234123,0.20361443413,-0.11838604153,0.230437822103,-0.0864644397411,0.391572774703,-0.0280882947357,-0.0352348614389,-0.628656846662,0.409253883653,0.0672561511628,0.356117535789,0.0711928021578,0.603437786329,0.00472812611399,0.336739109438,0.55315593794,0.15962531919,0.526629599466,-0.165060831792,0.516948504483,0.180308545162,0.307804280198,0.102117508279,0.484435591261,0.506652850447,0.37553538538,0.513521689906,0.00716196063601,-0.171122660272,0.277296596075,0.264306553095,0.581295654717,-0.10011614143,0.223811224481,0.402008018386,0.452462952662,0.432718818182,0.326019357018,0.567480031218,0.118349009856,-0.0082405242902,0.589817008084,0.0794461270025,0.357969455376,0.480596316658,0.242406057951,0.0379072777757,0.138071022235,0.291413217492,0.279679854942,-0.67457673438,-0.604435215106,-0.571160832248,-0.251740307193,0.575232768086,-0.0172548365228,-0.0530862369126,0.442713573188,0.167497846646,0.360230504309
AD,0.0667000520166,1.0,-0.0740694848163,0.178711276618,-0.167653410326,0.116525532345,0.188181543676,0.531663132048,0.192773245429,0.378157515518,0.00187375220651,0.55251891223,-0.635462485138,0.182966654949,0.295512067847,0.00763778874853,0.136198526229,-0.00225175233028,-0.0306166260581,-0.152510373354,0.0632374673286,-0.284945114332,-0.0546465737056,-0.0546311888307,0.277502989975,-0.00170231210294,0.261086819909,-0.00290665311387,0.704486563557,0.129952174512,0.591173647669,0.316724084741,0.230475398313,0.0433401895523,0.00980032376774,-0.0350370481678,0.362417124175,-0.0791684770864,0.150608546869,0.612046076733,0.175629715244,0.173448983532,0.435740097592,-0.284724570591,0.258880891615,0.0553623009587,0.73804655546,0.371985203418,-0.0192045876633,-0.127118497726,0.0260288178638,0.15672777279,0.34023686768,0.136757512173,0.219505007778,0.0382325400756,-0.147459292299,0.18642015129,0.146098578866,0.289427448398,0.11598107666,0.204045967127,0.0739403675922,0.12403801033,-0.0266038601178,0.155395201821,0.480003703019,-0.27592085693,-0.171327064621,0.200934632186,0.281228690523,0.314895047737,0.198000918041,0.0299166484257,0.349575275899,-0.683828374263,-0.0403510133972,-0.625178107524,-0.371238061921
AEX,0.432048544337,-0.0740694848163,1.0,0.135751061167,0.354748447942,0.340895626892,0.1336845286,0.26470524993,-0.239679247933,0.134373129244,0.457645648067,-0.203194611729,0.0820804317084,0.15289716158,0.111154275855,0.180904763293,0.128065394187,0.613335041823,0.627015552955,0.929167862032,0.125137126576,0.917585359078,0.580786342679,0.8584872807,-0.210237123073,-0.0618509849304,-0.0696563208082,-0.168801895792,0.135071985781,0.479112685958,0.316634825416,0.217049530441,-0.228469924234,0.27265579859,0.287273237003,0.46040329114,0.169550680449,-0.0105009373732,0.389271693384,-0.0452038118487,0.228502191917,0.0942103666706,0.511387366193,0.862843045117,0.255510033115,0.237673269542,-0.318432951876,-0.420439929762,0.408109980794,0.740520829678,0.388843387725,-0.436388250425,0.0433122798088,0.165974914943,0.056077808942,-0.238590068914,0.263174248008,0.29404207344,0.0875783297497,-0.195043946193,0.342714991503,0.278246190718,0.342995607965,0.361290190918,0.802527378565,0.0520073421728,0.055346916659,0.954383966638,0.678124272051,-0.0192283027155,-0.114220158221,-0.242142955528,-0.453377921067,0.300267583389,0.077638774148,0.0443975525714,0.615681369518,0.194036478558,0.336505634097
BO,0.346879670679,0.178711276618,0.135751061167,1.0,-0.110594322964,0.234685267062,0.0678876863028,0.155949403548,-0.101206262563,0.294422769009,-0.175662861346,0.26119456935,-0.212072736617,0.508254830484,0.511298121303,0.246783311131,-0.0593598329156,0.200632253918,0.24844636026,-0.110336077971,0.115269214856,0.0875863227578,-0.173050656373,0.105698582163,0.406350744939,0.519498721964,-0.0820776211575,0.448260579058,0.135727904109,0.350091623359,0.197334179364,0.313817645738,0.137524474081,0.444027536503,-0.00361457419327,0.165333111616,0.305814149866,0.24376054731,0.143761830865,0.213435172733,0.319755253158,0.0386302636846,0.340278811896,0.105214878216,0.201633155961,0.13895478628,0.124440997712,0.381570343366,0.094826609711,0.223527949308,0.202409147191,0.264970729483,0.342179287494,0.289327960263,0.162618630655,0.0668020058969,0.49622077686,0.594636210182,0.0449165997743,0.0498575351365,0.369980649169,0.190518326713,0.0219549793833,0.154629699734,-0.101558287218,-0.227750591341,0.186370155372,0.0150908369807,0.222612865951,-0.0907039605366,-0.10133335438,-0.0583330104511,-0.22211674938,0.0233248719187,0.023133036206,0.127502222025,0.288378309158,0.205612212682,0.277583266625
BP,0.420258203587,-0.167653410326,0.354748447942,-0.110594322964,1.0,0.11884901455,-0.102318315611,0.327105769023,-0.494291701858,0.360358996395,0.225874669007,-0.284057563876,0.0535810433383,-0.313396500812,-0.252575676488,-0.253320628023,-0.387164223018,0.097765012485,0.227223524144,0.334197201919,-0.0541313696327,0.271198043654,-0.0434106311026,0.173218380484,-0.360843700069,-0.513593753982,-0.453057147721,-0.308569729126,-0.0323977963189,0.311425613576,-0.0157249037368,0.299481711205,-0.230076362821,-0.244070468895,0.0931581786726,0.14831643436,0.277899863212,-0.278736411152,0.1393899883,-0.00949030915803,-0.320934945292,0.0885324492328,0.123060558759,0.500667583976,-0.0173622795089,-0.0671780003414,-0.183877551284,-0.39333811357,0.209521174788,0.151171329805,-0.112459941324,-0.294601435404,-0.397598109921,-0.256926574162,0.269045622088,0.00512582797949,-0.0578795724111,0.167610266646,0.104387371063,-0.114566555837,-0.0255538565285,0.169145056397,-0.341104497089,0.264984327283,0.304185058767,-0.02393970845,-0.135721425094,0.391057479295,0.0516455549767,-0.368014118778,-0.457550103173,-0.473857484925,-0.073869927435,0.174774887046,0.140276030113,-0.071877184987,0.288817493359,-0.140169519834,-0.256441828094
C,0.812001341802,0.116525532345,0.340895626892,0.234685267062,0.11884901455,1.0,-0.0441396024138,0.482146939566,-0.452789723337,0.340844563156,0.227190730798,0.128629879424,-0.172961566066,-0.128196297729,-0.0176578450614,0.321445239837,-0.326415236732,0.300476682859,0.336109764615,0.136349248648,-0.274196971004,0.100259022218,0.0188110370022,0.209635718682,0.0724909886852,0.0192188602298,-0.373921467044,0.334715301789,0.209313804225,0.260495700896,0.153662762043,0.374727364385,0.116020000794,0.256858333549,0.731886543427,0.123896322493,0.432187256395,-0.211646528798,0.299323603814,0.170643433496,0.284565102893,0.150857615738,0.464161342354,0.410289307656,0.474616345692,0.630931511912,0.0231539612425,-0.0126740522599,0.232873234109,0.210726206456,0.852608418906,-0.107569892461,0.204421121434,0.282119540292,0.2626388863,0.26551659618,0.238089744348,0.533191902057,0.168482339678,0.179410056591,0.467529326732,0.193716363196,0.53411293917,0.457150680031,0.212277940841,0.18167101828,0.283100154726,0.194124545943,0.231178314416,-0.426546895672,-0.355153397173,-0.374910133887,-0.310756718612,0.691380108021,0.0321698789161,0.00211949463774,0.430568853452,0.201878247857,0.407408758802
CC,-0.121963793657,0.188181543676,0.1336845286,0.0678876863028,-0.102318315611,-0.0441396024138,1.0,-0.101814686501,-0.219411079312,-0.328746952371,-0.0537161381257,-0.115464797701,0.213719771574,-0.144566584216,-0.224006752406,-0.24797409421,-0.0861533416037,0.214453834802,0.13676817544,0.0930048508548,-0.0157555438601,0.0459560169856,0.131026535727,0.0643491984706,-0.435953737257,-0.201958724888,-0.0748311025214,-0.255536228068,0.237070396997,-0.03170515807,0.315889664108,-0.19999572869,-0.141472715873,-0.186756469413,-0.254886704349,-0.162608456047,-0.291059852618,-0.0677259233741,-0.024367537332,-0.0764116924582,-0.263799588625,0.0146541870689,0.115888228178,0.0178989023528,-0.00644346056233,-0.322545591518,-0.073827713563,0.217029241824,0.125059135293,0.182721164547,-0.11439386296,-0.131996274292,-0.0107291557117,-0.2869434953,-0.0867929202429,-0.135816125271,-0.00908729202396,-0.00137401818363,0.0553292291613,0.0127868238217,-0.187258350765,0.127138710956,0.0316363947032,-0.133951996191,0.278141055467,0.28443097683,0.485290648302,0.0506759364551,0.271821644911,-0.0844593386602,-0.0941650855853,-0.123309112262,-0.0560179932409,-0.243958258393,-0.0939407910623,-0.403372233164,0.0859327513239,-0.303097688211,-0.0862393356161
CD,0.432602177813,0.531663132048,0.26470524993,0.155949403548,0.327105769023,0.482146939566,-0.101814686501,1.0,-0.193679253206,0.59705680118,0.137617859593,0.479956708963,-0.73944069081,-0.093122692452,0.233242214738,0.385728229313,0.0754090369999,0.14512958432,0.211184690704,0.117984676656,0.0484024167285,0.103096712358,0.224365262619,0.161559751664,0.172394296938,0.0303679651936,-0.0636666730822,0.0582090955087,0.511609465963,0.350947611528,0.367678353884,0.391025196541,0.193601822541,0.300589796977,0.352127722479,0.372640876105,0.561086076165,-0.0875399467645,0.221997981324,0.635955995036,0.167728753609,0.415431103052,0.509307879051,0.107801922062,0.389050629717,0.264806885756,0.482223026806,-0.0823159833675,0.0729304610047,0.0611694797418,0.300030857534,-0.164635964608,0.254220007079,0.182053323959,0.378423891585,0.0163802729815,-0.269927862208,0.245176194095,0.39842913396,0.455296459217,0.413565856601,0.546804155178,0.3397874244,0.224729212124,0.255681960366,0.264910545388,0.360080702506,0.126873997362,0.00415156967215,-0.0257909463893,-0.0547005257397,-0.123548389277,-0.0341971333384,0.405649406141,0.47855718668,-0.0989696328333,0.293602016419,-0.0635833119537,0.0289163179635
CGB,-0.569862464022,0.192773245429,-0.239679247933,-0.101206262563,-0.494291701858,-0.452789723337,-0.219411079312,-0.193679253206,1.0,-0.277718813565,-0.128967814162,0.152523469637,-0.205269788257,0.643462441297,0.567468023929,0.17361016106,0.755888111829,-0.328263899734,-0.381808047949,-0.114811849861,0.248517620992,-0.094967579737,0.233208536764,-0.119232087327,0.627136939514,0.47628963234,0.854723481346,-0.00981815678888,-0.107231463125,-0.317221280562,-0.147035695915,-0.27178321365,0.35320694531,0.0391389169433,0.0226493575319,0.0166969817068,-0.209783748901,0.358752260487,-0.193535329479,0.22719123274,0.0802393148338,-0.0935456772292,-0.191205629272,-0.42269214001,-0.392423819033,0.129111227477,0.0690034033565,0.141165355701,-0.410587419873,-0.305443812101,-0.23816562967,0.261664543392,0.20773068038,0.079362570074,-0.211108619812,-0.0954238947583,-0.0401580205733,-0.13340458082,-0.133368236367,-0.0138571855905,0.00891729300781,-0.102978915029,-0.0940305120791,-0.0885812752479,-0.161450019668,-0.220916280921,-0.246512058238,-0.199823745258,-0.352956902358,0.808428775976,0.858235753094,0.885027105864,0.26410656124,-0.0127390413766,-0.0568875097066,0.0302661738222,-0.421466616011,-0.0633540437518,-0.134811157515
CL,0.526795375888,0.378157515518,0.134373129244,0.294422769009,0.360358996395,0.340844563156,-0.328746952371,0.59705680118,-0.277718813565,1.0,0.114056540238,0.20322826897,-0.419653219149,-0.133354348681,-0.0343942385114,-0.129951055913,-0.227024941498,0.128451847689,0.215799357984,-0.0204146847018,-0.0928570923428,-0.0856206928008,-0.293358816619,0.224598306518,0.0578887766092,-0.112068782997,-0.234659224635,0.413791835603,0.186996916341,0.486206048747,0.103064530853,0.868405201697,0.0804346690625,0.325679146038,0.0508168416853,0.25791584254,0.954371791858,-0.133117731245,0.675275759672,0.601834966226,0.447882359602,0.276672217515,0.608772975843,0.194935275332,0.554594751055,0.0402477221871,0.459160580532,-0.0582768769145,0.185594473468,0.119487413162,0.154344831822,0.0918507244393,0.434818263085,0.551760662553,0.739701351113,0.399291328213,-0.213291706898,0.335065576094,0.273739533428,-0.02600729122,0.491579788482,-0.00174864051942,0.0661759048265,0.319578363211,-0.125680249563,-0.236508118736,-0.0884713399702,0.0151003147083,-0.00398038542139,-0.234013835395,-0.220811809272,-0.18624703185,-0.112615206773,0.167315619413,0.214500975486,-0.123872414693,0.290941298334,-0.0265242585513,0.1168129332
CT,0.305823044667,0.00187375220651,0.457645648067,-0.175662861346,0.225874669007,0.227190730798,-0.0537161381257,0.137617859593,-0.128967814162,0.114056540238,1.0,0.0786123514308,0.0120877837775,-0.0353666203564,0.137510596648,0.269647174894,-0.0230698401998,0.236554222053,0.229014785822,0.562252580492,0.0400473172074,0.42443511351,0.414600823324,0.508174058206,-0.229325939147,-0.189458543584,-0.11516694754,-0.0112296833798,0.148920406943,0.445079843002,0.150561014677,0.0913788688725,-0.118977179056,0.0830388581616,0.382829045417,0.22207015752,0.0406162554143,-0.0248106044296,0.363105856456,0.0696208605507,0.14424370486,0.148697114486,0.310049255549,0.396018148603,0.200961362264,0.424139748746,-0.168505658457,-0.37411388109,0.131991406663,0.312114547304,0.317661123236,-0.176966962708,0.110976823774,0.238891655667,0.00615550905893,0.0667402405712,-0.321586123735,-0.0451173537072,0.142385090738,0.147192626042,0.311879887757,0.240596026362,0.463399354,0.0990180901436,0.239057124433,0.242064700912,-0.069059448245,0.46008329857,0.183597850752,-0.104993246046,-0.140022829089,-0.208848321062,-0.206038605139,0.460680493875,0.169382387082,-0.0650334524696,0.191638462283,0.0311080159728,0.135686621507
CU,0.070544392235,0.55251891223,-0.203194611729,0.26119456935,-0.284057563876,0.128629879424,-0.115464797701,0.479956708963,0.152523469637,0.20322826897,0.0786123514308,1.0,-0.921121296787,0.218106496739,0.501304354014,0.498612522493,0.114011521133,-0.033780519824,-0.082383141494,-0.299090833784,-0.0898647465535,-0.182303679701,0.147531132771,-0.057036616001,0.328027183529,0.397529242436,0.14755157423,0.283511661751,0.433141099266,0.234120719344,0.262946038183,0.200871678464,0.453750058151,0.166586135775,0.145322396783,-0.0597647268804,0.27648846682,-0.144592152439,0.0308051042191,0.436716559591,0.0523210436352,0.541449594813,0.272037329277,-0.461196653016,0.355843781545,0.330740553466,0.625799693329,0.465340083756,-0.323711068565,-0.129917113702,0.0569181773084,0.396584879672,0.342364683637,0.234407151394,0.168523953018,0.0260883011122,-0.0651099045182,0.250719417323,0.546163720005,0.812207808881,0.261598962719,0.200724204656,0.334085094497,0.257517731962,-0.16775356647,0.115572174206,0.384079080834,-0.323205068632,-0.205981611122,0.110859038119,0.157663669503,0.145473805469,0.159956758022,0.164570128851,0.347390256048,-0.0118185226671,-0.0836707091353,-0.0274901970855,0.0343254294525
DX,-0.166798043336,-0.635462485138,0.0820804317084,-0.212072736617,0.0535810433383,-0.172961566066,0.213719771574,-0.73944069081,-0.205269788257,-0.419653219149,0.0120877837775,-0.921121296787,1.0,-0.138729960671,-0.456176740991,-0.492340768534,-0.169762275814,0.103077397072,0.132164304541,0.225760340202,0.0455793245736,0.174872463201,-0.13900447264,-0.00684472354234,-0.523423728334,-0.401782843718,-0.196261458979,-0.300862874122,-0.423796285293,-0.310116919082,-0.223792883534,-0.318335712334,-0.618505202858,-0.170382557315,-0.229420063198,0.0246224515361,-0.415839519986,0.194424806671,-0.126750011376,-0.620796053402,-0.149925171536,-0.430927421268,-0.312096223732,0.31100556381,-0.292562646928,-0.263963093568,-0.740094178539,-0.212707030895,0.408930591549,0.233533635274,-0.0381281093439,-0.142352412388,-0.376803321199,-0.342127299541,-0.356896862803,0.022787719543,0.196701046766,-0.188999747139,-0.445298151791,-0.808554697155,-0.444967826541,-0.207887103877,-0.279335105836,-0.196205092895,0.0845298604056,-0.0882727045707,-0.416777182681,0.224131765636,0.225864542012,-0.17402849702,-0.231566007493,-0.239454093792,-0.252444708692,-0.2385561545,-0.293939262761,0.0287628673413,0.0647383803499,0.0631828770739,-0.0163978540715
EBL,-0.168793813561,0.182966654949,0.15289716158,0.508254830484,-0.313396500812,-0.128196297729,-0.144566584216,-0.093122692452,0.643462441297,-0.133354348681,-0.0353666203564,0.218106496739,-0.138729960671,1.0,0.849520498468,0.310652815604,0.585401557303,0.0418394258497,0.00465481690959,0.166186270099,0.225017092388,0.246916155136,0.0904162332764,0.172038462496,0.724029838259,0.505503550825,0.636438673084,0.0527978098761,0.235165020909,0.0863682410994,0.270768214854,-0.0887681094147,0.169037361378,0.259724845876,0.150039731633,0.144365692156,-0.0528174992347,0.345222625606,-0.130635322858,0.155995586611,0.286223768741,0.0984639035672,0.117786436728,0.0915796805234,-0.138215390655,0.231667069386,0.0684181864576,0.423817025851,-0.129773267594,0.0391488732653,0.0779571533253,0.430573109717,0.068575828479,0.0816072248649,-0.215306509447,-0.122464783625,0.396239842771,0.464596298817,0.0290182747714,0.104824294808,0.161417239006,0.200876656858,-0.0773059722741,0.28137974717,-0.0132213236215,-0.0676551575173,-0.043743862759,0.160666809102,0.0177107081481,0.59893742264,0.622335735501,0.638402941509,-0.0626057204525,0.109512014145,0.08679236419,0.0401109780595,-0.0361467461257,0.00273356998578,-0.0915405908642
EBM,-0.0796116156623,0.295512067847,0.111154275855,0.511298121303,-0.252575676488,-0.0176578450614,-0.224006752406,0.233242214738,0.567468023929,-0.0343942385114,0.137510596648,0.501304354014,-0.456176740991,0.849520498468,1.0,0.65851101057,0.561641632477,-0.00684279287416,-0.0180122212676,0.111161012477,0.279251560735,0.199637437351,0.3073138071,0.0940647401602,0.799303952848,0.569047228669,0.517595903653,0.1338256941,0.325297446276,0.170585012249,0.242293739758,-0.106997147381,0.273899532822,0.277044226342,0.246130671247,0.170985697534,-0.0155516666478,0.343454921539,-0.185279242742,0.291382832439,0.310865119001,0.101169475459,0.148503661542,-0.0402102299748,0.0100685801988,0.364681124982,0.219910374009,0.364230980864,-0.172416037759,-0.0189809229562,0.0742258534869,0.366733140753,0.25453927986,0.193674663182,-0.198464603454,-0.228973796134,0.155829073108,0.319424760408,0.0444923681796,0.430808954485,0.272512419895,0.398593716326,0.165029272618,0.131191502325,-0.0827599404608,0.0107944957074,0.0884114449909,0.0994059212235,-0.063855040987,0.530712831821,0.495557077996,0.492042544489,-0.0209783669933,0.212556206031,0.234866109828,0.138589673314,-0.0252239711143,0.071629175343,-0.0383448391364
EBS,0.152732886324,0.00763778874853,0.180904763293,0.246783311131,-0.253320628023,0.321445239837,-0.24797409421,0.385728229313,0.17361016106,-0.129951055913,0.269647174894,0.498612522493,-0.492340768534,0.310652815604,0.65851101057,1.0,0.311684249128,0.0977529257831,0.056893536582,0.121813898469,0.251076788853,0.248441914036,0.551626710669,0.127670404223,0.572623502527,0.606006989504,0.160565666781,0.244733477638,0.155761740302,0.143404071092,0.0580259722171,-0.236963124933,0.335937832271,0.360827126315,0.515280222939,0.202748415196,-0.136617654961,0.26028777106,-0.190086919818,0.153019619194,0.303792834896,0.0842643329432,0.0701661000279,-0.0227704809983,0.179014319361,0.568482118595,0.0800501627999,-0.020016182813,-0.204821421732,0.0332016164017,0.380832815876,-0.0313034996046,0.27832879367,0.283574342007,-0.201398804085,-0.275464622272,-0.00200911846188,0.0689711902468,0.0555964691059,0.575577550313,0.431447560365,0.433473592429,0.682554226016,-0.0455520363216,0.0849359777745,0.24527803424,0.177846369118,0.147662740485,0.115530909323,0.191654874789,0.153405851375,0.0886363961143,-0.123823423854,0.468617296599,0.157222212386,0.480787471319,0.0889609638339,0.47608523432,0.410675587398
ED,-0.594957298873,0.136198526229,0.128065394187,-0.0593598329156,-0.387164223018,-0.326415236732,-0.0861533416037,0.0754090369999,0.755888111829,-0.227024941498,-0.0230698401998,0.114011521133,-0.169762275814,0.585401557303,0.561641632477,0.311684249128,1.0,0.0500322367528,0.0287129039982,0.244056634911,0.301332198439,0.277042110139,0.487660900991,0.10242070976,0.421003827895,0.42747101615,0.901809554781,-0.247456928341,0.171500622685,-0.0783237600706,0.211586940569,-0.379819632701,0.0996344861522,0.198911330719,0.0102006809593,0.401422678446,-0.181368262309,0.36287368503,-0.251384973017,0.19185129383,0.0989995263416,0.112856748616,0.0748944962043,-0.0807104551176,-0.183825502463,0.0473753088992,-0.0477488019706,-0.0104887434891,-0.0962508127928,0.0775389747132,-0.0203488109057,-0.00944402941371,0.0636296710705,-0.0629917180702,-0.367973576033,-0.383446033749,-0.131877443213,-0.124299754603,0.0562648776025,0.0740767925854,-0.0329009369031,0.360715947985,0.059544482877,-0.0792538642389,0.196598855527,0.038670065247,-0.0194405687602,0.184933263743,-0.00552177446044,0.949192865281,0.852720318041,0.727703549205,-0.0917061434026,-0.0149130352973,0.265914982437,0.218745885693,-0.0173576702741,0.116146591098,0.0122563284898
EMD,0.273015202659,-0.00225175233028,0.613335041823,0.200632253918,0.097765012485,0.300476682859,0.214453834802,0.14512958432,-0.328263899734,0.128451847689,0.236554222053,-0.033780519824,0.103077397072,0.0418394258497,-0.00684279287416,0.0977529257831,0.0500322367528,1.0,0.96775496393,0.554838536402,-0.00594256566671,0.543154823898,0.266683816837,0.40883513917,-0.188878545234,0.0351211850044,-0.0884794200616,-0.272765226906,0.272888693492,0.196842784564,0.436094956305,0.0159097615163,-0.293956854542,0.281975190361,0.093198796818,0.347405651031,0.0991932273033,-0.128205484068,0.0533200424398,0.0791494835443,0.176327596803,0.106172872076,0.739838672775,0.5253628768,0.516209876837,0.140355472058,-0.138046645501,0.050801245976,0.553107451107,0.924197214124,0.311029342179,-0.131091751735,-0.0857079779518,-0.0220439381301,-0.173530670347,0.0138176808399,0.197196204927,0.36817312604,0.0886052759654,-0.0483716701989,-0.045788779036,0.263480968545,0.290227866147,0.304955470994,0.47518703798,-0.0786160428603,-0.0238596548334,0.551860631138,0.940336020308,-0.00332295831214,-0.163988294611,-0.263018795862,-0.888733317467,0.101539487239,-0.143088277375,0.165291106816,0.920450870154,0.378808992736,0.436134674428
ES,0.338898234123,-0.0306166260581,0.627015552955,0.24844636026,0.227223524144,0.336109764615,0.13676817544,0.211184690704,-0.381808047949,0.215799357984,0.229014785822,-0.082383141494,0.132164304541,0.00465481690959,-0.0180122212676,0.056893536582,0.0287129039982,0.96775496393,1.0,0.558121749751,0.0425095765348,0.580337188484,0.246225685405,0.378309927853,-0.215726648648,-0.000390245125229,-0.152963252007,-0.284209027515,0.228863259438,0.202182144604,0.403570323564,0.0623177506958,-0.397028522645,0.313031969144,0.0846261619103,0.467286954285,0.168161817497,-0.0691468489287,0.0475932367524,0.062427828977,0.162787897235,0.0807891763916,0.741608374215,0.571943853228,0.482109780672,0.155977357829,-0.222418597518,-0.0235356971851,0.672163037452,0.940363775769,0.315605634222,-0.166334228198,-0.0968581352272,-0.0514639642268,-0.168411838983,0.0198639872375,0.238599710787,0.392022545407,0.0641265649611,-0.106293823939,-0.0622432949413,0.340106451529,0.202559561329,0.311903244903,0.502633754641,-0.12727590872,-0.0558438138663,0.578813127684,0.893432275101,-0.0422385361005,-0.240997534968,-0.351884525386,-0.915283594195,0.106453669195,-0.04306071826,0.191347463028,0.976210854693,0.383094403963,0.407542016767
FCH,0.20361443413,-0.152510373354,0.929167862032,-0.110336077971,0.334197201919,0.136349248648,0.0930048508548,0.117984676656,-0.114811849861,-0.0204146847018,0.562252580492,-0.299090833784,0.225760340202,0.166186270099,0.111161012477,0.121813898469,0.244056634911,0.554838536402,0.558121749751,1.0,0.18541388265,0.931016069646,0.635639849647,0.800276419974,-0.299429288844,-0.224119684305,0.0278487927965,-0.356468453878,0.137970349377,0.335946267557,0.301162155365,0.0299648006618,-0.391028441807,0.153294565619,0.197290219079,0.444840512027,-0.00421794758715,0.0505795944919,0.257724583165,-0.138122602848,0.158465147234,0.0856430134545,0.382386547473,0.825198768156,0.167687203544,0.144963394702,-0.38126513128,-0.426562200322,0.446782355734,0.699030872211,0.225899942639,-0.355520029232,-0.0741881324715,0.039539924694,-0.128395407363,-0.283410975874,0.105232338751,0.0982849995986,0.0572520392587,-0.214600673603,0.140066819136,0.295396990096,0.271138235704,0.283120382871,0.747705718683,0.120433187497,-0.101663011381,0.967605038426,0.60460781054,0.104526985373,-0.030719437186,-0.173184090688,-0.427748503751,0.201396659864,0.120994714617,0.0127339210744,0.506264482982,0.115608552977,0.157707456559
FC,-0.11838604153,0.0632374673286,0.125137126576,0.115269214856,-0.0541313696327,-0.274196971004,-0.0157555438601,0.0484024167285,0.248517620992,-0.0928570923428,0.0400473172074,-0.0898647465535,0.0455793245736,0.225017092388,0.279251560735,0.251076788853,0.301332198439,-0.00594256566671,0.0425095765348,0.18541388265,1.0,0.271505230916,0.295504060979,0.054720893045,0.122066682375,0.228418001142,0.181093029085,-0.133539132912,0.115829827319,-0.19800904235,0.293783323682,-0.246342016332,-0.431455488697,0.422470909893,-0.0896559870207,0.602760284906,-0.253561473016,0.883905440828,-0.171930058585,0.128815724684,0.183817485466,0.0261255150131,0.0197769490309,-0.0269159149311,-0.201628676203,-0.00656686692785,-0.202782375605,-0.212577721387,0.30457232586,0.0563329770022,-0.180629169939,0.00904506647724,0.141802040312,-0.016848606632,-0.340567871151,-0.142883619427,0.0273403890763,-0.0575689658061,-0.0572852310322,-0.309519233486,0.0753658078535,0.606367551278,0.123019701638,-0.154987614803,0.233911218426,0.342715749408,-0.171729758135,0.14977269383,0.099065552135,0.269145775247,0.128124388781,0.0559294204111,-0.130406638591,-0.0267899430279,0.487473845298,0.0752330926879,0.0186898056165,0.0824269351991,-0.0577611434831
FDX,0.230437822103,-0.284945114332,0.917585359078,0.0875863227578,0.271198043654,0.100259022218,0.0459560169856,0.103096712358,-0.094967579737,-0.0856206928008,0.42443511351,-0.182303679701,0.174872463201,0.246916155136,0.199637437351,0.248441914036,0.277042110139,0.543154823898,0.580337188484,0.931016069646,0.271505230916,1.0,0.68743547228,0.807897671291,-0.20679368661,0.0604501118321,0.00708187634551,-0.224007578579,0.000829006620708,0.329366589943,0.2218804642,-0.0202049310425,-0.33279179698,0.356448502627,0.185615775028,0.571938830286,-0.0656027376551,0.191433806018,0.221478724487,-0.170886566675,0.12145512215,0.108025853983,0.341923532134,0.775661653677,0.0454395031009,0.205075175603,-0.479144397027,-0.458083534736,0.389003364139,0.744052323276,0.227864932241,-0.358361589752,-0.03258671203,0.0683310615095,-0.172445437104,-0.279392555033,0.274185247225,0.144559533047,0.0887259559695,-0.119933219398,0.241272472091,0.350368747221,0.273608931848,0.233615013811,0.75287864488,0.0681692225248,-0.0772996956195,0.965001506518,0.661943643053,0.0954429086667,-0.061178227552,-0.219215569708,-0.445330951984,0.186821223864,0.100328328306,0.242549398804,0.555401212408,0.345723890985,0.357555371185
FEI,-0.0864644397411,-0.0546465737056,0.580786342679,-0.173050656373,-0.0434106311026,0.0188110370022,0.131026535727,0.224365262619,0.233208536764,-0.293358816619,0.414600823324,0.147531132771,-0.13900447264,0.0904162332764,0.3073138071,0.551626710669,0.487660900991,0.266683816837,0.246225685405,0.635639849647,0.295504060979,0.68743547228,1.0,0.462427422986,-0.0224837148425,0.180610233812,0.27835818638,-0.251530403937,-0.040531250633,0.037179456781,0.00906443708991,-0.269229436351,-0.0702507082867,0.13487828852,0.199635843285,0.386741074854,-0.241552638304,0.171648060542,-0.0369712668859,-0.0762439228909,0.0586030481872,0.041537587703,0.101493358429,0.224752167621,0.104305090552,0.28024323958,-0.312539633389,-0.316029111056,0.101453429967,0.382650595253,0.084368676293,-0.355759419467,0.20703122921,0.0666095905462,-0.226757151666,-0.518590352336,-0.0568890410574,-0.176705719594,0.0355337133622,0.236547159626,0.14073382743,0.321423232833,0.555018485788,-0.0442967943897,0.675370037438,0.10371630429,0.0544955842854,0.58981674885,0.313765839337,0.350865888783,0.227251635341,0.0732805066104,-0.204754251596,0.210076387367,0.18161598227,0.253724341303,0.199137944397,0.260200716709,0.290317549922
FFI,0.391572774703,-0.0546311888307,0.8584872807,0.105698582163,0.173218380484,0.209635718682,0.0643491984706,0.161559751664,-0.119232087327,0.224598306518,0.508174058206,-0.057036616001,-0.00684472354234,0.172038462496,0.0940647401602,0.127670404223,0.10242070976,0.40883513917,0.378309927853,0.800276419974,0.054720893045,0.807897671291,0.462427422986,1.0,-0.174817260179,0.0254421407203,-0.0266027234347,0.143486061621,0.0730521066102,0.491581337993,0.210956872592,0.360870217203,-0.112257724338,0.407795475342,0.159342881714,0.372815954203,0.261952030784,-0.0177954579729,0.650906500051,-0.0184779196234,0.431802044684,0.161373527642,0.476883638964,0.740054461486,0.240299186465,0.12281543005,-0.172382679209,-0.409422211589,0.231404450094,0.547603640239,0.297041669109,-0.271305841352,0.234275155018,0.478787533162,0.271831534661,-0.0268633058412,0.150733890653,0.186777882344,0.148003660421,-0.129884420422,0.577185160202,0.0716891141738,0.425067610418,0.314649419802,0.628107089715,0.0947471045723,0.0768447559038,0.825365234982,0.506735232798,-0.0467141446502,-0.0432827377308,-0.138735855171,-0.264188597713,0.188695054482,0.0942483813882,0.0496629765385,0.379031871046,0.207328223716,0.408361245879
FLG,-0.0280882947357,0.277502989975,-0.210237123073,0.406350744939,-0.360843700069,0.0724909886852,-0.435953737257,0.172394296938,0.627136939514,0.0578887766092,-0.229325939147,0.328027183529,-0.523423728334,0.724029838259,0.799303952848,0.572623502527,0.421003827895,-0.188878545234,-0.215726648648,-0.299429288844,0.122066682375,-0.20679368661,-0.0224837148425,-0.174817260179,1.0,0.698779614462,0.537955706252,0.318687390577,0.101137805773,-0.103799623537,-0.0253083346523,-0.0258636000957,0.534677544844,0.27622453393,0.330965934923,0.0117126304672,0.0963685024603,0.215322510334,-0.198000128884,0.364620691924,0.361566276968,-0.122469885575,0.0165588144286,-0.300882338256,-0.0932047098818,0.358143376719,0.315692635809,0.288538381378,-0.381237150573,-0.312504371424,0.153922842512,0.283801025332,0.239838760934,0.26840105985,-0.0113617551502,0.00799061775984,0.208075456524,0.2897819771,-0.174673572113,0.117491408733,0.318386367662,0.0594776437015,0.111575826534,0.0708511894241,-0.280034007588,-0.167584184522,0.0213212079706,-0.277904925847,-0.246087280883,0.469077700322,0.573775245572,0.652402231146,0.102766121572,0.274531596967,-0.0219415975289,0.202894060508,-0.170587424281,0.142611186328,0.070059907059
FSS,-0.0352348614389,-0.00170231210294,-0.0618509849304,0.519498721964,-0.513593753982,0.0192188602298,-0.201958724888,0.0303679651936,0.47628963234,-0.112068782997,-0.189458543584,0.397529242436,-0.401782843718,0.505503550825,0.569047228669,0.606006989504,0.42747101615,0.0351211850044,-0.000390245125229,-0.224119684305,0.228418001142,0.0604501118321,0.180610233812,0.0254421407203,0.698779614462,1.0,0.414055803815,0.451445367899,-0.124819321388,0.000509637603348,-0.0759465055959,-0.148878421601,0.479495557779,0.501074945684,0.211153249006,0.187069437324,-0.0807456272061,0.333355398187,-0.115998551027,0.185375856195,0.255237971021,-0.000487771429359,0.0880490159292,-0.251416608381,-0.104319455721,0.375482578488,0.0099726924437,0.110467596196,-0.327802799958,0.00698315442016,0.193838518124,0.120872734225,0.32809368631,0.323398972038,-0.127788099881,-0.0202713566671,0.341465192573,0.226085013884,-0.0143091703621,0.13035564628,0.423462061012,0.103978342131,0.283402033953,-0.010859390983,-0.0708767078969,-0.161473603913,0.139673656585,-0.124700785982,0.0974969635626,0.389378615159,0.404416756823,0.394563011123,-0.120578527546,0.172438321569,-0.101138334069,0.556609965499,0.0471015003752,0.576705199946,0.562218945307
FV,-0.628656846662,0.261086819909,-0.0696563208082,-0.0820776211575,-0.453057147721,-0.373921467044,-0.0748311025214,-0.0636666730822,0.854723481346,-0.234659224635,-0.11516694754,0.14755157423,-0.196261458979,0.636438673084,0.517595903653,0.160565666781,0.901809554781,-0.0884794200616,-0.152963252007,0.0278487927965,0.181093029085,0.00708187634551,0.27835818638,-0.0266027234347,0.537955706252,0.414055803815,1.0,-0.206351241261,0.134925346677,-0.147372157759,0.147236702475,-0.301607369734,0.270864999974,0.033790839786,-0.00136816452903,0.171646090893,-0.14911167124,0.214095332869,-0.241538913232,0.203923805227,0.0783242697346,0.0685129531424,-0.0130690956118,-0.258301733608,-0.213598337402,0.0144160317699,0.0672686724644,0.150119363431,-0.292972610433,-0.139597024359,-0.0742920647469,0.102662227647,0.0179527912322,-0.0727353512806,-0.235871418239,-0.312707356087,-0.0780822383004,-0.033173070698,0.0122118600733,0.0474521786901,-0.0685074726041,0.100939452879,-0.054926660935,-0.00454882385205,0.0791718968834,-0.0403363972143,-0.0275697226258,-0.0565525522679,-0.188708451233,0.966523422897,0.989140541261,0.932521133247,0.0588622094006,-0.0107558976611,0.171958835532,0.0530295644488,-0.21189760146,-0.0793357859948,-0.1341088281
GC,0.409253883653,-0.00290665311387,-0.168801895792,0.448260579058,-0.308569729126,0.334715301789,-0.255536228068,0.0582090955087,-0.00981815678888,0.413791835603,-0.0112296833798,0.283511661751,-0.300862874122,0.0527978098761,0.1338256941,0.244733477638,-0.247456928341,-0.272765226906,-0.284209027515,-0.356468453878,-0.133539132912,-0.224007578579,-0.251530403937,0.143486061621,0.318687390577,0.451445367899,-0.206351241261,1.0,-0.200973587695,0.298786271582,-0.297470988477,0.530561859857,0.433167977754,0.381611473668,0.182361900414,-0.140375330296,0.46949208387,0.0722615749232,0.560709480412,0.196633612718,0.519514582182,0.0644232713556,0.120141278473,-0.0864752172239,0.27953953482,0.236983062642,0.244411032834,0.0756509920645,-0.264633930076,-0.238423595368,0.259168928218,0.308558504211,0.699744673448,0.833607504122,0.524146630936,0.3867600851,0.0957649627495,0.209549823573,0.101123366064,0.0144800211565,0.757703088794,-0.299987681732,0.359618858003,0.119135352235,-0.444032086451,-0.162960105812,0.086820546596,-0.244964678007,-0.195881654822,-0.294339980261,-0.167439161442,-0.0817871098376,0.170017018127,0.169070635425,-0.121078523429,0.242235819015,-0.179340898355,0.348811397618,0.513863984318
HCM,0.0672561511628,0.704486563557,0.135071985781,0.135727904109,-0.0323977963189,0.209313804225,0.237070396997,0.511609465963,-0.107231463125,0.186996916341,0.148920406943,0.433141099266,-0.423796285293,0.235165020909,0.325297446276,0.155761740302,0.171500622685,0.272888693492,0.228863259438,0.137970349377,0.115829827319,0.000829006620708,-0.040531250633,0.0730521066102,0.101137805773,-0.124819321388,0.134925346677,-0.200973587695,1.0,0.286976225274,0.924679176535,0.0107643041306,-0.0280184101628,0.0382570689281,0.0892265355549,0.0343438242474,0.122385487393,-0.0537901128135,-0.0886508861646,0.359972538217,0.114154504889,0.368440059144,0.503474148815,0.112053028899,0.307233120078,-0.0261440164237,0.591839570467,0.359462071771,0.193364033501,0.0952510655847,0.168071486455,0.166096452467,-0.0550320346117,-0.0981602295546,-0.153235247364,-0.117298308253,-0.141773010871,0.228627562024,0.32204478456,0.451867992789,-0.00457290101964,0.594812816819,0.101321539154,0.232135620359,0.0377867700459,0.586441488012,0.568967861458,0.0487376717439,0.11252871124,0.167074994868,0.112096907394,0.0462465315508,-0.0907465819922,0.022622384624,0.491780829454,-0.469893864641,0.228651480105,-0.433474428809,-0.372101857596
HG,0.356117535789,0.129952174512,0.479112685958,0.350091623359,0.311425613576,0.260495700896,-0.03170515807,0.350947611528,-0.317221280562,0.486206048747,0.445079843002,0.234120719344,-0.310116919082,0.0863682410994,0.170585012249,0.143404071092,-0.0783237600706,0.196842784564,0.202182144604,0.335946267557,-0.19800904235,0.329366589943,0.037179456781,0.491581337993,-0.103799623537,0.000509637603348,-0.147372157759,0.298786271582,0.286976225274,1.0,0.311368451864,0.535195755733,0.3261181348,-0.0218637541253,0.207389457219,0.00219548085032,0.522507195452,-0.246686793196,0.571679115931,0.227360084712,0.0227915032712,0.335963263028,0.445415661583,0.493487833414,0.391034808885,0.148046763009,0.211902216847,-0.146257226078,-0.154336251456,0.26475113058,0.298409346625,-0.129778741809,0.189683301228,0.3365447191,0.393088298337,-0.174506263783,-0.11985570086,0.24182152781,0.384490282849,0.217708685635,0.497120619681,0.125532019464,0.125054154447,0.267147225343,0.0734282399945,-0.0190189028252,0.213090435643,0.391511648678,0.163233145558,-0.112989209614,-0.156860653852,-0.202745851489,-0.0191733741273,0.247133300275,0.141502176274,-0.00644054676394,0.233854379697,0.0200042768057,0.187940849792
HIC,0.0711928021578,0.591173647669,0.316634825416,0.197334179364,-0.0157249037368,0.153662762043,0.315889664108,0.367678353884,-0.147035695915,0.103064530853,0.150561014677,0.262946038183,-0.223792883534,0.270768214854,0.242293739758,0.0580259722171,0.211586940569,0.436094956305,0.403570323564,0.301162155365,0.293783323682,0.2218804642,0.00906443708991,0.210956872592,-0.0253083346523,-0.0759465055959,0.147236702475,-0.297470988477,0.924679176535,0.311368451864,1.0,-0.0376192564153,-0.188261750147,0.124215948267,0.042393899031,0.201935500999,0.0334048142491,0.0917629411149,-0.0741422323599,0.242733798586,0.070280588972,0.338291245414,0.551869376243,0.270482005068,0.222632357582,-0.029814951405,0.355026802535,0.227789093543,0.339442300409,0.315287020824,0.208329934196,0.0420059424533,-0.138817189277,-0.177899961931,-0.271686502758,-0.170710915928,0.0479720102144,0.284613646214,0.284823322766,0.197155359984,-0.0409821521352,0.631120787541,0.0471872907428,0.260395392462,0.248663995639,0.553796107371,0.512097806689,0.229914082933,0.326899243772,0.197936489523,0.100162764877,-0.00223156667372,-0.250774148309,-0.0111700080762,0.471297628495,-0.423080209837,0.382548008591,-0.347539050635,-0.270140917303
HO,0.603437786329,0.316724084741,0.217049530441,0.313817645738,0.299481711205,0.374727364385,-0.19999572869,0.391025196541,-0.27178321365,0.868405201697,0.0913788688725,0.200871678464,-0.318335712334,-0.0887681094147,-0.106997147381,-0.236963124933,-0.379819632701,0.0159097615163,0.0623177506958,0.0299648006618,-0.246342016332,-0.0202049310425,-0.269229436351,0.360870217203,-0.0258636000957,-0.148878421601,-0.301607369734,0.530561859857,0.0107643041306,0.535195755733,-0.0376192564153,1.0,0.188641478547,0.194601238515,0.102759262256,0.0371316498664,0.932123186363,-0.251447283488,0.846458624243,0.450092530403,0.367863753793,0.297683822664,0.475480950383,0.257228343179,0.521954273144,0.104847460759,0.382650864279,0.0162241609923,0.0330743205858,0.0667309679189,0.176667353217,0.14554410725,0.506230953578,0.617445510409,0.876561767643,0.394336974789,0.0104968463273,0.437858114016,0.328657558747,-0.0149082422425,0.577199623837,-0.287955422818,0.0687063527738,0.463614489722,-0.0316998889786,-0.326926051004,-0.0815143863667,0.0750376755995,-0.0431214243314,-0.370348943966,-0.261032973074,-0.185724574268,0.0732194390116,0.206410927134,0.0366483871348,-0.246480567119,0.115421236872,-0.115427304552,0.135055566948
