permid,account,clientid,commission,commission_currency,exchange,execid,expiry,level_0,orderid,price,qty,openqty,realized_PnL,side,symbol,symbol_currency,times,yield_redemption_date,PurePL,balance,margin_available,mark_to_mkt,openprice,pure_mark_to_mkt,purebalance,real_pnl
1,Paper,Paper,2.0,USD,IDEALPRO,1.0,,,1.0,81.525,20000.0,-20000.0,-2.0,SLD,AUD,JPY,20160410 17:16:30 EST,,0.0,99998.0,1985651.6,99715.104,81.525,99719.104,100000.0,-2.0
2,Paper,Paper,2.0,USD,IDEALPRO,2.0,,,1.0,152.573,20000.0,20000.0,-2.0,BOT,GBP,JPY,20160410 17:16:36 EST,,0.0,99996.0,1958798.752,100018.752,152.573,100026.752,100000.0,-2.0
3,Paper,Paper,2.0,USD,IDEALPRO,3.0,,,1.0,81.873,40000.0,20000.0,-63.248,BOT,AUD,JPY,20160410 19:45:37 EST,,-61.248,99932.752,1958798.752,100454.112,81.873,100464.112,99938.752,-63.248
4,Paper,Paper,2.0,USD,IDEALPRO,4.0,,,1.0,152.916,40000.0,-20000.0,58.368,SLD,GBP,JPY,20160410 19:45:38 EST,,60.368,99991.12,1958798.752,99954.56,152.916,99966.56,99999.12,58.368
5,Paper,Paper,2.0,USD,IDEALPRO,5.0,,,1.0,81.873,20000.0,40000.0,-2.0,BOT,AUD,JPY,20160410 21:03:15 EST,,0.0,99989.12,1944389.104,100170.272,81.873,100184.272,99999.12,-2.0
6,Paper,Paper,2.0,USD,IDEALPRO,6.0,,,1.0,152.916,20000.0,-40000.0,-2.0,SLD,GBP,JPY,20160410 21:03:15 EST,,0.0,99987.12,1917475.888,99918.0,152.916,99934.0,99999.12,-2.0
7,Paper,Paper,2.0,USD,IDEALPRO,7.0,,,1.0,81.859,20000.0,20000.0,-4.464,SLD,AUD,JPY,20160410 22:53:30 EST,,-2.464,99982.656,1931883.072,99695.824,81.873,99713.824,99996.656,-4.464
8,Paper,Paper,2.0,USD,IDEALPRO,8.0,,,1.0,152.931,20000.0,-20000.0,-4.64,BOT,GBP,JPY,20160410 22:53:31 EST,,-2.64,99978.016,1958798.928,99941.456,152.916,99961.456,99994.016,-4.64
9,Paper,Paper,2.0,USD,IDEALPRO,9.0,,,1.0,81.873,20000.0,40000.0,-2.0,BOT,AUD,JPY,20160411 02:46:10 EST,,0.0,99976.016,1944389.28,100157.168,81.873,100179.168,99994.016,-2.0
10,Paper,Paper,2.0,USD,IDEALPRO,10.0,,,1.0,152.916,20000.0,-40000.0,-2.0,SLD,GBP,JPY,20160411 02:46:10 EST,,0.0,99974.016,1917476.064,99904.896,152.916,99928.896,99994.016,-2.0
11,Paper,Paper,2.0,USD,IDEALPRO,11.0,,,1.0,81.859,20000.0,20000.0,-4.464,SLD,AUD,JPY,20160411 09:57:43 EST,,-2.464,99969.552,1931883.248,99682.72,81.873,99708.72,99991.552,-4.464
12,Paper,Paper,2.0,USD,IDEALPRO,12.0,,,1.0,152.931,20000.0,-20000.0,-4.64,BOT,GBP,JPY,20160411 09:57:46 EST,,-2.64,99964.912,1958799.104,99928.352,152.916,99956.352,99988.912,-4.64
13,Paper,Paper,2.0,USD,IDEALPRO,13.0,,,1.0,152.931,20000.0,0.0,-4.64,BOT,GBP,JPY,20160411 22:06:17 EST,,-2.64,99960.272,1985714.96,100175.984,152.916,100203.984,99986.272,-4.64
14,Paper,Paper,2.0,USD,IDEALPRO,14.0,,,1.0,81.859,20000.0,0.0,-4.464,SLD,AUD,JPY,20160411 22:06:48 EST,,-2.464,99955.808,2000122.144,99955.808,81.873,99983.808,99983.808,-4.464
15,Paper,Paper,2.0,USD,IDEALPRO,15.0,,,1.0,81.873,20000.0,20000.0,-2.0,BOT,AUD,JPY,20160412 06:16:31 EST,,0.0,99953.808,1985712.496,100169.52,81.873,100201.52,99983.808,-2.0
16,Paper,Paper,2.0,USD,IDEALPRO,16.0,,,1.0,152.916,20000.0,-20000.0,-2.0,SLD,GBP,JPY,20160412 06:17:02 EST,,0.0,99951.808,1958799.28,99915.248,152.916,99951.248,99983.808,-2.0
17,Paper,Paper,2.0,USD,IDEALPRO,17.0,,,1.0,81.859,20000.0,0.0,-4.464,SLD,AUD,JPY,20160412 08:54:58 EST,,-2.464,99947.344,1973206.464,99695.072,81.873,99731.072,99981.344,-4.464
18,Paper,Paper,2.0,USD,IDEALPRO,18.0,,,1.0,152.931,20000.0,0.0,-4.64,BOT,GBP,JPY,20160412 08:54:59 EST,,-2.64,99942.704,2000122.32,99942.704,152.916,99978.704,99978.704,-4.64
19,Paper,Paper,2.0,USD,IDEALPRO,19.0,,,1.0,83.697,40000.0,40000.0,-2.0,BOT,AUD,JPY,20160413 07:26:35 EST,,0.0,99940.704,1970660.976,99937.648,83.697,99977.648,99978.704,-2.0
20,Paper,Paper,2.0,USD,IDEALPRO,20.0,,,1.0,155.636,40000.0,-40000.0,-2.0,SLD,GBP,JPY,20160413 07:26:41 EST,,0.0,99938.704,1915877.104,99931.888,155.636,99975.888,99978.704,-2.0
21,Paper,Paper,2.0,USD,IDEALPRO,21.0,,,1.0,83.694,20000.0,20000.0,-2.528,SLD,AUD,JPY,20160413 09:20:28 EST,,-0.528,99936.176,1930607.248,100035.488,83.697,100081.488,99978.176,-2.528
22,Paper,Paper,2.0,USD,IDEALPRO,22.0,,,1.0,155.346,20000.0,-20000.0,49.04,BOT,GBP,JPY,20160413 09:20:58 EST,,51.04,99985.216,1957948.144,100027.152,155.636,100075.152,100029.216,49.04
23,Paper,Paper,2.0,USD,IDEALPRO,23.0,,,1.0,83.698,20000.0,0.0,-1.824,SLD,AUD,JPY,20160413 18:28:13 EST,,0.175999999998,99983.392,1972678.992,100036.832,83.697,100084.832,100029.392,-1.824
24,Paper,Paper,2.0,USD,IDEALPRO,24.0,,,1.0,155.321,20000.0,0.0,53.44,BOT,GBP,JPY,20160413 18:28:15 EST,,55.44,100036.832,2000015.488,100036.832,155.636,100084.832,100084.832,53.44
25,Paper,Paper,2.0,USD,IDEALPRO,25.0,,,1.0,83.603,20000.0,20000.0,-2.0,BOT,AUD,JPY,20160413 20:32:20 EST,,0.0,100034.832,1985301.36,100032.656,83.603,100084.656,100084.832,-2.0
26,Paper,Paper,2.0,USD,IDEALPRO,26.0,,,1.0,155.199,20000.0,-20000.0,-2.0,SLD,GBP,JPY,20160413 20:32:21 EST,,0.0,100032.832,1957986.336,100026.896,155.199,100082.896,100084.832,-2.0
27,Paper,Paper,2.0,USD,IDEALPRO,27.0,,,1.0,155.03,20000.0,0.0,27.744,BOT,GBP,JPY,20160413 21:45:53 EST,,29.744,100060.576,1985271.616,100053.12,155.199,100109.12,100114.576,27.744
28,Paper,Paper,2.0,USD,IDEALPRO,28.0,,,1.0,83.543,20000.0,0.0,-12.56,SLD,AUD,JPY,20160413 21:46:24 EST,,-10.56,100048.016,1999975.184,100048.016,83.603,100104.016,100104.016,-12.56
29,Paper,Paper,2.0,USD,IDEALPRO,29.0,,,1.0,84.163,20000.0,20000.0,-2.0,BOT,AUD,JPY,20160414 15:51:00 EST,,0.0,100046.016,1985162.496,100042.432,84.163,100102.432,100104.016,-2.0
30,Paper,Paper,2.0,USD,IDEALPRO,30.0,,,1.0,154.82,20000.0,-20000.0,-2.0,SLD,GBP,JPY,20160414 15:51:02 EST,,0.0,100044.016,1957914.176,100036.848,154.82,100100.848,100104.016,-2.0
31,Paper,Paper,2.0,USD,IDEALPRO,31.0,,,1.0,84.491,20000.0,0.0,55.728,SLD,AUD,JPY,20160414 22:14:05 EST,,57.728,100099.744,1972784.592,100042.656,84.163,100106.656,100161.744,55.728
32,Paper,Paper,2.0,USD,IDEALPRO,32.0,,,1.0,155.133,20000.0,0.0,-57.088,BOT,GBP,JPY,20160414 22:14:06 EST,,-55.088,100042.656,2000088.0,100042.656,154.82,100106.656,100106.656,-57.088
33,Paper,Paper,2.0,USD,IDEALPRO,33.0,,,1.0,84.539,20000.0,20000.0,-2.0,BOT,AUD,JPY,20160414 23:20:34 EST,,0.0,100040.656,1985209.136,100038.128,84.539,100106.128,100106.656,-2.0
34,Paper,Paper,2.0,USD,IDEALPRO,34.0,,,1.0,155.248,20000.0,-20000.0,-2.0,SLD,GBP,JPY,20160414 23:20:35 EST,,0.0,100038.656,1957885.488,100031.136,155.248,100103.136,100106.656,-2.0
35,Paper,Paper,2.0,USD,IDEALPRO,35.0,,,1.0,84.401,20000.0,40000.0,-2.0,BOT,AUD,JPY,20160414 23:51:39 EST,,0.0,100036.656,1943030.912,100008.896,84.47,100082.896,100106.656,-2.0
36,Paper,Paper,2.0,USD,IDEALPRO,36.0,,,1.0,155.216,20000.0,-40000.0,-2.0,SLD,GBP,JPY,20160414 23:51:45 EST,,0.0,100034.656,1915712.896,100004.608,155.232,100080.608,100106.656,-2.0
37,Paper,Paper,2.0,USD,IDEALPRO,37.0,,,1.0,84.455,20000.0,20000.0,-4.64,SLD,AUD,JPY,20160415 00:46:13 EST,,-2.64,100030.016,1930576.976,100040.624,84.47,100118.624,100104.016,-4.64
38,Paper,Paper,2.0,USD,IDEALPRO,38.0,,,1.0,155.183,20000.0,-20000.0,6.624,BOT,GBP,JPY,20160415 00:46:18 EST,,8.624,100036.64,1957889.184,100038.624,155.232,100118.624,100112.64,6.624
39,Paper,Paper,2.0,USD,IDEALPRO,39.0,,,1.0,84.525,20000.0,0.0,7.68,SLD,AUD,JPY,20160415 01:24:56 EST,,9.68,100044.32,1972765.584,100059.216,84.47,100139.216,100122.32,7.68
40,Paper,Paper,2.0,USD,IDEALPRO,40.0,,,1.0,155.136,20000.0,0.0,14.896,BOT,GBP,JPY,20160415 01:25:00 EST,,16.896,100059.216,2000069.52,100059.216,155.232,100139.216,100139.216,14.896
41,Paper,Paper,2.0,USD,IDEALPRO,41.0,,,1.0,84.421,20000.0,20000.0,-2.0,BOT,AUD,JPY,20160415 05:02:42 EST,,0.0,100057.216,1985211.424,100054.688,84.421,100138.688,100139.216,-2.0
42,Paper,Paper,2.0,USD,IDEALPRO,42.0,,,1.0,155.092,20000.0,-20000.0,-2.0,SLD,GBP,JPY,20160415 05:02:42 EST,,0.0,100055.216,1957915.232,100049.456,155.092,100137.456,100139.216,-2.0
43,Paper,Paper,2.0,USD,IDEALPRO,43.0,,,1.0,83.856,20000.0,40000.0,-2.0,BOT,AUD,JPY,20160415 08:26:42 EST,,0.0,100053.216,1943156.576,100066.64,84.1385,100156.64,100139.216,-2.0
44,Paper,Paper,2.0,USD,IDEALPRO,44.0,,,1.0,154.412,20000.0,-40000.0,-2.0,SLD,GBP,JPY,20160415 08:27:13 EST,,0.0,100051.216,1915980.064,100062.528,154.752,100154.528,100139.216,-2.0
45,Paper,Paper,2.0,USD,IDEALPRO,45.0,,,1.0,154.561,20000.0,-20000.0,31.616,BOT,GBP,JPY,20160415 16:54:20 EST,,33.616,100082.832,1943182.8,100080.24,154.752,100174.24,100172.832,31.616
46,Paper,Paper,2.0,USD,IDEALPRO,46.0,,,1.0,84.045,20000.0,20000.0,-18.456,SLD,AUD,JPY,20160415 16:54:52 EST,,-16.456,100064.376,1957974.72,100077.712,84.1385,100173.712,100156.376,-18.456
