permid,account,clientid,commission,commission_currency,exchange,execid,expiry,level_0,orderid,price,qty,openqty,realized_PnL,side,symbol,symbol_currency,times,yield_redemption_date,PurePL,balance,margin_available,mark_to_mkt,openprice,pure_mark_to_mkt,purebalance,real_pnl
1,Paper,Paper,83.463,USD,BITCOIN,1.0,,,1.0,1669.26,20.0,20.0,-83.463,BOT,BTCUSD_bitmarketplPLN,USD,20160421 06:47:07 EST,,0.0,99916.537,1966614.8,99833.074,1669.26,100000.0,100000.0,-83.463
2,Paper,Paper,83.305,USD,BITCOIN,2.0,,,1.0,1666.1,40.0,-20.0,-146.505,SLD,BTCUSD_bitmarketplPLN,USD,20160421 07:12:04 EST,,-63.2,99770.032,1966614.8,99686.727,1666.1,99936.8,99936.8,-146.505
3,Paper,Paper,83.69649,USD,BITCOIN,3.0,,,1.0,1673.9298,40.0,20.0,-240.29249,BOT,BTCUSD_bitmarketplPLN,USD,20160421 08:38:55 EST,,-156.596,99529.73951,1966614.8,99446.04302,1673.9298,99780.204,99780.204,-240.29249
4,Paper,Paper,83.9145,USD,BITCOIN,4.0,,,1.0,1678.29,40.0,-20.0,3.2895,SLD,BTCUSD_bitmarketplPLN,USD,20160421 12:55:34 EST,,87.204,99533.02901,1966614.8,99449.11451,1678.29,99867.408,99867.408,3.2895
5,Paper,Paper,84.0485,USD,BITCOIN,5.0,,,1.0,1680.97,40.0,20.0,-137.6485,BOT,BTCUSD_bitmarketplPLN,USD,20160421 13:22:52 EST,,-53.6,99395.38051,1966614.8,99311.33201,1680.97,99813.808,99813.808,-137.6485
6,Paper,Paper,85.449995,USD,BITCOIN,6.0,,,1.0,1708.9999,40.0,-20.0,475.148005,SLD,BTCUSD_bitmarketplPLN,USD,20160421 15:18:37 EST,,560.598,99870.528515,1966614.8,99785.07852,1708.9999,100374.406,100374.406,475.148005
7,Paper,Paper,85.632,USD,BITCOIN,7.0,,,1.0,1712.64,40.0,20.0,-158.434,BOT,BTCUSD_bitmarketplPLN,USD,20160421 15:42:42 EST,,-72.802,99712.094515,1966614.8,99626.462515,1712.64,100301.604,100301.604,-158.434
8,Paper,Paper,85.64051,USD,BITCOIN,8.0,,,1.0,1712.8102,40.0,-20.0,-82.23651,SLD,BTCUSD_bitmarketplPLN,USD,20160421 17:09:36 EST,,3.404,99629.858005,1966614.8,99544.217495,1712.8102,100305.008,100305.008,-82.23651
9,Paper,Paper,85.1,USD,BITCOIN,9.0,,,1.0,1702.0,40.0,20.0,131.104,BOT,BTCUSD_bitmarketplPLN,USD,20160421 17:47:19 EST,,216.204,99760.962005,1966614.8,99675.862005,1702.0,100521.212,100521.212,131.104
10,Paper,Paper,85.6345,USD,BITCOIN,10.0,,,1.0,1712.69,40.0,-20.0,128.1655,SLD,BTCUSD_bitmarketplPLN,USD,20160421 19:20:05 EST,,213.8,99889.127505,1966614.8,99803.493005,1712.69,100735.012,100735.012,128.1655
11,Paper,Paper,85.250005,USD,BITCOIN,11.0,,,1.0,1705.0001,40.0,20.0,68.547995,BOT,BTCUSD_bitmarketplPLN,USD,20160421 19:43:56 EST,,153.798,99957.6755,1966614.8,99872.425495,1705.0001,100888.81,100888.81,68.547995
12,Paper,Paper,85.399995,USD,BITCOIN,12.0,,,1.0,1707.9999,40.0,-20.0,-25.403995,SLD,BTCUSD_bitmarketplPLN,USD,20160421 23:28:41 EST,,59.996,99932.271505,1966614.8,99846.87151,1707.9999,100948.806,100948.806,-25.403995
13,Paper,Paper,85.4,USD,BITCOIN,13.0,,,1.0,1708.0,40.0,20.0,-85.402,BOT,BTCUSD_bitmarketplPLN,USD,20160422 00:19:01 EST,,-0.0019999999995,99846.869505,1966614.8,99761.469505,1708.0,100948.804,100948.804,-85.402
14,Paper,Paper,85.07499,USD,BITCOIN,14.0,,,1.0,1701.4998,40.0,-20.0,-215.07899,SLD,BTCUSD_bitmarketplPLN,USD,20160422 02:57:19 EST,,-130.004,99631.790515,1966614.8,99546.715525,1701.4998,100818.8,100818.8,-215.07899
15,Paper,Paper,84.6885,USD,BITCOIN,15.0,,,1.0,1693.77,40.0,20.0,69.9075,BOT,BTCUSD_bitmarketplPLN,USD,20160422 03:55:02 EST,,154.596,99701.698015,1966614.8,99617.009515,1693.77,100973.396,100973.396,69.9075
16,Paper,Paper,84.899995,USD,BITCOIN,16.0,,,1.0,1697.9999,40.0,-20.0,-0.301994999999,SLD,BTCUSD_bitmarketplPLN,USD,20160422 04:47:24 EST,,84.598,99701.39602,1966614.8,99616.496025,1697.9999,101057.994,101057.994,-0.301994999999
17,Paper,Paper,85.370455,USD,BITCOIN,17.0,,,1.0,1707.4091,40.0,20.0,-273.554455,BOT,BTCUSD_bitmarketplPLN,USD,20160422 05:19:59 EST,,-188.184,99427.841565,1966614.8,99342.47111,1707.4091,100869.81,100869.81,-273.554455
18,Paper,Paper,85.8995,USD,BITCOIN,18.0,,,1.0,1717.99,40.0,-20.0,125.7185,SLD,BTCUSD_bitmarketplPLN,USD,20160422 06:42:05 EST,,211.618,99553.560065,1966614.8,99467.660565,1717.99,101081.428,101081.428,125.7185
19,Paper,Paper,85.451,USD,BITCOIN,19.0,,,1.0,1709.02,40.0,20.0,93.949,BOT,BTCUSD_bitmarketplPLN,USD,20160422 07:08:24 EST,,179.4,99647.509065,1966614.8,99562.058065,1709.02,101260.828,101260.828,93.949
20,Paper,Paper,85.25,USD,BITCOIN,20.0,,,1.0,1705.0,40.0,-20.0,-165.65,SLD,BTCUSD_bitmarketplPLN,USD,20160422 08:56:03 EST,,-80.4,99481.859065,1966614.8,99396.609065,1705.0,101180.428,101180.428,-165.65
21,Paper,Paper,85.036005,USD,BITCOIN,21.0,,,1.0,1700.7201,40.0,20.0,0.561995,BOT,BTCUSD_bitmarketplPLN,USD,20160422 09:47:03 EST,,85.598,99482.42106,1966614.8,99397.385055,1700.7201,101266.026,101266.026,0.561995
22,Paper,Paper,85.674,USD,BITCOIN,22.0,,,1.0,1713.48,40.0,-20.0,169.524,SLD,BTCUSD_bitmarketplPLN,USD,20160422 10:38:57 EST,,255.198,99651.94506,1966614.8,99566.27106,1713.48,101521.224,101521.224,169.524
23,Paper,Paper,85.105,USD,BITCOIN,23.0,,,1.0,1702.1,40.0,20.0,142.495,BOT,BTCUSD_bitmarketplPLN,USD,20160422 11:04:28 EST,,227.6,99794.44006,1966614.8,99709.33506,1702.1,101748.824,101748.824,142.495
24,Paper,Paper,85.655,USD,BITCOIN,24.0,,,1.0,1713.1,40.0,-20.0,134.345,SLD,BTCUSD_bitmarketplPLN,USD,20160422 11:23:24 EST,,220.0,99928.78506,1966614.8,99843.13006,1713.1,101968.824,101968.824,134.345
25,Paper,Paper,85.655,USD,BITCOIN,25.0,,,1.0,1713.1,40.0,20.0,-85.655,BOT,BTCUSD_bitmarketplPLN,USD,20160422 11:51:26 EST,,0.0,99843.13006,1966614.8,99757.47506,1713.1,101968.824,101968.824,-85.655
26,Paper,Paper,85.400505,USD,BITCOIN,26.0,,,1.0,1708.0101,40.0,-20.0,-187.198505,SLD,BTCUSD_bitmarketplPLN,USD,20160422 13:19:01 EST,,-101.798,99655.931555,1966614.8,99570.53105,1708.0101,101867.026,101867.026,-187.198505
27,Paper,Paper,85.85,USD,BITCOIN,27.0,,,1.0,1717.0,40.0,20.0,-265.648,BOT,BTCUSD_bitmarketplPLN,USD,20160422 13:44:25 EST,,-179.798,99390.283555,1966614.8,99304.433555,1717.0,101687.228,101687.228,-265.648
28,Paper,Paper,86.125,USD,BITCOIN,28.0,,,1.0,1722.5,40.0,-20.0,23.875,SLD,BTCUSD_bitmarketplPLN,USD,20160422 15:20:25 EST,,110.0,99414.158555,1966614.8,99328.033555,1722.5,101797.228,101797.228,23.875
29,Paper,Paper,85.6005,USD,BITCOIN,29.0,,,1.0,1712.01,40.0,20.0,124.1995,BOT,BTCUSD_bitmarketplPLN,USD,20160422 15:46:49 EST,,209.8,99538.358055,1966614.8,99452.757555,1712.01,102007.028,102007.028,124.1995
30,Paper,Paper,85.699995,USD,BITCOIN,30.0,,,1.0,1713.9999,40.0,-20.0,-45.901995,SLD,BTCUSD_bitmarketplPLN,USD,20160422 16:12:25 EST,,39.798,99492.45606,1966614.8,99406.756065,1713.9999,102046.826,102046.826,-45.901995
31,Paper,Paper,85.999995,USD,BITCOIN,31.0,,,1.0,1719.9999,40.0,20.0,-205.999995,BOT,BTCUSD_bitmarketplPLN,USD,20160422 16:41:10 EST,,-120.0,99286.456065,1966614.8,99200.45607,1719.9999,101926.826,101926.826,-205.999995
32,Paper,Paper,85.699995,USD,BITCOIN,32.0,,,1.0,1713.9999,40.0,-20.0,-205.699995,SLD,BTCUSD_bitmarketplPLN,USD,20160422 17:29:41 EST,,-120.0,99080.75607,1966614.8,98995.056075,1713.9999,101806.826,101806.826,-205.699995
33,Paper,Paper,85.989995,USD,BITCOIN,33.0,,,1.0,1719.7999,40.0,20.0,-201.989995,BOT,BTCUSD_bitmarketplPLN,USD,20160422 17:58:53 EST,,-116.0,98878.766075,1966614.8,98792.77608,1719.7999,101690.826,101690.826,-201.989995
34,Paper,Paper,85.849995,USD,BITCOIN,34.0,,,1.0,1716.9999,40.0,-20.0,-141.849995,SLD,BTCUSD_bitmarketplPLN,USD,20160422 18:55:58 EST,,-56.0,98736.91608,1966614.8,98651.066085,1716.9999,101634.826,101634.826,-141.849995
35,Paper,Paper,85.849995,USD,BITCOIN,35.0,,,1.0,1716.9999,40.0,20.0,-85.849995,BOT,BTCUSD_bitmarketplPLN,USD,20160422 20:30:11 EST,,0.0,98651.066085,1966614.8,98565.21609,1716.9999,101634.826,101634.826,-85.849995
36,Paper,Paper,85.948,USD,BITCOIN,36.0,,,1.0,1718.96,40.0,-20.0,-46.746,SLD,BTCUSD_bitmarketplPLN,USD,20160422 21:18:43 EST,,39.202,98604.320085,1966614.8,98518.372085,1718.96,101674.028,101674.028,-46.746
37,Paper,Paper,85.055,USD,BITCOIN,37.0,,,1.0,1701.1,40.0,20.0,272.145,BOT,BTCUSD_bitmarketplPLN,USD,20160423 01:20:49 EST,,357.2,98876.465085,1966614.8,98791.410085,1701.1,102031.228,102031.228,272.145
38,Paper,Paper,85.548385,USD,BITCOIN,38.0,,,1.0,1710.9677,40.0,-20.0,111.805615,SLD,BTCUSD_bitmarketplPLN,USD,20160423 03:53:44 EST,,197.354,98988.2707,1966614.8,98902.722315,1710.9677,102228.582,102228.582,111.805615
39,Paper,Paper,86.19486,USD,BITCOIN,39.0,,,1.0,1723.8972,40.0,20.0,-344.78486,BOT,BTCUSD_bitmarketplPLN,USD,20160423 06:44:57 EST,,-258.59,98643.48584,1966614.8,98557.29098,1723.8972,101969.992,101969.992,-344.78486
40,Paper,Paper,86.244995,USD,BITCOIN,40.0,,,1.0,1724.8999,40.0,-20.0,-66.190995,SLD,BTCUSD_bitmarketplPLN,USD,20160423 08:46:05 EST,,20.054,98577.294845,1966614.8,98491.04985,1724.8999,101990.046,101990.046,-66.190995
41,Paper,Paper,85.9,USD,BITCOIN,41.0,,,1.0,1718.0,40.0,20.0,52.098,BOT,BTCUSD_bitmarketplPLN,USD,20160423 09:30:37 EST,,137.998,98629.392845,1966614.8,98543.492845,1718.0,102128.044,102128.044,52.098
42,Paper,Paper,85.38749,USD,BITCOIN,42.0,,,1.0,1707.7498,40.0,-20.0,-290.39149,SLD,BTCUSD_bitmarketplPLN,USD,20160423 10:26:13 EST,,-205.004,98339.001355,1966614.8,98253.613865,1707.7498,101923.04,101923.04,-290.39149
43,Paper,Paper,86.04999,USD,BITCOIN,43.0,,,1.0,1720.9998,40.0,20.0,-351.04999,BOT,BTCUSD_bitmarketplPLN,USD,20160423 11:18:41 EST,,-265.0,97987.951365,1966614.8,97901.901375,1720.9998,101658.04,101658.04,-351.04999
44,Paper,Paper,85.21703,USD,BITCOIN,44.0,,,1.0,1704.3406,40.0,-20.0,-418.40103,SLD,BTCUSD_bitmarketplPLN,USD,20160423 16:29:11 EST,,-333.184,97569.550335,1966614.8,97484.333305,1704.3406,101324.856,101324.856,-418.40103
45,Paper,Paper,86.24999,USD,BITCOIN,45.0,,,1.0,1724.9998,20.0,0.0,-499.43399,BOT,BTCUSD_bitmarketplPLN,USD,20160423 19:20:51 EST,,-413.184,97070.116345,2001114.796,97070.116345,1704.3406,100911.672,100911.672,-499.43399
46,Paper,Paper,87.398215,USD,BITCOIN,46.0,,,1.0,1747.9643,20.0,20.0,-87.398215,BOT,BTCUSD_bitmarketplPLN,USD,20160423 21:56:41 EST,,0.0,96982.71813,1966155.51,96895.319915,1747.9643,100911.672,100911.672,-87.398215
47,Paper,Paper,86.692305,USD,BITCOIN,47.0,,,1.0,1733.8461,40.0,-20.0,-369.056305,SLD,BTCUSD_bitmarketplPLN,USD,20160424 00:40:25 EST,,-282.364,96613.661825,1966155.51,96526.96952,1733.8461,100629.308,100629.308,-369.056305
48,Paper,Paper,86.932495,USD,BITCOIN,48.0,,,1.0,1738.6499,40.0,20.0,-183.008495,BOT,BTCUSD_bitmarketplPLN,USD,20160424 02:40:03 EST,,-96.076,96430.65333,1966155.51,96343.720835,1738.6499,100533.232,100533.232,-183.008495
